1076603
1097575
1211671
184835
308051
308340
601413
601416
30522
119008
156458
156465
156467
156488
156489
156491
156636
1441841
1525268
1525278
1525280
1748663
890578
919939
965499
982332
982335
996895
996899
996900
1009247
1011405
1011406
1011407
1011408
1011409
1011410
1011411
1011412
1011413
1011414
1011415
1011416
1011417
1011418
1011420
1011421
1011422
1011425
1011426
1011427
1011428
1011429
1011430
1011432
1046823
1050767
831451
839985
839986
840306
840307
359208
364420
394743
516761
516763
1248816
1301176
1305100
1389419
1389420
