gene_callers_id	source	gene_name	gene_hmm_id	e_value	length	WAM_ALR	WAM_CCR	WAM_IPI	WAM_MAR	WAM_MYS	WAM_PBL	WAM_PJN	WAM_PPR	WAM_PST	WAM_ROL	WAM_SCR	WAM_SGN	WAM_SIS	WAM_TWN	WAR_ALR	WAR_CCR	WAR_IPI	WAR_MAR	WAR_MYS	WAR_PBL	WAR_PJN	WAR_PPR	WAR_PSK	WAR_PST	WAR_RNW	WAR_ROL	WAR_SCR	WAR_SGL	WAR_SIS	mag_id
1144876	Bacteria_71	AICARFT_IMPCHas	PF01808.18	3.7e-98	1158	0.195164075993092	0	0	0	0	0	0.390328151986183	0	0.217616580310881	0.0993091537132988	0	0.25993091537133	0	0	0.386873920552677	0.255613126079447	0.255613126079447	0	0.51986183074266	0.259067357512953	0	0.259067357512953	0	0.176165803108808	0.0440414507772021	0.521588946459413	0.25993091537133	0.51986183074266	0.260794473229706	WA_MAG_00082
1147285	Bacteria_71	Ribosomal_L17	PF01196.19	1.2e-36	399	0	0.461152882205514	0	0	0	0	0	0	0	0	0	0.388471177944862	0.862155388471178	0.681704260651629	0.370927318295739	0	0	0	0.451127819548872	0	0.716791979949875	0	0.446115288220551	0	0	0.493734335839599	0	0.433583959899749	0	WA_MAG_00082
1147286	Bacteria_71	RNA_pol_L	PF01193.24	1.2e-12	645	0	0	0	0	0	0.229457364341085	0	0.234108527131783	0.936434108527132	0	0	0.65891472868217	0.255813953488372	0.00930232558139534	0.136434108527132	0	0	0	0.150387596899225	0	0	0	0.618604651162791	0.231007751937985	0	0.122480620155039	0.908527131782946	0.393798449612403	0.234108527131783	WA_MAG_00082
1170799	Bacteria_71	Ribosomal_S16	PF00886.19	2e-24	243	0	0.358024691358025	0.617283950617284	0.699588477366255	0.127572016460905	0	0	1.44444444444444	0	0.621399176954732	0	1.34979423868313	0	0	0	0	0	0	0	0	0	2.88065843621399	0	0	0.213991769547325	0.386831275720165	0.135802469135802	0	0	WA_MAG_00082
238368	Bacteria_71	Ribosomal_L27	PF01016.19	6.7e-38	258	0.790697674418605	0.848837209302326	0	0	0	0.251937984496124	0	0.282945736434109	0.414728682170543	0	0	0	0	0	0.131782945736434	0	0.666666666666667	0	0	0.581395348837209	0.507751937984496	0.263565891472868	0	0	0	0.585271317829457	0.542635658914729	0.337209302325581	0.829457364341085	WA_MAG_00082
238369	Bacteria_71	Ribosomal_L21p	PF00829.21	5.8e-37	312	0.201923076923077	0	0	0.368589743589744	0	0	0	0.711538461538462	0.580128205128205	0.256410256410256	0	0	0	0	0	0.846153846153846	0	0	0	0.375	2.17948717948718	0.605769230769231	0	0	0	1.30448717948718	1.35897435897436	0	0.253205128205128	WA_MAG_00082
304475	Bacteria_71	Ribosomal_L9_C	PF03948.14	1.2e-29	357	0	0	0	0	0.417366946778712	0	0	1.56302521008403	0	0	0	0	0	0	0	1.59663865546218	0	0.246498599439776	0	0	0.42296918767507	0	0.42296918767507	0	0.840336134453782	0	0.249299719887955	0.84593837535014	0.84593837535014	WA_MAG_00082
306614	Bacteria_71	RRF	PF01765.19	2.1e-61	564	0	0	0.340425531914894	0	1.07801418439716	0.125886524822695	0	1.0709219858156	0.179078014184397	0	0	0.322695035460993	0	0	0.484042553191489	0.723404255319149	0.533687943262411	0.276595744680851	0	0.819148936170213	0.468085106382979	0.50531914893617	0.484042553191489	0.50354609929078	0	0.533687943262411	0.872340425531915	0	0	WA_MAG_00082
313563	Bacteria_71	RsfS	PF02410.15	8.5e-28	360	1.50555555555556	0.838888888888889	0	0	0	0.175	0	0.416666666666667	0	1.21666666666667	0	0.805555555555556	0	0	0.544444444444444	0.491666666666667	0	0	0	0	0	0.591666666666667	0.419444444444444	0	0	0	0	0	0.419444444444444	WA_MAG_00082
90096	Bacteria_71	ribosomal_L24	PF17136.4	3.7e-22	324	0	0.104938271604938	0	0	0	0	0	0	0	0.481481481481481	0.00617283950617283	0	0.447530864197531	0	1.95061728395062	0	0	0	0.614197530864197	0.888888888888889	0.796296296296296	0.0432098765432099	0	0	0.141975308641975	0.734567901234568	1.62654320987654	0	0	WA_MAG_00082
90097	Bacteria_71	Ribosomal_L14	PF00238.19	7.7e-54	369	0	0.642276422764228	0	0	0	0.818428184281843	0	0	0	0.398373983739837	0.807588075880759	0	0	0	1.50135501355014	0	0	0	0.281842818428184	0.476964769647696	0.116531165311653	1.50948509485095	0	0	0.612466124661247	1	0.468834688346883	0	0	WA_MAG_00082
90098	Bacteria_71	Ribosomal_S17	PF00366.20	3.6e-30	276	0	1.3695652173913	0	0	0	0	0	0	0	0	0	0	0	0.626811594202899	0	0	0	0	0	0	0	1.08333333333333	0	0	0.0289855072463768	0	0.547101449275362	0	0	WA_MAG_00082
90099	Bacteria_71	Ribosomal_L29	PF00831.23	2.2e-20	225	0	0.857777777777778	0	0	0	0	0	0	0.764444444444444	0	0	0	0	0.48	0	0	0	0	0	0	0	0.897777777777778	0	0	0.577777777777778	0	0	0	0	WA_MAG_00082
90100	Bacteria_71	Ribosomal_L16	PF00252.18	4.6e-19	195	0	0.205128205128205	0	0	0	0	0	0	0.666666666666667	0	0	0	0	0	0	0	0	0	0	0	0	0.548717948717949	0	0	0.887179487179487	0	0	0	0	WA_MAG_00082
109323	Bacteria_71	OSCP	PF00213.18	3.5e-44	537	1.18249534450652	0	0	0	0.202979515828678	0.426443202979516	1.12290502793296	0	0.458100558659218	0.0614525139664804	1.11918063314711	0	0.0912476722532588	0.558659217877095	0	1.40223463687151	0	0	0.122905027932961	0.240223463687151	0.279329608938547	0.417132216014898	0.0595903165735568	0.897579143389199	0.560521415270019	0	1.32960893854749	0.409683426443203	0.297951582867784	WA_MAG_00082
109325	Bacteria_71	ATP-synt	PF00231.19	4.8e-64	702	0	1.03276353276353	0.213675213675214	0	0	0.0683760683760684	0.301994301994302	0	0	0	0	0.858974358974359	0.111111111111111	0.0712250712250712	0	0.857549857549858	0.136752136752137	0	0	0.259259259259259	0.844729344729345	0	0.428774928774929	0	0	0.195156695156695	1.0982905982906	0.692307692307692	0.162393162393162	WA_MAG_00082
140149	Bacteria_71	PGK	PF00162.19	6.7e-16	189	0	0	0	1.56613756613757	0	0	0	0	0	0	0	0	0	0.867724867724868	0	0	0	0	0	0	0	0.312169312169312	0	0	0.105820105820106	0	0	0.349206349206349	0	WA_MAG_00082
1472060	Bacteria_71	Ribonuclease_P	PF00825.18	1.3e-29	339	0	0.699115044247788	0.902654867256637	0	0	1.46312684365782	0	0	0	0.365781710914454	0.672566371681416	0	0.71976401179941	1.02949852507375	0.303834808259587	0.864306784660767	0	1.15044247787611	0.00884955752212389	0	0.784660766961652	0	0	0.471976401179941	0	0.162241887905605	0	1.09439528023599	0	WA_MAG_00082
1711230	Bacteria_71	IPPT	PF01715.17	3.5e-48	663	0	0	0.904977375565611	0.447963800904977	0	0	0.227752639517345	0.455505279034691	0.453996983408748	0	0	0.260935143288084	0	0.529411764705882	0.331825037707391	0.452488687782805	0	0	0.226244343891403	0	0.453996983408748	0.333333333333333	0	0	0	0	0.737556561085973	0	0	WA_MAG_00082
957775	Bacteria_71	tRNA-synt_1d	PF00750.19	8.2e-81	1260	0	0.23968253968254	0.302380952380952	0	0	0.122222222222222	0.477777777777778	0	0	0.476984126984127	0	0.0642857142857143	0.23968253968254	0.477777777777778	0	0	0	0.237301587301587	0	0.33968253968254	0	0	0.454761904761905	0	0.119047619047619	0	0.153968253968254	0.394444444444444	0	WA_MAG_00082
1022244	Bacteria_71	Ribosomal_L35p	PF01632.19	3.4e-20	204	0	0	0.480392156862745	0	0	0	0	0	0.00980392156862745	0	2.30392156862745	0.735294117647059	0	0	0	0	0	0	0	1.75490196078431	0	1.61764705882353	1.01960784313725	0	0	1.57352941176471	1.34313725490196	1.15196078431373	0	WA_MAG_00082
1022245	Bacteria_71	Ribosomal_L20	PF00453.18	1e-31	243	0.34156378600823	0	0	0	0	0	0	0	1.12757201646091	0	0	0	0	0	0.489711934156379	0.106995884773663	0	0.0288065843621399	0	0	0	1.37448559670782	0.34156378600823	1.07818930041152	0	0.621399176954732	1.23456790123457	1	0	WA_MAG_00082
1046805	Bacteria_71	SmpB	PF01668.18	3.1e-58	567	0	0	1.53615520282187	0	0	0	1.05643738977072	0.523809523809524	0.149911816578483	0	0.340388007054674	0	0	0	0	0	0	0	0	1.04409171075838	1.42680776014109	0	0.797178130511464	0	0	0.511463844797178	0.530864197530864	0	0	WA_MAG_00082
787746	Bacteria_71	Ribosomal_L13	PF00572.18	4e-60	429	0.701631701631702	0	0.181818181818182	0.123543123543124	0	0.034965034965035	0	1.22610722610723	0	0	0	0	0	0	0	0	0	0.130536130536131	0	0.62004662004662	0.335664335664336	0.848484848484849	0.487179487179487	0.351981351981352	0.529137529137529	0	0.165501165501166	0.58041958041958	0	WA_MAG_00082
787747	Bacteria_71	Ribosomal_S9	PF00380.19	1.3e-49	396	1.26767676767677	0.664141414141414	0	0.565656565656566	0	0	0	0.131313131313131	0	0	0	0.666666666666667	0	0.378787878787879	0	0	1.51515151515152	0.542929292929293	0.29040404040404	0.381313131313131	0.381313131313131	1.93434343434343	0.166666666666667	0.381313131313131	0.126262626262626	0	0.101010101010101	0	0	WA_MAG_00082
876851	Bacteria_71	GrpE	PF01025.19	5.9e-21	222	0	0	0	0	0	0	0	0	0	0	0	0	0	1.00900900900901	0	1.28828828828829	0	0	0	0	0	0	0	0	0	0	0	0	0	WA_MAG_00082
389233	Bacteria_71	Ribosomal_L19	PF01245.20	2.9e-47	357	0	0.92156862745098	0	0	0.831932773109244	0	0	0.456582633053221	0	0	0	0	0	0	0.596638655462185	0	0	0	0.582633053221289	0.0168067226890756	0.711484593837535	2.5546218487395	0	1.28011204481793	0	0.717086834733894	0.00280112044817927	1.15126050420168	0.481792717086835	WA_MAG_00082
389234	Bacteria_71	tRNA_m1G_MT	PF01746.21	3.9e-19	294	0	0	0	0	0	0	0	1.02040816326531	0	0	0	0	0	0	0	0	0	0	0	0.646258503401361	0	0.0714285714285714	0	0	0	0	0	1.69387755102041	0	WA_MAG_00082
407695	Bacteria_71	Ham1p_like	PF01725.16	8.9e-60	609	0	1.00164203612479	0.492610837438424	0	0	0.495894909688013	0	0.494252873563218	0.0476190476190476	0	0	0	0	0.74055829228243	0	0	0.648604269293924	0	0	0.431855500821018	0	0.247947454844007	0	0	0.251231527093596	0.791461412151067	0.495894909688013	0.495894909688013	0	WA_MAG_00082
438153	Bacteria_71	Ribosomal_L28	PF00830.19	3.1e-28	222	0	0.572072072072072	0	0	0	0	0	0.045045045045045	0.648648648648649	0	0	0	0	1.32882882882883	0.855855855855856	1.32882882882883	0	1.29279279279279	1.18918918918919	0	0.68018018018018	0	0	1.01351351351351	0.018018018018018	0	2.01351351351351	0	0	WA_MAG_00082
498843	Bacteria_71	Ribosomal_L1	PF00687.21	3e-58	708	0.275423728813559	0.564971751412429	0	0.320621468926554	0	0	0.714689265536723	0.425141242937853	0	0.425141242937853	0.211864406779661	0.423728813559322	0.426553672316384	0.194915254237288	0	0.693502824858757	0	0.213276836158192	0	0.265536723163842	0	0.81638418079096	0.391242937853107	0.518361581920904	0	0.389830508474576	0.672316384180791	0.425141242937853	0.213276836158192	WA_MAG_00082
507702	Bacteria_71	Ribosomal_S8	PF00410.19	1.3e-38	345	0	0	0	0	0	0	0	0.623188405797101	0	0	0	0	0	0	0.434782608695652	0	0	0	0	0.43768115942029	0	0	0	0.695652173913043	0.226086956521739	0	0.733333333333333	0.67536231884058	0.869565217391304	WA_MAG_00082
507703	Bacteria_71	Ribosomal_L6	PF00347.23	2.7e-33	546	0	0	0	0	0.65018315018315	0.296703296703297	0	0.115384615384615	0.146520146520147	0	0.435897435897436	0	0	0.135531135531136	0	0.19047619047619	0	0	0.553113553113553	0	0	0	1.1007326007326	0.294871794871795	0.111721611721612	0	1.4029304029304	0.100732600732601	0	WA_MAG_00082
507704	Bacteria_71	Ribosomal_L18p	PF00861.22	3.1e-42	360	0	0	0	0	1.20277777777778	0.333333333333333	0	0.330555555555556	0.552777777777778	0	0.111111111111111	0.788888888888889	0	0.938888888888889	0	0	0	0	0	0	0.419444444444444	0	0	0.433333333333333	0	0.105555555555556	0	0	0	WA_MAG_00082
507707	Bacteria_71	Ribosomal_L27A	PF00828.19	1.7e-38	444	0.166666666666667	0	0	0	0	0.202702702702703	0	0.925675675675676	0	0	0	1.61936936936937	0	0	0.362612612612613	0.709459459459459	0.63963963963964	0.668918918918919	0.114864864864865	0	0.171171171171171	0	1.54954954954955	0.677927927927928	0	0.704954954954955	0.587837837837838	0.434684684684685	0	WA_MAG_00082
507708	Bacteria_71	SecY	PF00344.20	5.4e-26	501	0.407185628742515	0	0	0	0	0	0	0.435129740518962	0	0.550898203592814	0	1.03193612774451	0	0.301397205588822	0	0.526946107784431	0	0.301397205588822	0	0	0.353293413173653	0	0	0	0	0.459081836327345	0.602794411177645	0	0.600798403193613	WA_MAG_00082
510376	Bacteria_71	Exonuc_VII_L	PF02601.15	5.5e-87	1383	0.652205350686913	0	0.311641359363702	0.2176428054953	0	0	0	0	0.332610267534346	0.0159074475777296	0.196673897324657	0.201012292118583	0	0.540130151843818	0.329718004338395	0.185104844540853	0.248734634851772	0.2176428054953	0.218365871294288	0.424439624005784	0.433839479392625	0	0.325379609544469	0.2176428054953	0	0	0.653651482284888	0.542299349240781	0.216919739696312	WA_MAG_00082
1280726	Bacteria_71	EF_TS	PF00889.19	1e-45	663	0.0482654600301659	0	0	0	0	0.453996983408748	0	0.0467571644042232	0	0.229260935143288	0	0.909502262443439	0	0	0.7526395173454	0.909502262443439	0.40422322775264	0.455505279034691	0	0.73604826546003	0.452488687782805	0	0	0	1.18853695324284	0.455505279034691	0.805429864253394	0	0.912518853695324	WA_MAG_00082
1280727	Bacteria_71	Ribosomal_S2	PF00318.20	5.9e-98	813	0.029520295202952	0	0.312423124231242	0	0	0.589175891758918	0	1.19557195571956	0	0.0885608856088561	0.349323493234932	0.3690036900369	0	0	0.463714637146371	0.371463714637146	0.008610086100861	0	0	0	0	0.478474784747847	0	0	0.370233702337023	0.28290282902829	0.720787207872079	0.371463714637146	0.547355473554736	WA_MAG_00082
