gene_callers_id	source	gene_name	gene_hmm_id	e_value	length	WAM_ALR	WAM_CCR	WAM_IPI	WAM_MAR	WAM_MYS	WAM_PBL	WAM_PJN	WAM_PPR	WAM_PST	WAM_ROL	WAM_SCR	WAM_SGN	WAM_SIS	WAM_TWN	WAR_ALR	WAR_CCR	WAR_IPI	WAR_MAR	WAR_MYS	WAR_PBL	WAR_PJN	WAR_PPR	WAR_PSK	WAR_PST	WAR_RNW	WAR_ROL	WAR_SCR	WAR_SGL	WAR_SIS	mag_id
1196606	Bacteria_71	RNA_pol_Rpb6	PF01192.22	4.1e-13	255	0	0.819607843137255	0	0.0392156862745098	0	0.501960784313725	2.69803921568627	1.17647058823529	0	0.635294117647059	2.82745098039216	1.07450980392157	0	0	0.403921568627451	10.7882352941176	0	3.33333333333333	0	6.25490196078431	2.2078431372549	10.6862745098039	1.36078431372549	1.30588235294118	4.26666666666667	0	4.47058823529412	0.992156862745098	0	WA_MAG_00062
194873	Bacteria_71	Ribosomal_S2	PF00318.20	3.6e-26	600	0.433333333333333	1.385	0.95	1.02333333333333	0.456666666666667	0.843333333333333	0.675	0.503333333333333	0.501666666666667	0	3.47333333333333	0.413333333333333	0	0	0	13.4166666666667	0	4.55166666666667	0.901666666666667	4.16833333333333	3.325	9.63333333333333	0	0.61	2.85333333333333	0	2.84	1.10333333333333	0	WA_MAG_00062
210398	Bacteria_71	GrpE	PF01025.19	7.8e-33	519	0	2.15606936416185	0.872832369942196	0	0	0	0.0732177263969171	0.144508670520231	0	0	0.342967244701349	0	0	0	0	4.24470134874759	0	1.6223506743738	0	0.578034682080925	0	4.60886319845857	0	0.574181117533719	0.811175337186898	0	2.41233140655106	0	0	WA_MAG_00062
271452	Bacteria_71	tRNA-synt_1d	PF00750.19	1.7e-18	1095	0	1.47945205479452	0	0.376255707762557	0	1.1013698630137	0.915068493150685	0.243835616438356	0.692237442922374	0	4.96073059360731	0.811872146118721	0	0	0	7.31780821917808	0	1.97442922374429	0.411872146118721	2.71872146118721	0.848401826484018	7.14063926940639	0	1.38447488584475	1.92420091324201	0	5.56529680365297	1.0027397260274	0	WA_MAG_00062
275078	Bacteria_71	Exonuc_VII_L	PF02601.15	5.6e-65	735	0.205442176870748	0.461224489795918	0	1.2312925170068	0	0.408163265306122	0.817687074829932	0	0.204081632653061	0	2.24761904761905	1.22993197278912	0	0	0	4.16190476190476	0	3.40544217687075	0	2.92244897959184	1.74285714285714	6.92380952380952	0	1.9265306122449	3.32789115646258	0	6.06258503401361	1.9265306122449	0.397278911564626	WA_MAG_00062
278488	Bacteria_71	Ribosomal_L3	PF00297.22	4.4e-84	957	0.156739811912226	0.801462904911181	0	1.19644723092999	0.157784743991641	0.313479623824451	0.500522466039707	0	0.945663531870428	0	2.64681295715778	0.44932079414838	0	0	0	9.61128526645768	0	3.77533960292581	0.315569487983281	2.41483803552769	0.641588296760711	5.87774294670846	0.157784743991641	1.81086729362591	3.44305120167189	0.315569487983281	6.26227795193312	2.65308254963427	0.157784743991641	WA_MAG_00062
290380	Bacteria_71	Ribosomal_S10	PF00338.22	1.5e-23	330	0	0.948484848484848	0	2.36060606060606	0.339393939393939	0.966666666666667	2.32424242424242	2.10606060606061	2.10606060606061	0	2.03333333333333	1.60606060606061	0	0	0	13.0757575757576	0	6.25454545454545	0	8.45454545454546	1.9	13.2787878787879	0	0.545454545454545	3.00909090909091	0.83030303030303	7.88181818181818	1.00606060606061	0.457575757575758	WA_MAG_00062
559040	Bacteria_71	tRNA-synt_1d	PF00750.19	3.7e-13	756	0	1.40079365079365	0.597883597883598	1.18783068783069	0	0.399470899470899	1.19444444444444	0.984126984126984	0.78042328042328	0	2.60185185185185	0.838624338624339	0	0	0	5.34523809523809	0	4.42724867724868	0.593915343915344	2.89417989417989	1.49074074074074	9.87433862433862	0	1.18650793650794	2.48148148148148	0	4.16798941798942	0.398148148148148	0.398148148148148	WA_MAG_00062
587755	Bacteria_71	GrpE	PF01025.19	8.3e-34	516	0	0.577519379844961	0.930232558139535	0.585271317829457	0	0.687984496124031	0.166666666666667	0	0	0	0.344961240310078	0	0	0	0	3.76744186046512	0	2.91860465116279	0	3.19961240310078	0.978682170542636	3.81007751937985	0	1.01162790697674	1.39341085271318	0	1.33914728682171	0.914728682170543	0	WA_MAG_00062
593943	Bacteria_71	Chorismate_synt	PF01264.21	1.8e-95	990	0	0.539393939393939	0.304040404040404	1.47272727272727	0	0.65959595959596	1.41717171717172	0.302020202020202	0.433333333333333	0	2.30707070707071	1.42525252525253	0	0	0	4.39292929292929	0	2.55151515151515	0.00606060606060606	3.65555555555556	1.48383838383838	7.17878787878788	0	1.22929292929293	1.51919191919192	0.254545454545455	5.57777777777778	1.05959595959596	0.608080808080808	WA_MAG_00062
43119	Bacteria_71	eIF-1a	PF01176.19	8.7e-21	522	0	1.19540229885057	0.28735632183908	2.04022988505747	0.363984674329502	1.16666666666667	2.14750957854406	0.264367816091954	1.2183908045977	0	6.49616858237548	0.218390804597701	0	0	0	14.2586206896552	0.459770114942529	6.24137931034483	0.406130268199234	2.65134099616858	1.227969348659	6.47701149425287	0.448275862068966	1.64942528735632	3.6551724137931	0	5.30651340996169	0.245210727969349	0.28735632183908	WA_MAG_00062
77999	Bacteria_71	Ribosomal_L16	PF00252.18	3.8e-33	540	0	0.557407407407407	0.522222222222222	3.14444444444444	0	0.557407407407407	0.342592592592593	0.818518518518519	0.559259259259259	0	3.72037037037037	0.557407407407407	0	0	0	9.02222222222222	0.557407407407407	5.10555555555556	0.485185185185185	1.1537037037037	2.8537037037037	8.37962962962963	0	0.557407407407407	3.19259259259259	0	9.12222222222222	2.24074074074074	0	WA_MAG_00062
1588743	Bacteria_71	Adenylsucc_synt	PF00709.21	5.3e-148	1287	0.00699300699300699	2.46697746697747	0.117327117327117	0.932400932400932	0.627816627816628	1.54390054390054	0.779331779331779	0.864801864801865	0.906759906759907	0	3.43667443667444	1.16938616938617	0	0	0	8.93861693861694	0.467754467754468	4.75757575757576	0.141414141414141	2.16239316239316	1.83605283605284	8.53069153069153	0.234654234654235	3.38616938616939	2.1981351981352	0	5.83993783993784	0.818181818181818	0	WA_MAG_00062
1639641	Bacteria_71	PGK	PF00162.19	2.5e-84	1050	0.286666666666667	1.42190476190476	0	1.24571428571429	0	0.484761904761905	1.05619047619048	0	0.98952380952381	0	3.5247619047619	1.02571428571429	0	0	0	10.2580952380952	0	2.34095238095238	0.778095238095238	4.56666666666667	2.00190476190476	8.32476190476191	0	0.747619047619048	2.67619047619048	0.287619047619048	5.00952380952381	1.73809523809524	0	WA_MAG_00062
903753	Bacteria_71	SecE	PF00584.20	1.1e-08	267	0	2.38202247191011	2.25468164794008	2.37827715355805	0	2.49812734082397	0.558052434456929	0.610486891385768	1.62172284644195	0	4.71535580524345	4.0936329588015	0	0	0	10.7565543071161	0	5.77153558052434	0	3.49063670411985	1.64794007490637	6.9063670411985	0	0.445692883895131	3.26217228464419	0.602996254681648	6.51685393258427	5.8314606741573	0	WA_MAG_00062
918946	Bacteria_71	AICARFT_IMPCHas	PF01808.18	1.4e-101	1623	0	1.91866913123845	0.536660505237215	2.35859519408503	0	1.00184842883549	1.61182994454713	1.0117067159581	1.06346272335182	0.37215033887862	4.25323475046211	2.01786814540973	0	0.185459026494147	0	8.04805914972274	0.044362292051756	3.58595194085028	0.055452865064695	4.07948243992606	1.50708564386938	10.154651879236	0.37030191004313	1.69685767097967	3.82070240295749	0	7.11953173136168	1.70548367221195	0.184842883548983	WA_MAG_00062
1003841	Bacteria_71	Ham1p_like	PF01725.16	3.8e-40	645	0	2.87131782945736	0	2.74263565891473	0.17984496124031	0.90077519379845	1.83255813953488	0.232558139534884	1.08062015503876	0.468217054263566	3.42635658914729	1.63100775193798	0	0	0.462015503875969	15.9720930232558	0	6.14263565891473	0.341085271317829	3.92713178294574	3.84651162790698	7.81395348837209	0	3.0077519379845	1.8062015503876	0	7.91472868217054	0.232558139534884	0	WA_MAG_00062
1035473	Bacteria_71	Ribosomal_L1	PF00687.21	1.2e-40	642	0	1.44080996884735	0	0.467289719626168	0	0.789719626168224	1.6386292834891	0.904984423676012	0	0	1.56386292834891	1.32242990654206	0	0	0.250778816199377	5.8816199376947	0.470404984423676	2.76168224299065	0.401869158878505	1.72429906542056	2.22741433021807	4.52180685358255	0	1.30996884735203	3.32710280373832	0	1.99844236760125	0.90809968847352	0	WA_MAG_00062
740954	Bacteria_71	Ribosomal_L27A	PF00828.19	4.9e-10	366	1.12295081967213	0.748633879781421	0.666666666666667	0.770491803278688	0	1.24590163934426	2.90710382513661	1.23497267759563	0.991803278688525	0	5.04918032786885	1.04371584699454	0	0.816939890710383	1.29234972677596	8.37704918032787	1.94535519125683	1.83879781420765	0	5.10109289617486	5.2568306010929	5.42896174863388	2.52185792349727	4.53005464480874	2.90437158469945	0	9.29508196721312	2.48360655737705	1.45355191256831	WA_MAG_00062
740955	Bacteria_71	Ribosomal_L13	PF00572.18	8.7e-13	489	0	1.6278118609407	0	1.11656441717791	0	2.28220858895706	1.78936605316973	0.251533742331288	2.47648261758691	0.476482617586912	2.73415132924335	2.21472392638037	0	0	0.648261758691207	10.5746421267894	0	3.64826175869121	0	5.55419222903886	2.87525562372188	10.560327198364	0.668711656441718	2.98568507157464	2.24539877300613	0.016359918200409	8.41922290388548	2.32719836400818	1.06748466257669	WA_MAG_00062
740956	Bacteria_71	Ribosomal_S9	PF00380.19	2.4e-33	435	0	4.21149425287356	0	0	0.485057471264368	0.940229885057471	0.970114942528736	1.02298850574713	1.80229885057471	0.160919540229885	4.60229885057471	1.97701149425287	0	0	0.655172413793103	10.7977011494253	0	4.36091954022988	0	3.42528735632184	1.38620689655172	7.97241379310345	0	4.13563218390805	2.6735632183908	0.63448275862069	5.7264367816092	1.15402298850575	0.183908045977011	WA_MAG_00062
810149	Bacteria_71	RNA_pol_L	PF01193.24	5.4e-15	927	0	1.43473570658037	0.0366774541531823	1.82740021574973	0.0226537216828479	2.27184466019417	2.77993527508091	0.32470334412082	1.49730312837109	0	4.09277238403452	1.18446601941748	0	0	0	13.3581445523193	0	4.37756202804746	0.135922330097087	6.79503775620281	2.11542610571737	10.2319309600863	0.323624595469256	3.26860841423948	5.69039913700108	0	4.38079827400216	1.36785329018339	0.325782092772384	WA_MAG_00062
810150	Bacteria_71	Ribosomal_S11	PF00411.19	2.6e-34	384	0	1.71354166666667	0.6484375	1.63020833333333	0.684895833333333	1.55729166666667	0.8203125	0	0	0	4.09375	0.364583333333333	0	0	0.6953125	13.5911458333333	0	2.02083333333333	0	2.796875	1.13802083333333	8.328125	0	1.28125	2.90625	0.7265625	3.6796875	1.8984375	0	WA_MAG_00062
810152	Bacteria_71	Ribosomal_S13	PF00416.22	1.1e-38	462	0	2.97186147186147	0	1.78571428571429	0.298701298701299	2.48484848484848	0.0108225108225108	0	1.4025974025974	0	5.90476190476191	1.91991341991342	0	0	0.978354978354978	8.90476190476191	0.0562770562770563	5.24675324675325	1.1969696969697	2.67748917748918	2.73809523809524	8.18614718614719	0	3.97835497835498	7.41341991341991	0	10.7683982683983	1.87662337662338	0.326839826839827	WA_MAG_00062
362556	Bacteria_71	Ribosomal_S15	PF00312.22	1e-12	459	0	1.29847494553377	0.0522875816993464	1.17647058823529	0	2.21786492374728	1.69716775599129	0.0413943355119826	0.838779956427015	0	4.27886710239651	1.05664488017429	0	0	0.191721132897603	6.42265795206972	0	2.94117647058824	0	1.18518518518519	1.40305010893246	8.38562091503268	0	2.10893246187364	2.22875816993464	0	4.119825708061	2.05010893246187	0	WA_MAG_00062
398862	Bacteria_71	Ribosomal_L5	PF00281.19	3.5e-17	528	0	1.53598484848485	0.672348484848485	0.136363636363636	0	0.285984848484849	1.27272727272727	0.458333333333333	0.28030303030303	0	0.00189393939393939	1.49431818181818	0	0	0	6.48484848484848	0	4.96022727272727	0	3.55492424242424	1.41287878787879	6.5094696969697	0	1.93939393939394	4.53219696969697	0	2.83143939393939	1.00189393939394	0	WA_MAG_00062
398863	Bacteria_71	Ribosomal_S8	PF00410.19	2.4e-25	390	0	2.92307692307692	0.594871794871795	0	0	2.29487179487179	0.194871794871795	0.387179487179487	0.523076923076923	0	3.45128205128205	3.02564102564103	0	0	0.746153846153846	11.6384615384615	0	4.53846153846154	0	1.94871794871795	2.11282051282051	8.7	1.14358974358974	1.25128205128205	4.97179487179487	0	5.48974358974359	1.69230769230769	0.743589743589744	WA_MAG_00062
398864	Bacteria_71	Ribosomal_L6	PF00347.23	6.8e-32	540	0	1.68148148148148	0	0.631481481481482	0	1.15	4.86666666666667	0.277777777777778	1.47777777777778	0	2.78888888888889	0.535185185185185	0	0	0	15.6462962962963	0	3.20555555555556	0	2.91111111111111	2.59444444444444	10.5092592592593	0.559259259259259	0.574074074074074	0.996296296296296	0	2.78148148148148	1.16111111111111	0	WA_MAG_00062
398870	Bacteria_71	Ribosomal_L27A	PF00828.19	1.6e-20	411	0	1.2287104622871	0.552311435523114	0.401459854014599	0	0.352798053527981	1.10948905109489	0.141119221411192	1.09002433090024	0	3.00243309002433	1.01946472019465	0	0	0	11.30900243309	0	4	0.467153284671533	5.19951338199513	2.18978102189781	5.91970802919708	0	1.12895377128954	0.851581508515815	0	8.36739659367397	0.661800486618005	0	WA_MAG_00062
398871	Bacteria_71	SecY	PF00344.20	3.8e-69	1962	0	1.40061162079511	0.355759429153925	1.13506625891947	0.153924566768603	0.996941896024465	1.83893985728848	0.835372069317023	1.07543323139653	0	3.2579001019368	1.86901121304791	0	0.115188583078491	0	9.61213047910296	0	4.15137614678899	0.613149847094801	4.40621814475025	3.02956167176351	10.8929663608563	0.76401630988787	2.80886850152905	3.63149847094801	0	6.65545361875637	1.75484199796126	0	WA_MAG_00062
484174	Bacteria_71	ADK	PF00406.22	4.4e-53	633	0	1.826224328594	0.575039494470774	1.14060031595577	0	0.951026856240126	0.819905213270142	0.0979462875197472	0.139020537124803	0	1.61769352290679	2.60189573459716	0	0	0	9.28593996840442	0	3.74723538704581	0	3.4739336492891	1.87361769352291	7.92259083728278	0	2.63665086887836	3.17693522906793	0	5.39020537124803	1.63823064770932	0.0173775671406003	WA_MAG_00062
526670	Bacteria_71	Ribosom_S12_S23	PF00164.25	3.7e-47	429	0	0.603729603729604	0	1.78787878787879	0	0.769230769230769	0.020979020979021	0	0	0	3.04195804195804	0	0	0	0	7.68764568764569	0.594405594405594	3.61072261072261	0.34965034965035	2.56876456876457	1.77622377622378	7.76689976689977	0	1.38228438228438	0.65034965034965	0	2.5011655011655	0.776223776223776	0	WA_MAG_00062
526671	Bacteria_71	Ribosomal_S7	PF00177.21	2.4e-31	627	0	1.27432216905901	0	1.50877192982456	0	1.77352472089314	1.50558213716108	0	0.681020733652313	0	2.81658692185008	0.240829346092504	0	0	0	11.3030303030303	0	2.78309409888357	1.03668261562998	3.68421052631579	1.89154704944179	7.6682615629984	0	1.64274322169059	0.727272727272727	0	5.68580542264753	0.617224880382775	0	WA_MAG_00062
