gene_callers_id	source	gene_name	gene_hmm_id	e_value	length	WAM_ALR	WAM_CCR	WAM_IPI	WAM_MAR	WAM_MYS	WAM_PBL	WAM_PJN	WAM_PPR	WAM_PST	WAM_ROL	WAM_SCR	WAM_SGN	WAM_SIS	WAM_TWN	WAR_ALR	WAR_CCR	WAR_IPI	WAR_MAR	WAR_MYS	WAR_PBL	WAR_PJN	WAR_PPR	WAR_PSK	WAR_PST	WAR_RNW	WAR_ROL	WAR_SCR	WAR_SGL	WAR_SIS	mag_id
1061088	Bacteria_71	Ribosomal_S13	PF00416.22	3.3e-39	477	3.92243186582809	0.633123689727463	0.989517819706499	2.74213836477987	1.65199161425577	0.905660377358491	3.51991614255765	0	1.0482180293501	0.947589098532495	2.41299790356394	1.71278825995807	0	0	0.949685534591195	4.09014675052411	3.67505241090147	1.34591194968553	0	4.09014675052411	3.9958071278826	3.09014675052411	1.90146750524109	3.44025157232704	3.66876310272537	1.77777777777778	2.41090146750524	1.83857442348008	1.37316561844864	WA_MAG_00045
1061090	Bacteria_71	Ribosomal_S11	PF00411.19	7.4e-42	513	0.943469785575049	0.586744639376218	0.586744639376218	1.40155945419103	0	0	1.51851851851852	1.09941520467836	1.11890838206628	0.805068226120858	0.382066276803119	1.16959064327485	0.964912280701754	0	2.15594541910331	2.66276803118908	2.38986354775828	3.50682261208577	0	1.66081871345029	1.46393762183236	4.23391812865497	0	0.879142300194932	4.12865497076023	3.38401559454191	1.73879142300195	1.95906432748538	0.87719298245614	WA_MAG_00045
1106365	Bacteria_71	RNA_pol_L	PF01193.24	3.8e-10	288	0	0	1.04513888888889	0.90625	0.0208333333333333	1.01388888888889	1.17013888888889	0	1.36458333333333	0.520833333333333	0	0.708333333333333	0	0	0.256944444444444	2.07291666666667	0	2.41319444444444	0.798611111111111	1.64930555555556	2.17708333333333	2.94444444444444	0	3.01388888888889	1.57291666666667	1.65972222222222	1.04861111111111	1.08680555555556	1.86111111111111	WA_MAG_00045
224876	Bacteria_71	Ribosomal_L13	PF00572.18	4e-10	444	0.281531531531532	0.207207207207207	1.73423423423423	0	0	1.31531531531532	1.22522522522523	1.8018018018018	1.17342342342342	1.72522522522523	0.518018018018018	0.527027027027027	0.943693693693694	0	2.71396396396396	3.36261261261261	0.941441441441442	2.11711711711712	0	3.22297297297297	2.4954954954955	2.32882882882883	0	2.95495495495495	0.995495495495496	0.855855855855856	0.310810810810811	0.677927927927928	0.34009009009009	WA_MAG_00045
224877	Bacteria_71	Ribosomal_S9	PF00380.19	4e-27	420	0.4	1.9047619047619	0.276190476190476	2.00714285714286	0	1.37857142857143	1.68809523809524	1.26190476190476	1.20238095238095	0.533333333333333	0.226190476190476	1.53095238095238	0.4	0	0.716666666666667	4.05952380952381	0.628571428571429	0.626190476190476	0.6	2.43809523809524	2.60238095238095	3.19285714285714	0	2.2047619047619	1.77619047619048	3.69761904761905	2.31904761904762	1.43333333333333	0.992857142857143	WA_MAG_00045
246039	Bacteria_71	Ribosomal_L6	PF00347.23	3e-21	576	0	0.678819444444444	0.598958333333333	0.552083333333333	1.57118055555556	0.413194444444444	1.25173611111111	0	2.13888888888889	0	1.02951388888889	0.00694444444444444	0.989583333333333	0	1.33159722222222	2.11631944444444	0.890625	2.86979166666667	0	1.75	3.22569444444444	1.30902777777778	0.524305555555556	2.08680555555556	0.340277777777778	0.71875	1.63020833333333	1.74479166666667	0.972222222222222	WA_MAG_00045
246040	Bacteria_71	Ribosomal_S8	PF00410.19	1.6e-22	390	2.35384615384615	1.5	1.04102564102564	1.92307692307692	0	1.96410256410256	2.91538461538462	1.31025641025641	0.402564102564103	0.297435897435897	1.56153846153846	1.31794871794872	0	0	4.03333333333333	2.79487179487179	2.12051282051282	6.93589743589744	0.728205128205128	4.07948717948718	5.13076923076923	4.03076923076923	0	2.32564102564103	1.9	0.871794871794872	1.78205128205128	4.64615384615385	2.72307692307692	WA_MAG_00045
246042	Bacteria_71	SecY	PF00344.20	1.7e-68	1473	1.63679565512559	0.961303462321792	0.809911744738629	1.42158859470468	1.00678886625933	0.410047522063815	1.97148676171079	0.204344874405974	1.97691785471826	0.306856754921928	0.610319076714189	1.1846571622539	0.205023761031908	0	0.919891378139851	4.54378818737271	2.44534962661236	4.42362525458248	0.637474541751528	4.18805159538357	2.99117447386286	2.90970807875085	0.204344874405974	1.40325865580448	2.69110658520027	0.58316361167685	1.62321792260692	2.44127630685675	1.61914460285132	WA_MAG_00045
537097	Bacteria_71	Ribosomal_S10	PF00338.22	4.2e-26	309	0.977346278317152	0.977346278317152	0.957928802588997	0.245954692556634	0	0.915857605177994	1.3915857605178	2.7831715210356	0.818770226537217	0.459546925566343	0.886731391585761	0.504854368932039	1.3915857605178	0	2.92880258899676	4.43042071197411	0	1.77669902912621	0.912621359223301	4.67961165048544	1.46925566343042	3.24919093851133	0.983818770226537	1.8252427184466	4.06796116504854	1.78964401294498	2.35922330097087	0.763754045307443	0.977346278317152	WA_MAG_00045
537113	Bacteria_71	Ribosomal_L16	PF00252.18	1.2e-31	531	1.44821092278719	0.941619585687382	1.97363465160075	1.10357815442561	0	0.83804143126177	0.849340866290019	0.642184557438795	1.15065913370998	0.971751412429379	0.774011299435028	2.78907721280603	0	0	0.934086629001883	2.06026365348399	0.0357815442561205	5.06026365348399	0.568738229755179	4.4256120527307	2.13747645951036	2.88700564971751	0.436911487758945	3.25800376647834	0.44256120527307	1.29755178907721	2.66290018832392	1.64595103578154	0.84180790960452	WA_MAG_00045
537114	Bacteria_71	Ribosomal_S7	PF00177.21	2e-37	564	1.56382978723404	0.726950354609929	1.70035460992908	2.60106382978723	0	0.913120567375886	2.28191489361702	0	4.15602836879433	0	1.06914893617021	2.15780141843972	1.59929078014184	0	1.22695035460993	0.842198581560284	0.785460992907801	7.30673758865248	1.06560283687943	4.31914893617021	2.19858156028369	2.27659574468085	0	5.87943262411348	2.67730496453901	1.85460992907801	2.50354609929078	1.6613475177305	3.44148936170213	WA_MAG_00045
672944	Bacteria_71	Ham1p_like	PF01725.16	9.1e-43	552	0.989130434782609	0.438405797101449	0	1.08695652173913	0.545289855072464	0.282608695652174	0.543478260869565	0.507246376811594	0.547101449275362	0	0.543478260869565	0.543478260869565	0	0	0.543478260869565	0.199275362318841	0	2.41847826086957	0	0	1.01811594202899	0.376811594202899	0	0.681159420289855	0	1.28079710144928	1.09239130434783	1.31884057971015	0.391304347826087	WA_MAG_00045
8331	Bacteria_71	Ribosomal_S2	PF00318.20	2.3e-26	651	0.463901689708141	0	0.184331797235023	0.463901689708141	0	0.354838709677419	0.150537634408602	1.39170506912442	0.852534562211982	0.431643625192012	0.711213517665131	1.14132104454685	0	0	1.61904761904762	2.357910906298	0.594470046082949	2.35483870967742	1.54224270353303	1.54377880184332	1.22887864823349	1.1689708141321	1.04454685099846	3.10599078341014	0.665130568356375	1.85560675883257	0.440860215053763	1.70660522273425	1.48233486943164	WA_MAG_00045
55079	Bacteria_71	tRNA-synt_1d	PF00750.19	5e-24	2196	1.69626593806922	0.959016393442623	1.79417122040073	2.51639344262295	0.203096539162113	1.12067395264117	1.08242258652095	0.411657559198543	0.73224043715847	0.386612021857923	1.19262295081967	1.39526411657559	0.572859744990893	0	1.35564663023679	4.56739526411658	1.00227686703097	2.05601092896175	0.869307832422586	2.98269581056466	2.89617486338798	2.75774134790528	0.770491803278688	2.40300546448087	2.32103825136612	1.5655737704918	0.832422586520947	1.69262295081967	2.12568306010929	WA_MAG_00045
135350	Bacteria_71	SecE	PF00584.20	1.3e-07	195	0	2.06153846153846	0.769230769230769	2.82564102564103	0.323076923076923	0	0	0	1.73846153846154	0	0	0	0	0	0	3.16923076923077	0	4.21025641025641	1.05128205128205	2.62051282051282	2.31794871794872	2.11794871794872	0	0.738461538461539	0.353846153846154	0	0.871794871794872	0.230769230769231	0	WA_MAG_00045
1432630	Bacteria_71	Ribosomal_L18p	PF00861.22	5.1e-09	654	0.46177370030581	0.692660550458716	0	1.80122324159021	0	0.850152905198777	2.04587155963303	0.253822629969419	2.37767584097859	2.30428134556575	2.43272171253823	1.96941896024465	0.922018348623853	0.201834862385321	4.37461773700306	3.38379204892966	1.56574923547401	3.73547400611621	0.82262996941896	4.89908256880734	2.8960244648318	2.15290519877676	0.386850152905199	3.73088685015291	2.77217125382263	3.00611620795107	2.86850152905199	0.787461773700306	0.253822629969419	WA_MAG_00045
1471966	Bacteria_71	Ribosom_S12_S23	PF00164.25	2.1e-44	444	0.304054054054054	1.2454954954955	1.99774774774775	4.43018018018018	0	0.608108108108108	3.61936936936937	0.786036036036036	1.36486486486486	0	1.46621621621622	0.592342342342342	0	0	0.198198198198198	0.70045045045045	1.56756756756757	1.67567567567568	0	3.29504504504505	3.02702702702703	1.93918918918919	0.117117117117117	1.52477477477477	1.13288288288288	0.849099099099099	3.33558558558559	2.99774774774775	1.54279279279279	WA_MAG_00045
1568048	Bacteria_71	Ribosomal_L2	PF00181.23	5e-14	768	0.71875	1.39453125	0.251302083333333	1.01432291666667	0.393229166666667	0.72265625	3.89713541666667	0	1.36067708333333	1.96223958333333	0.408854166666667	1.13802083333333	0	0	0.947916666666667	2.59244791666667	0.8515625	3.31901041666667	0.743489583333333	2.90234375	4.03645833333333	2.94791666666667	1.71223958333333	3.80078125	1.62369791666667	0.1484375	0.567708333333333	2.39973958333333	1.7109375	WA_MAG_00045
1568049	Bacteria_71	Ribosomal_L23	PF00276.20	1.5e-19	267	2.66292134831461	2.97752808988764	0.378277153558052	1.9812734082397	0	0.146067415730337	1.41198501872659	0	1.45318352059925	0	0.546816479400749	3.8501872659176	1.40823970037453	0	2.01498127340824	3.22097378277154	1.67415730337079	2.95505617977528	1.19850187265918	3.55805243445693	2.1685393258427	4.40449438202247	1.65168539325843	3.38576779026217	0.906367041198502	0.831460674157303	0.561797752808989	1.38202247191011	0.524344569288389	WA_MAG_00045
1568050	Bacteria_71	Ribosomal_L4	PF00573.22	2.1e-43	777	1.95752895752896	3.08236808236808	0	1.5984555984556	0.386100386100386	0.783783783783784	1.87902187902188	0.724581724581725	1.23166023166023	0.846846846846847	1.99356499356499	0.875160875160875	0.675675675675676	0	1.15572715572716	3.18404118404118	1.27413127413127	2.66666666666667	1.64607464607465	7.02831402831403	3.996138996139	1.51866151866152	0.482625482625483	3.35907335907336	1.28828828828829	1.28828828828829	2.08365508365508	1.48262548262548	1.47747747747748	WA_MAG_00045
1568051	Bacteria_71	Ribosomal_L3	PF00297.22	1.1e-78	999	1.65865865865866	2.06606606606607	1.20720720720721	2.07707707707708	0.603603603603604	1.18618618618619	1.07707707707708	0.312312312312312	2.48148148148148	1.33233233233233	1.28128128128128	0.951951951951952	0.302302302302302	0	2.003003003003	2.36536536536537	0.576576576576577	4.13213213213213	1.82782782782783	3.67267267267267	2.91191191191191	2.22222222222222	0.8998998998999	2.29029029029029	0.884884884884885	1.05705705705706	1.13813813813814	3.72772772772773	1.16816816816817	WA_MAG_00045
1657576	Bacteria_71	PGK	PF00162.19	1.2e-122	1200	0.251666666666667	0.461666666666667	0.221666666666667	0.969166666666667	0	0.5025	1.26166666666667	0	0.335833333333333	0.250833333333333	0.251666666666667	0.5425	0.174166666666667	0	0.501666666666667	1.4625	0.376666666666667	1.9225	0.251666666666667	1.76666666666667	1.9175	0.386666666666667	0.251666666666667	1.46583333333333	1.1975	1.26083333333333	0.749166666666667	0.625	0.2475	WA_MAG_00045
1725476	Bacteria_71	RNA_pol_Rpb6	PF01192.22	1.3e-12	450	0.102222222222222	1.34222222222222	0	1.00666666666667	0	0.324444444444444	0.5	0	1.33333333333333	0.333333333333333	1.00666666666667	0	1.54	0.426666666666667	0.315555555555556	1.46888888888889	0	0.913333333333333	1.00444444444444	1.66666666666667	1.10444444444444	0	0.331111111111111	0	0.335555555555556	0.617777777777778	1.34	1.10222222222222	0.911111111111111	WA_MAG_00045
965320	Bacteria_71	eIF-1a	PF01176.19	2.5e-16	306	0	0.761437908496732	0	1.65359477124183	0.601307189542484	0	0	0	0	0.356209150326797	0.604575163398693	0.905228758169935	0	0	0.895424836601307	1.87908496732026	0.964052287581699	2.39869281045752	0	2.51307189542484	0	0.480392156862745	0.911764705882353	0.983660130718954	0.715686274509804	0	0	1.32679738562091	0	WA_MAG_00045
965322	Bacteria_71	Adenylsucc_synt	PF00709.21	2.4e-77	999	0.445445445445445	0.302302302302302	0.602602602602603	1.42942942942943	0	1.21021021021021	2.17617617617618	0	1.1041041041041	0.245245245245245	1.43043043043043	0.981981981981982	0	0	0.862862862862863	1.99199199199199	0.695695695695696	2.10510510510511	0.965965965965966	1.60960960960961	1.2042042042042	2.57257257257257	0.640640640640641	1.31831831831832	2.06506506506507	1.1011011011011	0.289289289289289	1.69269269269269	0.602602602602603	WA_MAG_00045
717799	Bacteria_71	Ribosomal_L5	PF00281.19	1.9e-11	555	0	0.899099099099099	0.52972972972973	1.86846846846847	0	0	2.35495495495495	1.03243243243243	1.47027027027027	0.544144144144144	1.69189189189189	0.542342342342342	0	0.4	1.29189189189189	1.38558558558559	0.277477477477477	4.5027027027027	0.544144144144144	2.31711711711712	3.50990990990991	1.4990990990991	1.62522522522523	0.45045045045045	1.08648648648649	2.81081081081081	0.264864864864865	3.36396396396396	0.58018018018018	WA_MAG_00045
473613	Bacteria_71	Ribosomal_L27A	PF00828.19	2.5e-24	456	0.324561403508772	0.427631578947368	0.583333333333333	0.460526315789474	0.572368421052632	0	1.92763157894737	0	2.36842105263158	0	0.883771929824561	1.71710526315789	0.414473684210526	0	2.26973684210526	4.21929824561404	1.57456140350877	2.72149122807018	0.638157894736842	2.42105263157895	1.42543859649123	1.28947368421053	0.662280701754386	2.54166666666667	2.00219298245614	0.657894736842105	0.87719298245614	1.16885964912281	0.31359649122807	WA_MAG_00045
1365356	Bacteria_71	Ribosomal_S15	PF00312.22	9.2e-15	465	1.65376344086022	0.602150537634409	2.13978494623656	1.50537634408602	0	1.18709677419355	4.97204301075269	0	0.43010752688172	2.33978494623656	0.737634408602151	1.33548387096774	0	0	0.909677419354839	4.67096774193548	2.46666666666667	2.38494623655914	2.36344086021505	2.28602150537634	2.32258064516129	1.30537634408602	0	3.1505376344086	1.18279569892473	0.974193548387097	2.33763440860215	1.68817204301075	0.862365591397849	WA_MAG_00045
