gene_callers_id	source	gene_name	gene_hmm_id	e_value	length	WAM_ALR	WAM_CCR	WAM_IPI	WAM_MAR	WAM_MYS	WAM_PBL	WAM_PJN	WAM_PPR	WAM_PST	WAM_ROL	WAM_SCR	WAM_SGN	WAM_SIS	WAM_TWN	WAR_ALR	WAR_CCR	WAR_IPI	WAR_MAR	WAR_MYS	WAR_PBL	WAR_PJN	WAR_PPR	WAR_PSK	WAR_PST	WAR_RNW	WAR_ROL	WAR_SCR	WAR_SGL	WAR_SIS	mag_id
1130515	Bacteria_71	Ham1p_like	PF01725.16	2.5e-56	582	0	0	0.517182130584192	0.0326460481099656	0	0	0	0.518900343642612	0.326460481099656	0	0.489690721649485	0.972508591065292	0	0	0	3.87628865979381	0.517182130584192	0.0859106529209622	0.922680412371134	1.20446735395189	0.993127147766323	1.38659793814433	0	2.5085910652921	0.439862542955327	0.118556701030928	0.975945017182131	0	0.517182130584192	WA_MAG_00012
1130517	Bacteria_71	SmpB	PF01668.18	9.7e-56	471	0.318471337579618	0.386411889596603	0	0	0	0.617834394904459	0.233545647558386	0	0	0	0.424628450106157	0	0	0	0.893842887473461	0.556263269639066	0	0.639065817409766	0	0.639065817409766	1.5583864118896	2.28237791932059	0	2.32908704883227	0.768577494692144	0	0	0.564755838641189	0	WA_MAG_00012
179227	Bacteria_71	TsaE	PF02367.17	5.9e-36	477	0.731656184486373	0	0.530398322851153	0.578616352201258	0	0.316561844863732	0.618448637316562	0.633123689727463	0.631027253668763	0	1.020964360587	0	0	0	0.150943396226415	2.67295597484277	0	0.454926624737945	0	0.345911949685535	2	3.45492662473795	0.408805031446541	2.0293501048218	0	0	1	0	0.264150943396226	WA_MAG_00012
189335	Bacteria_71	ATP-synt	PF00231.19	1.1e-99	936	0	0.478632478632479	0	0.321581196581197	0	0.409188034188034	0.435897435897436	0	1.28632478632479	0	0.321581196581197	0.321581196581197	0	0.322649572649573	0.322649572649573	0.81517094017094	0	1.0224358974359	0.319444444444444	0.642094017094017	0.963675213675214	2.88141025641026	0	2.38034188034188	0.320512820512821	0.213675213675214	0	0.96474358974359	0.322649572649573	WA_MAG_00012
189337	Bacteria_71	OSCP	PF00213.18	5.3e-49	531	0	0.563088512241055	0	0	0	0.849340866290019	0.768361581920904	0	0.175141242937853	0	0.31638418079096	0.340866290018832	0	0	0.314500941619586	1.63841807909605	0	0.911487758945386	0	1.61770244821092	0	4.98116760828625	0.580037664783427	1.39171374764595	1.13747645951036	0	0.536723163841808	0.175141242937853	0	WA_MAG_00012
189340	Bacteria_71	ATP-synt_A	PF00119.20	7.6e-58	768	0.08203125	1.28125	0.182291666666667	1.65885416666667	0	0.404947916666667	0.44921875	0.391927083333333	1.2265625	0	0.588541666666667	0.848958333333333	0	0.303385416666667	1.53385416666667	0.786458333333333	0	2.16796875	1.08854166666667	0.393229166666667	0.6796875	3.77083333333333	0.393229166666667	1.66666666666667	1.05729166666667	0	0.166666666666667	0.651041666666667	0	WA_MAG_00012
67053	Bacteria_71	Ribosomal_L9_C	PF03948.14	3.9e-23	450	0	0.182222222222222	0	0.335555555555556	0	0	0.366666666666667	0.524444444444444	2.45111111111111	0	0	0	0.131111111111111	0	0.335555555555556	0	0	2.70666666666667	0.817777777777778	0.94	1.10666666666667	2.49555555555556	0	2.95333333333333	0	0.868888888888889	0.56	0	0	WA_MAG_00012
67056	Bacteria_71	Ribosomal_S6	PF01250.17	1.1e-15	345	0	0.742028985507246	0.394202898550725	0.43768115942029	0	0	0.530434782608696	0	0.173913043478261	0	0.330434782608696	0.423188405797101	0	0	0.507246376811594	2.03768115942029	0	1.71304347826087	0	2.10144927536232	0.431884057971014	1.49855072463768	0	3.11594202898551	1.01739130434783	0	0.460869565217391	0	0	WA_MAG_00012
77930	Bacteria_71	Chorismate_synt	PF01264.21	4.5e-68	516	0	1.13565891472868	0.151162790697674	0.585271317829457	0	0.50968992248062	0.317829457364341	0	1.24806201550388	0.242248062015504	1.08720930232558	0.292635658914729	0.0833333333333333	0	0.862403100775194	1.02906976744186	0	1.45736434108527	0	0	2.09108527131783	1.21705426356589	0	3.12790697674419	0	0	0.854651162790698	0	0	WA_MAG_00012
77931	Bacteria_71	Chorismate_synt	PF01264.21	5.7e-71	576	0	1.45659722222222	0	0.262152777777778	0.520833333333333	0	0.420138888888889	0.524305555555556	0.642361111111111	0.319444444444444	0	0.21875	0	0	0	0.727430555555556	0	0.543402777777778	1.11979166666667	0.151041666666667	0.845486111111111	0.260416666666667	0	2.67361111111111	1.04513888888889	0	0.651041666666667	0.503472222222222	0	WA_MAG_00012
152285	Bacteria_71	AICARFT_IMPCHas	PF01808.18	9.8e-114	1509	0.598409542743539	1.16832339297548	0.598409542743539	0.930417495029821	0.200132538104705	0.222001325381047	0.472498343273691	0.37375745526839	1.63286944996687	0	0.893969516235918	0.475811795891319	0	0	0.797879390324718	2.29489728296885	0.0868124585818423	1.44400265076209	0.198807157057654	0.817760106030484	2.07620941020543	2.2624254473161	0.40026507620941	3.27899271040424	0.762756792577866	0.337309476474486	1.37375745526839	0	0.0808482438701127	WA_MAG_00012
1448149	Bacteria_71	Ribosomal_L20	PF00453.18	5e-48	576	0.524305555555556	0.611111111111111	0	0.0295138888888889	0	0.0295138888888889	0	0	1.12326388888889	0	0.522569444444444	0.857638888888889	0	0.0503472222222222	1.61805555555556	1.43055555555556	0	1.53472222222222	0	1.05034722222222	0.234375	0.647569444444444	0.524305555555556	2.79340277777778	0.524305555555556	0	1.30555555555556	0	0	WA_MAG_00012
1448150	Bacteria_71	Ribosomal_L35p	PF01632.19	3.4e-23	195	0	0	0	1.07692307692308	0	0.702564102564103	0	0	0.0307692307692308	0	0.153846153846154	1.06153846153846	0	0	0.887179487179487	0.969230769230769	0	2.34358974358974	0	0.774358974358974	1.64102564102564	0.641025641025641	0	2.94358974358974	0	0	0	0	0	WA_MAG_00012
1448165	Bacteria_71	RNA_pol_Rpb6	PF01192.22	2.7e-14	351	0	0.792022792022792	0.43019943019943	0.857549857549858	0	0	0.803418803418803	0	1.22507122507123	0	0	0.797720797720798	0.86039886039886	0	0.666666666666667	0.977207977207977	0	2.77492877492877	0	3.35042735042735	0.373219373219373	5.75498575498576	0.478632478632479	1.91168091168091	0	0	0.467236467236467	0	0	WA_MAG_00012
1448186	Bacteria_71	RuvX	PF03652.15	NA	NA	0.160087719298246	0	0.265350877192982	0.037280701754386	0	0	1.72149122807018	0	0.859649122807018	0.662280701754386	0	0	0	0	0.649122807017544	1.70614035087719	0	1.32675438596491	0	1.20833333333333	0.489035087719298	1.94517543859649	0.480263157894737	2.06359649122807	0	0.304824561403509	0.0175438596491228	0	0.491228070175439	NA
1464814	Bacteria_71	Ribosomal_S15	PF00312.22	5.8e-40	270	0	0.725925925925926	0	0	0.525925925925926	0	0	0	0.881481481481482	0	0	1.6	0	0	0	1.22222222222222	0	0	0	1.87407407407407	2.12222222222222	3.13333333333333	0.581481481481481	4.45555555555556	0	0	1.01481481481481	0.688888888888889	0	WA_MAG_00012
1464820	Bacteria_71	RBFA	PF02033.18	2e-21	378	0	0	0	0	0	0.177248677248677	1.14021164021164	0	0	0.28042328042328	0.0105820105820106	0.796296296296296	0	0	0.796296296296296	2.34920634920635	0.0687830687830688	1.52380952380952	0	1.06349206349206	1.02380952380952	1.92063492063492	1.07671957671958	1.89153439153439	0.671957671957672	0	0.457671957671958	0.37037037037037	0	WA_MAG_00012
1464828	Bacteria_71	RRF	PF01765.19	2.4e-50	558	0	0.137992831541219	0.541218637992832	0.541218637992832	0.442652329749104	0.905017921146954	0.865591397849462	0	1.05376344086022	0	0.539426523297491	0	0	0	0	0.308243727598566	0	0.716845878136201	0.0555555555555556	0.512544802867383	3.08064516129032	0.546594982078853	0	2.16129032258065	0.021505376344086	0	1.74910394265233	0	0	WA_MAG_00012
1464830	Bacteria_71	EF_TS	PF00889.19	5.7e-40	792	0	0.0984848484848485	0	0.318181818181818	0	0.463383838383838	0.926767676767677	0	0.410353535353535	0	0.272727272727273	1.33333333333333	0.00757575757575757	0.262626262626263	0.455808080808081	2.80808080808081	0	3.04924242424242	0	1.10858585858586	1.97853535353535	1.56060606060606	0.189393939393939	3.59469696969697	1.35227272727273	0.190656565656566	0.896464646464647	0.00126262626262626	0.713383838383838	WA_MAG_00012
1464831	Bacteria_71	Ribosomal_S2	PF00318.20	5.2e-98	876	0	0	0	0.57648401826484	0	0.343607305936073	0.371004566210046	0	0.85958904109589	0	1.1541095890411	0.172374429223744	0	0	0.313926940639269	3.08447488584475	0	1.12899543378995	0	0.582191780821918	0.972602739726027	2.54794520547945	0.858447488584475	2.6837899543379	0.565068493150685	0.131278538812785	1.3824200913242	0.339041095890411	0.625570776255708	WA_MAG_00012
1464834	Bacteria_71	Ribosomal_L19	PF01245.20	2.6e-51	348	0	0.60632183908046	0.629310344827586	0.692528735632184	0	0	0.477011494252874	0.028735632183908	1.75862068965517	0	0.42816091954023	0	0	0	1.27011494252874	1.94540229885057	0	0	0	2.49425287356322	0.540229885057471	1.10057471264368	0	2.50574712643678	0	0.816091954022989	0	0	0	WA_MAG_00012
1464835	Bacteria_71	tRNA_m1G_MT	PF01746.21	7.9e-60	729	0	0.828532235939643	0.37037037037037	0.824417009602195	0	0.412894375857339	0.407407407407407	0	0.482853223593964	0	0.414266117969822	0.414266117969822	0	0	1.06447187928669	1.26611796982167	0	0.244170096021948	0.414266117969822	0.84636488340192	0.947873799725652	2.7283950617284	0.40877914951989	2.8477366255144	0.198902606310014	0.288065843621399	0.795610425240055	0	0.820301783264746	WA_MAG_00012
1464838	Bacteria_71	Ribosomal_S16	PF00886.19	6.9e-27	402	0	0.855721393034826	0.375621890547264	1.6044776119403	0	0	0	0.375621890547264	0.0124378109452736	0	0.73134328358209	0	0	0	0	1.77611940298507	0	0.771144278606965	0	0.813432835820896	0.58955223880597	0.368159203980099	0	1.63432835820896	0.375621890547264	0	0.674129353233831	0.353233830845771	0	WA_MAG_00012
1464855	Bacteria_71	Ribosomal_L28	PF00830.19	3.5e-25	195	0	0	0	0.425641025641026	0	0	0.302564102564103	0	0	0	0	0	0.615384615384615	0	1.44102564102564	0.984615384615385	0.887179487179487	0.697435897435897	0	0.861538461538462	0	1.48717948717949	0	1.14871794871795	0	0	0.774358974358974	0	0	WA_MAG_00012
1466877	Bacteria_71	SecE	PF00584.20	1e-21	297	0	0.505050505050505	0.154882154882155	1.51515151515152	0.764309764309764	1.01683501683502	1.32659932659933	0.97979797979798	0.7003367003367	0	0.942760942760943	0.0134680134680135	0	0.37037037037037	0	0.905723905723906	0	1.98653198653199	1.51851851851852	1.2996632996633	1	2.3030303030303	0.323232323232323	3.75757575757576	0	0	1.9023569023569	1.01683501683502	0	WA_MAG_00012
1466880	Bacteria_71	Ribosomal_L1	PF00687.21	1.8e-54	696	0	0.864942528735632	0	1.26293103448276	0	0.114942528735632	0.860632183908046	0.214080459770115	1.32758620689655	0.244252873563218	0.433908045977011	0.295977011494253	0	0	0.935344827586207	1.73850574712644	0	1.28448275862069	0.406609195402299	1.01005747126437	1.93103448275862	1.27298850574713	0.383620689655172	1.8433908045977	1.88218390804598	0	0.158045977011494	0.193965517241379	0.433908045977011	WA_MAG_00012
1466885	Bacteria_71	Ribosom_S12_S23	PF00164.25	1.9e-45	372	0.526881720430108	0	0.021505376344086	1.3494623655914	0	0.333333333333333	0.241935483870968	0	2.60215053763441	0	3.04838709677419	0	0	0	0	2.80913978494624	0	1.85215053763441	0	1.63440860215054	1.21774193548387	3.22849462365591	1.08870967741935	6.39784946236559	0.220430107526882	0	1.9758064516129	0	1.49731182795699	WA_MAG_00012
1466886	Bacteria_71	Ribosomal_S7	PF00177.21	8e-65	471	0	0	0	0.823779193205945	0	0.369426751592357	0	0	1.08704883227176	0	1.47983014861996	0.13588110403397	0	0	0.660297239915074	0.628450106157112	0	1.28662420382166	0.639065817409766	2.26326963906582	2.26326963906582	1.94055201698514	0	1.69851380042463	0.639065817409766	0.639065817409766	0.670912951167728	0.632696390658174	1.04246284501062	WA_MAG_00012
1466889	Bacteria_71	Ribosomal_S10	PF00338.22	4.1e-36	321	0	2.54828660436137	0.517133956386293	0	0	0	1.27725856697819	0	1.09968847352025	0	0	0	0	0	0.404984423676013	2.11526479750779	0	0	0	1.03426791277259	1.90965732087227	2.65420560747664	0.280373831775701	2.85981308411215	0.803738317757009	0	1.35202492211838	0.610591900311526	0	WA_MAG_00012
1466892	Bacteria_71	Ribosomal_L3	PF00297.22	1.4e-18	639	0	0.97339593114241	0.081377151799687	0.236306729264476	0	0	0.472613458528951	0	2.27230046948357	0	0.796557120500782	0.261345852895149	0	0	0	2.65258215962441	0	1.1471048513302	0	0.701095461658842	1.41627543035994	2.2754303599374	0	6.62284820031299	1.22222222222222	1.14084507042254	0.309859154929577	0	0	WA_MAG_00012
1466893	Bacteria_71	Ribosomal_L4	PF00573.22	7.8e-68	630	0.212698412698413	0.479365079365079	0	0.992063492063492	0	0.476190476190476	0	0	1.1968253968254	0	0.955555555555556	0.133333333333333	0	0	0.884126984126984	2.36349206349206	0.477777777777778	0.234920634920635	0	2.23174603174603	0.744444444444444	4.58412698412698	0.723809523809524	5.17142857142857	0.328571428571429	0	0.725396825396825	0	0.479365079365079	WA_MAG_00012
1466894	Bacteria_71	Ribosomal_L23	PF00276.20	5.4e-34	291	0.59106529209622	1.88659793814433	0	0	0	0	1.03436426116838	0	2.59450171821306	0	0	1.28178694158076	0	0	1.24054982817869	1.3127147766323	0	0	0	2.26116838487973	0.649484536082474	2.83848797250859	0.532646048109966	3.56357388316151	0	0	1.63573883161512	0	0	WA_MAG_00012
1466895	Bacteria_71	Ribosomal_L2	PF00181.23	1.3e-31	837	0.360812425328554	1.72640382317802	0	0	0	0	0.354838709677419	0	1.26045400238949	0	0.720430107526882	0.280764635603345	0	0	0.85663082437276	2.88649940262843	0.313022700119474	1.61648745519713	0	1.00836320191159	1.04301075268817	1.79689366786141	0.193548387096774	3.12783751493429	1.08482676224612	0	1.37634408602151	0.33452807646356	0	WA_MAG_00012
1466896	Bacteria_71	Ribosomal_S19	PF00203.21	1.5e-39	279	0	0.329749103942652	0	0.437275985663082	0	0	0	0	0.537634408602151	0	0.025089605734767	1.28673835125448	0.849462365591398	0	0.258064516129032	2.32616487455197	0.10752688172043	2.72401433691756	0	1.29749103942652	0.845878136200717	5.584229390681	0.480286738351254	4.24014336917563	1.40860215053763	1.91756272401434	1.3405017921147	0	0	WA_MAG_00012
1466897	Bacteria_71	Ribosomal_L22	PF00237.19	5.3e-32	591	0.874788494077834	0.509306260575296	0	0.560067681895093	0.0355329949238579	0.253807106598985	0.402707275803723	0	1.40947546531303	0	1.5989847715736	0.519458544839255	0.111675126903553	0	0	0.708967851099831	0	0.661590524534687	0.140439932318105	2.13536379018613	0.544839255499154	3.62267343485618	0	2.05245346869712	0.839255499153976	0.11844331641286	0.480541455160744	0	0	WA_MAG_00012
1466898	Bacteria_71	Ribosomal_S3_C	PF00189.20	1.3e-41	954	0.40356394129979	0	0.631027253668763	1.25995807127883	0.293501048218029	0.315513626834382	0.947589098532495	0.158280922431866	1.32809224318658	0.316561844863732	0.624737945492662	0.790356394129979	0	0	0.315513626834382	2.99895178197065	0	1.4811320754717	0.544025157232704	2.92243186582809	0.924528301886792	2.46121593291405	0.261006289308176	4.84067085953878	0.815513626834382	0	1.45702306079665	0.169811320754717	0	WA_MAG_00012
1466899	Bacteria_71	Ribosomal_L16	PF00252.18	2.7e-51	411	0	0.265206812652068	0	0	0	0	0	0	0.474452554744526	0	3.01216545012165	0.408759124087591	0	0	0	3.20194647201946	0.656934306569343	0.931873479318735	0	0.357664233576642	0	1.52554744525547	0.111922141119221	3.84428223844282	0.0948905109489051	0	2.94647201946472	1.79075425790754	0	WA_MAG_00012
1466900	Bacteria_71	Ribosomal_L29	PF00831.23	2.7e-21	234	0	1.18803418803419	0	0	0	0.452991452991453	1.56837606837607	0	0.444444444444444	0	0.256410256410256	0.555555555555556	0	0	0	3.32905982905983	0	1.29487179487179	0	0	0	1.72222222222222	0	2.14102564102564	1.01709401709402	0	2.25213675213675	0	0	WA_MAG_00012
1466901	Bacteria_71	Ribosomal_S17	PF00366.20	5.3e-31	279	0	1.51612903225806	0	0	0	0.695340501792115	0.845878136200717	0	0.673835125448029	0	0	0.551971326164875	0	0	0.831541218637993	2.0573476702509	0	1.90681003584229	0	1.58064516129032	1.32258064516129	5.22939068100358	0.537634408602151	0.537634408602151	0.0824372759856631	0	2.48745519713262	0	0	WA_MAG_00012
1466902	Bacteria_71	Ribosomal_L14	PF00238.19	1e-57	369	0	1.95392953929539	0	0	0	0	1.55555555555556	0	0	0	1.48509485094851	0.403794037940379	0	0	0	1.89430894308943	0	2.84552845528455	0	0.943089430894309	1.46341463414634	3.33333333333333	0.40650406504065	0.813008130081301	0	0.617886178861789	0.948509485094851	0	0	WA_MAG_00012
1466903	Bacteria_71	ribosomal_L24	PF17136.4	6.3e-30	315	0.838095238095238	3.81587301587302	0.844444444444444	0	0	0	0.0888888888888889	0	0.825396825396825	0.622222222222222	1.67301587301587	0	0	0	0.914285714285714	1.48253968253968	0	2.90793650793651	0	2.65396825396825	0	1.6031746031746	0	0	0	0.231746031746032	1.0952380952381	0	0	WA_MAG_00012
1466904	Bacteria_71	Ribosomal_L5	PF00281.19	7.3e-29	570	0.0789473684210526	1.07017543859649	1.17017543859649	0.143859649122807	0	0	1.31929824561404	0	1.1719298245614	0	0.505263157894737	0	0	0	0.0350877192982456	1.92631578947368	0	0.308771929824561	0	0.398245614035088	0.0964912280701754	2.25964912280702	0	3.70175438596491	1.05614035087719	0	0.254385964912281	0.0298245614035088	1.05964912280702	WA_MAG_00012
1466906	Bacteria_71	Ribosomal_S8	PF00410.19	4.5e-52	405	0	0	1.14320987654321	0	0	0.493827160493827	0	0	1.31358024691358	0	0.434567901234568	0.222222222222222	0	0	0.74320987654321	3.24691358024691	0	2.05679012345679	0	1.8641975308642	1.63456790123457	2.83950617283951	0	3.51358024691358	0	0	1.75308641975309	0.175308641975309	0	WA_MAG_00012
1466907	Bacteria_71	Ribosomal_L6	PF00347.23	5e-44	540	0	1.82777777777778	0	2.20925925925926	0	1.07407407407407	0.962962962962963	0	0.757407407407407	0	0.231481481481481	0.372222222222222	0.559259259259259	0	1.12962962962963	1.96481481481481	0.555555555555556	0.157407407407407	1.37592592592593	0.744444444444444	0.27962962962963	0.698148148148148	0	3.02407407407407	0	0.0722222222222222	0.837037037037037	0.559259259259259	0.4	WA_MAG_00012
1466908	Bacteria_71	Ribosomal_L18p	PF00861.22	1.9e-46	363	0	0.757575757575758	1.65289256198347	1.80165289256198	0	0.534435261707989	0	0	0.707988980716253	0	0.768595041322314	0	0.0606060606060606	0.820936639118457	0.801652892561983	4.08815426997245	0	1.33057851239669	0.451790633608815	1.52617079889807	0.415977961432507	1.63911845730028	0.176308539944904	1.4931129476584	0	1.37465564738292	0	0	2.15426997245179	WA_MAG_00012
1518894	Bacteria_71	Pept_tRNA_hydro	PF01195.19	2.6e-59	612	0	0.527777777777778	0	1.26307189542484	0	0.246732026143791	1.88562091503268	0	0.640522875816993	0	0.0310457516339869	0.305555555555556	0	0	0	1.34313725490196	0	0.98202614379085	0.246732026143791	1.84640522875817	0	0.785947712418301	0	2.74836601307189	0.740196078431373	0	0	0.246732026143791	1.23366013071895	WA_MAG_00012
1525742	Bacteria_71	UPF0054	PF02130.17	6.5e-39	516	0.315891472868217	0.972868217054264	0	0.232558139534884	0	0	0	0	1.17635658914729	0	0.288759689922481	1.34883720930233	0	0	1.24418604651163	1.83720930232558	0	1.15503875968992	0.527131782945736	0.585271317829457	0.0949612403100775	3.41860465116279	0	2.22286821705426	0.391472868217054	0	0.232558139534884	0.583333333333333	0	WA_MAG_00012
1525746	Bacteria_71	RecO_C	PF02565.15	7.6e-20	720	0	0.0291666666666667	0	0.7875	0	0	0	0	0.418055555555556	0	1.0875	0.644444444444444	0	0	0.644444444444444	1.84305555555556	0	0.879166666666667	0	0.418055555555556	0.373611111111111	1.14166666666667	0	0.115277777777778	0.0694444444444444	0	0	1.25833333333333	0	WA_MAG_00012
1572521	Bacteria_71	IPPT	PF01715.17	2.6e-69	921	0	0.325732899022801	0.654723127035831	0	0	0	0.788273615635179	0	0.402823018458198	0.326818675352877	0	0.447339847991314	0.181324647122693	0	1.53203040173724	0.225841476655809	0	1.99457111834962	0	0.802388707926167	0.597176981541802	2.85124864277959	0	1.37024972855592	0.462540716612378	0.324647122692725	0.568946796959826	0.205211726384365	0.266015200868621	WA_MAG_00012
1621797	Bacteria_71	Exonuc_VII_L	PF02601.15	3.3e-66	1260	0	0.319047619047619	0.238095238095238	0.18968253968254	0.457142857142857	0.258730158730159	0.163492063492063	0	0.715079365079365	0.23968253968254	0	0.826984126984127	0	0	0.236507936507937	1.50714285714286	0	1.52222222222222	0	1.65873015873016	0.996031746031746	1.35238095238095	0.451587301587302	2.43174603174603	0.479365079365079	0.346825396825397	0.479365079365079	0.23968253968254	0.411904761904762	WA_MAG_00012
1638839	Bacteria_71	tRNA-synt_1d	PF00750.19	5.1e-30	1641	0.183424741011578	0.549664838513102	0.182815356489945	0.182815356489945	0	1.28641072516758	1.06886045094455	0	0.928092626447288	0	0.400975015234613	0.471663619744059	0	0.276051188299817	0.184034125533211	3.08957952468007	0	1.24009750152346	0	1.02985984156002	0.692870201096892	3.44972577696526	0	2.03595368677636	0.183424741011578	0.157221206581353	0.994515539305302	0.364411943936624	0	WA_MAG_00012
738913	Bacteria_71	Ribosomal_L27	PF01016.19	4.7e-37	252	0	0	0.511904761904762	0.920634920634921	0	0	0	0	0.674603174603175	0	0	0	0	0	0	0.226190476190476	0	1.01984126984127	0	0	0.373015873015873	1.75	0	0.384920634920635	0.924603174603175	0	0	1.19444444444444	0	WA_MAG_00012
738914	Bacteria_71	Ribosomal_L21p	PF00829.21	1.4e-31	309	0	0	0.388349514563107	0.97411003236246	0	0.362459546925566	0	0	1.64724919093851	0	0	0	0	0	0	1.84466019417476	0	0.132686084142395	0	0.488673139158576	0	1.65695792880259	0	4.5210355987055	0.737864077669903	0	0	0	0.961165048543689	WA_MAG_00012
801219	Bacteria_71	Adenylsucc_synt	PF00709.21	4.7e-177	1296	0.465277777777778	0.695987654320988	0	0.464506172839506	0	0.350308641975309	0.463734567901235	0	1.36728395061728	0	1.34259259259259	0.930555555555556	0	0.321759259259259	0	0.750771604938272	0.23070987654321	0.665123456790123	0	2.51929012345679	0.466049382716049	3.6766975308642	0	2.58256172839506	0.752314814814815	0	1.28163580246914	0.8125	0.301697530864198	WA_MAG_00012
801222	Bacteria_71	GrpE	PF01025.19	5.6e-31	537	0	1.6852886405959	0	0	0.394785847299814	0	0.562383612662942	0	1.72253258845438	0	1.65549348230912	0.284916201117318	0	0	0.608938547486033	2.74860335195531	0	0.446927374301676	0	0.653631284916201	0.849162011173184	1.51396648044693	0	3.68901303538175	0.845437616387337	0.556797020484171	2.59217877094972	0.783985102420857	0.689013035381751	WA_MAG_00012
828545	Bacteria_71	RsfS	PF02410.15	8.3e-23	393	0	0.760814249363868	0	0.768447837150127	0.600508905852417	0	1.47328244274809	0	1.81424936386768	0.44529262086514	0.628498727735369	0	0	0	0	3.33842239185751	0	2.12213740458015	0	1.7175572519084	2.87022900763359	3.76590330788804	0	1.39185750636132	0.623409669211196	0	0.0483460559796438	1.72264631043257	0	WA_MAG_00012
352382	Bacteria_71	Ribosomal_S9	PF00380.19	5.8e-46	399	0.18546365914787	0.756892230576441	0.74937343358396	0.832080200501253	0	0	2.47619047619048	0.328320802005013	1.70676691729323	0.0175438596491228	0.340852130325815	0	0	0	0.218045112781955	1.31328320802005	0	1.81954887218045	0	0.167919799498747	4.01754385964912	2.16791979949875	0.523809523809524	3.32330827067669	1.26065162907268	0.403508771929825	1.29323308270677	0	0	WA_MAG_00012
352383	Bacteria_71	Ribosomal_L13	PF00572.18	5.8e-58	453	0.406181015452539	0.333333333333333	0	1.22958057395143	0	0.0309050772626932	0.123620309050773	0.969094922737307	0	0.622516556291391	0.869757174392936	0	0	0	0.172185430463576	5.7924944812362	0	2.18101545253863	0.666666666666667	0.785871964679912	1.88962472406181	4.35761589403973	0.792494481236203	1.19867549668874	0.916114790286976	0	2.31788079470199	0	0	WA_MAG_00012
352385	Bacteria_71	Ribosomal_L17	PF01196.19	1.4e-39	354	0	0	0.531073446327684	0.398305084745763	0.666666666666667	0	0	0	2.32485875706215	0	0.5	0.265536723163842	0	0	0	0.793785310734463	0	0.0847457627118644	0.313559322033898	0.830508474576271	0.570621468926554	5.43220338983051	0	1.24858757062147	0.830508474576271	0.180790960451977	1.65819209039548	0.805084745762712	0	WA_MAG_00012
352386	Bacteria_71	RNA_pol_L	PF01193.24	1e-23	942	0	0.781316348195329	0.63588110403397	0.13588110403397	0.319532908704883	0	0.820594479830149	0.305732484076433	1.30042462845011	0	1.35774946921444	0.320594479830149	0	0	0.318471337579618	2.78131634819533	0.303609341825902	0.639065817409766	0.158174097664544	2.03290870488323	2.37685774946921	5.30467091295117	0.317409766454352	1.9447983014862	0.640127388535032	0	0.0414012738853503	0.152866242038217	0	WA_MAG_00012
352388	Bacteria_71	Ribosomal_S11	PF00411.19	1.5e-51	399	0	0	0.982456140350877	0.453634085213033	0	0	0.358395989974937	0	4.13032581453634	0	1.28320802005013	0.912280701754386	0	0	0.453634085213033	1.53634085213033	0.75187969924812	1.64411027568922	1.04010025062657	4.31328320802005	1.21553884711779	2.03508771929825	0	4.31077694235589	0	0	1.32330827067669	0	0	WA_MAG_00012
352389	Bacteria_71	Ribosomal_S13	PF00416.22	7.9e-37	378	0	0	0.582010582010582	0.706349206349206	0	1.25396825396825	0.534391534391534	0	1.65079365079365	0	0	1.47619047619048	0	0	0.314814814814815	3.25132275132275	0	0.597883597883598	0.502645502645503	1.71164021164021	2.30687830687831	2.37301587301587	0	3.05291005291005	0	0	0	0.695767195767196	0	WA_MAG_00012
352390	Bacteria_71	eIF-1a	PF01176.19	9.4e-31	195	0.671794871794872	0	0	0.4	0	0	0.661538461538462	0	2.43589743589744	0	0	0.8	0	0	1.2974358974359	4.91282051282051	0	0.41025641025641	0	1.15384615384615	2.35897435897436	3.28717948717949	0	3.84615384615385	0	0	0.646153846153846	0	0.466666666666667	WA_MAG_00012
352391	Bacteria_71	ADK	PF00406.22	1.7e-50	603	0.723051409618574	0.200663349917081	0	1.60862354892206	0	1.03150912106136	0.998341625207297	0	0.601990049751244	0	1.63515754560531	0	0	1.14262023217247	0.227197346600332	3.65837479270315	0.414593698175788	2.37479270315091	0.354892205638474	0.932006633499171	0.500829187396352	1.76285240464345	0.472636815920398	5.48258706467662	0.796019900497512	0.500829187396352	1.56384742951907	0	0.696517412935323	WA_MAG_00012
352392	Bacteria_71	SecY	PF00344.20	1.7e-103	1332	0.437687687687688	0.935435435435435	0.646396396396396	0.778528528528528	0.226726726726727	0.381381381381381	0.621621621621622	0	1.35135135135135	0	1.26501501501502	0.224474474474474	0.677177177177177	0.113363363363363	0.119369369369369	1.95345345345345	0.546546546546547	0.764264264264264	0.208708708708709	2.00600600600601	1.7454954954955	2.27027027027027	0.226726726726727	3.88888888888889	0.225975975975976	0.315315315315315	0.668168168168168	0.33033033033033	0.453453453453453	WA_MAG_00012
352393	Bacteria_71	Ribosomal_L27A	PF00828.19	1.3e-35	486	0	0.835390946502058	0.0164609053497942	0	0	0	1.63168724279835	0	2.06378600823045	0	0.716049382716049	0.567901234567901	0	0.617283950617284	0.576131687242798	3.70164609053498	0.683127572016461	0.621399176954732	0	2.34362139917695	1.48148148148148	1.05555555555556	0	2.7880658436214	0.619341563786008	0	1.11111111111111	0.294238683127572	0	WA_MAG_00012
352937	Bacteria_71	YajC	PF02699.15	1.1e-26	300	0	0	0	0	0	0	1.34666666666667	0	0.496666666666667	0	0.193333333333333	0	0	0	1.09333333333333	2.85666666666667	0	1.89	0	1.59333333333333	0	0.92	0.816666666666667	3.02666666666667	0	0	0	1.51	0.986666666666667	WA_MAG_00012
492233	Bacteria_71	SecG	PF03840.14	5.4e-20	225	0	1.17777777777778	0	0.631111111111111	0	0	1.34222222222222	0	1.27555555555556	0	1.90222222222222	0.0311111111111111	0	0	0	1.17777777777778	0	1.88	0	0	0.928888888888889	1.67111111111111	0	2.24888888888889	0	0.902222222222222	0.662222222222222	0.0622222222222222	0	WA_MAG_00012
492236	Bacteria_71	PGK	PF00162.19	1.6e-122	1125	0.265777777777778	0.268444444444444	0.168888888888889	0.801777777777778	0	0	0	0	0.402666666666667	0	0.568	0	0	0	0.267555555555556	1.28088888888889	0	0.268444444444444	0	0.267555555555556	1.10044444444444	2.36	0	3.02844444444444	0.536888888888889	0.00355555555555555	0.376	0	0.267555555555556	WA_MAG_00012
