gene_callers_id	source	gene_name	gene_hmm_id	e_value	length	WAM_ALR	WAM_CCR	WAM_IPI	WAM_MAR	WAM_MYS	WAM_PBL	WAM_PJN	WAM_PPR	WAM_PST	WAM_ROL	WAM_SCR	WAM_SGN	WAM_SIS	WAM_TWN	WAR_ALR	WAR_CCR	WAR_IPI	WAR_MAR	WAR_MYS	WAR_PBL	WAR_PJN	WAR_PPR	WAR_PSK	WAR_PST	WAR_RNW	WAR_ROL	WAR_SCR	WAR_SGL	WAR_SIS	mag_id
1118894	Bacteria_71	GrpE	PF01025.19	2.4e-39	483	0.575569358178054	0.623188405797101	0.345755693581781	0.111801242236025	0	0	0	0.623188405797101	0	0.544513457556936	0	0	0	0	0	0.453416149068323	0	0.552795031055901	0	0.248447204968944	3.59006211180124	0.935817805383023	0.412008281573499	0	0.616977225672878	0	1.42028985507246	0	0.335403726708075	WA_MAG_00046
1170880	Bacteria_71	Ribosomal_L29	PF00831.23	1.6e-19	204	0	0.955882352941176	0	0	0	0	0.593137254901961	0	0	0	0	0	0	0	0	0.0294117647058823	0	0	0	0.558823529411765	0.661764705882353	0	0	0	0	0.735294117647059	0	0.509803921568627	0.558823529411765	WA_MAG_00046
1170881	Bacteria_71	Ribosomal_S3_C	PF00189.20	1.8e-20	696	0	0.583333333333333	0.433908045977011	0	0	0	0.370689655172414	0	0	0	0.323275862068966	0.28735632183908	0	0	0.968390804597701	3.23706896551724	0.438218390804598	0.290229885057471	0	1.35201149425287	1.48275862068966	1.29166666666667	0	0.431034482758621	0	0.584770114942529	0.433908045977011	0.395114942528736	0.265804597701149	WA_MAG_00046
1170882	Bacteria_71	Ribosomal_L22	PF00237.19	1.8e-22	528	1.38257575757576	0	0	0	0	0	0.0643939393939394	0	0.776515151515151	0.570075757575758	0.962121212121212	0.744318181818182	0	0	1.40530303030303	0.820075757575758	2.05492424242424	0.172348484848485	0.390151515151515	0.570075757575758	0.331439393939394	1.50378787878788	0	0	0.0965909090909091	0.0643939393939394	0	0.729166666666667	1.14204545454545	WA_MAG_00046
1170883	Bacteria_71	Ribosomal_S19	PF00203.21	8.5e-29	492	0.0487804878048781	1.28658536585366	0.611788617886179	0	0	0	0	0.613821138211382	0.378048780487805	0.554878048780488	1.45121951219512	0	0	0	0.308943089430894	2.42886178861789	1.41056910569106	0	0.605691056910569	0.288617886178862	1.48983739837398	1.89024390243902	0.345528455284553	0.422764227642277	0.495934959349593	0.0752032520325203	0	0.861788617886179	1.21138211382114	WA_MAG_00046
1170885	Bacteria_71	Ribosomal_L23	PF00276.20	2.9e-14	291	0	0.326460481099656	0.0824742268041237	0	0.518900343642612	0	0	0	1.39518900343643	0	0.512027491408935	0.0481099656357388	0	0	0.357388316151203	0.419243986254296	0	0.106529209621993	0	0.766323024054983	0	1.16494845360825	0	0.518900343642612	0.893470790378007	0.371134020618557	1.46735395189003	0.518900343642612	0.312714776632302	WA_MAG_00046
1170886	Bacteria_71	Ribosomal_L4	PF00573.22	2.1e-39	879	0.342434584755404	0.0671217292377702	0	0	0	0.342434584755404	0	0	0.0136518771331058	0	0	0.698521046643914	0.279863481228669	0	0	0.63481228668942	0	1.49601820250284	0.26962457337884	0.521046643913538	0.861205915813424	0.856655290102389	0	0.497155858930603	0.340159271899886	0.343572241183163	1.56655290102389	0	0.232081911262799	WA_MAG_00046
1170887	Bacteria_71	Ribosomal_L3	PF00297.22	1.2e-82	966	0.312629399585921	0.311594202898551	0.62111801242236	0	0	0	0.312629399585921	0	0.935817805383023	0	0.622153209109731	0.287784679089027	0	0	0.312629399585921	1.24120082815735	0	1.08695652173913	0.0590062111801242	0.123188405797101	1.21221532091097	1.0175983436853	0.312629399585921	0.993788819875776	0	0.463768115942029	0.0848861283643892	0.30952380952381	0.238095238095238	WA_MAG_00046
295911	Bacteria_71	tRNA-synt_1d	PF00750.19	9.8e-115	1737	0.492227979274611	0.0995970063327576	0.746689694876223	0.91594703511802	0	0	0	0.164651698330455	0.345998848589522	0.157167530224525	0.171560161197467	0	0	0	0.959124928036845	1.4496257915947	0.520437535981577	0.692573402417962	0.157743235463443	0	0.651122625215889	0.408750719631549	0.00518134715025906	0.397812320092113	0	0.783534830166954	1.51698330454807	0.345998848589522	0.14853195164076	WA_MAG_00046
651102	Bacteria_71	Adenylsucc_synt	PF00709.21	3.3e-104	1134	0.622574955908289	0.326278659611993	0.0220458553791887	0.0952380952380952	0	0	0.386243386243386	0.264550264550265	0.265432098765432	0	0.253968253968254	0	0	0.2663139329806	1.42063492063492	0.731922398589065	0.713403880070547	0.772486772486772	0.148148148148148	0.959435626102293	1.99029982363316	1.71164021164021	0.265432098765432	1.04497354497354	0.798059964726631	0.310405643738977	1.46296296296296	1.00970017636684	0.407407407407407	WA_MAG_00046
690581	Bacteria_71	Ribosomal_S9	PF00380.19	7.5e-35	441	1.33106575963719	1.21995464852608	0	0	0	1.03628117913832	0	0	0.18140589569161	0.609977324263039	1.22675736961451	0	0	0	0.925170068027211	1.23356009070295	0	0.308390022675737	1.18367346938776	1.20181405895692	0.426303854875283	1.97959183673469	0	0.605442176870748	0.417233560090703	0.0113378684807256	2	0	0.337868480725624	WA_MAG_00046
690582	Bacteria_71	Ribosomal_L13	PF00572.18	3.7e-12	486	1.2798353909465	0.139917695473251	0	0	0	0.240740740740741	0.310699588477366	0.065843621399177	0.47119341563786	0.522633744855967	0	0	0	0	0.434156378600823	2.52880658436214	1.90946502057613	0.353909465020576	0.786008230452675	1.10493827160494	0.0925925925925926	0.335390946502058	0	0.109053497942387	0	0.876543209876543	0.781893004115226	0.609053497942387	2.17078189300412	WA_MAG_00046
690583	Bacteria_71	Ribosomal_L27A	PF00828.19	6.7e-09	366	0.800546448087432	0	0	1.23224043715847	0	0	1.33879781420765	0.737704918032787	0	0.153005464480874	0	0	0	0	1.61748633879781	4.4672131147541	0.773224043715847	0	2.27595628415301	0.412568306010929	0.442622950819672	2.31147540983607	0	0.800546448087432	0	1.34972677595628	1.08743169398907	0.825136612021858	0.674863387978142	WA_MAG_00046
1554382	Bacteria_71	Ribosomal_L16	PF00252.18	6.6e-30	540	0.755555555555556	1.07592592592593	0.774074074074074	0	0	0	1.11481481481481	0	0.0777777777777778	0	0.27962962962963	0	0	0	1.7462962962963	1.78148148148148	0.67037037037037	0.0537037037037037	0.985185185185185	0.944444444444444	0	1.33703703703704	0	1.44444444444444	0.0166666666666667	2.59074074074074	0.881481481481482	0	0.0037037037037037	WA_MAG_00046
1714604	Bacteria_71	eIF-1a	PF01176.19	2.2e-19	552	0.0615942028985507	1.28623188405797	0	0	0.105072463768116	0	0	1.55072463768116	0.318840579710145	0	0	0	0	0	0.358695652173913	1.26811594202899	1.11775362318841	0	0	1.01992753623188	0.601449275362319	0	0.545289855072464	1.15579710144928	0	0.48731884057971	0	0.103260869565217	0.367753623188406	WA_MAG_00046
1042003	Bacteria_71	AICARFT_IMPCHas	PF01808.18	1.6e-94	1584	0.494318181818182	0.26199494949495	0.853535353535353	0.00252525252525252	0.380050505050505	0.380681818181818	0.380050505050505	0.380050505050505	0.380050505050505	0.529671717171717	0.744949494949495	0.376262626262626	0.13510101010101	0.145833333333333	0.190656565656566	0.545454545454545	1.70959595959596	0.579545454545455	0.761363636363636	0.450757575757576	0.426136363636364	3.04671717171717	0.029040404040404	0.510732323232323	0.0713383838383838	0.666666666666667	1.79166666666667	1.06565656565657	0.666035353535353	WA_MAG_00046
1049303	Bacteria_71	RNA_pol_Rpb6	PF01192.22	1.8e-15	276	0	0	0.547101449275362	0.855072463768116	0.942028985507246	0	2.04710144927536	0.427536231884058	0	0.384057971014493	0	0	0	0	0	1.17391304347826	1.3731884057971	0.0579710144927536	0.38768115942029	0	1.32971014492754	0.844202898550725	1.01811594202899	0	1.09057971014493	3.27536231884058	1.89492753623188	0	0	WA_MAG_00046
788355	Bacteria_71	PGK	PF00162.19	4.1e-97	1263	0.47347585114806	0.474267616785432	0.0950118764845606	0	0	0	0.23673792557403	0	0.119556611243072	0.225653206650831	0.118764845605701	0	0	0	0.187648456057007	1.7236737925574	0.544734758511481	0.811559778305622	0.394299287410926	0	0.340459224069675	1.31116389548694	0.117181314330958	0.830562153602534	0.439429928741093	0.418844022169438	1.54235946159937	0.0459224069675376	0.406967537608868	WA_MAG_00046
828439	Bacteria_71	SecY	PF00344.20	1.3e-72	1920	0.35	0.4703125	0.401041666666667	0.229166666666667	0.15625	0	0.480729166666667	0.225520833333333	0	0.313541666666667	0.7859375	0.34375	0.313541666666667	0	0.854166666666667	0.735416666666667	1.28229166666667	0.471354166666667	0.8234375	0.415625	0.946875	1.69375	0.0255208333333333	0.444791666666667	0	0.913020833333333	0.621875	0.6265625	0.784895833333333	WA_MAG_00046
828440	Bacteria_71	Ribosomal_L27A	PF00828.19	3.5e-21	420	0	1.3952380952381	0	0.902380952380952	0	0	0.842857142857143	0	0.107142857142857	0	1.46428571428571	1.96904761904762	0	0	0.502380952380952	1.34285714285714	1.18095238095238	0.814285714285714	0.395238095238095	0.461904761904762	3.70714285714286	1.45	0	2.10714285714286	0	0	0.592857142857143	0.719047619047619	0.673809523809524	WA_MAG_00046
850990	Bacteria_71	Ribosomal_S3_C	PF00189.20	4.7e-21	411	0	0	0	0	0	0	0	0.413625304136253	0	0.367396593673966	0	0	0	0	0	0.630170316301703	0	0	0.267639902676399	0.367396593673966	0	0.734793187347932	0	0	0	0	0.231143552311436	0	0.172749391727494	WA_MAG_00046
850991	Bacteria_71	Ribosomal_L29	PF00831.23	1.2e-19	204	0	0	0	0	0	0	0.470588235294118	0.642156862745098	0	0.333333333333333	0	0	0	0	0	3.12745098039216	0	0	2.51960784313725	0	0	0	0	0	0	0	1.76960784313725	0	0.92156862745098	WA_MAG_00046
850994	Bacteria_71	Ribosomal_S17	PF00366.20	4.8e-24	345	0.756521739130435	0.756521739130435	0	0.43768115942029	0	0	0.634782608695652	0	0	0.43768115942029	0	0.31304347826087	0	0	0	2.49565217391304	1.71884057971014	0.43768115942029	2.04057971014493	0.417391304347826	1.13913043478261	2.89275362318841	0.136231884057971	1.64057971014493	0	0.295652173913043	1.95652173913043	0.747826086956522	0.704347826086957	WA_MAG_00046
850995	Bacteria_71	Ribosomal_L14	PF00238.19	2.3e-37	399	0	0.107769423558897	0.75187969924812	0	0	0	0.345864661654135	0.756892230576441	0.245614035087719	0.368421052631579	0.754385964912281	0	0	0	0.75187969924812	2.87719298245614	0.80952380952381	1.1328320802005	0.323308270676692	0	0.629072681704261	0.844611528822055	0.636591478696742	1.51127819548872	0	1.13533834586466	0.614035087719298	0.493734335839599	0.37593984962406	WA_MAG_00046
850998	Bacteria_71	Ribosomal_L5	PF00281.19	1.9e-18	528	0.570075757575758	0	0	0.257575757575758	0	0	0.78030303030303	0.571969696969697	0	0	0.568181818181818	0.473484848484849	0	0	1	0	0.511363636363636	1.10795454545455	1.44507575757576	0	0.517045454545455	2.36742424242424	0.477272727272727	2.28787878787879	0.329545454545455	0.517045454545455	1.53219696969697	0.159090909090909	1.64393939393939	WA_MAG_00046
851000	Bacteria_71	Ribosomal_S8	PF00410.19	8.4e-29	390	0	0	2.24615384615385	0.382051282051282	0.0282051282051282	0	0.484615384615385	0	0.458974358974359	0	0.574358974358974	0	0	0	1.26666666666667	0.702564102564103	0.0923076923076923	0.771794871794872	0	0	1.23333333333333	1.43846153846154	0.297435897435897	1.15897435897436	0.330769230769231	0	1.31794871794872	0.574358974358974	0	WA_MAG_00046
851001	Bacteria_71	Ribosomal_L6	PF00347.23	1.5e-22	555	0.302702702702703	1.08288288288288	0	0.272072072072072	0.500900900900901	0	0	0	0.664864864864865	0	0	0	0	0	0.812612612612613	0.702702702702703	0.455855855855856	0.36036036036036	0.540540540540541	1.01261261261261	0.827027027027027	1.70810810810811	0.945945945945946	0	1.37477477477477	1.40540540540541	2.52072072072072	0.34954954954955	0	WA_MAG_00046
862391	Bacteria_71	Ribosomal_S10	PF00338.22	2.5e-25	330	0.727272727272727	0	0.915151515151515	0	0.657575757575758	0.6	0.454545454545455	0.533333333333333	0.618181818181818	0	1.2969696969697	0.36969696969697	0	0	0.227272727272727	0.912121212121212	1.08484848484848	0.518181818181818	3.04242424242424	0	0.0545454545454545	0.454545454545455	0.912121212121212	0.163636363636364	0	0	0.457575757575758	0.196969696969697	0.496969696969697	WA_MAG_00046
869053	Bacteria_71	Ham1p_like	PF01725.16	9.1e-44	609	0	0.991789819376026	0	0	0.247947454844007	0	0.495894909688013	0.495894909688013	1.30870279146141	0.244663382594417	0.494252873563218	0	0	0	0.252873563218391	2.13628899835796	0	2.40229885057471	0.796387520525452	0.985221674876847	0.878489326765189	0.305418719211823	0	0.750410509031199	0.399014778325123	1.42364532019704	1.623973727422	1.41379310344828	1.01149425287356	WA_MAG_00046
438388	Bacteria_71	SecE	PF00584.20	5.8e-08	267	0.157303370786517	0.610486891385768	0.928838951310862	1.0187265917603	0.449438202247191	0	0.775280898876405	0	1.32209737827715	0	0.764044943820225	0.734082397003745	0.561797752808989	0	0.419475655430712	1.35205992509363	1.10112359550562	0	1.42322097378277	0	1.93632958801498	0.876404494382023	0	0	0	2.55805243445693	1.1498127340824	0.191011235955056	0.704119850187266	WA_MAG_00046
438391	Bacteria_71	Ribosomal_L1	PF00687.21	1.4e-35	645	0.234108527131783	1.62635658914729	1.26511627906977	0.206201550387597	0	0.234108527131783	0.465116279069767	0.931782945736434	0.976744186046512	0.229457364341085	0.148837209302326	0	0	0	0	1.28217054263566	0.803100775193798	0.851162790697674	0.916279069767442	0.702325581395349	0.933333333333333	1.65271317829457	0.0744186046511628	1.01705426356589	0.396899224806202	2.13953488372093	1.27751937984496	0.505426356589147	1.06976744186047	WA_MAG_00046
1259568	Bacteria_71	RNA_pol_L	PF01193.24	3.5e-13	990	0.64040404040404	0.914141414141414	1.26464646464646	0	0	0	1.13939393939394	0.472727272727273	0.608080808080808	0.0717171717171717	0.360606060606061	0.312121212121212	0	0	0.609090909090909	1.83737373737374	1.98282828282828	0.846464646464646	0.305050505050505	0.406060606060606	0.487878787878788	0.926262626262626	0.608080808080808	0.427272727272727	0.316161616161616	1.38383838383838	1.99292929292929	0.61010101010101	0.608080808080808	WA_MAG_00046
1259569	Bacteria_71	Ribosomal_S11	PF00411.19	1.9e-33	384	1.56510416666667	0	0.455729166666667	0.783854166666667	0.00260416666666666	0	0.786458333333333	0.325520833333333	0	0.578125	1.34895833333333	0	0	0	0.802083333333333	1.76822916666667	0.192708333333333	0.278645833333333	0.596354166666667	0	1.390625	1.203125	0	1.62760416666667	0.723958333333333	2.51041666666667	0.442708333333333	0.393229166666667	0	WA_MAG_00046
1259571	Bacteria_71	Ribosomal_S13	PF00416.22	6e-37	468	0	1.19871794871795	0.519230769230769	0	0	0.461538461538462	0.645299145299145	0	0	0.16025641025641	0.865384615384615	0	0	0	0	1.47649572649573	0.205128205128205	1.8525641025641	0.799145299145299	0.64957264957265	0.641025641025641	1.79273504273504	0	0.0683760683760684	0	0	1.46581196581197	0.643162393162393	1.40598290598291	WA_MAG_00046
1308343	Bacteria_71	Ribosomal_S15	PF00312.22	1.5e-14	459	0	0.657952069716776	0	0	0	0	0	0	0.427015250544662	0	0	1.7516339869281	0	0.479302832244009	0.464052287581699	0.764705882352941	0.631808278867102	0	0	0	0	0	0	1.56862745098039	0.135076252723312	0.167755991285403	0	0.65359477124183	0	WA_MAG_00046
1308352	Bacteria_71	ADK	PF00406.22	7.5e-50	648	0.0216049382716049	0.791666666666667	0	0	0.71141975308642	0	0.49537037037037	0.427469135802469	0.240740740740741	0	0	0	0	0	0	0.464506172839506	0.74537037037037	0.796296296296296	0	1.39814814814815	0.464506172839506	1.35956790123457	0	0.609567901234568	1.00925925925926	0.717592592592593	1.49845679012346	1.0570987654321	0.466049382716049	WA_MAG_00046
