gene_callers_id	source	gene_name	gene_hmm_id	e_value	length	WAM_ALR	WAM_CCR	WAM_IPI	WAM_MAR	WAM_MYS	WAM_PBL	WAM_PJN	WAM_PPR	WAM_PST	WAM_ROL	WAM_SCR	WAM_SGN	WAM_SIS	WAM_TWN	WAR_ALR	WAR_CCR	WAR_IPI	WAR_MAR	WAR_MYS	WAR_PBL	WAR_PJN	WAR_PPR	WAR_PSK	WAR_PST	WAR_RNW	WAR_ROL	WAR_SCR	WAR_SGL	WAR_SIS	mag_id
1076603	Bacteria_71	AICARFT_IMPCHas	PF01808.18	2e-113	1578	0.572877059569075	1.05196451204056	0.286438529784537	0	0	0.212927756653992	0.190747782002535	0.759188846641318	0.477820025348542	0	0.112167300380228	1.15716096324461	0	0.129277566539924	0.191381495564005	0.190747782002535	0	0	0	0.0925221799746514	0.285804816223067	0.762991128010139	0	0.189480354879594	0	0	2.31305449936629	0	0.38212927756654	WA_MAG_00014
1097575	Bacteria_71	Ribonuclease_P	PF00825.18	5.4e-26	375	0	1.08	0	0	0.048	0	0	0	0.802666666666667	0	0.008	1.86933333333333	0	0.76	0	0	0	0	0	0	0.096	0.650666666666667	0	0	0	0.306666666666667	1.10666666666667	0	0	WA_MAG_00014
1211671	Bacteria_71	SecG	PF03840.14	5.1e-20	324	0	0.521604938271605	0.058641975308642	0	0.101851851851852	0	0.70679012345679	0	0	0	1.36728395061728	0	0	0	0	0.265432098765432	0	0	0	0.833333333333333	0	0.595679012345679	0	0	0	0	0	0	0	WA_MAG_00014
184835	Bacteria_71	eIF-1a	PF01176.19	2.2e-30	219	0	0	0	1.29680365296804	0.995433789954338	0	0.114155251141553	2.53881278538813	1.03196347031963	0	0.424657534246575	0.894977168949772	0	0.82648401826484	0	0	0	0	0	0	0	0.780821917808219	0.0502283105022831	1.72602739726027	0	0	0	0	0	WA_MAG_00014
308051	Bacteria_71	tRNA-synt_1d	PF00750.19	3.5e-15	660	0	0.457575757575758	0.225757575757576	0.225757575757576	0	0.228787878787879	0.451515151515152	1.7969696969697	0.336363636363636	0	0.895454545454546	0.513636363636364	0.457575757575758	0	0	0.162121212121212	0	0	0.454545454545455	0	0	1.22727272727273	0	0.456060606060606	0	0	0	0	0	WA_MAG_00014
308340	Bacteria_71	Ribosomal_L17	PF01196.19	1e-16	204	0	0	0	0	0	1.52941176470588	0	0.0294117647058823	0	0	0	0.632352941176471	0	0	0	1.26470588235294	0	0	0	0	0	0	0.686274509803922	0	0.524509803921569	0	0	0	0	WA_MAG_00014
601413	Bacteria_71	Ham1p_like	PF01725.16	1.3e-55	621	0	0.621578099838969	0.484702093397746	0.557165861513688	0	0	0	1.64090177133655	0.481481481481481	0	0.367149758454106	0.98389694041868	0	0.729468599033816	0	0	0	0	0.486312399355878	0.486312399355878	0	0.671497584541063	0.483091787439614	0	0.405797101449275	0	1.45571658615137	0	0	WA_MAG_00014
601416	Bacteria_71	GrpE	PF01025.19	1.8e-49	651	0.880184331797235	1.03993855606759	0	0	1.24884792626728	0.924731182795699	1.10291858678955	3.27496159754224	0	0	2.68663594470046	0.76036866359447	0	0	0	0.463901689708141	0	0	0	0	0	1.4715821812596	0.463901689708141	0.473118279569892	0.188940092165899	0.462365591397849	3.17204301075269	0.434715821812596	0	WA_MAG_00014
30522	Bacteria_71	PGK	PF00162.19	4.6e-139	1185	0.508016877637131	0.630379746835443	0.409282700421941	0.254852320675105	0.252320675105485	0.254852320675105	0	1.01603375527426	0.507172995780591	0	0.465822784810127	0.509704641350211	0	0	0.481856540084388	0.758649789029536	0	0	0.466666666666667	0	0	0.649789029535865	0	0.254852320675105	0	0	0	0	0	WA_MAG_00014
119008	Bacteria_71	Adenylsucc_synt	PF00709.21	1.5e-109	885	0	0.896045197740113	0	0.340112994350282	0.338983050847458	0.340112994350282	0	1.23954802259887	0.340112994350282	0	0.341242937853107	0.340112994350282	0.341242937853107	0	0	1.02033898305085	0	0	0	0.341242937853107	0.650847457627119	0.836158192090395	0	0.335593220338983	0	0.341242937853107	0.403389830508475	0	0	WA_MAG_00014
156458	Bacteria_71	RsfS	PF02410.15	7.5e-28	333	0	0.711711711711712	0.726726726726727	0	1.58258258258258	0	0.213213213213213	0.048048048048048	0.858858858858859	0	0.726726726726727	0.975975975975976	0	0.720720720720721	0.492492492492492	0.453453453453453	0	0.351351351351351	0	0.726726726726727	0	0.0990990990990991	0	1.6006006006006	0	0	0.873873873873874	0	0	WA_MAG_00014
156465	Bacteria_71	ATP-synt	PF00231.19	6e-100	882	0.342403628117914	0.341269841269841	0	0.339002267573696	0.5	0.239229024943311	0	2.36961451247166	0.568027210884354	0	0.384353741496599	1.57709750566893	0.0136054421768707	0.832199546485261	0	0.512471655328798	0.342403628117914	0	0.175736961451247	0	0	0.477324263038549	0	0.198412698412698	0	0.341269841269841	0.68140589569161	0	0	WA_MAG_00014
156467	Bacteria_71	OSCP	PF00213.18	3.9e-51	555	0.115315315315315	0.612612612612613	0	0	0.796396396396396	0.0108108108108108	0	1.5981981981982	0.205405405405405	0	0.684684684684685	0.895495495495495	0	0.542342342342342	0	0.324324324324324	0.284684684684685	0	0	0	0	0.0576576576576577	0	0.540540540540541	0.113513513513514	0	1.54594594594595	0	0	WA_MAG_00014
156488	Bacteria_71	Ribosomal_L19	PF01245.20	3.9e-50	402	0	1.96517412935323	1.16169154228856	2.01990049751244	1.33333333333333	0.751243781094527	0	1.62935323383085	0.58955223880597	0	0.696517412935323	0.990049751243781	0.427860696517413	0	0	0.395522388059701	0.696517412935323	0	0	0	0	1.49751243781095	0	0.564676616915423	0	0	0.544776119402985	0	0	WA_MAG_00014
156489	Bacteria_71	tRNA_m1G_MT	PF01746.21	9.6e-60	744	0	0.111559139784946	0.810483870967742	0.397849462365591	1.25403225806452	0.404569892473118	0.403225806451613	3.0739247311828	0	0	0.706989247311828	0	0	0	0.405913978494624	0.172043010752688	0.405913978494624	0	0.309139784946237	0	0	0.403225806451613	0.321236559139785	0.251344086021505	0.810483870967742	0.404569892473118	2.55779569892473	0.611559139784946	0	WA_MAG_00014
156491	Bacteria_71	Ribosomal_S16	PF00886.19	7.6e-27	534	0.471910112359551	0.799625468164794	0.421348314606742	0	1.41011235955056	0.00749063670411985	0.563670411985019	2.55992509363296	0.762172284644195	0	0.0730337078651685	0	0.0543071161048689	0	0	1.1685393258427	0.565543071161049	0	0	0	0	0.769662921348315	0	0.565543071161049	0	0	0.561797752808989	0	0	WA_MAG_00014
156636	Bacteria_71	RRF	PF01765.19	4.4e-59	555	0	0.565765765765766	0	1.23243243243243	0.816216216216216	0	0.144144144144144	0	1.08828828828829	0	1.08108108108108	0	0	0	0.181981981981982	0	0	0.0324324324324324	0.0144144144144144	0.12972972972973	0.284684684684685	2.20540540540541	0	0.524324324324324	0.715315315315315	0	0.237837837837838	0	0	WA_MAG_00014
1441841	Bacteria_71	IPPT	PF01715.17	1.2e-58	981	0.610601427115189	0.391437308868502	0	0.613659531090724	0.300713557594292	0	0.0499490316004077	0.607543323139653	0.284403669724771	0.615698267074414	0.962283384301733	0.491335372069317	0.305810397553517	0.144750254841998	0	0.305810397553517	0.920489296636086	0	0	0.620795107033639	0	0	0	0	0	0.306829765545362	0.891946992864424	0	0	WA_MAG_00014
1525268	Bacteria_71	UPF0054	PF02130.17	7.4e-33	552	0	0.875	0.344202898550725	0	0.478260869565217	0.976449275362319	1.05978260869565	0	1.15760869565217	0	1.05253623188406	0.65036231884058	1.06702898550725	0.501811594202899	0.273550724637681	0	0	0	0.543478260869565	0	0.117753623188406	0.594202898550725	0	0	0	0	1.78260869565217	0.896739130434783	0	WA_MAG_00014
1525278	Bacteria_71	RBFA	PF02033.18	3e-27	420	0	1.13095238095238	0.2	0.70952380952381	0	0	0.711904761904762	3.24285714285714	0.378571428571429	0	0.00238095238095238	0.811904761904762	0	0	0	0.757142857142857	0	0	0	0.238095238095238	0	0.34047619047619	0	0	0	0	1.57857142857143	0	0	WA_MAG_00014
1525280	Bacteria_71	Ribosomal_S15	PF00312.22	3.5e-37	270	0.555555555555556	0.696296296296296	0.674074074074074	0	0.892592592592593	0.5	0	1.87037037037037	1.14814814814815	0	0	0	0.611111111111111	0.140740740740741	0.655555555555556	0	0	0.244444444444444	0	0	0	0	0	0	0.822222222222222	0	1.39259259259259	0	0	WA_MAG_00014
1748663	Bacteria_71	Adenylsucc_synt	PF00709.21	1.6e-60	405	0	0.683950617283951	0	0	0.37037037037037	0	0	2.59753086419753	0	0	0.25679012345679	0.0814814814814815	0	0	0	0.172839506172839	0	0	0	0	0.738271604938272	0	0	0	0	0	0	0	0	WA_MAG_00014
890578	Bacteria_71	YajC	PF02699.15	1.6e-30	342	0	0.678362573099415	0.883040935672515	0	0	0	0	2.37719298245614	0.16374269005848	0	0.850877192982456	0	0	0	0	0.763157894736842	0	0	0	0	0	0	0	0.619883040935672	0	0	2.45321637426901	0	0	WA_MAG_00014
919939	Bacteria_71	Chorismate_synt	PF01264.21	4.4e-137	1098	0.0500910746812386	0.750455373406193	0.13752276867031	0.269581056466302	0.273224043715847	0.273224043715847	0	0.616575591985428	0.147540983606557	0	0.825136612021858	0.275045537340619	0.222222222222222	0.273224043715847	0	0.274134790528233	0	0	0	0	0.273224043715847	0.652094717668488	0	0.275045537340619	0.193989071038251	0	1.44535519125683	0.537340619307832	0	WA_MAG_00014
965499	Bacteria_71	Ribosomal_L32p	PF01783.23	1.2e-23	186	0	0.801075268817204	0	0.596774193548387	0	0	0	2.5752688172043	0	0	3.47849462365591	0.032258064516129	2.74193548387097	0	0	2.11827956989247	0	0	0	0	0	0.806451612903226	0	0	0	0.876344086021505	0	0	0	WA_MAG_00014
982332	Bacteria_71	SecE	PF00584.20	2.4e-19	198	0	1.0959595959596	0	0	0.762626262626263	0	0.676767676767677	0.94949494949495	0	0	0.722222222222222	0.676767676767677	0	0	0	0	0	0	0	0	0.0858585858585859	0	0	0	0	0	1.38888888888889	0	0	WA_MAG_00014
982335	Bacteria_71	Ribosomal_L1	PF00687.21	8.1e-56	690	0.291304347826087	0.581159420289855	0.436231884057971	0	0	0	0	2.11449275362319	0.917391304347826	0	0.0753623188405797	1.17391304347826	0.0869565217391304	0.37536231884058	0	1.27536231884058	0	0.87536231884058	0	0	0	0.572463768115942	0.43768115942029	0	0	0	1.23623188405797	0	0	WA_MAG_00014
996895	Bacteria_71	RNA_pol_Rpb6	PF01192.22	3.8e-14	444	0.941441441441442	2.3963963963964	0.601351351351351	0	0	0	0.797297297297297	1.56081081081081	0	0	0	1.43018018018018	0	0	0.63963963963964	0.761261261261261	0	0	0.297297297297297	0	0	0.443693693693694	0	0	0	0	1.14414414414414	0	1.11936936936937	WA_MAG_00014
996899	Bacteria_71	SmpB	PF01668.18	6.1e-20	174	0.373563218390805	0.126436781609195	0	0.862068965517241	0	0	0	0.206896551724138	0	0	0.620689655172414	0.367816091954023	0	0.603448275862069	0.867816091954023	0.67816091954023	0	0	0	0	0	1.25287356321839	0	0	0	0	0	0	0.0862068965517241	WA_MAG_00014
996900	Bacteria_71	SmpB	PF01668.18	6.7e-31	282	0	0.964539007092198	0.535460992907801	0	0.478723404255319	0	0	0	0	0	0.535460992907801	0	0	1.20212765957447	0.645390070921986	1.16312056737589	0	0	0	0	0	0.24822695035461	0	0	0	0	0	0	0	WA_MAG_00014
1009247	Bacteria_71	Ribosomal_L21p	PF00829.21	3.1e-39	516	0.581395348837209	1.76744186046512	0	0.125968992248062	0.310077519379845	0.191860465116279	0	1.3546511627907	1.08720930232558	0	0.60077519379845	0.463178294573643	0	0	0	0.792635658914729	0	0.437984496124031	0.87015503875969	0	0	2.03682170542636	0	0.503875968992248	0.292635658914729	0	0.292635658914729	0	0	WA_MAG_00014
1011405	Bacteria_71	Ribosomal_S10	PF00338.22	3.9e-41	309	0	2.43689320388349	0	1.07443365695793	1.29449838187702	0.644012944983819	0	1.14886731391586	0	0	0.155339805825243	0.932038834951456	0.521035598705502	0	0.220064724919094	0.336569579288026	0	0	0.977346278317152	0	0	0.220064724919094	0	0.948220064724919	0	0	0.0776699029126214	0	0	WA_MAG_00014
1011406	Bacteria_71	Ribosomal_L3	PF00297.22	8.9e-13	879	0	0.678043230944255	0	0	0.201365187713311	0.0989761092150171	0	2.21615472127418	0.367463026166098	0	0.580204778156997	0	0	0.343572241183163	0	0.341296928327645	0	0	0	0	0	0.343572241183163	0	0	0.343572241183163	0.304891922639363	0.341296928327645	0	0.0182025028441411	WA_MAG_00014
1011407	Bacteria_71	Ribosomal_L4	PF00573.22	2.7e-58	618	0	0	0.111650485436893	0	0	0	0	2.01456310679612	0.517799352750809	0	1.12459546925566	0	0.48705501618123	0	0	1.17961165048544	0	0	0	0	0	0.13915857605178	0.488673139158576	0	0	0	1.81553398058252	0.135922330097087	0.457928802588997	WA_MAG_00014
1011408	Bacteria_71	Ribosomal_L23	PF00276.20	2.6e-31	330	0	0.751515151515151	0.718181818181818	0	0.0181818181818182	0	0	2.34545454545455	0.409090909090909	0	0.293939393939394	0.418181818181818	0	0.912121212121212	0	1.41212121212121	0.681818181818182	0	0.327272727272727	0	0	1.82121212121212	0	0	0	0	0.284848484848485	0.672727272727273	0	WA_MAG_00014
1011409	Bacteria_71	Ribosomal_L2	PF00181.23	1.8e-35	825	0	1.0630303030303	0.362424242424242	0	0.353939393939394	0	1.02545454545455	1.78666666666667	0.808484848484848	0.366060606060606	0.60969696969697	0.189090909090909	0	0	0.363636363636364	0.366060606060606	0.08	0	0.957575757575758	0	0	0.620606060606061	0	0.487272727272727	0	0.72969696969697	1.21939393939394	0	0	WA_MAG_00014
1011410	Bacteria_71	Ribosomal_S19	PF00203.21	2.8e-35	276	0	0.311594202898551	0	0.786231884057971	0	0	0.978260869565217	0	0.155797101449275	0	0	0	0	0	0	0	0	0	0	0	0	0.0869565217391304	0	0.684782608695652	0	0	2.49275362318841	0	0	WA_MAG_00014
1011411	Bacteria_71	Ribosomal_L22	PF00237.19	6.3e-34	378	0.399470899470899	0	0	0.201058201058201	0.187830687830688	0.772486772486772	0.148148148148148	1.24603174603175	0	0	1.79100529100529	0.53968253968254	0	0	0.783068783068783	0	0	0	0.796296296296296	0	0	1.61111111111111	0	0	0	0	0	0	0	WA_MAG_00014
1011412	Bacteria_71	Ribosomal_S3_C	PF00189.20	8.7e-41	696	0.21551724137931	1.41954022988506	0.866379310344828	0.433908045977011	0.331896551724138	0.193965517241379	0.432471264367816	0.507183908045977	0.432471264367816	0	1.19540229885057	0.142241379310345	0	0	0.0100574712643678	0.431034482758621	0	0	0	0.432471264367816	0	0.810344827586207	0.216954022988506	0	0.431034482758621	0	1.48850574712644	0	0	WA_MAG_00014
1011413	Bacteria_71	Ribosomal_L16	PF00252.18	5.7e-51	414	0.0434782608695652	2.29710144927536	0.990338164251208	0	0.72463768115942	0.301932367149758	0	1.96859903381643	0.157004830917874	0.644927536231884	0	0	0	0.451690821256039	0	1.1231884057971	0	0	0.364734299516908	0	0	0	0.364734299516908	0	0	0	2.54589371980676	0	0	WA_MAG_00014
1011414	Bacteria_71	Ribosomal_L29	PF00831.23	1.2e-27	210	3.72857142857143	2.52857142857143	0.138095238095238	0	1.23333333333333	0.0714285714285714	0	1.76666666666667	0.761904761904762	0.119047619047619	0.804761904761905	0.0380952380952381	0	0.495238095238095	0	0.604761904761905	0	0	0.69047619047619	0	0	0	0	0	0	0	1.07142857142857	0	0	WA_MAG_00014
1011415	Bacteria_71	Ribosomal_S17	PF00366.20	5.1e-33	255	0.129411764705882	2.92549019607843	0.580392156862745	0	0.470588235294118	0	0.0823529411764706	1.26666666666667	0.207843137254902	0	0.419607843137255	0.792156862745098	0	0.356862745098039	0	0	0	1.16862745098039	0	0.274509803921569	0	0.137254901960784	0	0	0	0	2.22352941176471	0	1.45490196078431	WA_MAG_00014
1011416	Bacteria_71	Ribosomal_L14	PF00238.19	5.9e-57	369	0	1.58265582655827	0.417344173441734	0	0.40650406504065	0	0.70189701897019	0.815718157181572	0	0.40650406504065	0.818428184281843	0.731707317073171	0	0.525745257452574	0	0	0	0	0	1.33333333333333	0	0.672086720867209	0	0.948509485094851	0	0	0	0	1.04065040650407	WA_MAG_00014
1011417	Bacteria_71	ribosomal_L24	PF17136.4	4.5e-27	318	0	0.842767295597484	0.462264150943396	0	0	0	0	0	0	0.468553459119497	0.940251572327044	1.4622641509434	0	0	0	0.946540880503145	0	0	0	0	0	0.119496855345912	0	0.80188679245283	0	0	0.474842767295597	0	0.418238993710692	WA_MAG_00014
1011418	Bacteria_71	Ribosomal_L5	PF00281.19	1.3e-30	543	0.119705340699816	0.552486187845304	0	0	0	0	0	1.48434622467772	0.9097605893186	0.239410681399632	0.259668508287293	1.89686924493554	0	0	0	1.38858195211786	0	0	0	0	0	3.03867403314917	0	0	0	0	0.274401473296501	0	0	WA_MAG_00014
1011420	Bacteria_71	Ribosomal_S8	PF00410.19	2.1e-48	399	0.536340852130326	1.35338345864662	0.0601503759398496	0	0	0	0	1.49874686716792	0.6265664160401	0	0.260651629072682	0.56390977443609	0	0	0	0.593984962406015	0	0	0	0	0	3.18546365914787	0.37593984962406	0.0952380952380952	0.18546365914787	0	1.17543859649123	0	0	WA_MAG_00014
1011421	Bacteria_71	Ribosomal_L6	PF00347.23	7e-37	534	0.127340823970037	0.125468164794007	0.50187265917603	0.415730337078652	0	0	0	1.49812734082397	0	0	0	0.191011235955056	0	0	0	0.666666666666667	0	0.282771535580524	0	0	0	0.934456928838951	0	1.312734082397	0.408239700374532	0	0.930711610486891	0	0	WA_MAG_00014
1011422	Bacteria_71	Ribosomal_L18p	PF00861.22	2.5e-44	363	0.622589531680441	1.22314049586777	0.0881542699724518	0.214876033057851	0	0	0	0.162534435261708	0	0	0	0	0.415977961432507	0	0	0.413223140495868	0	0.415977961432507	0	0	0	0.636363636363636	0	0.358126721763085	0	0	0.272727272727273	0	0	WA_MAG_00014
1011425	Bacteria_71	Ribosomal_L27A	PF00828.19	1.5e-38	489	1.10429447852761	0	0	1.4519427402863	0.458077709611452	0	0	3.17382413087935	0	0	0	0.30879345603272	0	0.374233128834356	0	0.932515337423313	0	0	0	0.664621676891616	0.314928425357873	0	0.30879345603272	0	0	0	2.03680981595092	0.615541922290389	0.61758691206544	WA_MAG_00014
1011426	Bacteria_71	SecY	PF00344.20	6.9e-116	1338	0.14050822122571	0.899850523168909	0.449177877428999	0.0979073243647235	0.224215246636771	0.201046337817638	0.733931240657698	1.42899850523169	0.676382660687593	0	0.73168908819133	0.526905829596413	0	0	0	1.7593423019432	0	0	0.278774289985052	0.225710014947683	0	0.901345291479821	0	0	0	0	0.789985052316891	0.224962630792227	0	WA_MAG_00014
1011427	Bacteria_71	ADK	PF00406.22	3.8e-56	579	0	0.518134715025907	0	0	0.51986183074266	0.0639032815198618	0.823834196891192	2.19689119170984	0	0	1.02072538860104	0.433506044905009	0	0	0.51986183074266	0.920552677029361	0	0	0.932642487046632	0	0	0.0414507772020725	0	0	0.210708117443869	0	1.16234887737478	0	0	WA_MAG_00014
1011428	Bacteria_71	Ribosomal_S13	PF00416.22	6.3e-34	369	1.27913279132791	0.552845528455285	0.330623306233062	0	0.0975609756097561	0	0.666666666666667	1.00542005420054	0.536585365853659	0	0.777777777777778	0.739837398373984	0.579945799457995	0.113821138211382	0	0.607046070460705	0	0	0	0	0.159891598915989	1.58265582655827	0	0	0.886178861788618	0	0.409214092140921	0	0	WA_MAG_00014
1011429	Bacteria_71	Ribosomal_S11	PF00411.19	1.3e-53	396	0.0732323232323232	0.00252525252525252	0.00505050505050505	0	0.856060606060606	0	0.29040404040404	1.28030303030303	0.143939393939394	0	0.583333333333333	0.636363636363636	0.156565656565657	1.35353535353535	0.310606060606061	2.68686868686869	0	0	0	0	0.547979797979798	0.338383838383838	0	0	0.141414141414141	0	2.25505050505051	0	0	WA_MAG_00014
1011430	Bacteria_71	RNA_pol_L	PF01193.24	1.1e-26	834	0	1.76498800959233	0	0.232613908872902	0.1810551558753	0	0.526378896882494	1.10911270983213	0.3621103117506	0	0.547961630695444	0.579136690647482	0	0.720623501199041	0.1810551558753	0.0899280575539568	0	0	0	0.360911270983213	0	0.106714628297362	0	0	0	0.118705035971223	1.27458033573141	0	0	WA_MAG_00014
1011432	Bacteria_71	Ribosomal_L17	PF01196.19	5.1e-19	228	0	0	0	0	0	0	0	0	0.583333333333333	0	0.653508771929825	0.0701754385964912	0	0	0	0	0	0	0	0	0	0	0	0	0	0.37719298245614	0	0	0	WA_MAG_00014
1046823	Bacteria_71	TsaE	PF02367.17	7.4e-33	504	0	0.297619047619048	0	0.563492063492063	0.333333333333333	0.511904761904762	0	1.36309523809524	0	0.361111111111111	1.06349206349206	0.863095238095238	0	0	0	0.888888888888889	0	0.0337301587301587	0	0	0	0.599206349206349	0	0	0	0.212301587301587	0.263888888888889	0	0	WA_MAG_00014
1050767	Bacteria_71	Ribosomal_S2	PF00318.20	2.6e-94	720	0.844444444444444	1.31527777777778	0.194444444444444	0.416666666666667	0.419444444444444	0	0.0527777777777778	0.0305555555555556	0.281944444444444	0	1.30277777777778	0.684722222222222	0.419444444444444	0	0	0.626388888888889	0	0	0.418055555555556	0	0.419444444444444	1.60833333333333	0	0	0	0	0.419444444444444	0	0	WA_MAG_00014
831451	Bacteria_71	Pept_tRNA_hydro	PF01195.19	4.2e-52	615	0	0.513821138211382	0	0	0.297560975609756	0.269918699186992	0.245528455284553	0.245528455284553	0.308943089430894	0	0.491056910569106	1.27154471544715	0	0	0	0.317073170731707	0	0	0.595121951219512	0.489430894308943	0	0.359349593495935	0	0	0	0	0.491056910569106	0	0	WA_MAG_00014
839985	Bacteria_71	Ribosomal_L35p	PF01632.19	1.7e-23	198	0.0353535353535354	1.97979797979798	0	0	0	3.08585858585859	0	1.24747474747475	0	0	1.59090909090909	0	0	0	0	0	0	0	0	0	0	0	0	0	0	0	0	0	0	WA_MAG_00014
839986	Bacteria_71	Ribosomal_L20	PF00453.18	4e-50	360	0.513888888888889	0.427777777777778	0	0	0	0.455555555555556	0	0.738888888888889	0	1.66666666666667	0.419444444444444	0	0	0.838888888888889	0	0.838888888888889	0	0	0	0	0	0.416666666666667	0	0	0	0	1.15555555555556	0.186111111111111	0	WA_MAG_00014
840306	Bacteria_71	Ribosom_S12_S23	PF00164.25	3.7e-46	372	0	1.04838709677419	0.666666666666667	0.669354838709677	0.803763440860215	0	0	1.61827956989247	0	0	0.959677419354839	1.89516129032258	0	0	0	0	0	0.475806451612903	0	0	0.131720430107527	0.685483870967742	0	0.145161290322581	0	0.489247311827957	1.12903225806452	0	0	WA_MAG_00014
840307	Bacteria_71	Ribosomal_S7	PF00177.21	7.5e-70	471	0	0.492569002123142	1.36093418259023	0	0	0	0.641188959660297	0.619957537154989	0	0	0.989384288747346	0.0552016985138004	0	0	0	0	0	0	0	0	0	2.12951167728238	0	0.501061571125265	0	0.227176220806794	1.86836518046709	0	0	WA_MAG_00014
359208	Bacteria_71	Exonuc_VII_L	PF02601.15	2.3e-98	1608	0.187189054726368	0.187810945273632	0.603855721393035	0	0.64365671641791	0	0	0.874378109452736	0.488805970149254	0	0.467039800995025	0.921019900497512	0	0	0	0.174129353233831	0	0.187189054726368	0	0.192164179104478	0.294776119402985	0.559701492537313	0	0	0	0	1.10634328358209	0	0	WA_MAG_00014
364420	Bacteria_71	Ribosomal_S20p	PF01649.18	2e-28	267	0	0	0	0.576779026217228	0.674157303370786	0	0	1.43445692883895	0.322097378277154	0	0.254681647940075	0	0	0	0	0.456928838951311	0	0.790262172284644	0	0	0	2.41947565543071	0	0	0	0.299625468164794	1.47940074906367	0	0	WA_MAG_00014
394743	Bacteria_71	RecO_C	PF02565.15	3.1e-22	801	0.267166042446941	1.70037453183521	0.722846441947566	0.293383270911361	0.399500624219725	0.0374531835205993	0.375780274656679	0.375780274656679	0	0	0.377028714107366	0.0861423220973783	0	0.750312109862672	0.579275905118602	0.752808988764045	0	0.187265917602996	0.554307116104869	0	0	0.255930087390762	0	0	0	0	0.51685393258427	0	0.217228464419476	WA_MAG_00014
516761	Bacteria_71	Ribosomal_L9_C	PF03948.14	1.8e-24	693	0.434343434343434	0	0.385281385281385	0.217893217893218	0.653679653679654	0	0	0.620490620490621	0.806637806637807	0	0.0476190476190476	0.23953823953824	0	0	0	0	0	0	0.154401154401154	0	0	0.927849927849928	0	0	0	0	0.935064935064935	0	0	WA_MAG_00014
516763	Bacteria_71	Ribosomal_S6	PF01250.17	3.8e-29	363	0	0.71900826446281	0	1.43250688705234	1.33884297520661	0	0.837465564738292	0.831955922865014	0.49862258953168	0.388429752066116	0.614325068870523	0	0	0.815426997245179	0	0	0	0	0	0	0	0.994490358126722	0	0	0	0	0.495867768595041	0	0.911845730027548	WA_MAG_00014
1248816	Bacteria_71	RuvX	PF03652.15	NA	NA	0	0	0	0	0.112179487179487	0.0416666666666667	0.772435897435897	1.28846153846154	0.483974358974359	0	0.57051282051282	0.483974358974359	0	0	0.621794871794872	0.483974358974359	0	0	0	0	0	1.03525641025641	0	0	0	0	2.57051282051282	0	0.092948717948718	NA
1301176	Bacteria_71	ATP-synt_A	PF00119.20	3.4e-60	744	0.184139784946237	1.28494623655914	0.275537634408602	0.669354838709677	0	0	0.202956989247312	1.7741935483871	0.606182795698925	0.0349462365591398	0.31989247311828	0.479838709677419	0	0	0	0.806451612903226	0	0	0.0134408602150538	0	0	0.202956989247312	0	0.133064516129032	0.404569892473118	0	1.42741935483871	0.301075268817204	0	WA_MAG_00014
1305100	Bacteria_71	Ribosomal_L28	PF00830.19	6.3e-27	288	0	1.09375	0	0.559027777777778	1.29513888888889	0	0	0.371527777777778	0	0	1.30555555555556	0	0	0	0	0.0659722222222222	0	0	0.0173611111111111	0	0.753472222222222	1.00347222222222	0	0	0.333333333333333	0.663194444444444	0.392361111111111	0	0	WA_MAG_00014
1389419	Bacteria_71	Ribosomal_S9	PF00380.19	1.1e-47	519	0	1.65125240847784	0	0.581888246628131	0.00963391136801541	0	0	1.44315992292871	0	0.518304431599229	0	0.289017341040462	0	0	0	0.290944123314065	0	0	0	0.581888246628131	0	0.420038535645472	0	0	0.533718689788054	0	0.335260115606936	0	0	WA_MAG_00014
1389420	Bacteria_71	Ribosomal_L13	PF00572.18	1.4e-55	474	0.630801687763713	1.22362869198312	0	0.535864978902954	1.23417721518987	0	0	1.31645569620253	0	0.040084388185654	0.635021097046414	0	0	0	0	0.318565400843882	0	0	0	0	0	0	0	1.12236286919831	0.00210970464135021	0	1.32278481012658	0	0	WA_MAG_00014
