gene_callers_id	source	gene_name	gene_hmm_id	e_value	length	WAM_ALR	WAM_CCR	WAM_IPI	WAM_MAR	WAM_MYS	WAM_PBL	WAM_PJN	WAM_PPR	WAM_PST	WAM_ROL	WAM_SCR	WAM_SGN	WAM_SIS	WAM_TWN	WAR_ALR	WAR_CCR	WAR_IPI	WAR_MAR	WAR_MYS	WAR_PBL	WAR_PJN	WAR_PPR	WAR_PSK	WAR_PST	WAR_RNW	WAR_ROL	WAR_SCR	WAR_SGL	WAR_SIS	mag_id
1064856	Bacteria_71	GrpE	PF01025.19	2.2e-49	573	2.73123909249564	2.29144851657941	1.88830715532286	2.65968586387435	0.369982547993019	2.89179755671902	4.35776614310646	1.05235602094241	0.204188481675393	3.19197207678883	1.49389179755672	1.92495636998255	1.21815008726003	0.19022687609075	2.80977312390925	2.06980802792321	1.9738219895288	1.57068062827225	0.523560209424084	1.75392670157068	2.44677137870855	2.9825479930192	3.1239092495637	5.12739965095986	1.82024432809773	5.78010471204188	5.71902268760908	1.89005235602094	3.29842931937173	WA_MAG_00024
1086288	Bacteria_71	Ribosomal_S20p	PF01649.18	4.3e-27	264	1.68939393939394	0.912878787878788	2.82575757575758	1.07575757575758	0.821969696969697	1.5	2.85227272727273	1.04166666666667	0.409090909090909	3.10606060606061	1.74242424242424	3.79924242424242	0	0.102272727272727	2.13257575757576	0.981060606060606	1.35984848484848	4.51515151515152	0.678030303030303	1.58333333333333	1.02272727272727	3.39015151515152	3.05681818181818	4.12121212121212	1.26515151515152	1.5530303030303	2.90151515151515	2.77651515151515	2.27651515151515	WA_MAG_00024
1118006	Bacteria_71	Ribosomal_S15	PF00312.22	2.4e-38	270	2.12592592592593	3.41111111111111	1.33333333333333	1.22592592592593	1.78888888888889	1.22592592592593	4.55555555555556	0.574074074074074	0.674074074074074	2.32592592592593	1.12592592592593	3.92962962962963	0.848148148148148	0	4.86296296296296	2.08888888888889	4.7037037037037	3.44444444444444	1.36666666666667	2.3	3.01111111111111	5.95185185185185	2.95555555555556	2.36296296296296	7.99259259259259	10.5	0.888888888888889	3.74814814814815	2.27037037037037	WA_MAG_00024
295649	Bacteria_71	Ribonuclease_P	PF00825.18	7.3e-22	375	1.79466666666667	2.032	1.93333333333333	1.24	1.35466666666667	0.602666666666667	0.330666666666667	1.264	3.952	0.978666666666667	1.12266666666667	2.23733333333333	0.738666666666667	0.608	1.832	1.216	2.15733333333333	1.09333333333333	1.33866666666667	2.11733333333333	2.73333333333333	3.696	2.24	1.992	4.23733333333333	2.70133333333333	1.51466666666667	2.40533333333333	2.95466666666667	WA_MAG_00024
348107	Bacteria_71	Ribosomal_L27	PF01016.19	4.9e-39	270	1.35555555555556	1.68518518518519	1.60740740740741	0.559259259259259	0.57037037037037	0.703703703703704	4.38888888888889	1.42222222222222	0.7	0.677777777777778	0	2.64814814814815	0.559259259259259	0	6.02962962962963	1.74074074074074	3.28888888888889	1.70740740740741	1.5	2.02222222222222	0.151851851851852	1.72962962962963	1.9037037037037	3.95925925925926	1.01851851851852	3.75555555555556	3.80740740740741	1.15925925925926	2.4	WA_MAG_00024
348108	Bacteria_71	Ribosomal_L21p	PF00829.21	1.7e-35	711	2.87763713080169	1.86779184247539	2.78199718706048	1.31364275668073	1.0154711673699	1.34458509142053	2.9521800281294	0.0689170182841069	3.17862165963432	1.25035161744022	0.680731364275668	2.87482419127989	0.393811533052039	0.680731364275668	2.91561181434599	0.791842475386779	0.255977496483826	1.09845288326301	1.24191279887482	1.76090014064698	1.72433192686357	2.18284106891702	1.65400843881857	2.33052039381153	2.82841068917018	2.0253164556962	2.41350210970464	2.87482419127989	1.50914205344585	WA_MAG_00024
348748	Bacteria_71	RecO_C	PF02565.15	3.7e-23	735	2.66394557823129	2.07074829931973	2.73061224489796	3.71836734693878	0.872108843537415	3.34285714285714	1.42176870748299	0.410884353741497	1.51972789115646	1.66122448979592	2.68571428571429	1.89659863945578	0.738775510204082	0	1.89251700680272	0.624489795918367	1.6843537414966	1.72789115646258	1.34829931972789	0.638095238095238	2.57006802721088	1.98095238095238	2.5265306122449	1.77414965986395	3.62448979591837	3.52789115646258	3.57278911564626	3.69115646258503	3.06802721088435	WA_MAG_00024
348757	Bacteria_71	RNA_pol_Rpb6	PF01192.22	1.2e-15	360	3.21944444444444	3.35555555555556	3.38333333333333	3.11111111111111	1.64444444444444	2.03611111111111	1.05	2.46666666666667	1.12777777777778	0.294444444444444	0.547222222222222	4.01944444444444	0.133333333333333	0.183333333333333	3.18888888888889	2.48888888888889	0.977777777777778	3.91111111111111	3.63055555555556	3.53888888888889	2.86388888888889	3.44166666666667	2.81111111111111	2.92222222222222	1.79444444444444	3.53888888888889	3.49722222222222	4.53055555555556	3.37777777777778	WA_MAG_00024
527330	Bacteria_71	PGK	PF00162.19	4.6e-131	1176	0.767006802721088	0.399659863945578	0.792517006802721	1.72959183673469	0.767857142857143	1.37925170068027	1.91241496598639	0.509353741496599	0.761904761904762	0.689625850340136	1.19387755102041	1.55272108843537	0.256802721088435	0	1.34353741496599	2.17431972789116	0.766156462585034	0.66156462585034	1.14115646258503	1.53571428571429	2.23299319727891	1.2780612244898	1.13180272108844	2.51275510204082	1.27636054421769	0.948979591836735	2.36479591836735	1.7891156462585	1.36989795918367	WA_MAG_00024
531959	Bacteria_71	Ribosomal_L9_C	PF03948.14	1.2e-23	624	2.65384615384615	1.87820512820513	0.838141025641026	1.69230769230769	1.24519230769231	0.0913461538461538	2.65705128205128	0.482371794871795	0.761217948717949	0.479166666666667	0.0913461538461538	1.59935897435897	0.897435897435897	0.522435897435897	3.10576923076923	2.59935897435897	1.01121794871795	0.629807692307692	2.30929487179487	1.87339743589744	3.17788461538462	1.93108974358974	2.03044871794872	5.65224358974359	2.3125	2.21955128205128	2.35416666666667	2.78205128205128	3.6025641025641	WA_MAG_00024
531961	Bacteria_71	Ribosomal_S6	PF01250.17	5.8e-31	357	2.47899159663866	0.80672268907563	0.159663865546218	1.06162464985994	0.521008403361345	1.62464985994398	5.61064425770308	2.6218487394958	2.41176470588235	0.19047619047619	1.0952380952381	2.54621848739496	0.42296918767507	0.781512605042017	3.91036414565826	0.523809523809524	2.53221288515406	2.87114845938375	2.08403361344538	2.66666666666667	1.21288515406162	2.21008403361345	3.33053221288515	3.80112044817927	4.35854341736695	5.11764705882353	5.15686274509804	4.10084033613445	2.88235294117647	WA_MAG_00024
533146	Bacteria_71	PGK	PF00162.19	4.2e-136	1188	2.21380471380471	1.48569023569024	1.52188552188552	1.27020202020202	1.003367003367	0.612794612794613	1.60353535353535	0.508417508417508	2.12457912457913	0.882154882154882	1.20875420875421	2.246632996633	0	0.712962962962963	1.53787878787879	1.03367003367003	0.578282828282828	1.36784511784512	0.569023569023569	3.08501683501684	1.38468013468013	1.46464646464646	1.59090909090909	2.30555555555556	1.90909090909091	3.43602693602694	3.15572390572391	1.86952861952862	1.76178451178451	WA_MAG_00024
559313	Bacteria_71	RBFA	PF02033.18	5.2e-25	396	3.59090909090909	2.94444444444444	2.42171717171717	1.1540404040404	5.11868686868687	0.876262626262626	2.37373737373737	0.603535353535353	0.924242424242424	1.47474747474747	2.5959595959596	7.1010101010101	1.46969696969697	1.32323232323232	3.44444444444444	2.32323232323232	3.53282828282828	2.87878787878788	3.61111111111111	2.10353535353535	2.28535353535354	1.7449494949495	2.2979797979798	3.04040404040404	2.8510101010101	3.25505050505051	1.72474747474747	3.79040404040404	4.97474747474747	WA_MAG_00024
572833	Bacteria_71	TsaE	PF02367.17	1.2e-35	504	0.876984126984127	5.06150793650794	1.35119047619048	2.33928571428571	1.0952380952381	1.75396825396825	1.93452380952381	0	2.05952380952381	0.892857142857143	0.978174603174603	1.84325396825397	0.896825396825397	0.541666666666667	2.93452380952381	0.621031746031746	0.865079365079365	0.81547619047619	1.49206349206349	0.817460317460317	1.89484126984127	3.75595238095238	2.24801587301587	4.62698412698413	3.11111111111111	5.21230158730159	1.21626984126984	0	3.375	WA_MAG_00024
572842	Bacteria_71	Chorismate_synt	PF01264.21	4.5e-138	1104	2.94746376811594	2.92663043478261	1.78713768115942	1.6875	1.97282608695652	1.63858695652174	2.3070652173913	1.42753623188406	2.08605072463768	1.72373188405797	2.15126811594203	1.90670289855072	0.991847826086956	0.467391304347826	3.79438405797101	4.10960144927536	1.45833333333333	2.05344202898551	2.00905797101449	2.28623188405797	1.78713768115942	3.81159420289855	4.59420289855072	2.67028985507246	1.86775362318841	3.03985507246377	5.15760869565217	3.29528985507246	2.74003623188406	WA_MAG_00024
577832	Bacteria_71	Ribosomal_L35p	PF01632.19	2.1e-22	201	3.93034825870647	1.89054726368159	2.66169154228856	4.11940298507463	4.1044776119403	0.18407960199005	3.77114427860697	1.14925373134328	1.48756218905473	3.0547263681592	1.83582089552239	3.82587064676617	0	0.412935323383085	5.36318407960199	0.0298507462686567	0.258706467661692	0.124378109452736	0.333333333333333	1.58208955223881	2.42786069651741	1.71641791044776	3.3134328358209	1.95024875621891	2.6865671641791	5.34328358208955	2.03980099502487	3.00995024875622	7.30845771144279	WA_MAG_00024
577833	Bacteria_71	Ribosomal_L20	PF00453.18	1.1e-48	366	4.49453551912568	2.40163934426229	0.863387978142076	3.4344262295082	1.26229508196721	1.54644808743169	0.040983606557377	2.24863387978142	1.5792349726776	1.28415300546448	0.42896174863388	5.03825136612022	0.112021857923497	1.5792349726776	0.0846994535519126	2.39890710382514	1.31693989071038	3.60382513661202	2.42896174863388	2.46174863387978	2.19398907103825	2.02185792349727	4.95355191256831	4.02732240437158	2.37704918032787	3.90163934426229	7.01366120218579	6.20218579234973	8.13934426229508	WA_MAG_00024
577862	Bacteria_71	Ribosomal_L19	PF01245.20	2.2e-48	381	2.39370078740157	2.40944881889764	3.32020997375328	0	2.54068241469816	4.54330708661417	3.45669291338583	1.75853018372703	3.69028871391076	3.57742782152231	0.241469816272966	1.07086614173228	0	0	2.60367454068241	1.36745406824147	3.02099737532808	3.60892388451444	1.17847769028871	2.59055118110236	5.83727034120735	2.04199475065617	4.8503937007874	0.162729658792651	1.55905511811024	5.01312335958005	3.03149606299213	3.49868766404199	3.47244094488189	WA_MAG_00024
577863	Bacteria_71	tRNA_m1G_MT	PF01746.21	1.1e-52	801	2.31960049937578	1.83520599250936	3.29712858926342	1.72534332084894	2.22596754057428	2.03495630461923	4.49687890137328	2.61797752808989	0.362047440699126	1.75780274656679	1.79775280898876	2.90137328339576	0.375780274656679	0.373283395755306	2.9438202247191	3.84644194756554	1.80524344569288	2.00374531835206	1.56304619225968	4.79151061173533	3.75530586766542	4.1210986267166	2.66292134831461	3.33707865168539	2.91385767790262	5.16479400749064	1.04744069912609	2.6729088639201	3.82896379525593	WA_MAG_00024
577865	Bacteria_71	Ribosomal_S16	PF00886.19	1.7e-30	483	2.10766045548654	1.06004140786749	3.7287784679089	0.865424430641822	0.904761904761905	0.565217391304348	2.38509316770186	0	1.23395445134576	0.850931677018634	0.436853002070393	1.20910973084886	0.41407867494824	0.122153209109731	1.97929606625259	1.87163561076605	1.24844720496894	1.82194616977226	1.29813664596273	1.39544513457557	1.99792960662526	3.98550724637681	1.80538302277433	3.95859213250518	1.55900621118012	2.47412008281573	1.56521739130435	3.2712215320911	2.63561076604555	WA_MAG_00024
60638	Bacteria_71	Ribosomal_L1	PF00687.21	1.4e-58	696	0.926724137931034	2.23850574712644	1.10344827586207	1.75431034482759	0.545977011494253	0.841954022988506	1.93247126436782	0.188218390804598	1.22126436781609	0.619252873563218	0.397988505747126	4.45833333333333	1.38362068965517	0.0790229885057471	3.76293103448276	1.69683908045977	1.29597701149425	2.73419540229885	1.97270114942529	3.49137931034483	4.76867816091954	2.61063218390805	2.51580459770115	3.35775862068966	2.0617816091954	3.45977011494253	3.39942528735632	2.69971264367816	3.58908045977011	WA_MAG_00024
76214	Bacteria_71	RuvX	PF03652.15	NA	NA	2.45283018867925	2.56813417190776	0.857442348008386	3.31656184486373	0.631027253668763	0.0712788259958071	2.08385744234801	1.12578616352201	1.05241090146751	1.85534591194969	1.38993710691824	0.742138364779874	0	0.30398322851153	2.68553459119497	2.43815513626834	0.631027253668763	2.020964360587	1.59748427672956	1.70020964360587	1.53039832285115	1.71907756813417	4.45492662473795	3.15932914046122	2.35429769392034	2.15723270440252	3.64989517819706	4.42767295597484	3.88259958071279	NA
1418719	Bacteria_71	AICARFT_IMPCHas	PF01808.18	1.9e-114	1590	2.44276729559748	1.8188679245283	1.36163522012579	1.67232704402516	0.733333333333333	1.17672955974843	3.64025157232704	1.0874213836478	1.52830188679245	1.51194968553459	0.854088050314465	1.79308176100629	0.99685534591195	0.69685534591195	3.38050314465409	1.55660377358491	1.52893081761006	2.73584905660377	1.44339622641509	2.37987421383648	3.09433962264151	2.34654088050314	2.29056603773585	4.66792452830189	2.04716981132075	3.45534591194969	3.6811320754717	3.10943396226415	2.33522012578616	WA_MAG_00024
1425217	Bacteria_71	Ribosomal_L13	PF00572.18	1.6e-27	207	0.608695652173913	0.449275362318841	0.386473429951691	0	1.54106280193237	0.729468599033816	2.14975845410628	0	2.1256038647343	0.676328502415459	2.04347826086957	2.72463768115942	0.869565217391304	0	4.72463768115942	0	2.55072463768116	1.77777777777778	0	0.1256038647343	0.695652173913043	2.92270531400966	1.31884057971015	1.80193236714976	3.17391304347826	2.39613526570048	1.18840579710145	3.47826086956522	1.85024154589372	WA_MAG_00024
1452643	Bacteria_71	UPF0054	PF02130.17	1.3e-32	492	1.53252032520325	1.17682926829268	1.06910569105691	0.0121951219512195	0.733739837398374	2.71951219512195	0.861788617886179	0.611788617886179	2.85365853658537	2.4349593495935	0.910569105691057	2.00609756097561	0	0.768292682926829	3.88414634146341	1.11991869918699	1.88617886178862	0.896341463414634	1.4349593495935	3.46544715447154	1.84146341463415	1.08739837398374	1.85162601626016	3.21747967479675	0.73780487804878	3.90040650406504	2.61788617886179	3.75	3.79674796747967	WA_MAG_00024
1512743	Bacteria_71	tRNA-synt_1d	PF00750.19	2.3e-22	1419	2.53911205073996	2.65821000704722	2.09302325581395	2.42847075405215	0.972515856236786	2.13883016208598	3.92318534178999	1.71035940803383	3.0415785764623	1.26638477801268	2.88513037350247	1.01409443269908	1.6138125440451	1.26990838618746	1.57716701902748	4.58703312191684	2.46863988724454	2.00352360817477	2.0584918957012	2.67653276955603	1.66596194503171	3.82522903453136	2.26286116983791	4.94080338266385	2.90556730091614	3.35799859055673	5.81606765327696	2.65891472868217	3.30373502466526	WA_MAG_00024
1598042	Bacteria_71	Ribosomal_L32p	PF01783.23	1.6e-28	207	4.26570048309179	2.91787439613527	1.28502415458937	1.68115942028985	1.46859903381643	1.68115942028985	1.60386473429952	0.768115942028985	0.42512077294686	3.88888888888889	1.58937198067633	2.42028985507246	0	4.88888888888889	3.81159420289855	1.10144927536232	1.69565217391304	2.28502415458937	3.51690821256039	0.536231884057971	4.51690821256039	3.11594202898551	2.49275362318841	0.463768115942029	0	1.33816425120773	2.47826086956522	0	4.98550724637681	WA_MAG_00024
896559	Bacteria_71	Ham1p_like	PF01725.16	2.7e-58	609	6.78653530377668	4.52873563218391	2.41379310344828	1.27093596059113	0.77175697865353	1.15270935960591	4.29228243021347	2.09195402298851	2.27750410509031	0.627257799671593	2.84729064039409	6.45320197044335	0.632183908045977	0.494252873563218	2.86371100164204	1.19540229885057	1.61740558292282	6.46469622331691	2.9064039408867	0.605911330049261	2.27257799671593	4.36288998357964	4.36288998357964	4.32348111658457	4.71428571428571	1.93924466338259	2.83743842364532	4.12972085385879	3.32019704433498	WA_MAG_00024
940263	Bacteria_71	Ribosomal_S7	PF00177.21	5.8e-69	471	3.1932059447983	2.4140127388535	1.73460721868365	1.62632696390658	2.10828025477707	1.95753715498938	2.94692144373673	3.49044585987261	3.5796178343949	1.82590233545648	0.983014861995754	4.11252653927813	0.715498938428875	1.38216560509554	1.98301486199575	1.16348195329087	1.94267515923567	3.50530785562633	1.55626326963907	3.01061571125265	4.87898089171975	3.31634819532909	0.917197452229299	6.63694267515924	2.07006369426752	3.90021231422505	3.05944798301486	2.30785562632696	1.66454352441614	WA_MAG_00024
940264	Bacteria_71	Ribosom_S12_S23	PF00164.25	3.9e-44	372	3.76344086021505	2.69623655913978	2.51881720430108	2.80376344086022	1.36290322580645	0.252688172043011	2.95161290322581	0.448924731182796	3.74193548387097	0.403225806451613	0.413978494623656	4.29032258064516	1.43279569892473	1.25537634408602	4.37365591397849	0.567204301075269	1.06989247311828	1.87634408602151	0.306451612903226	5.06989247311828	1.08602150537634	3.94354838709677	3.68010752688172	2.66397849462366	2.69086021505376	5.03494623655914	4.0752688172043	3.93817204301075	1.51881720430108	WA_MAG_00024
956214	Bacteria_71	Ribosomal_S10	PF00338.22	3.5e-38	309	2.92880258899676	1.19741100323625	2.80906148867314	5.48220064724919	0.181229773462783	1.76375404530744	1.24919093851133	0.72168284789644	3.97087378640777	1.96763754045307	0.268608414239482	3.13915857605178	0.268608414239482	0.789644012944984	1.55663430420712	0.524271844660194	0.864077669902913	0	2.74433656957929	2.55987055016181	0.226537216828479	0.640776699029126	0.488673139158576	3.76699029126214	2.44336569579288	7.22330097087379	2.08414239482201	4.2168284789644	5.53721682847896	WA_MAG_00024
956215	Bacteria_71	Ribosomal_L3	PF00297.22	8.2e-17	723	2.1881051175657	4.84232365145228	2.07883817427386	3.37067773167358	1.30705394190871	1.29598893499308	3.78146611341632	1.50622406639004	2.63208852005533	2.22268326417704	1.25311203319502	4.09820193637621	1.9045643153527	0.330567081604426	4.70401106500692	0.416320885200553	2.50899031811895	1.34301521438451	3.69571230982019	2.12171507607192	1.72890733056708	3.17427385892116	3.60719225449516	4.34578146611342	3.63900414937759	4.61549100968188	3.85892116182573	2.1134163208852	2.72752420470263	WA_MAG_00024
956216	Bacteria_71	Ribosomal_L4	PF00573.22	6.2e-62	618	2.78802588996764	4.37864077669903	0.364077669902913	2.39644012944984	0.779935275080906	1.57119741100324	2.44336569579288	0.923948220064725	2.03398058252427	2.20550161812298	0.451456310679612	3.31877022653722	1.58576051779935	0.660194174757282	5.13430420711974	2.29611650485437	2.25080906148867	2.27508090614887	0.995145631067961	1.92071197411003	1.14401294498382	1.64886731391586	1.32686084142395	4.82847896440129	3.53721682847896	2.7168284789644	3.99190938511327	3.14886731391586	3.28155339805825	WA_MAG_00024
956217	Bacteria_71	Ribosomal_L23	PF00276.20	2.8e-34	297	2.44444444444444	0.134680134680135	1.18855218855219	3.86531986531987	3.07744107744108	3.30639730639731	3.48148148148148	1.02356902356902	2.35690235690236	0.225589225589226	3.47811447811448	2.26599326599327	1.58249158249158	0.188552188552189	2.80808080808081	0.71043771043771	2.39393939393939	3.55555555555556	2.85521885521886	2.5993265993266	0.282828282828283	6.0976430976431	2.68350168350168	6	4.86868686868687	4.72390572390572	5.46801346801347	2.01683501683502	6.74410774410774	WA_MAG_00024
956218	Bacteria_71	Ribosomal_L2	PF00181.23	1.6e-34	843	4.00830367734282	2.30604982206406	1.85053380782918	2.13285883748517	2.90747330960854	2.43060498220641	3.29537366548043	2.15658362989324	1.55160142348754	2.04626334519573	1.47330960854093	2.55160142348754	0.686832740213523	0.136417556346382	3.09489916963227	1.83511269276394	0.997627520759193	1.43297746144721	2.07829181494662	2.77935943060498	3.5717674970344	2.34756820877817	3.07591933570581	3.51601423487544	2.58362989323843	5.02016607354686	2.96204033214709	3.37603795966785	3.44958481613286	WA_MAG_00024
956219	Bacteria_71	Ribosomal_S19	PF00203.21	8e-37	279	3.10752688172043	1.08960573476703	1.39426523297491	2.50179211469534	0.0645161290322581	1.65591397849462	0.197132616487455	2.65232974910394	2.05376344086022	0.67741935483871	0.0967741935483871	2.5663082437276	0	0.114695340501792	1.88172043010753	1.11111111111111	2.43727598566308	2.78494623655914	0.849462365591398	0.491039426523298	5.04659498207885	2.88888888888889	3.48745519713262	3.16845878136201	2.21863799283154	2.86379928315412	1.4910394265233	3.08243727598566	2.32974910394265	WA_MAG_00024
956220	Bacteria_71	Ribosomal_L22	PF00237.19	4.9e-33	381	1.43832020997375	0.818897637795276	2.01574803149606	2.17847769028871	0	0.530183727034121	1.71653543307087	0.824146981627297	0.556430446194226	1.56167979002625	2.07086614173228	2.14173228346457	0.929133858267717	0.396325459317585	2.35170603674541	1.44094488188976	0.094488188976378	2.59842519685039	0.960629921259842	0.490813648293963	1.07349081364829	1.55380577427822	2.46719160104987	2.35695538057743	1.12073490813648	2.4488188976378	0.881889763779528	0.784776902887139	2.42257217847769	WA_MAG_00024
956221	Bacteria_71	Ribosomal_S3_C	PF00189.20	1.7e-42	708	3.36723163841808	2.61723163841808	1.8954802259887	1.00706214689266	1.6271186440678	2.09180790960452	1.23587570621469	1.69774011299435	0.258474576271186	1.66101694915254	1.38841807909605	1.37570621468927	0.538135593220339	0.426553672316384	1.69632768361582	2.22598870056497	1.52401129943503	1.52824858757062	1.5819209039548	1.72457627118644	1.65536723163842	2.18079096045198	3.35875706214689	4.62146892655367	0.491525423728814	3.56073446327684	3.30649717514124	2.79519774011299	3.13841807909604	WA_MAG_00024
956222	Bacteria_71	Ribosomal_L16	PF00252.18	2.2e-52	414	1.43961352657005	2.8792270531401	2.78019323671498	0.86231884057971	1.83091787439614	3.97826086956522	3.05555555555556	1.83816425120773	0.6256038647343	1.43961352657005	0	1.95410628019324	1.67149758454106	0.893719806763285	2.76328502415459	2.55555555555556	1.33816425120773	1.3743961352657	1.46135265700483	2.69323671497585	2.48309178743961	3.01207729468599	1.81642512077295	2.51690821256039	0.833333333333333	4.69323671497585	3.68599033816425	5.64975845410628	5.9951690821256	WA_MAG_00024
956224	Bacteria_71	Ribosomal_L29	PF00831.23	1.2e-26	198	2.92424242424242	2.52020202020202	3.89393939393939	1.25757575757576	0.939393939393939	0	2.84343434343434	2.2020202020202	0.828282828282828	0	0.626262626262626	4.92929292929293	1.97474747474747	0.590909090909091	4.14646464646465	1.52020202020202	1.74747474747475	3.10606060606061	1.75757575757576	1.83333333333333	2.84848484848485	1.27777777777778	1.98484848484848	8.30808080808081	2.7979797979798	3.8030303030303	2.17171717171717	4.50505050505051	2.48989898989899	WA_MAG_00024
956225	Bacteria_71	Ribosomal_S17	PF00366.20	8.3e-32	231	4.42857142857143	1.21212121212121	4.70995670995671	1.88311688311688	0.636363636363636	2.22077922077922	3.57575757575758	2.94372294372294	1.23376623376623	1.29004329004329	2.004329004329	2.98701298701299	1.23376623376623	0.532467532467532	5.64069264069264	1.74025974025974	0.995670995670996	2.70995670995671	1.1991341991342	1.55844155844156	0.96969696969697	4.57575757575758	1.63203463203463	4.56277056277056	2.15151515151515	2.96536796536797	4.90909090909091	2.99134199134199	5.03896103896104	WA_MAG_00024
956226	Bacteria_71	Ribosomal_L14	PF00238.19	1.3e-58	369	4.8130081300813	2.50406504065041	7.84552845528455	2.84010840108401	1.90243902439024	2.75880758807588	2.01084010840108	0.265582655826558	2.70731707317073	3.25474254742547	0.170731707317073	2.07046070460705	0.815718157181572	0.024390243902439	2.92953929539295	1.75609756097561	1.289972899729	1.33875338753388	2.82926829268293	0.897018970189702	3.08943089430894	1.82384823848238	0.327913279132791	3.25474254742547	0.428184281842818	3.93766937669377	2.289972899729	2.61517615176152	1.3550135501355	WA_MAG_00024
956227	Bacteria_71	ribosomal_L24	PF17136.4	1.1e-21	312	2.07051282051282	2.22115384615385	4.93269230769231	0.967948717948718	0.16025641025641	3.28205128205128	4.21474358974359	1.29487179487179	2.93589743589744	1.90384615384615	0	0.423076923076923	0	0.644230769230769	0.221153846153846	1.32051282051282	0.227564102564103	0.634615384615385	1.95833333333333	0.602564102564103	1.68269230769231	1.24038461538462	0	5.83333333333333	2.31089743589744	2.56730769230769	2.49038461538462	2.20192307692308	2.38141025641026	WA_MAG_00024
956228	Bacteria_71	Ribosomal_L5	PF00281.19	1.7e-23	564	2.67198581560284	2.26418439716312	1.84219858156028	1.18971631205674	0.576241134751773	2.0354609929078	4.72163120567376	2.22695035460993	3.30851063829787	1.53368794326241	0.852836879432624	1.98936170212766	0.533687943262411	0.179078014184397	1.25531914893617	0.641843971631206	2.02127659574468	0.913120567375886	2.77482269503546	1.55141843971631	3.19148936170213	2.0177304964539	1.04078014184397	5.36879432624113	2.82978723404255	3.56737588652482	2.21631205673759	1.40780141843972	4.36170212765957	WA_MAG_00024
956230	Bacteria_71	Ribosomal_S8	PF00410.19	4.3e-48	393	1.70483460559796	3.83206106870229	1.3969465648855	3.10178117048346	1.7735368956743	1.93129770992366	1.02290076335878	0.480916030534351	3.04325699745547	1.14758269720102	2.58015267175573	4.60559796437659	0.468193384223919	1.30025445292621	4.33587786259542	2.31043256997455	1.4529262086514	2.64885496183206	1.9440203562341	2.78371501272265	2.86259541984733	4.44274809160305	2.37913486005089	3.86005089058524	2.53180661577608	6.97709923664122	4.52671755725191	0.00254452926208651	3.64885496183206	WA_MAG_00024
956231	Bacteria_71	Ribosomal_L6	PF00347.23	3.4e-39	534	2.36704119850187	3.28277153558052	1.37827715355805	1.17415730337079	1.29962546816479	2.45505617977528	4.04119850187266	2.1685393258427	1.61985018726592	2.15355805243446	2.89513108614232	2.29026217228464	1.86704119850187	0.398876404494382	4.79213483146067	2.75093632958801	2.4063670411985	1.40074906367041	0	2.9625468164794	1.32958801498127	1.76217228464419	1.94756554307116	1.47752808988764	1.69475655430712	4.61423220973783	4.7752808988764	1.64419475655431	3.95692883895131	WA_MAG_00024
956232	Bacteria_71	Ribosomal_L18p	PF00861.22	5.7e-42	360	3.28888888888889	1.61111111111111	3.375	1.73611111111111	0.916666666666667	2.75	6.06666666666667	2.20277777777778	3.99444444444444	1.025	1.85277777777778	1.67777777777778	0.419444444444444	0.102777777777778	6.94722222222222	2.07222222222222	3.62777777777778	1.825	0.536111111111111	2.78611111111111	2.93055555555556	2.9	2.225	2.78333333333333	3.18888888888889	3.26944444444444	2.72222222222222	3.11111111111111	3.95555555555556	WA_MAG_00024
956235	Bacteria_71	Ribosomal_L27A	PF00828.19	3.4e-37	471	2.3036093418259	2.77707006369427	1.52229299363057	1.38853503184713	1.8895966029724	1.36730360934183	3.3375796178344	0.569002123142251	2.94692144373673	0.0339702760084926	0.641188959660297	3.51804670912951	0.868365180467091	0.641188959660297	3.70488322717622	3.14225053078556	0.866242038216561	1.73885350318471	1.23991507430998	1.46072186836518	1.65180467091295	3.25053078556263	1.88322717622081	2.98089171974522	3.70063694267516	2.14437367303609	0.9723991507431	2.78980891719745	3.14649681528662	WA_MAG_00024
956236	Bacteria_71	SecY	PF00344.20	4.7e-114	1362	2.71953010279001	1.98091042584435	1.48237885462555	2.34214390602056	1.89941262848752	2.36490455212922	1.70998531571219	1.42437591776799	2.33627019089574	1.75403817914831	1.48751835535977	2.29662261380323	1.58957415565345	1.13582966226138	2.50367107195301	1.643906020558	1.20337738619677	2.83773861967695	2.31571218795888	2.19823788546256	1.77092511013216	2.09911894273128	1.95741556534508	4.29001468428781	1.25917767988253	3.63436123348018	3.58737151248164	2.48164464023495	4.07415565345081	WA_MAG_00024
956237	Bacteria_71	ADK	PF00406.22	4.1e-56	648	1.94907407407407	0.944444444444444	1.2391975308642	1.11111111111111	1.16512345679012	1.52469135802469	2.15123456790123	1.08487654320988	1.55864197530864	1.93827160493827	1.56635802469136	1.61574074074074	0.942901234567901	1.11728395061728	2.56481481481481	0.671296296296296	0.896604938271605	2.24074074074074	1.07561728395062	0.804012345679012	2.91820987654321	1.50308641975309	2.26697530864198	2.81944444444444	1.58641975308642	3.22685185185185	4.75	2.47067901234568	1.30092592592593	WA_MAG_00024
956238	Bacteria_71	Ribosomal_S13	PF00416.22	3.2e-35	369	1.82384823848238	3.17073170731707	4.52574525745257	1.63143631436314	0.959349593495935	2.05691056910569	4.94308943089431	0.420054200542005	3.68834688346883	0.279132791327913	1.15718157181572	1.40650406504065	0.214092140921409	0.37940379403794	2.64227642276423	3.66937669376694	0.018970189701897	2.83739837398374	2.83468834688347	4.21409214092141	3.94037940379404	4.04878048780488	3.75609756097561	2.82926829268293	2.1680216802168	2.83468834688347	2.51219512195122	2.24932249322493	2.55555555555556	WA_MAG_00024
956239	Bacteria_71	Ribosomal_S11	PF00411.19	1.6e-50	393	3.63104325699746	2.66921119592875	1.83206106870229	0	1.77608142493639	0	0.824427480916031	0.585241730279898	0.870229007633588	1.14758269720102	1.19083969465649	1.5089058524173	0.620865139949109	0.572519083969466	1.2824427480916	2.74045801526718	1.91857506361323	0.427480916030534	3.65648854961832	3.20101781170483	4.10432569974555	3.63613231552163	1.74554707379135	2.61832061068702	3.21374045801527	2.84732824427481	2.40712468193384	0.608142493638677	1.09160305343511	WA_MAG_00024
956240	Bacteria_71	RNA_pol_L	PF01193.24	3.5e-26	1017	3.85349065880039	1.80432645034415	1.60275319567355	2.45821042281219	1.55555555555556	3.16519174041298	2.15732546705998	0.684365781710914	2.4031465093412	0.832841691248771	1.68239921337266	3.37856440511308	1.03736479842675	0.551622418879056	3.35004916420846	2.43166175024582	0.6007866273353	2.26647000983284	3.02064896755162	2.75712881022616	3.43362831858407	4.41986234021632	3.65683382497542	3.20255653883972	2.85152409046214	5.960668633235	4.7708947885939	3.2133726647001	3.6047197640118	WA_MAG_00024
956241	Bacteria_71	Ribosomal_L17	PF01196.19	1.4e-38	423	2.99290780141844	2.00472813238771	2.89125295508274	0.796690307328605	0.966903073286052	3.22222222222222	3.15602836879433	0.947990543735225	0.704491725768322	1.92671394799054	1.0709219858156	3.25531914893617	0	1.08983451536643	0.690307328605201	1.42789598108747	0.354609929078014	2.68321513002364	0.354609929078014	3.64066193853428	1.33569739952719	2.24822695035461	2.11111111111111	4.97872340425532	1.65248226950355	3.50118203309693	2.49172576832151	4.09929078014184	2.74940898345154	WA_MAG_00024
744615	Bacteria_71	SmpB	PF01668.18	3.7e-58	477	2.37735849056604	3.35429769392034	1.61215932914046	1.56813417190776	0.857442348008386	0.224318658280922	1.80083857442348	0.976939203354298	0.710691823899371	0.945492662473795	0.316561844863732	3.85744234800839	0	0	3.74423480083857	1.20545073375262	1.51572327044025	0.691823899371069	0.490566037735849	0	3.32075471698113	2.40251572327044	3.041928721174	0.888888888888889	1.46960167714885	3.66876310272537	1.75890985324948	0.941299790356394	2.90985324947589	WA_MAG_00024
765865	Bacteria_71	eIF-1a	PF01176.19	1.2e-28	240	3.475	0.1625	0.666666666666667	6.0875	1.19583333333333	2.2	1.025	0.979166666666667	1.1375	1.45	0	3.15416666666667	0	0.1875	2.27083333333333	2.40416666666667	1.7375	4.33333333333333	2.14166666666667	1.92083333333333	7.38333333333333	4.83333333333333	2.05	4.6875	1.34583333333333	1.2125	2.26666666666667	3.14166666666667	5.02083333333333	WA_MAG_00024
876489	Bacteria_71	Ribosomal_L28	PF00830.19	1.9e-28	291	1.24742268041237	1.23024054982818	0.683848797250859	0.828178694158076	0	2.48453608247423	1.20618556701031	0.762886597938144	0.910652920962199	0	1.69415807560137	1.65292096219931	0.969072164948454	1.29209621993127	3.68041237113402	3.29553264604811	2.93814432989691	1.23367697594502	0.914089347079038	2.04123711340206	1.0446735395189	1.02405498281787	1.42955326460481	3.62199312714777	2.8659793814433	0.797250859106529	2.45017182130584	3.76288659793814	0.879725085910653	WA_MAG_00024
357132	Bacteria_71	tRNA-synt_1d	PF00750.19	1e-19	1743	2.52839931153184	0.63798049340218	1.97074010327022	1.81698221457258	1.17957544463569	1.31210556511761	2.45381526104418	0.519793459552496	1.06597819850832	2.13195639701664	1.64601262191624	2.27423981640849	0.977051061388411	0.861732644865175	3.57429718875502	2.30866322432587	1.54503729202524	1.99598393574297	1.43660355708548	2.3574297188755	2.96442914515204	2.93689041881813	3.76190476190476	1.24727481353987	2.59265633964429	3.19850831899025	2.23063683304647	2.07171543316122	2.44922547332186	WA_MAG_00024
525283	Bacteria_71	SecG	PF03840.14	3.7e-20	366	0.959016393442623	3.18306010928962	1.18032786885246	0.595628415300546	0.677595628415301	3.37431693989071	3.03551912568306	1.10109289617486	3.08196721311475	0.822404371584699	2.23770491803279	1.31967213114754	0.825136612021858	0.825136612021858	3.60109289617486	2.12568306010929	1.30601092896175	2.60928961748634	0.538251366120219	2.1775956284153	3.52185792349727	4.7568306010929	2.65846994535519	3.33060109289617	3.54918032786885	1.44262295081967	2.39344262295082	3.44535519125683	5.12021857923497	WA_MAG_00024
525284	Bacteria_71	Adenylsucc_synt	PF00709.21	4.5e-171	1293	1.22196442382057	2.52281515854602	1.49961330239753	1.46713070378964	0.546017014694509	0.814385150812065	3.73395204949729	1.43928847641145	3.03325599381284	0.466357308584687	0.921887084300077	1.05955143078113	0.822892498066512	0.232791956689869	3.1508120649652	1.97679814385151	1.63959783449343	2.59319412219644	1.59628770301624	2.10054137664346	2.33952049497293	3.69450889404486	3.24284609435422	2.79659706109822	2.33720030935808	3.34957463263728	3.03248259860789	1.47331786542923	2.83139984532096	WA_MAG_00024
525297	Bacteria_71	Exonuc_VII_L	PF02601.15	4.9e-87	1584	3.18308080808081	2.47537878787879	1.5530303030303	1.48926767676768	0.605429292929293	2.19128787878788	1.54419191919192	0.950757575757576	0.306186868686869	1.30366161616162	1.22979797979798	2.28787878787879	0.765151515151515	0.382575757575758	3.10353535353535	2.58712121212121	1.79987373737374	1.66224747474747	0.776515151515151	2.33396464646465	2.17613636363636	1.3510101010101	1.92424242424242	4.16035353535354	1.17361111111111	1.99116161616162	2.21590909090909	1.11426767676768	2.70391414141414	WA_MAG_00024
1231832	Bacteria_71	Ribosomal_S2	PF00318.20	3.5e-95	1116	2.45071684587814	1.60573476702509	0.405913978494624	1.1326164874552	1.08154121863799	0.495519713261649	1.05465949820789	0.807347670250896	0.808243727598566	1.15860215053763	0.71326164874552	1.87724014336918	0.540322580645161	0	1.46236559139785	0.601254480286738	0.818996415770609	0.790322580645161	1.09229390681004	1.57258064516129	1.52777777777778	2.21953405017921	2.50358422939068	0.753584229390681	1.04032258064516	1.56272401433692	1.89336917562724	2.1505376344086	2.02598566308244	WA_MAG_00024
1231833	Bacteria_71	EF_TS	PF00889.19	1.8e-70	876	2.8458904109589	0.259132420091324	0.736301369863014	1.26826484018265	0.331050228310502	0.448630136986301	0.393835616438356	0.675799086757991	0.658675799086758	0.343607305936073	0.684931506849315	0.429223744292237	0.321917808219178	0.684931506849315	1.70776255707763	1.60616438356164	1.30479452054795	0.179223744292237	1.51598173515982	1.37671232876712	0.734018264840183	0.581050228310502	1.19977168949772	1.11187214611872	1.03082191780822	2.35616438356164	1.23059360730594	0.497716894977169	2.31963470319635	WA_MAG_00024
1256682	Bacteria_71	IPPT	PF01715.17	3.3e-57	897	1.08807134894091	1.71125975473802	0.78149386845039	0.816053511705686	0.731326644370123	1.14604236343367	0.958751393534002	1.00445930880713	0.643255295429208	1.13823857302118	1.37123745819398	2.1783723522854	0.246376811594203	0.0914158305462653	1.83166109253066	1.83835005574136	2.17391304347826	1.50167224080268	2.05574136008919	2.06354515050167	1.50836120401338	1.86064659977703	2.84615384615385	2.56298773690078	1.60758082497213	1.11371237458194	1.22185061315496	3.18060200668896	1.2329988851728	WA_MAG_00024
1256684	Bacteria_71	RRF	PF01765.19	2.8e-61	564	1.1063829787234	1.25709219858156	1.05496453900709	2.01063829787234	0.803191489361702	1.69858156028369	2.9468085106383	1.24468085106383	1.49822695035461	1.20921985815603	0.535460992907801	1.06914893617021	0.535460992907801	1.08510638297872	3.30851063829787	0.230496453900709	1.85106382978723	0.966312056737589	0.638297872340426	0.950354609929078	2.1613475177305	3.24645390070922	0.671985815602837	3.63120567375887	1.19326241134752	3.20567375886525	1.84219858156028	2.44503546099291	1.81914893617021	WA_MAG_00024
1261498	Bacteria_71	ATP-synt_A	PF00119.20	1.4e-58	762	3.29527559055118	0.855643044619423	1.88845144356955	2.54593175853018	1.99606299212598	1.29790026246719	4.21128608923885	1.88976377952756	1.18897637795276	1.24540682414698	2.34383202099738	2.23622047244094	0.534120734908136	0.39501312335958	4.67847769028871	2.83333333333333	1.22703412073491	1.80183727034121	3.5997375328084	1.17847769028871	2.81102362204724	1.70472440944882	2.08398950131234	4.33595800524934	2.19553805774278	3.09842519685039	2.01574803149606	2.88713910761155	3.5761154855643	WA_MAG_00024
1379924	Bacteria_71	YajC	PF02699.15	2.2e-31	279	1.97491039426523	2.77777777777778	3.45161290322581	0.666666666666667	0	3.18996415770609	1.59498207885305	0.537634408602151	0.960573476702509	2.62007168458781	1.94623655913978	2.415770609319	0.326164874551971	1.584229390681	4.75268817204301	3.17204301075269	1.7921146953405	2.88172043010753	1.61290322580645	0.182795698924731	1.0752688172043	3.3010752688172	2.32258064516129	2.67383512544803	2.44086021505376	3.26164874551971	3.70967741935484	2.19354838709677	1.83870967741935	WA_MAG_00024
