gene_callers_id	source	gene_name	gene_hmm_id	WAM_ALR	WAM_CCR	WAM_IPI	WAM_MAR	WAM_MYS	WAM_PBL	WAM_PJN	WAM_PPR	WAM_PST	WAM_ROL	WAM_SCR	WAM_SGN	WAM_SIS	WAM_TWN	WAR_ALR	WAR_CCR	WAR_IPI	WAR_MAR	WAR_MYS	WAR_PBL	WAR_PJN	WAR_PPR	WAR_PSK	WAR_PST	WAR_RNW	WAR_ROL	WAR_SCR	WAR_SGL	WAR_SIS
1233267	Archaea_76	Ribosomal_S15	PF00312.22	0	0.537634408602151	0	0	0	0	0	29.6344086021505	7.02508960573477	0	1.30824372759857	6.14336917562724	0	0	0	0.537634408602151	0	0	0	0	0	0	0	0	0	0	0	0	0
1233274	Archaea_76	RNase_HII	PF01351.18	0	0.158406219630709	0	0	0	0	0	23.1603498542274	13.2322643343052	0	0.585034013605442	3.66958211856171	0	0	0	0.876579203109815	0	0	0	0	0	0.293488824101069	0	0	0.584062196307094	0	0	0	0
1233275	Archaea_76	RNase_HII	PF01351.18	0	0.352459016393443	0	0	0	0	0	12.5409836065574	6.60245901639344	0	0	2.39617486338798	0	0	0	1.03825136612022	0	0	0	0	0	0	0	0	0.225409836065574	0	0	0	0
1233280	Archaea_76	Ribosomal_L1	PF00687.21	0	0.775886524822695	0	0	0	0	0	29.558865248227	6.18014184397163	0	0	3.26808510638298	0	0	0	0.432624113475177	0	0	0	0	0	1.40567375886525	0	0	0.849645390070922	0	0	0	0
1247921	Archaea_76	NDK	PF00334.19	0	0	0	0	0	0	0	28.1753086419753	9.85432098765432	0	0.37283950617284	2.41481481481481	0	0	0	0	0	0	0	0	0	0	0	0	0.28641975308642	0	0	0	0
1247959	Archaea_76	tRNA-synt_1d	PF00750.19	0	0.296795952782462	0	0	0	0	0	18.4064080944351	7.73074761101743	0	0	1.94154019111861	0	0	0	0.270376616076447	0	0	0	0	0	0	0	0.337830241708825	0.142776840921866	0	0	0	0
1077736	Archaea_76	tRNA-synt_1c	PF00749.21	0	0	0	0.58974358974359	0	0	0	23.6692307692308	6.03461538461538	0	0	3.39871794871795	0	0	0	0.984615384615385	0	0	0	0	0	0	0	0	1.1025641025641	0	0	0	0
916103	Archaea_76	Ham1p_like	PF01725.16	0	0	0	0	0	0	0	23.6254125412541	5.90594059405941	0	0.235973597359736	3.66006600660066	0	0	0	0.389438943894389	0	0	0	0	0	0	0	0	0.353135313531353	0	0	0	0
928117	Archaea_76	Ribosomal_S11	PF00411.19	0	0.683809523809524	0	0.466666666666667	0	0	0	37.0152380952381	13.0419047619048	0	0.35047619047619	4.08380952380952	0	0	0	3.05142857142857	0	0	0	0	0	0	0	0	0	0	0	0	0
928118	Archaea_76	Ribosomal_S13	PF00416.22	0	0.947658402203857	0	0.0633608815426997	0	0	0	25.702479338843	11.3112947658402	0	0.225895316804408	1.75206611570248	0	0	0	1.48484848484848	0	0	0	0	0	0.81267217630854	0	0	0	0	0	0	0
928120	Archaea_76	SecY	PF00344.20	0	0.199339933993399	0	0	0	0	0	26.0349834983498	6.18283828382838	0	0	2.53135313531353	0	0	0	0.598679867986799	0	0	0	0	0	0.398679867986799	0	0	0.595379537953795	0	0	0	0
928124	Archaea_76	Ribosomal_L6	PF00347.23	0	1.3389199255121	0	0	0	0	0	24.048417132216	12.024208566108	0	0.949720670391062	3.40782122905028	0	0	0	2.16945996275605	0	0	0	0	0	0	0	0	0	0	0	0	0
928125	Archaea_76	Ribosomal_S8	PF00410.19	0	0	0	0	0	0	0	24.5263157894737	11.5363408521303	0	0.12531328320802	4.72932330827068	0	0	0	1.82957393483709	0	0	0	0	0	0	0	0	0.636591478696742	0	0	0	0
928129	Archaea_76	Ribosomal_L14	PF00238.19	0	0.110192837465565	0	0	0	0.391184573002755	0	25.1184573002755	8.42424242424242	0	0.300275482093664	3.02479338842975	0	0	0	1.83471074380165	0	0	0	0	0	0	0	0	0	0	0	0	0
928130	Archaea_76	Ribosomal_S17	PF00366.20	0	0	0	0	0	0	0	26.7562724014337	6.43727598566308	0	0	3.7921146953405	0	0	0	1.47311827956989	0	0	0	0	0	0	0	0	0.698924731182796	0	0	0	0
928131	Archaea_76	Ribosomal_L29	PF00831.23	0	0	0	0	0	0	0	19.6425120772947	9.53623188405797	0	0.608695652173913	2.43961352657005	0	0	0	1.36714975845411	0	0	0	0	0	0	0	0	1.82125603864734	0	0	0	0
928132	Archaea_76	Ribosomal_L16	PF00252.18	0	0.724220623501199	0	0.724220623501199	0	0	0	24.5443645083933	5.78896882494005	0	0.328537170263789	3.60191846522782	0	0	0	1.0431654676259	0	0	0	0	0	0	0	0	0.693045563549161	0	0	0	0
928134	Archaea_76	Ribosomal_L22	PF00237.19	0	1.22619047619048	0	0	0	0	0	31.9583333333333	8.13095238095238	0	0	3.25297619047619	0	0	0	2.15178571428571	0	0	0	0	0	0	0	0	0	0	0	0	0
928136	Archaea_76	Ribosomal_S19	PF00203.21	0	0	0	0	0	0	0	20.9475655430712	6.24719101123596	0	0	3.16104868913858	0	0	0	0.689138576779026	0	0	0	0	0	0	0	0.438202247191011	0	0	0	0	0
928138	Archaea_76	Ribosomal_L23	PF00276.20	0	0.419243986254296	0	0	0	0	0	28.8281786941581	9.12371134020618	0	1.27147766323024	1.6872852233677	0	0	0	2.16494845360825	0	0	0	0	0	0.996563573883162	0	0	0	0	0	0	0
928139	Archaea_76	Ribosomal_L4	PF00573.22	0	0	0	0	0	0	0	24.170579029734	12.2879499217527	0	0.410015649452269	3.2660406885759	0	0	0	1.82785602503912	0	0	0	0	0	0.482003129890454	0	0	0	0	0	0	0
928140	Archaea_76	Ribosomal_L3	PF00297.22	0	0	0	0	0	0	0	17.4604651162791	12.3410852713178	0	0	3.66511627906977	0	0	0	0.706976744186047	0	0	0	0	0	0.465116279069767	0	0	0	0	0.465116279069767	0	0
928143	Archaea_76	Ribosomal_S7	PF00177.21	0	0.713080168776371	0	0.39662447257384	0	0	0	21.5443037974684	12.8945147679325	0	0.367088607594937	5.57383966244726	0	0	0	0.791139240506329	0	0	0	0	0	0.637130801687764	0	0	0	0	0	0	0
928144	Archaea_76	Ribosom_S12_S23	PF00164.25	0	0.490666666666667	0	0.032	0	0	0	25.0693333333333	5.432	0	0	1.35466666666667	0	0	0	2.496	0	0	0	0	0	0	0	0	0.373333333333333	0	0	0	0
972627	Archaea_76	tRNA-synt_1c	PF00749.21	0	0.883516483516483	0	0	0	0	0	20.2468864468864	6.41904761904762	0	0.551648351648352	3.67838827838828	0	0	0	0.441758241758242	0	0	0	0	0	0	0	0	0.220512820512821	0	0	0	0
1009109	Archaea_76	TIM	PF00121.18	0	0.546044098573281	0	0	0	0	0	22.875486381323	7.99740596627756	0	1.4189364461738	4.80285343709468	0	0	0	0.391699092088197	0	0	0	0	0	0.391699092088197	0	0	0	0	0	0	0
289956	Archaea_76	Ribosomal_S9	PF00380.19	0	1.5	0	0.743781094527363	0	0	0	28.1666666666667	5.7910447761194	0	0	5.19402985074627	0	0	0	0	0	0	0	0	0	0.743781094527363	0	0	0	0	0	0	0
289957	Archaea_76	Ribosomal_L13	PF00572.18	0	1.0962441314554	0	0.539906103286385	0	0	0	33.8075117370892	6.53755868544601	0	0	2.01173708920188	0	0	0	0.89906103286385	0	0	0	0	0	0	0	0	0	0	0	0	0
289959	Archaea_76	RNA_pol_Rpb6	PF01192.22	0	0	0	0	0	0	0	18.2795698924731	9.79928315412186	0	0	2.09677419354839	0	0	0	1.79928315412186	0	0	0	0	0	0.516129032258065	0	0	1.38351254480287	0	0.25089605734767	0	0
586715	Archaea_76	AdoHcyase	PF05221.17	0	0.392041748206132	0	0	0	0	0	24.5166340508806	9.02804957599478	0	0	1.38290932811481	0	0	0	0.775603392041748	0	0	0	0	0	0.275277234181344	0	0	0	0	0	0	0
586719	Archaea_76	tRNA-synt_1c	PF00749.21	0	0.72242206235012	0	0	0	0	0	22.7236211031175	10.3561151079137	0	0.180455635491607	2.23201438848921	0	0	0	1.53657074340528	0	0	0	0	0	0.1810551558753	0	0.180455635491607	0	0	0	0	0
1423220	Archaea_76	Ribosomal_S2	PF00318.20	0	0.366421568627451	0	0	0	0	0	24.1458333333333	7.30147058823529	0	0.370098039215686	2.14093137254902	0	0	0	1.13970588235294	0	0	0	0	0	0.861519607843137	0	0.368872549019608	0.185049019607843	0	0	0	0
1425388	Archaea_76	tRNA-synt_His	PF13393.6	0	0	0	0	0	0	0	23.0425055928412	5.74496644295302	0	0.225205070842655	3.26472781506339	0	0	0	1.3392990305742	0	0	0	0	0	0.20730797912006	0	0.223713646532438	0.319164802386279	0	0	0	0
1510354	Archaea_76	Adenylsucc_synt	PF00709.21	0	0.0967117988394584	0	0	0	0	0	24.3681495809155	7.31141199226306	0	0.0386847195357834	4.04835589941973	0	0	0	1.42359767891683	0	0	0	0	0	0.193423597678917	0	0	0.388136686009026	0	0	0	0
