gene_callers_id	source	gene_name	gene_hmm_id	WAM_ALR	WAM_CCR	WAM_IPI	WAM_MAR	WAM_MYS	WAM_PBL	WAM_PJN	WAM_PPR	WAM_PST	WAM_ROL	WAM_SCR	WAM_SGN	WAM_SIS	WAM_TWN	WAR_ALR	WAR_CCR	WAR_IPI	WAR_MAR	WAR_MYS	WAR_PBL	WAR_PJN	WAR_PPR	WAR_PSK	WAR_PST	WAR_RNW	WAR_ROL	WAR_SCR	WAR_SGL	WAR_SIS
354219	Archaea_76	RNA_pol_Rpb6	PF01192.22	1.4640522875817	2.25490196078431	0.408496732026144	20.3333333333333	11.1928104575163	12.9640522875817	8.0718954248366	13.3888888888889	4.49673202614379	1.94117647058824	8.39542483660131	1.6078431372549	0.277777777777778	5.00980392156863	0	1.28104575163399	0	0.117647058823529	0	2.50653594771242	0	3.4281045751634	0.607843137254902	0.633986928104575	0	0	5.67320261437909	1.82679738562091	0.493464052287582
367523	Archaea_76	tRNA-synt_1d	PF00750.19	1.06735159817352	1.42751141552511	0.0136986301369863	17.6586757990868	7.68493150684932	13.3470319634703	5.06392694063927	24.5787671232877	7.4777397260274	3.07077625570776	12.4914383561644	2.59417808219178	0.476598173515982	12.0724885844749	0.341324200913242	2.5216894977169	0	0.837328767123288	0.873858447488584	1.33618721461187	0.85958904109589	4.71746575342466	0.828196347031963	1.32648401826484	1.56050228310502	0.172374429223744	6.92751141552511	0.849885844748858	0.171803652968037
368519	Archaea_76	Ribosomal_S2	PF00318.20	1.4980694980695	3.35778635778636	0.997425997425998	18.4028314028314	5.04890604890605	19.1325611325611	7.55598455598456	29.001287001287	9.03474903474904	3.41570141570142	11.4646074646075	2.54697554697555	0.868725868725869	15.4491634491634	0	0.774774774774775	0.283140283140283	1.57271557271557	0.773487773487774	3.32303732303732	2.14285714285714	3.94079794079794	0.523809523809524	2.24195624195624	0.604890604890605	0.162162162162162	7.11840411840412	1.95624195624196	0.607464607464608
368520	Archaea_76	Ribosomal_S9	PF00380.19	2.46511627906977	2.53488372093023	0.780361757105943	29.1886304909561	7.84754521963824	11.5478036175711	7.56330749354005	23.6976744186047	7.61757105943152	6.78036175710594	9.64857881136951	2.04392764857881	0.0697674418604651	13.2454780361757	0	0.777777777777778	0.679586563307494	1.53229974160207	0.0697674418604651	0.400516795865633	0.0335917312661499	4.16020671834625	0.387596899224806	4.08268733850129	2.5374677002584	0	8.10077519379845	1.58914728682171	1.48837209302326
368521	Archaea_76	Ribosomal_L13	PF00572.18	0.506578947368421	2.46710526315789	0.68640350877193	23.7171052631579	6.54824561403509	17.6600877192982	5.28508771929825	21.3552631578947	5.91228070175439	1.96491228070175	14.1732456140351	3.01315789473684	0.25	15.5877192982456	0	1.79824561403509	0	0.00657894736842105	0.581140350877193	0.210526315789474	1.47587719298246	3.31140350877193	0	1.91666666666667	0.793859649122807	0	7.88157894736842	0	0.824561403508772
450339	Archaea_76	Ribosomal_S15	PF00312.22	0.0588235294117647	4.05882352941176	0	8.96078431372549	1.52941176470588	8.19117647058824	5.49019607843137	5.36274509803922	1.65196078431373	1.5343137254902	2.28921568627451	0.647058823529412	0.740196078431373	6.52941176470588	0	1.68627450980392	0	0	0	0.318627450980392	0.205882352941176	0	0.852941176470588	0.71078431372549	0	0	0.524509803921569	0	0
1248589	Archaea_76	Ribosomal_S7	PF00177.21	1.98279569892473	1.78494623655914	0	9.59139784946237	2.74193548387097	3.51182795698925	3.81075268817204	7.19569892473118	4.22795698924731	1.77849462365591	3.00430107526882	1.87741935483871	0	5.85161290322581	0	0.926881720430108	0	0.718279569892473	0	0.832258064516129	0.87741935483871	4.39784946236559	0	0.647311827956989	0.649462365591398	0	4.9505376344086	2.79354838709677	0.533333333333333
1384564	Archaea_76	Ribosomal_S11	PF00411.19	2.96946564885496	3.54961832061069	1.30788804071247	19.7022900763359	5.02290076335878	11.7684478371501	2.54198473282443	32.3282442748092	8.11704834605598	4.47837150127226	6.69211195928753	0.424936386768448	0.274809160305344	7.82188295165394	0	3.15267175572519	0	0.867684478371501	0.569974554707379	1.78625954198473	1.61832061068702	2.40458015267176	0.73027989821883	0.806615776081425	1.20356234096692	0	5.10941475826972	1.09669211195929	0.279898218829517
1384565	Archaea_76	Ribosomal_S13	PF00416.22	1.28571428571429	6.54232804232804	0.970899470899471	15.1640211640212	7.29100529100529	13.7195767195767	5.77777777777778	30.4232804232804	11.5978835978836	5.80687830687831	6.72486772486772	4.18518518518519	0.888888888888889	11.4920634920635	0	1.32804232804233	0	0.664021164021164	0.182539682539683	1.52645502645503	2.06084656084656	3.78306878306878	0.552910052910053	0.611111111111111	2.18253968253968	0	5.65343915343915	0.153439153439153	0.476190476190476
1384568	Archaea_76	SecY	PF00344.20	2.28656273199703	3.29027468448404	0.335560504825538	19.3674832962138	7.91165553080921	10.7958426132146	6.26280623608018	24.8745360059391	7.08092056421678	5.5449146250928	12.8715664439495	1.55827765404603	1.11061618411284	10.1299183370453	0.224201930215293	2.33630289532294	0.167780252412769	0.230883444691908	0.210096510764662	1.94654788418708	0.722345953971789	2.89755011135857	0.514476614699332	1.51744617668894	0.393466963622866	0	6.74016332590943	0.386785449146251	0
1384573	Archaea_76	Ribosomal_L6	PF00347.23	0.969202898550725	5.375	0.114130434782609	18.8224637681159	9.27898550724638	15.518115942029	5.90217391304348	27.1231884057971	6.66304347826087	4.54166666666667	10.5724637681159	0.134057971014493	0	11.2047101449275	0.751811594202899	0.547101449275362	0.15036231884058	0.931159420289855	0.0271739130434783	0.615942028985507	0	3.0018115942029	0.530797101449275	0.320652173913043	0.846014492753623	0	7.59239130434783	1.09057971014493	0
1384574	Archaea_76	Ribosomal_S8	PF00410.19	2.27568922305764	2.62907268170426	0.573934837092732	20.6165413533835	11.8020050125313	11.9147869674185	1.40100250626566	19.3358395989975	6.57393483709273	0.962406015037594	8.53132832080201	1.33333333333333	0	14.5513784461153	1.89974937343358	1.80952380952381	0.49874686716792	1.51127819548872	1.43859649122807	0.776942355889724	0.130325814536341	5.69172932330827	0.451127819548872	2.19047619047619	1.57142857142857	0	9.19298245614035	0.756892230576441	0
1384578	Archaea_76	Ribosomal_L14	PF00238.19	1.01084010840108	3.24661246612466	0	23.319783197832	5.19241192411924	16.2872628726287	6.27913279132791	27.4254742547425	11.8130081300813	4.37940379403794	15.0027100271003	1.8319783197832	0	16.8834688346883	0	2.43089430894309	0	2.78319783197832	0.501355013550135	3.10027100271003	2.82926829268293	3.77777777777778	1.54742547425474	1.42818428184282	0.7289972899729	0	6.05962059620596	1.84010840108401	0
1384579	Archaea_76	Ribosomal_S17	PF00366.20	0.10727969348659	5.29501915708812	0	23.6283524904215	6.28735632183908	13.3371647509579	9.36015325670498	27.3448275862069	9.65900383141762	7.13793103448276	15.1455938697318	5.34865900383142	0	17.7432950191571	0	3.85823754789272	1.13793103448276	1.16091954022989	0.137931034482759	1.6360153256705	4.2911877394636	0.773946360153257	1.98084291187739	0.804597701149425	1.78544061302682	0	8.272030651341	0.670498084291188	0.176245210727969
1384580	Archaea_76	Ribosomal_L29	PF00831.23	1.203125	6.23958333333333	0	29.1979166666667	8.32291666666667	22.859375	9.99479166666667	25.4791666666667	5.45833333333333	4.4375	13.28125	5	0.583333333333333	10.9791666666667	0	1.08854166666667	0	0.53125	0.609375	2.234375	1.109375	0.385416666666667	0.015625	1.46875	0.645833333333333	0	9.93229166666667	2.38020833333333	0.651041666666667
1384581	Archaea_76	Ribosomal_L16	PF00252.18	1.11666666666667	2.82380952380952	0	26.802380952381	6.75952380952381	13.8428571428571	4.9952380952381	22.602380952381	11.2261904761905	2.97142857142857	13.6642857142857	5.25714285714286	1	12.4904761904762	0	1.6547619047619	0	0.457142857142857	1.59047619047619	1.68571428571429	2.05952380952381	5.33571428571429	1.03571428571429	1.1047619047619	1.7047619047619	0	9.72142857142857	1.61904761904762	0.283333333333333
1384583	Archaea_76	Ribosomal_L22	PF00237.19	1.11779448621554	0.556390977443609	0.075187969924812	18.0025062656642	9.53132832080201	10.0927318295739	3.8546365914787	22.1027568922306	10.5563909774436	3.57644110275689	4.82957393483709	4.3734335839599	0.395989974937343	6.40100250626566	0	1.5187969924812	0	1.76441102756892	0	0.80952380952381	0.616541353383459	4.7593984962406	0.120300751879699	1.82205513784461	1.1203007518797	0	4.66165413533835	1.51378446115288	0
1384584	Archaea_76	Ribosomal_S19	PF00203.21	4.48518518518518	2.1037037037037	0	16.9037037037037	3.87407407407407	17.862962962963	3.47037037037037	24.4740740740741	7.6037037037037	2.24074074074074	6.30740740740741	4.85555555555556	1.11481481481481	9.78148148148148	0	1.80740740740741	0	1.34444444444444	0	3.03703703703704	0.837037037037037	4.69259259259259	0.355555555555556	2.07777777777778	0.525925925925926	0	7.48148148148148	0	0
1384586	Archaea_76	Ribosomal_L23	PF00276.20	0.800687285223368	4.43642611683849	1.61512027491409	19.2268041237113	6.11340206185567	10.233676975945	6.10652920962199	30.254295532646	5.84879725085911	2.68384879725086	6.52920962199313	1.34707903780069	1.01374570446735	7.00343642611684	0	1.54639175257732	0	0	0.769759450171821	0	0	0.84192439862543	0	0.838487972508591	0.70446735395189	0	5.99312714776632	0	0
1065199	Archaea_76	Ribosomal_L1	PF00687.21	0.544011544011544	3.11399711399711	0.434343434343434	15.8196248196248	3.18037518037518	5.86724386724387	6.66955266955267	16.049062049062	7.001443001443	1.37373737373737	5.47763347763348	2.76767676767677	1.09090909090909	9.44444444444444	0	1.08225108225108	0	1.27272727272727	0.744588744588745	0.653679653679654	0.782106782106782	1.51803751803752	0.0274170274170274	0.623376623376623	0.486291486291486	0	3.12121212121212	0.366522366522367	0
1074173	Archaea_76	AdoHcyase	PF05221.17	0.520833333333333	0.930555555555556	0	4.52083333333333	1.30381944444444	4.02604166666667	2.84201388888889	9.94965277777778	2.13888888888889	1.55381944444444	2.21180555555556	0.00694444444444444	0.524305555555556	2.60243055555556	0	1.30902777777778	0.0677083333333333	0.0833333333333333	0	0.524305555555556	0	0.940972222222222	0	0.125	0	0	3.06597222222222	0	0
1111456	Archaea_76	RNase_HII	PF01351.18	2.08291873963516	1.30348258706468	0	11.6733001658375	3.62354892205639	10.6799336650083	4.27694859038143	18.8805970149254	5.67164179104478	3.46932006633499	10.6898839137645	0.499170812603648	0	14.7661691542289	0	0.66334991708126	0	0.500829187396352	0	0	0	1.24212271973466	0	0.398009950248756	0.177446102819237	0	3.96019900497513	0.0232172470978441	1.02155887230514
1136628	Archaea_76	NDK	PF00334.19	1.36666666666667	2.56190476190476	0.0666666666666667	13.7809523809524	5.81904761904762	15.6904761904762	3.25	24.2214285714286	4.55952380952381	3.24047619047619	9.78809523809524	2.50952380952381	0.678571428571429	13.1214285714286	0	1.83809523809524	0	2.20952380952381	0	0.883333333333333	0.0285714285714286	3.55238095238095	0.178571428571429	1.69047619047619	1.75	0.69047619047619	7.24047619047619	1.07142857142857	0
880452	Archaea_76	HMG-CoA_red	PF00368.18	1.34309309309309	2.15465465465465	0.353603603603604	11.4827327327327	4.67117117117117	10.1328828828829	3.61636636636637	19.7807807807808	5.86111111111111	3.71471471471471	8.53003003003003	1.10810810810811	0.642642642642643	7.9451951951952	0.632882882882883	0.715465465465465	0.0578078078078078	0.322072072072072	0.40990990990991	0.701201201201201	0.804054054054054	3.07207207207207	0	1.28228228228228	0.436186186186186	0.225975975975976	5.52252252252252	0.338588588588589	0
1599199	Archaea_76	tRNA-synt_1c	PF00749.21	0.939632545931758	2.45472440944882	0	20.4829396325459	6.13582677165354	15.8070866141732	5.97309711286089	25.7716535433071	7.7250656167979	3.15157480314961	11.2309711286089	4.18372703412073	1.08727034120735	15.507217847769	0.584645669291339	1.2250656167979	0.031496062992126	1.03215223097113	0	1.61023622047244	0.37007874015748	2.9507874015748	0.593175853018373	1.6745406824147	1.31364829396325	0.454068241469816	5.63582677165354	0.244750656167979	0.196850393700787
213612	Archaea_76	Ribosomal_L1	PF00687.21	0.334776334776335	0.799422799422799	0.432900432900433	5.79365079365079	3.08513708513708	9.62193362193362	2.55844155844156	14.0678210678211	4.63059163059163	2.04040404040404	4.43722943722944	0.434343434343434	0.141414141414141	5.6969696969697	0.203463203463203	1.54256854256854	0	0.756132756132756	0.435786435786436	1.56277056277056	0.649350649350649	4.36507936507936	0	0.496392496392496	0.865800865800866	0.0865800865800866	2.84271284271284	0.898989898989899	0.434343434343434
241334	Archaea_76	TIM	PF00121.18	2.29674796747967	1.96205962059621	0.407859078590786	15.8712737127371	7.94037940379404	9.99186991869919	4.97289972899729	18.2262872628726	11.5921409214092	5.37262872628726	6.90243902439024	4.80352303523035	0.36449864498645	14.6558265582656	0.882113821138211	4.09891598915989	0	0.409214092140921	0.357723577235772	1.15176151761518	1.22493224932249	3.37127371273713	0	2.43766937669377	0	0	4.91869918699187	1.27371273712737	0
249142	Archaea_76	Ribosomal_L23	PF00276.20	0	0.0689655172413793	0	9.37931034482758	2.7816091954023	5.74712643678161	0.804597701149425	5.47126436781609	0.35632183908046	2.16091954022989	2.42528735632184	0.310344827586207	0	6.64367816091954	0.724137931034483	0.35632183908046	0	0.471264367816092	0.620689655172414	0.172413793103448	0	1.35632183908046	0	0.0229885057471264	0.919540229885058	0	3.66666666666667	0	0
249143	Archaea_76	Ribosomal_L4	PF00573.22	0.248803827751196	4.00318979266348	0	17.3014354066986	5.98564593301435	12.7129186602871	4.35885167464115	21.1626794258373	5.58373205741627	4.43381180223285	9.75757575757576	2.06060606060606	0.481658692185008	15.9377990430622	0.373205741626794	1.90909090909091	0	0.888357256778309	0.266347687400319	0.752791068580542	0.71451355661882	4.51993620414673	0	1.40031897926635	0.545454545454545	0	5.47846889952153	0.167464114832536	0
249144	Archaea_76	Ribosomal_L3	PF00297.22	2.11003236245955	2.60517799352751	0	15.9368932038835	6.13592233009709	18.0275080906149	4.90291262135922	22.8802588996764	8.25728155339806	6.28640776699029	9.72491909385113	1.99190938511327	0.768608414239482	12.3171521035599	0.469255663430421	1.6537216828479	0.3042071197411	0	0.368932038834951	2.98867313915858	0.249190938511327	4.78155339805825	0	1.2588996763754	0.715210355987055	0.48705501618123	8.70550161812298	0.563106796116505	0.135922330097087
559519	Archaea_76	Ham1p_like	PF01725.16	1.17089678510998	1.93739424703892	0.50253807106599	11.409475465313	5.99830795262267	8.61082910321489	2.65651438240271	19.9390862944162	6.14382402707276	1.68189509306261	9.82910321489002	1.92724196277496	0.815566835871404	12.7005076142132	0.314720812182741	4.35194585448393	0	0	0.433164128595601	1.33164128595601	0.255499153976311	1.53130287648054	0	2.18104906937394	1.01353637901861	0.429780033840948	3.71404399323181	1.38917089678511	0.842639593908629
1480485	Archaea_76	tRNA-synt_His	PF13393.6	0.733630952380952	1.640625	0.743303571428571	13.2953869047619	4.31770833333333	9.14285714285714	2.47916666666667	16.2001488095238	5.72321428571429	4.43973214285714	5.90178571428571	1.78497023809524	0.223214285714286	11.4635416666667	0.449404761904762	1.92410714285714	0	0.816220238095238	0.11235119047619	1.89880952380952	0.148065476190476	2.3266369047619	0.497767857142857	1.33333333333333	0.953869047619048	0	4.18377976190476	0.838541666666667	0.223214285714286
