gene_callers_id	source	gene_name	gene_hmm_id	WAM_ALR	WAM_CCR	WAM_IPI	WAM_MAR	WAM_MYS	WAM_PBL	WAM_PJN	WAM_PPR	WAM_PST	WAM_ROL	WAM_SCR	WAM_SGN	WAM_SIS	WAM_TWN	WAR_ALR	WAR_CCR	WAR_IPI	WAR_MAR	WAR_MYS	WAR_PBL	WAR_PJN	WAR_PPR	WAR_PSK	WAR_PST	WAR_RNW	WAR_ROL	WAR_SCR	WAR_SGL	WAR_SIS
379820	Archaea_76	Ribosomal_S2	PF00318.20	1.55743243243243	5.78040540540541	2.40540540540541	1.74774774774775	3.43355855855856	1.7545045045045	3.78265765765766	5.15765765765766	2.57882882882883	0.34009009009009	4.11936936936937	1.90765765765766	2.06644144144144	0.859234234234234	0.731981981981982	1.88851351351351	0.539414414414414	1.32545045045045	3.20382882882883	1.69256756756757	3.38738738738739	2.71621621621622	1.59234234234234	2.03378378378378	2.29617117117117	1.23873873873874	5.96621621621622	0.56981981981982	1.15540540540541
379837	Archaea_76	RNA_pol_Rpb6	PF01192.22	2.31884057971015	5.47826086956522	2.67874396135266	1.98792270531401	2.21739130434783	4.03140096618357	4.27294685990338	6.50966183574879	2.26570048309179	1.54830917874396	1.85748792270531	3.72463768115942	1.13285024154589	1.60869565217391	1.40579710144928	2.2463768115942	0.364734299516908	0	2.48550724637681	0.601449275362319	5.72222222222222	4.71739130434783	2.07246376811594	1.29227053140097	3.8743961352657	0.0434782608695652	4.33333333333333	1.82850241545894	0
381926	Archaea_76	tRNA-synt_1d	PF00750.19	1.91869918699187	3.00174216027875	1.85714285714286	1.71718931475029	2.44018583042973	1.3054587688734	2.9581881533101	2.58710801393728	2.45296167247387	0.170731707317073	2.85017421602787	3.19628339140534	0.750290360046458	1.13414634146341	0.846689895470383	1.91811846689895	0.183507549361208	1.03135888501742	1.49941927990708	0.349593495934959	2.23519163763066	3.08710801393728	0.911730545876887	1.47502903600465	1.92102206736353	0.878048780487805	5.16957026713124	1.95354239256678	0.437282229965157
1056006	Archaea_76	tRNA-synt_1c	PF00749.21	1.0639880952381	4.11904761904762	4.24479166666667	2.36904761904762	3.07886904761905	1.93005952380952	3.56845238095238	4.41369047619048	3.63690476190476	0	3	2.4672619047619	1.13020833333333	0.953869047619048	1.20386904761905	4.53050595238095	1.08110119047619	1.3452380952381	2.31547619047619	1.88839285714286	2.2358630952381	2.19122023809524	1.11607142857143	1.13541666666667	1.33110119047619	0.447916666666667	5.75223214285714	2.62053571428571	0.554315476190476
1056198	Archaea_76	Ribosomal_S15	PF00312.22	3.42222222222222	4.43703703703704	3.15925925925926	4.5037037037037	8.57037037037037	3.38888888888889	4.05185185185185	3.48148148148148	5.95185185185185	2.34074074074074	6.18148148148148	4.11851851851852	1.6962962962963	1.42962962962963	2.58148148148148	2.34444444444444	0.955555555555556	1.78518518518519	4.37407407407407	4.60740740740741	1.33703703703704	1.99259259259259	1.14814814814815	0.662962962962963	1.58888888888889	0.444444444444444	6.60740740740741	1.46296296296296	2.21851851851852
1057505	Archaea_76	Ribosomal_S7	PF00177.21	1.11889596602972	3.28874734607219	2.72186836518047	4.70276008492569	3.42462845010616	1	4.05095541401274	4.56687898089172	2.6411889596603	2.02335456475584	5.47346072186837	2.79193205944798	1.02972399150743	0.70276008492569	1.55414012738854	2.70063694267516	1.66242038216561	1.44585987261146	4.43312101910828	1.61783439490446	1.28450106157113	3.64968152866242	0	1.74522292993631	1.2484076433121	0.390658174097665	2.3651804670913	0.641188959660297	1.2208067940552
1057506	Archaea_76	Ribosom_S12_S23	PF00164.25	2.2258064516129	1.60483870967742	1.74462365591398	2.88709677419355	5.83602150537634	3.06720430107527	1.99193548387097	6.19086021505376	2.37365591397849	1.39516129032258	2.75	3.76075268817204	0.709677419354839	1.57795698924731	0.5	2.19354838709677	0.809139784946237	0.768817204301075	0.685483870967742	1.98387096774194	1.73924731182796	1.81451612903226	1.36290322580645	2.1505376344086	2.20430107526882	1.83870967741935	4.10483870967742	0	0.809139784946237
1057511	Archaea_76	Ribosomal_L1	PF00687.21	2.93650793650794	3.02741702741703	1.60894660894661	2.60894660894661	0.229437229437229	0.656565656565657	2.6984126984127	3.02886002886003	1.82683982683983	1.95526695526696	1.57431457431457	3.95815295815296	1.73304473304473	0.634920634920635	0.747474747474748	3.4011544011544	2.29004329004329	0.847041847041847	2.1962481962482	0.714285714285714	2.17027417027417	1.46753246753247	0.913419913419914	0.653679653679654	1.25685425685426	0.431457431457431	3.87301587301587	1.93362193362193	1.15007215007215
1061649	Archaea_76	RNase_HII	PF01351.18	5.29646697388633	5.29185867895545	2.91705069124424	4.963133640553	5.57757296466974	3.39016897081413	6.17818740399386	3.04761904761905	3.08141321044547	3.13517665130568	8.10906298003072	5.16282642089094	1.32258064516129	1.49308755760369	0.857142857142857	5.06758832565284	0.717357910906298	0.554531490015361	4.54838709677419	2.47619047619048	3.70506912442396	4.25652841781874	0.463901689708141	1.17511520737327	1.86943164362519	0.443932411674347	4.04454685099846	0.824884792626728	1.26113671274962
1122826	Archaea_76	NDK	PF00334.19	3.90887290167866	5.30695443645084	5.41247002398082	0.474820143884892	2.88009592326139	1.19184652278177	4.61390887290168	6.10551558752998	1.31654676258993	0.683453237410072	4.37410071942446	1.57553956834532	0.724220623501199	0	2.50599520383693	5.35971223021583	0.026378896882494	0.705035971223022	1.16306954436451	0.750599520383693	1.70023980815348	5.73381294964029	1.73141486810552	1.44604316546763	1.08872901678657	0.474820143884892	8.26378896882494	1.58992805755396	0.3621103117506
1624138	Archaea_76	Adenylsucc_synt	PF00709.21	1.0015467904099	2.06419180201083	1.46867749419954	3.83372003093581	2.93735498839907	2.73936581593194	3.87857695282289	5.55375096674401	1.69760247486466	1.68290796597061	3.51430781129157	2.84145398298531	0.77107501933488	0.779582366589327	0.924207269914926	3.51430781129157	1.41608662026295	1.20959010054138	2.25986078886311	1.18561484918794	1.36349574632637	2.24207269914927	1.25444702242846	1.86233565351895	1.39597834493426	0.809744779582367	3.92807424593968	2.44624903325599	0.103634957463264
1624139	Archaea_76	tRNA-synt_His	PF13393.6	1.78119658119658	4.43760683760684	2.97521367521368	3.83504273504274	3.97179487179487	1.86752136752137	3.9982905982906	4.74871794871795	3.59059829059829	0.505128205128205	4.58290598290598	3.05641025641026	0.834188034188034	0.490598290598291	0.464102564102564	2.37777777777778	0.983760683760684	1.12478632478632	2.62564102564103	3.06068376068376	3.01196581196581	2.72649572649573	0.725641025641026	1.8034188034188	1.1957264957265	1.17350427350427	4.88461538461539	0.642735042735043	0.763247863247863
1663120	Archaea_76	AdoHcyase	PF05221.17	2.5668202764977	5.11981566820277	1.52995391705069	3.42012288786482	3.7273425499232	2.98079877112135	3.67434715821813	5.64900153609831	2.11674347158218	1.32334869431644	6.53917050691244	3.59139784946237	1.37403993855607	1.05376344086022	1.86175115207373	4.01689708141321	1.06912442396313	1.69047619047619	3.88402457757296	1.96543778801843	1.25883256528418	5.25345622119816	0.842549923195084	0.884024577572965	1.92626728110599	1.98463901689708	6.01228878648234	2.86021505376344	0.579877112135177
216431	Archaea_76	tRNA-synt_His	PF13393.6	2.15793650793651	3.60873015873016	3.19206349206349	3.18412698412698	4.44285714285714	2.75396825396825	4.91825396825397	4.45079365079365	1.68968253968254	0.479365079365079	4.68412698412698	4.46507936507937	1.73650793650794	1.55238095238095	0.795238095238095	3.15714285714286	0.676190476190476	1.40079365079365	2.37936507936508	0.636507936507936	3.00793650793651	2.70079365079365	2.5968253968254	2.68174603174603	1.88650793650794	0.755555555555556	6.43809523809524	0.765873015873016	1.11666666666667
350668	Archaea_76	Ribosomal_S11	PF00411.19	2.34848484848485	4.98737373737374	4.6010101010101	4.01262626262626	1.57323232323232	1.08333333333333	4.08838383838384	4.32575757575758	1.56565656565657	0.835858585858586	2.66161616161616	1.98989898989899	0.381313131313131	0.439393939393939	0.265151515151515	3.87626262626263	0.815656565656566	0.757575757575758	4.11868686868687	2.79040404040404	1.32575757575758	2.38888888888889	0	1.83080808080808	2.09343434343434	0.997474747474748	5.43181818181818	0	0
350669	Archaea_76	Ribosomal_S13	PF00416.22	4.44986449864499	4.50406504065041	3.11924119241192	1.23035230352304	4.50677506775068	2.99457994579946	3.85094850948509	4.92411924119241	2.88346883468835	2.55555555555556	9.29810298102981	2.23848238482385	0.468834688346883	0.420054200542005	0.772357723577236	5.49593495934959	1.710027100271	2.39566395663957	2.52032520325203	0.029810298102981	3.98373983739837	2.94037940379404	0.859078590785908	1.91327913279133	3.03523035230352	0.428184281842818	7.26558265582656	0.78319783197832	1.20867208672087
350671	Archaea_76	SecY	PF00344.20	2.09962546816479	3.80299625468165	3.04269662921348	2.66441947565543	6.12059925093633	2.58501872659176	4.0434456928839	4.24794007490637	3.71385767790262	0.649438202247191	5.87790262172285	2.99775280898876	0.810486891385768	0.564044943820225	0.661423220973783	3.32134831460674	1.0749063670412	1.09513108614232	3.70262172284644	1.75056179775281	1.69662921348315	2.34157303370787	0.997003745318352	1.19026217228464	1.23220973782772	1.23520599250936	5.04569288389513	1.41498127340824	0.790262172284644
350676	Archaea_76	Ribosomal_L6	PF00347.23	1.71722846441948	5.46629213483146	2.02247191011236	2.64606741573034	3.28464419475655	1.81460674157303	6.28838951310861	2.7940074906367	2.6685393258427	0.565543071161049	3.58426966292135	3.04494382022472	0.382022471910112	1.01498127340824	1.54868913857678	3.29962546816479	0.780898876404494	0.659176029962547	2.0749063670412	0.668539325842697	2.83895131086142	2.78651685393258	0.743445692883895	2.41385767790262	2.18913857677903	1.70037453183521	3.32209737827715	1.22284644194757	1.14606741573034
350677	Archaea_76	Ribosomal_S8	PF00410.19	1.59649122807018	5.30075187969925	5.19047619047619	3.68421052631579	6.28070175438596	4.30576441102757	4.86466165413534	4.3734335839599	5.98997493734336	0.378446115288221	3.55639097744361	4.12531328320802	0.746867167919799	1.99749373433584	1.88721804511278	3.14285714285714	0.739348370927318	0	4.77694235588972	0.964912280701754	0.964912280701754	1.02005012531328	3.10275689223058	1.08521303258145	0.864661654135338	3.48370927318296	7.85964912280702	3.36591478696742	2.4937343358396
350681	Archaea_76	Ribosomal_L14	PF00238.19	1.75609756097561	6.29810298102981	3.57994579945799	3.79945799457995	1.9159891598916	1.84552845528455	2.0650406504065	6.64769647696477	1.17344173441734	1.71273712737127	2.67208672086721	1.37940379403794	0	0.409214092140921	1.68292682926829	3.21951219512195	0	2.53116531165312	1.45528455284553	0.306233062330623	5.60975609756098	5.06233062330623	1.1219512195122	0.43360433604336	1.85907859078591	1.57181571815718	2.03252032520325	3.04878048780488	0.921409214092141
350682	Archaea_76	Ribosomal_S17	PF00366.20	0.218106995884774	8.60493827160494	1.66255144032922	6.22222222222222	7.72427983539095	1.67078189300412	2.76543209876543	6.4238683127572	0.839506172839506	2.46913580246914	2.61316872427984	3.76131687242798	1.05349794238683	3.03703703703704	0.325102880658436	7.15637860082305	2.04115226337449	0.037037037037037	2.5843621399177	0.530864197530864	2.41152263374486	2.92592592592593	0.102880658436214	2.13168724279835	2.66255144032922	1.19753086419753	5.50205761316872	4.35390946502058	0.691358024691358
350683	Archaea_76	Ribosomal_L29	PF00831.23	0.60093896713615	9.62441314553991	2	3.76056338028169	6.43661971830986	3.21596244131455	1.55399061032864	8.29577464788732	2.26291079812207	2.30046948356808	8.46948356807512	2.35211267605634	2	0.107981220657277	3.31924882629108	2.24882629107981	1.5962441314554	0.784037558685446	0.976525821596244	0.708920187793427	0.103286384976526	5.77934272300469	1.08450704225352	1.69483568075117	1.16431924882629	0	5.52112676056338	0.76056338028169	1.55399061032864
350684	Archaea_76	Ribosomal_L16	PF00252.18	3.1047619047619	2.44523809523809	4.03333333333333	4.42380952380952	5.24285714285714	3.1047619047619	3.46904761904762	5.65238095238095	6.96666666666667	0.528571428571429	6.41666666666667	4.32380952380952	1.55952380952381	1.13095238095238	2.77857142857143	1.83095238095238	0.204761904761905	1.03095238095238	4.91190476190476	0.678571428571429	3.45238095238095	3.65952380952381	1.02619047619048	1.51190476190476	0.0309523809523809	0.357142857142857	7.0047619047619	1.05952380952381	0.676190476190476
350686	Archaea_76	Ribosomal_L22	PF00237.19	3.23884514435696	5.02624671916011	1.12335958005249	2.89238845144357	3.70603674540682	3.39370078740157	3.36745406824147	4.05249343832021	1.67191601049869	1.75590551181102	2.38845144356955	5.08398950131234	0.847769028871391	0.433070866141732	1.27296587926509	5.06561679790026	1.54068241469816	0.372703412073491	4.0498687664042	1.05249343832021	2.89238845144357	6.69553805774278	0.396325459317585	4.70603674540682	3.41469816272966	1.99212598425197	5.76902887139108	4.20209973753281	0.816272965879265
350687	Archaea_76	Ribosomal_S19	PF00203.21	1.93840579710145	6.91304347826087	1.45652173913043	4.66666666666667	3.17028985507246	1.66666666666667	4.88768115942029	4.00724637681159	6.31521739130435	1.32246376811594	3.88405797101449	0.376811594202899	0.615942028985507	0	1.8804347826087	3.8804347826087	0	0	3.8731884057971	2.1231884057971	2.71014492753623	5.69202898550725	2.68115942028985	4.03260869565217	2.10507246376812	1.57971014492754	2.69927536231884	3.93840579710145	2.03623188405797
350689	Archaea_76	Ribosomal_L23	PF00276.20	2.71253822629969	3.24770642201835	0.36085626911315	4.15290519877676	0.969418960244648	5.20489296636086	5.07033639143731	2.74923547400612	3.57492354740061	1.9388379204893	0.614678899082569	3.86238532110092	0	0.055045871559633	0.100917431192661	3.08256880733945	0.467889908256881	1.70030581039755	3.11009174311927	0.740061162079511	5.73394495412844	2.51070336391437	0.63914373088685	2.1131498470948	0.0703363914373089	1.18042813455658	4.32110091743119	0.363914373088685	1.42507645259939
350690	Archaea_76	Ribosomal_L4	PF00573.22	1.49676375404531	3.42233009708738	1.97411003236246	1.24919093851133	2.23139158576052	2.10517799352751	4.07928802588997	3.47411003236246	2.43851132686084	0.44336569579288	1.19093851132686	6.81553398058252	0.48705501618123	0.932038834951456	1.11974110032362	2.9546925566343	0.822006472491909	1.18284789644013	3.6504854368932	1.57281553398058	2.75080906148867	2.80744336569579	0.618122977346278	0.733009708737864	0.48705501618123	2.42071197411003	5.69902912621359	1.46925566343042	0.587378640776699
350691	Archaea_76	Ribosomal_L3	PF00297.22	1.61111111111111	5.84814814814815	3.75555555555556	1.28518518518519	4.01111111111111	1.78395061728395	3.57901234567901	4.11234567901235	2.2716049382716	0.744444444444444	4.80864197530864	3.87283950617284	0.519753086419753	0.790123456790123	1.36296296296296	2.56913580246914	1.23703703703704	1.75432098765432	3.88765432098765	1.65432098765432	1.84567901234568	4.53703703703704	1.35679012345679	1.57530864197531	0.492592592592593	1.01234567901235	3.54691358024691	1.76172839506173	0.804938271604938
587116	Archaea_76	AdoHcyase	PF05221.17	2.29437229437229	4.41125541125541	3.35497835497836	2.82251082251082	0.229437229437229	1.23809523809524	5.20779220779221	3.24242424242424	0.242424242424242	1.36796536796537	5.71428571428571	1.94805194805195	0	0.653679653679654	1.06493506493506	3.32467532467532	0.229437229437229	1.00865800865801	1.46753246753247	0.229437229437229	3.47186147186147	2.03030303030303	0.649350649350649	0.701298701298701	0	0.887445887445887	4.56709956709957	1.57575757575758	0.0303030303030303
601597	Archaea_76	tRNA-synt_1c	PF00749.21	2.87997107736804	3.2704266088214	2.85683297180043	2.60086767895879	4.65003615328995	2.53362255965293	5.19522776572668	2.79754157628344	5.35502530730296	1.51048445408532	5.14895155459147	2.79537237888648	0.534345625451916	1.03832248734635	0.494577006507592	3.38684020245842	0.4352856109906	0.701373825018077	1.93926247288503	1.91250903832249	2.21981200289226	3.52494577006508	0.40997830802603	0.885032537960954	1.03181489515546	0.654374548083876	5.40419378163413	1.29139551699205	0.623282718727404
601605	Archaea_76	Ribosomal_L13	PF00572.18	1.49145299145299	3.49145299145299	1.69871794871795	2.13461538461538	2.80555555555556	3.59615384615385	5.72649572649573	4.30555555555556	3.22435897435897	1.99145299145299	6.85897435897436	2.72649572649573	1.15598290598291	0.978632478632479	1.35683760683761	4.41025641025641	0.94017094017094	1.17094017094017	3.72222222222222	1.36965811965812	3.12393162393162	1.98931623931624	0.474358974358974	1.12393162393162	0.536324786324786	1.15384615384615	5.44871794871795	1.09401709401709	1.69017094017094
601606	Archaea_76	Ribosomal_S9	PF00380.19	1.03529411764706	3.36470588235294	3.09803921568627	2.06274509803922	3.06274509803922	0.282352941176471	6.75294117647059	5.66274509803922	1.04313725490196	0.931372549019608	6.19411764705882	3.02745098039216	0.97843137254902	0.868627450980392	0.670588235294118	4.67647058823529	0.352941176470588	1.10980392156863	2.87843137254902	0.313725490196078	1.84705882352941	2.09607843137255	1.01176470588235	1.91372549019608	1.07450980392157	0	5.23529411764706	0.864705882352941	1.11960784313725
601647	Archaea_76	TIM	PF00121.18	1.18577075098814	1.17523056653491	2.54150197628458	1.53623188405797	2.5836627140975	1.18577075098814	3.15415019762846	4.93675889328063	3.11989459815547	0	4.74571805006588	2.22924901185771	0.782608695652174	1.39920948616601	1.46376811594203	2	0.197628458498024	0.562582345191041	1.5862977602108	2.46245059288538	3.68247694334651	4.95256916996047	1.1870882740448	0.430830039525692	1.78656126482213	2.48880105401845	5.98418972332016	1.05401844532279	0
613388	Archaea_76	tRNA-synt_1c	PF00749.21	1.36601307189542	4.94226579520697	3.66230936819172	2.71350762527233	2.66230936819172	1.72875816993464	3.4161220043573	2.3082788671024	2.12418300653595	0.328976034858388	4.73202614379085	5.74291938997821	0.209150326797386	2.43681917211329	2.2843137254902	2.54901960784314	0.139433551198257	0.656862745098039	3.1318082788671	2.0599128540305	2.80174291938998	3.6677559912854	0.986928104575163	2.07298474945534	0.87037037037037	0.970588235294118	3.77450980392157	1.59803921568627	0.398692810457516
1578629	Archaea_76	Ham1p_like	PF01725.16	3.8252427184466	5.03883495145631	1.17152103559871	3.00161812297735	3.8495145631068	1.65857605177994	5.73139158576052	6.10194174757282	5.1084142394822	2.48220064724919	5.99352750809062	5.03559870550162	0.991909385113269	1.78964401294498	0.0258899676375405	2.00809061488673	0.836569579288026	1.13754045307443	2.09385113268608	1.12621359223301	3.42394822006472	6.34304207119741	0.368932038834951	2.2831715210356	2.20388349514563	2.09546925566343	3.542071197411	2.36569579288026	2.3462783171521
