gene_callers_id	source	gene_name	gene_hmm_id	WAM_ALR	WAM_CCR	WAM_IPI	WAM_MAR	WAM_MYS	WAM_PBL	WAM_PJN	WAM_PPR	WAM_PST	WAM_ROL	WAM_SCR	WAM_SGN	WAM_SIS	WAM_TWN	WAR_ALR	WAR_CCR	WAR_IPI	WAR_MAR	WAR_MYS	WAR_PBL	WAR_PJN	WAR_PPR	WAR_PSK	WAR_PST	WAR_RNW	WAR_ROL	WAR_SCR	WAR_SGL	WAR_SIS
357673	Archaea_76	RNA_pol_Rpb6	PF01192.22	1.07407407407407	1.8974358974359	1.87464387464387	0	2.34188034188034	1.74358974358974	0.834757834757835	2.73789173789174	0.683760683760684	0	2.18803418803419	0.136752136752137	0.094017094017094	0.188034188034188	0.803418803418803	0.236467236467236	0	0	0	0	0.484330484330484	0	1.66381766381766	0.056980056980057	0.86039886039886	0	4.79202279202279	0	0
364267	Archaea_76	Ribosom_S12_S23	PF00164.25	2.48945147679325	5.77637130801688	5.38818565400844	3.84388185654008	3.25738396624473	10.6329113924051	12.2869198312236	4.53586497890295	4.45147679324895	2.05907172995781	4.35864978902954	1.40084388185654	2.16877637130802	5.86075949367089	0	3.65400843881857	0	2.25738396624473	2.13502109704641	1.47257383966245	0	2.16033755274262	0	0.421940928270042	2.74683544303797	0	15.2827004219409	0.89873417721519	0.624472573839662
364268	Archaea_76	Ribosomal_S7	PF00177.21	0.991869918699187	3.5609756097561	4.09756097560976	3.04065040650406	1.01626016260163	4.26016260162602	4.53658536585366	3.16260162601626	4.08943089430894	1.60975609756098	1.4390243902439	1.96747967479675	1.5609756097561	4.66666666666667	0	2.03252032520325	0	2.97560975609756	1.69918699186992	1.39024390243902	0	0.829268292682927	0	0.333333333333333	1.90243902439024	0	7.1219512195122	1.78048780487805	1.08130081300813
393643	Archaea_76	tRNA-synt_His	PF13393.6	0.224215246636771	0.908071748878924	1.12630792227205	0.810911808669656	3.06651718983558	1.96038863976084	6.53437967115097	1.95665171898356	0.219730941704036	0.449177877428999	0.788490284005979	0.311659192825112	0.927503736920777	0.225710014947683	0	2.83781763826607	0.174887892376682	0.224962630792227	0.626307922272048	0.25186846038864	1.53587443946188	1.02690582959641	0	0	0.225710014947683	0	5.92825112107623	0	0
1283087	Archaea_76	tRNA-synt_1d	PF00750.19	0.167224080267559	1.30044593088071	0.178372352285396	0.714046822742475	1.93422519509476	1.99832775919732	5.65997770345596	1.81047937569677	0.503344481605351	1.18673355629877	2.11426978818283	0.16778149386845	0.636008918617614	0.99386845039019	0.16778149386845	1.06410256410256	0.157190635451505	0.168338907469342	0.384615384615385	0	0.341694537346711	0.96098104793757	0	0.335562987736901	0	0	4.13768115942029	0	0
49397	Archaea_76	Ham1p_like	PF01725.16	0.363929146537842	1.58454106280193	1.05636070853462	0.484702093397746	3.04669887278583	2.18518518518519	4.51529790660225	0.966183574879227	0.742351046698873	0.0740740740740741	0.0933977455716586	0.930756843800322	1.29307568438003	0	0	0.92109500805153	0	0	0	0.326892109500805	0.286634460547504	0.570048309178744	0	0	0.924315619967794	0.396135265700483	3.64734299516908	0	0
948386	Archaea_76	tRNA-synt_1c	PF00749.21	0.352046783625731	1.81461988304094	0.625146198830409	1.05730994152047	3.99941520467836	1.18421052631579	4.88245614035088	2.55730994152047	1.20643274853801	0.390643274853801	1.04444444444444	0.239181286549708	0.450292397660819	0	0.107602339181287	2.14678362573099	0	0	0.795321637426901	0.149122807017544	1.41169590643275	1.84152046783626	0.176023391812865	0.587719298245614	0	0.176023391812865	4.70292397660819	0	0.0865497076023392
1010192	Archaea_76	AdoHcyase	PF05221.17	0.0212121212121212	2.34848484848485	1.07954545454545	1.29772727272727	2.41818181818182	2.15075757575758	7.25454545454545	1.47878787878788	0.962878787878788	1.48484848484848	1.96363636363636	0	1.26212121212121	0.228030303030303	0	2.69469696969697	0	0.45530303030303	1.12121212121212	0.228787878787879	0.681818181818182	1.59621212121212	0	0.456060606060606	0.228030303030303	0	5.86136363636364	0	0.228030303030303
1608123	Archaea_76	Ribosomal_L13	PF00572.18	0.560185185185185	1.9212962962963	1.10648148148148	3.2662037037037	0.456018518518519	2.58333333333333	2.37268518518519	1.94212962962963	0.543981481481482	0.5625	2.09953703703704	1.76388888888889	0.24537037037037	2.64351851851852	0	0.946759259259259	0.699074074074074	0.671296296296296	2.46527777777778	0	0.37037037037037	2.34027777777778	0.212962962962963	0	0.393518518518519	0	8.11805555555556	0	0
549705	Archaea_76	SecY	PF00344.20	0.759465478841871	2.16555308092056	0.58203414996288	1.84409799554566	1.99257609502598	1.96213808463252	5.19524870081663	3.34446919079436	0.93170007423905	0.744617668893838	1.818856718634	0.446176688938382	0.447661469933185	0.971789161098738	0	1.01039346696362	0	0.335560504825538	1.17817371937639	0.334818114328137	1.47587230883445	2.39049740163326	0.161098737936154	0.308092056421678	0.362286562731997	0.112100965107647	7.38678544914625	0.0898292501855976	0.112100965107647
568844	Archaea_76	Ribosomal_L13	PF00572.18	0	3.31697341513292	0.61758691206544	0.777096114519427	2.12678936605317	1.97546012269939	4.83231083844581	3.40899795501022	0	1.29038854805726	1.80572597137014	0	0.92638036809816	1.48057259713701	0	2.00204498977505	0	0	0.601226993865031	0.376278118609407	2.40081799591002	1.98159509202454	0	0.574642126789366	0.376278118609407	0	3.93660531697342	0	0
568845	Archaea_76	Ribosomal_S9	PF00380.19	0.387596899224806	5.22997416020672	2.50904392764858	2.75452196382429	4.3359173126615	3.63565891472868	13.1731266149871	5.65374677002584	0	1.65374677002584	1.671834625323	1.39018087855297	1.03875968992248	4.37984496124031	0	2.67441860465116	0.684754521963824	0.677002583979328	0.224806201550388	0.30749354005168	0.374677002583979	3.31524547803618	0	0.0516795865633075	0	0.475452196382429	11.328165374677	0	0.770025839793282
568846	Archaea_76	Ribosomal_S2	PF00318.20	2.50823827629911	4.09632446134347	0.932826362484157	4.09378960709759	5.5297845373891	15.979721166033	12.3586818757921	6.67680608365019	2.27249683143219	2.41951837769328	5.03548795944233	1.52851711026616	2.67046894803549	2.87832699619772	0.76425855513308	4.84664131812421	0.38276299112801	1.38910012674271	1.35868187579214	1.09885931558935	3.43472750316857	2.78073510773131	1.14575411913815	1.43979721166033	2.46768060836502	0.0190114068441065	13.8326996197719	1.33586818757921	0.191381495564005
732257	Archaea_76	TIM	PF00121.18	0	1.19305555555556	0	0.644444444444444	3.89166666666667	1.99027777777778	7.52638888888889	0.570833333333333	1.56805555555556	0.226388888888889	1.26527777777778	0.415277777777778	0.891666666666667	0.634722222222222	0	0.379166666666667	0	0.416666666666667	1.34027777777778	0.275	1.71388888888889	0.647222222222222	0	0	0	0	6.29583333333333	0.416666666666667	0
1458686	Archaea_76	RNase_HII	PF01351.18	0	1.89918699186992	0.669918699186992	0.0195121951219512	1.6260162601626	2.75609756097561	6.00162601626016	2.57560975609756	1.4650406504065	0.222764227642276	1.96260162601626	1.00975609756098	0	0	0	3.0260162601626	0	0	0.734959349593496	0.489430894308943	0.240650406504065	1.79349593495935	0.411382113821138	0	0	0	6.65040650406504	0	0
1469405	Archaea_76	tRNA-synt_1c	PF00749.21	0.874125874125874	1.92890442890443	0.912587412587413	1.60722610722611	1.4044289044289	3.10606060606061	5.72261072261072	2.77972027972028	2.34965034965035	1.34615384615385	1.98018648018648	0.48951048951049	0.773892773892774	0	0	1.02214452214452	0	0.350815850815851	0.213286713286713	0	0	1.495337995338	0	1.05477855477855	0.602564102564103	0	5.97552447552448	0	0.171328671328671
