gene_callers_id	source	gene_name	gene_hmm_id	WAM_ALR	WAM_CCR	WAM_IPI	WAM_MAR	WAM_MYS	WAM_PBL	WAM_PJN	WAM_PPR	WAM_PST	WAM_ROL	WAM_SCR	WAM_SGN	WAM_SIS	WAM_TWN	WAR_ALR	WAR_CCR	WAR_IPI	WAR_MAR	WAR_MYS	WAR_PBL	WAR_PJN	WAR_PPR	WAR_PSK	WAR_PST	WAR_RNW	WAR_ROL	WAR_SCR	WAR_SGL	WAR_SIS
1254173	Archaea_76	TIM	PF00121.18	0.0317460317460317	0.304232804232804	0	1.47089947089947	0	0	0.894179894179894	1.92195767195767	1.49867724867725	0.343915343915344	0.398148148148148	1.28439153439153	0.232804232804233	0	1.75925925925926	0	0.66005291005291	1.05820105820106	0.19973544973545	0.398148148148148	0	0.677248677248677	0.35978835978836	0.802910052910053	0.794973544973545	0.580687830687831	0.793650793650794	0	0.771164021164021
1333518	Archaea_76	tRNA-synt_1c	PF00749.21	1.17068965517241	0.779885057471264	1.44080459770115	0.799425287356322	0.409195402298851	0.345977011494253	0.750574712643678	1.38390804597701	0.807471264367816	0.309195402298851	0.13448275862069	1.09310344827586	0.429310344827586	0.520114942528736	0.496551724137931	0.33448275862069	0.656896551724138	0.25	1.21264367816092	0.424712643678161	1.2632183908046	0	1.15574712643678	0.528735632183908	0.616666666666667	2.28333333333333	2.01206896551724	0.939080459770115	1.92988505747126
1071911	Archaea_76	Ribosomal_S9	PF00380.19	0.670940170940171	0.636752136752137	0.645299145299145	0	1.56837606837607	0	1.27564102564103	0.773504273504274	0.634615384615385	0.645299145299145	1.89316239316239	1.0534188034188	0.91025641025641	1.42735042735043	1.10897435897436	0.480769230769231	1.73076923076923	0.655982905982906	1.82478632478632	1.92948717948718	0.134615384615385	3.07264957264957	0.967948717948718	0	0.715811965811966	2.02777777777778	1.33547008547009	0	1.28846153846154
1071912	Archaea_76	Ribosomal_L13	PF00572.18	0.343685300207039	0	0	0.322981366459627	0.991718426501035	0.625258799171843	1.14906832298137	0.229813664596273	1.80952380952381	0.63768115942029	0.761904761904762	0.853002070393375	1.05590062111801	1.31884057971015	0.937888198757764	0.540372670807453	0.734989648033126	0	0.958592132505176	0.132505175983437	0.623188405797101	1.70186335403727	0.623188405797101	1.02277432712215	0.312629399585921	2.01242236024845	0.616977225672878	0	0.768115942028985
1071948	Archaea_76	tRNA-synt_1c	PF00749.21	0.302013422818792	1.6510067114094	0.851230425055928	1.3165548098434	0.268456375838926	0.659955257270693	0.843400447427293	0.67337807606264	0.967561521252796	0.674496644295302	0.335570469798658	1.3668903803132	0	0.67337807606264	2.3993288590604	0.670022371364653	0	0	2.02348993288591	0.515659955257271	0.427293064876958	0.337807606263982	1.58612975391499	0.517897091722595	0.910514541387025	1.51006711409396	0.33668903803132	0.713646532438479	1.62080536912752
1113736	Archaea_76	Ribosomal_S15	PF00312.22	2.44444444444444	0	0.255555555555556	2.55555555555556	0.592592592592593	0	1.11851851851852	1.48888888888889	1.62592592592593	1.1037037037037	0	1.07407407407407	0.748148148148148	2.35925925925926	2.5037037037037	2.37407407407407	1.49259259259259	0	1.32592592592593	0.855555555555556	0.559259259259259	1.54444444444444	1.52592592592593	0.559259259259259	1.77037037037037	1.61111111111111	1.9	0	1.22222222222222
1185764	Archaea_76	RNase_HII	PF01351.18	1.09405940594059	0.273927392739274	1.79042904290429	0.438943894389439	0.856435643564356	0	0.47029702970297	1.26897689768977	0.117161716171617	0.498349834983498	0.523102310231023	0.737623762376238	0	0	1.2970297029703	0	0.0346534653465346	0	1.27227722772277	0.551155115511551	0.249174917491749	0.405940594059406	0	0.704620462046205	0.219471947194719	0.99009900990099	0.168316831683168	0.402640264026403	1.82673267326733
18915	Archaea_76	Rib_5-P_isom_A	PF06026.14	0.441520467836257	0.318713450292398	0.837719298245614	0.559941520467836	1.2733918128655	1.04239766081871	1.50292397660819	1.81432748538012	0.767543859649123	0.593567251461988	0.219298245614035	0.868421052631579	0	2.57602339181287	1.26023391812866	0.659356725146199	0.138888888888889	1.0453216374269	0.654970760233918	0.774853801169591	0.81140350877193	0.269005847953216	1.65643274853801	0.441520467836257	0.849415204678363	1.64619883040936	1.41228070175439	0	0.976608187134503
1008282	Archaea_76	Ham1p_like	PF01725.16	0.935960591133005	0.0623973727422003	0.114942528735632	4.06075533661741	0.57799671592775	0.244663382594417	0.794745484400657	0.819376026272578	0.477832512315271	0.83743842364532	0.495894909688013	1.90311986863711	0.458128078817734	0.569786535303777	2.14942528735632	0	3.30870279146141	0.305418719211823	1.23152709359606	0.538587848932677	0.559934318555008	0.817733990147783	1.48275862068966	0.796387520525452	0.257799671592775	0.489326765188834	0.183908045977011	0.533661740558292	1.7487684729064
653902	Archaea_76	RNA_pol_Rpb6	PF01192.22	0.309027777777778	1.70486111111111	0.458333333333333	0.673611111111111	2.61805555555556	0	0.541666666666667	3.46180555555556	1.20138888888889	2.81944444444444	1.00694444444444	2.47916666666667	0	1.25694444444444	3.44791666666667	0	0.239583333333333	0	1.31944444444444	1.77083333333333	0.895833333333333	0.645833333333333	0	2.14583333333333	0.524305555555556	0.152777777777778	1.76041666666667	1.40277777777778	0
702100	Archaea_76	tRNA-synt_His	PF13393.6	1.1746835443038	0.641350210970464	0.971308016877637	0.817721518987342	0.508860759493671	0.747679324894515	0.367088607594937	1.3915611814346	1.11645569620253	1.13502109704641	0	1.37637130801688	0.508860759493671	1.23206751054852	1.36455696202532	0	1.10801687763713	1.09620253164557	0.594092827004219	0.534177215189873	0	0.614345991561181	0	0.772995780590717	0.405907172995781	1.50210970464135	1.54008438818565	1.71729957805907	1.33248945147679
702101	Archaea_76	Adenylsucc_synt	PF00709.21	1.10904872389791	0.699922660479505	1.02397525135344	0.319412219644238	0.105181747873163	0.11523588553751	0.672080433101315	1.67362722351121	0.48491879350348	1.93890177880897	0.0959010054137664	2.18329466357309	0.128383604021655	0.973704563031709	0.797370456303171	0	0.848414539829853	0.472544470224285	0.573859242072699	0.277648878576953	1.04872389791183	0.146945088940449	0.931167826759474	0.474091260634184	0.820572312451663	2.19180201082753	2.32018561484919	0.116009280742459	1.95978344934261
745973	Archaea_76	tRNA-synt_1d	PF00750.19	0.600922722029988	0.434256055363322	0.522491349480969	0.475778546712803	0.171280276816609	0.172433679354095	0.848327566320646	1.37716262975779	0.334486735870819	0.509803921568627	0	1.33794694348328	0.680507497116494	0.518454440599769	1.42502883506344	0	0.985005767012687	0.173010380622837	0.417531718569781	0.485005767012687	0.572087658592849	0.660322952710496	1.2520184544406	0.280276816608997	0.260668973471742	1.79815455594002	0.674740484429066	0.678777393310265	0.694348327566321
745991	Archaea_76	tRNA-synt_1c	PF00749.21	1.09733333333333	0.602666666666667	0	0.201333333333333	0.489333333333333	0	0.785333333333333	1.84333333333333	0.702666666666667	0.143333333333333	0	0.845333333333333	0.0713333333333333	1.464	1.96666666666667	0	0.702666666666667	0.802	0.796	0.604666666666667	1.20266666666667	0.579333333333333	0.200666666666667	1.246	0.201333333333333	0.843333333333333	1.20466666666667	0.054	0.603333333333333
755406	Archaea_76	Ribosomal_L3	PF00297.22	2.80125195618153	0.63849765258216	0.472613458528951	0.873239436619718	1.03599374021909	0.236306729264476	0	1.00156494522692	0.621283255086072	0.690140845070423	0.284820031298905	0.70735524256651	0.471048513302034	1.47887323943662	1.16588419405321	0.270735524256651	1.43661971830986	0.472613458528951	1.36932707355243	0	0.236306729264476	0.253521126760563	0.688575899843505	1.24413145539906	0	1.35993740219092	1.30359937402191	0.693270735524257	0.472613458528951
755407	Archaea_76	Ribosomal_L4	PF00573.22	1.32038834951456	1.79935275080906	0.351132686084142	1.59223300970874	1.18770226537217	0.0711974110032362	0.488673139158576	1.88187702265372	2.35436893203884	0.202265372168285	0.44336569579288	0.745954692556634	0.906148867313916	3.19093851132686	0.733009708737864	0	1.3705501618123	0	1.72653721682848	0	0.752427184466019	0	1.39644012944984	1.84304207119741	0	0.491909385113269	2.91909385113269	0.488673139158576	0.97411003236246
755408	Archaea_76	Ribosomal_L23	PF00276.20	1.62333333333333	0.503333333333333	1.29	0.846666666666667	1.53666666666667	1.85333333333333	0.09	0	1.5	0.616666666666667	0.466666666666667	3.33	0.173333333333333	1.31666666666667	1.75333333333333	0	0	2.02333333333333	0.963333333333333	2.50333333333333	0.133333333333333	0.186666666666667	1.47	0	0	0.466666666666667	0	0.506666666666667	0.89
755410	Archaea_76	Ribosomal_S19	PF00203.21	0.703296703296703	0.139194139194139	0	0.567765567765568	0	0.102564102564103	0.688644688644689	0.289377289377289	0.139194139194139	0.567765567765568	0	3.21978021978022	2.17948717948718	0	0.461538461538462	0	1.33699633699634	0	1.46886446886447	0.553113553113553	1.26739926739927	0.703296703296703	0.659340659340659	0.996336996336996	2.65567765567766	0.293040293040293	0	0.538461538461538	0.00366300366300366
755411	Archaea_76	Ribosomal_L22	PF00237.19	0.279279279279279	0.75975975975976	0	0.753753753753754	1.74774774774775	0	1.16516516516517	1.09009009009009	1.77477477477477	0.603603603603604	0	1.18918918918919	0	0	0.741741741741742	0	0.48948948948949	0	3.27327327327327	0	1.33033033033033	0.45045045045045	1.10810810810811	0.48948948948949	0	1.23723723723724	0.162162162162162	0	0.867867867867868
755413	Archaea_76	Ribosomal_L16	PF00252.18	0.528985507246377	0	0.582125603864734	0.369565217391304	0	0	0	0	1.16183574879227	0	0	0	0	0.492753623188406	3.54106280193237	0	1.3743961352657	0.159420289855072	0.71256038647343	0	0.0193236714975845	0.27536231884058	0	0.371980676328502	1.07004830917874	0.171497584541063	0	1.49275362318841	0.386473429951691
755414	Archaea_76	Ribosomal_L29	PF00831.23	0	0	0.851282051282051	1.75384615384615	0	0.605128205128205	1.81025641025641	2.37435897435897	0	0.635897435897436	0.805128205128205	0	0	0	4.31794871794872	0	0	0	0.923076923076923	0.564102564102564	0.558974358974359	0	0	0	0.871794871794872	0	0	1	0.282051282051282
755415	Archaea_76	Ribosomal_S17	PF00366.20	1.52329749103943	1.0752688172043	1.20430107526882	0.931899641577061	1.62007168458781	0.46594982078853	0.541218637992832	1.66308243727599	0	0.379928315412186	0.25089605734767	2.15412186379928	0.806451612903226	1.08243727598566	0.971326164874552	0	0	0	1.24731182795699	1.07885304659498	1.54838709677419	1.0573476702509	0	1.08243727598566	0.544802867383513	1.26164874551971	1.62724014336918	0.397849462365591	1.07885304659498
755416	Archaea_76	Ribosomal_L14	PF00238.19	1.45528455284553	0	0	2.41192411924119	1.57994579945799	0	0	2.22764227642276	0	0.338753387533875	0.409214092140921	3.11924119241192	1.6070460704607	0.40650406504065	0.517615176151762	0	1.17615176151762	1.63685636856369	0.2710027100271	1.00271002710027	0.536585365853659	1.94850948509485	0.929539295392954	1.62059620596206	1.06233062330623	2.99728997289973	0.531165311653117	1.28726287262873	0.357723577235772
755420	Archaea_76	Ribosomal_S8	PF00410.19	0.343434343434343	0.681818181818182	1.67171717171717	1.01767676767677	0.707070707070707	1.23737373737374	0	0	1.30050505050505	0	0	0.563131313131313	0.757575757575758	0.904040404040404	2.58333333333333	0.674242424242424	0.353535353535354	1.03282828282828	0.393939393939394	0	1.56818181818182	0	0.0126262626262626	1.0050505050505	0	0	0.563131313131313	0.0984848484848485	2.6969696969697
755421	Archaea_76	Ribosomal_L6	PF00347.23	2.61610486891386	0	0	0.902621722846442	1.39513108614232	1.54494382022472	0.574906367041198	1.33895131086142	1.73970037453184	0.565543071161049	0	1.35393258426966	0	2.34456928838951	2.20973782771536	0.563670411985019	0.786516853932584	0.561797752808989	1.6498127340824	1.00936329588015	1.61048689138577	0	0.558052434456929	1.66292134831461	1.69101123595506	2.13670411985019	0.563670411985019	1.21161048689139	3.38014981273408
755427	Archaea_76	SecY	PF00344.20	1.92156862745098	0.600301659125189	1.01960784313725	0.455505279034691	1.0211161387632	0.631975867269985	0.435143288084465	1.18929110105581	1.21870286576169	1.76772247360483	0.225490196078431	1.25490196078431	0.0512820512820513	0.457013574660633	0.295625942684766	0.330316742081448	1.55505279034691	0.776772247360483	0.907993966817496	0.0799396681749623	0.315987933634992	0.557315233785822	0.975867269984917	1.1342383107089	1.71644042232278	2.2684766214178	1.59276018099548	0.39894419306184	1.70814479638009
755428	Archaea_76	Ribosomal_S13	PF00416.22	1.82352941176471	0.778711484593838	0.148459383753501	0.0672268907563025	2.12324929971989	0.0728291316526611	2.37535014005602	2.05322128851541	0.221288515406162	1.1484593837535	0	0.327731092436975	0.42296918767507	2.99719887955182	0.117647058823529	0.84593837535014	0.19047619047619	0	0.417366946778712	0	0.84593837535014	0.42296918767507	0.787114845938375	1.40056022408964	1.36134453781513	2.92997198879552	0.859943977591036	1.53501400560224	1.43977591036415
755429	Archaea_76	Ribosomal_S11	PF00411.19	0.89051094890511	0.428223844282238	0.693430656934307	0	0.907542579075426	0	1.7956204379562	2.88564476885645	0.705596107055961	0.491484184914842	0	1.2287104622871	0.367396593673966	1.92700729927007	0.732360097323601	0	1.01216545012165	0.496350364963504	1.68856447688564	0	0	0.695863746958638	1.06569343065693	0.316301703163017	1.31143552311436	3.42579075425791	0.591240875912409	0.279805352798054	0.688564476885645
815271	Archaea_76	Ribosomal_S7	PF00177.21	1.80254777070064	1.09129511677282	0.503184713375796	2.36305732484076	1.5859872611465	1.27176220806794	1.84076433121019	0.639065817409766	0.320594479830149	0.832271762208068	0	1.14437367303609	0	1.54140127388535	1.4968152866242	0.906581740976646	1.05307855626327	1.29936305732484	1.20169851380042	0.318471337579618	0.955414012738854	0	1.7791932059448	0.0445859872611465	1.95116772823779	1.60297239915074	0.556263269639066	1.04033970276008	1.88747346072187
815272	Archaea_76	Ribosom_S12_S23	PF00164.25	0.8	0	2.09333333333333	2.008	1.33066666666667	0	1.28	0	0.706666666666667	1.20533333333333	0	1.04	0.928	1.51733333333333	1.53866666666667	0	0.642666666666667	0	0	0.845333333333333	0.122666666666667	0.474666666666667	1.61066666666667	0	0.794666666666667	0.744	0.272	0.397333333333333	0.325333333333333
815277	Archaea_76	Ribosomal_L1	PF00687.21	0.754310344827586	0.468390804597701	0	1.21408045977011	0.330459770114943	0.935344827586207	2.07327586206897	1.83333333333333	0.436781609195402	0.737068965517241	0	1.98994252873563	1.10344827586207	0.538793103448276	2.18965517241379	0.104885057471264	1.10919540229885	0.0761494252873563	1.6235632183908	0.216954022988506	1.06034482758621	0.492816091954023	1.11494252873563	0.216954022988506	0.311781609195402	2.77729885057471	1.82471264367816	0.952586206896552	1.59051724137931
1456995	Archaea_76	TruD	PF01142.18	0.271906052393857	0	0.964769647696477	0.367660343270099	0.814814814814815	0.544715447154472	0.133694670280036	1.47786811201445	0	0.535682023486902	0.271906052393857	1.81571815718157	0.531165311653117	0.526648599819332	1.74525745257453	0.272809394760614	0.485998193315267	0.666666666666667	0.449864498644986	0.408310749774164	1.27642276422764	1.08762420957543	0.324299909665763	1.73983739837398	0.815718157181572	0.993676603432701	1.08943089430894	0.351400180668473	1.2710027100271
1526141	Archaea_76	NDK	PF00334.19	1.2027972027972	2.65268065268065	0.701631701631702	1.29370629370629	0	0.351981351981352	1.3962703962704	0.512820512820513	2.13519813519814	0	0.666666666666667	0	0	0.536130536130536	1.05594405594406	0.421911421911422	0	1.25641025641026	0.617715617715618	1.05827505827506	0.123543123543124	0	1.37529137529138	2.48951048951049	0.713286713286713	1.50815850815851	1	0	1.73659673659674
1526146	Archaea_76	tRNA-synt_His	PF13393.6	1.72325581395349	0.233333333333333	0.896124031007752	0.909302325581395	0.234108527131783	0.234108527131783	1.15891472868217	1.8077519379845	0.931007751937984	0.245736434108527	0.233333333333333	1.16511627906977	0.234108527131783	0.593023255813954	1.16356589147287	0	1.16666666666667	0.675968992248062	0.437209302325581	0.807751937984496	0.87906976744186	0.888372093023256	1.66589147286822	1.94263565891473	1.28604651162791	1.54418604651163	1.08837209302326	0.821705426356589	0.789147286821705
1546477	Archaea_76	Ribosomal_S2	PF00318.20	0.754666666666667	0	0.626666666666667	0.853333333333333	0.144	0	0.268444444444444	0.534222222222222	1.39822222222222	0	0	0.948444444444444	0.268444444444444	0.804444444444444	0.941333333333333	1.35111111111111	0.992	0.268444444444444	0.634666666666667	0.730666666666667	0.394666666666667	0.984888888888889	0.535111111111111	0.623111111111111	0.864888888888889	0.984	1.35377777777778	0	0.437333333333333
