gene_callers_id	source	gene_name	gene_hmm_id	WAM_ALR	WAM_CCR	WAM_IPI	WAM_MAR	WAM_MYS	WAM_PBL	WAM_PJN	WAM_PPR	WAM_PST	WAM_ROL	WAM_SCR	WAM_SGN	WAM_SIS	WAM_TWN	WAR_ALR	WAR_CCR	WAR_IPI	WAR_MAR	WAR_MYS	WAR_PBL	WAR_PJN	WAR_PPR	WAR_PSK	WAR_PST	WAR_RNW	WAR_ROL	WAR_SCR	WAR_SGL	WAR_SIS
397089	Archaea_76	Ribosomal_S2	PF00318.20	0.250677506775068	0	0	1.26829268292683	0.204607046070461	0.407859078590786	0.653116531165312	0.292682926829268	0.204607046070461	0.204607046070461	0	0.415989159891599	0	2.32249322493225	0.204607046070461	0.264227642276423	0.808943089430894	0	0	0	0.818428184281843	0	0	0	0	0	0	0.407859078590786	0.262872628726287
512133	Archaea_76	Ham1p_like	PF01725.16	0.588946459412781	0	0	1.29879101899827	0	0	0.0345423143350604	0	0	0	0	0	0	0.77720207253886	0.521588946459413	0	0	0.260794473229706	0.3713298791019	0	0	0	0.409326424870466	1.11226252158895	0.193436960276339	0	0.260794473229706	0.0120898100172711	0
1305183	Archaea_76	TIM	PF00121.18	0.723076923076923	0.11025641025641	0.182051282051282	0.969230769230769	0	0	0.235897435897436	0.173076923076923	0	0	0	0	0.0961538461538462	0.57948717948718	0.320512820512821	0	0	0.27051282051282	0	0	0	0	0	0.193589743589744	0.367948717948718	0	0	0	0.678205128205128
1338764	Archaea_76	Ribosomal_L1	PF00687.21	0	0.380543633762518	0	0.21173104434907	0	0	0	0	0	0	0	0.216022889842632	0	2.03719599427754	1.07296137339056	0	0.203147353361946	0	0.430615164520744	0	0.432045779685265	0.354792560801145	0.695278969957081	0	0.718168812589413	0	0.430615164520744	0	0.646638054363376
1089744	Archaea_76	Adenylsucc_synt	PF00709.21	1.31772053083528	0	0.225604996096799	0.802498048399688	0.235753317720531	0	0.234972677595628	0.553473848555816	0	0	0.234192037470726	0.235753317720531	0	0.344262295081967	0.234192037470726	0	0.117096018735363	0	0.470725995316159	0.234972677595628	0.58704137392662	0	1.27478532396565	0.470725995316159	0	1.5792349726776	0	0.234972677595628	0
1217514	Archaea_76	NDK	PF00334.19	0.367396593673966	0	0.564476885644769	1.09975669099757	0	0.289537712895377	0.0413625304136253	0.364963503649635	0	1.09975669099757	0	0.367396593673966	0	2.39659367396594	0	0	0.367396593673966	0	0	0	0	0	0.364963503649635	0.518248175182482	0	0	0	0.367396593673966	0.732360097323601
127073	Archaea_76	Ribosom_S12_S23	PF00164.25	0.57258064516129	1.37903225806452	0	1.86559139784946	0.405913978494624	0	0	0	0	0	0	0.798387096774194	0	0.594086021505376	1.09677419354839	0	0	0	0	0	0.446236559139785	0	0	0.454301075268817	0	0.717741935483871	0.752688172043011	0	0
127074	Archaea_76	Ribosomal_S7	PF00177.21	0.178343949044586	0.498938428874735	0	0.961783439490446	0	0	0	0	0	0	0	1.08067940552017	0	0.0318471337579618	0.320594479830149	0	0	0	0	0	1.19108280254777	0	0.641188959660297	0.619957537154989	0	0	0	0	0.785562632696391
1615297	Archaea_76	tRNA-synt_1c	PF00749.21	0.272423025435074	0	0	0	0	0.0823293172690763	0.201472556894244	0	0	0.101070950468541	0	0	0.0990629183400268	1.37416331994645	0.301204819277108	0	0	0.201472556894244	0.388888888888889	0.700803212851406	0	0	0.804551539491299	1.20883534136546	0	0.340026773761714	0.200803212851406	0	0.301204819277108
1631906	Archaea_76	tRNA-synt_1d	PF00750.19	0.843137254901961	0	0.418767507002801	1.5672268907563	0.103641456582633	0	0.282913165266106	0.417366946778712	0.584733893557423	0	0	0.422268907563025	0.210084033613445	1.51540616246499	0	0	0.211484593837535	1.03711484593838	0.211484593837535	0.42156862745098	0	0	0.63375350140056	0.21078431372549	0	0.42156862745098	0	0.211484593837535	0.736694677871149
220814	Archaea_76	Ribosomal_S15	PF00312.22	0	0	0	1.07575757575758	0	0	0	0	0.96969696969697	0	0	0	0	2.68560606060606	0	0	0	0	0	0.571969696969697	0	0	0	1.03787878787879	0	0.0795454545454545	0	0	0.568181818181818
282458	Archaea_76	tRNA-synt_1c	PF00749.21	1.03244837758112	0	0.348082595870207	0.884955752212389	0	0	0	0.445427728613569	0	0	0	0.190265486725664	0	0.445427728613569	0.0545722713864307	0	0.337758112094395	0	0	0	0.442477876106195	0	1.10766961651917	0.443952802359882	0.221238938053097	0.441002949852507	0.221238938053097	0	0
325357	Archaea_76	Ribosomal_L16	PF00252.18	0.39568345323741	0.510791366906475	0.721822541966427	0	0	0.721822541966427	0.546762589928058	0	0.359712230215827	0.724220623501199	0	0.520383693045564	0.359712230215827	1.25179856115108	1.00959232613909	0	0.37410071942446	0	0.359712230215827	0.201438848920863	0.717026378896882	0	0.724220623501199	0.359712230215827	0	0.724220623501199	0	1.11750599520384	0.15347721822542
325358	Archaea_76	Ribosomal_L29	PF00831.23	0.619718309859155	0.394366197183099	0	0	0	0.708920187793427	1	0	0.258215962441315	0	0	0	0	1.46009389671362	0.169014084507042	0	0.633802816901408	0	0.666666666666667	0	0	0	0	0	0	0	0	2.02347417840376	0.995305164319249
325359	Archaea_76	Ribosomal_S17	PF00366.20	1.0952380952381	0	0	1.08058608058608	0	0.36996336996337	0	0	0.333333333333333	0.00366300366300366	0	0	0	2.49084249084249	1.54945054945055	0	0	0	0.0183150183150183	0	0	0	0	0.0769230769230769	0	0	0.673992673992674	0.93040293040293	0.84981684981685
325360	Archaea_76	Ribosomal_L14	PF00238.19	0.560975609756098	1.56368563685637	0.818428184281843	0.029810298102981	0	0.146341463414634	0.571815718157182	0	0.398373983739837	0.815718157181572	0	0	0	1.00542005420054	1.16260162601626	0	0	0.273712737127371	0	0	0	0	0.005420054200542	0.769647696476965	0	0	0.338753387533875	0	0.227642276422764
325363	Archaea_76	Ribosomal_S8	PF00410.19	0.711442786069652	0.878109452736318	0	0	0	0	0.90547263681592	0.375621890547264	0.509950248756219	0	0	0	0	0.335820895522388	0.375621890547264	0.0472636815920398	0	1.49751243781095	0	0	0.373134328358209	0	0.350746268656716	0.271144278606965	0.373134328358209	1.03233830845771	0.950248756218906	0	0.972636815920398
325364	Archaea_76	Ribosomal_L6	PF00347.23	0.843462246777164	0.696132596685083	0.276243093922652	0	0.395948434622468	0	1.66482504604052	0.246777163904236	0.143646408839779	0	0	0.556169429097606	0	0.0607734806629834	0.465930018416206	1.04051565377532	0	0	0	0	0.957642725598527	0	0.502762430939227	0.318600368324125	0.278084714548803	0.839779005524862	1.11049723756906	0	0.826887661141805
325369	Archaea_76	SecY	PF00344.20	0.226757369614512	0.45578231292517	0.678760393046107	0.529100529100529	0.396825396825397	0.228269085411943	0.532879818594104	0.0634920634920635	0.349206349206349	0.114134542705971	0.342403628117914	0.227513227513228	0.0226757369614512	1.7535903250189	0.564625850340136	0	0	0	0.227513227513228	0.113378684807256	0.71957671957672	0	0.310657596371882	0.282690854119426	0	0	0.568405139833711	0.0151171579743008	0.45578231292517
325372	Archaea_76	Ribosomal_S13	PF00416.22	1.91863517060367	0	0.346456692913386	1.68503937007874	0	0.522309711286089	1.53280839895013	0	0	0	0.396325459317585	0.598425196850394	0	1.93438320209974	0	0.41994750656168	0.556430446194226	0.396325459317585	0	0	0.748031496062992	0.519685039370079	1.25984251968504	0	0.78740157480315	0	0	0.732283464566929	0.811023622047244
325373	Archaea_76	Ribosomal_S11	PF00411.19	0.947368421052632	1.50375939849624	0.0451127819548872	0	0	0	1.13533834586466	0	0	0	0	0.0300751879699248	0	0.819548872180451	0.984962406015038	0.644110275689223	0.526315789473684	0	0.759398496240602	0	0.205513784461153	0	0.516290726817043	1.74185463659148	0	0	0	0.0576441102756892	0.340852130325815
586795	Archaea_76	Ribosomal_L4	PF00573.22	0.652448657187994	0.481832543443918	0.238546603475513	1.4218009478673	0	0	0	0	0.439178515007899	0	0	0.213270142180095	0	0.477093206951027	0	0	0.30173775671406	0	0.475513428120063	0	0	0	0	0	0	0	0	0	0.951026856240126
586796	Archaea_76	Ribosomal_L3	PF00297.22	0.617283950617284	0.450617283950617	0.462962962962963	0.464506172839506	0.231481481481481	0	0.466049382716049	0	0	0	0	0.422839506172839	0.33641975308642	1.12962962962963	0	0	0.441358024691358	0	0	0.927469135802469	1.31635802469136	0	0	0.277777777777778	0	1.19598765432099	0	0	0.0246913580246913
644052	Archaea_76	AdoHcyase	PF05221.17	0.501246882793017	0.201995012468828	0.754779717373234	1.2568578553616	0.492934330839568	0.109725685785536	0.251039068994181	0	0.251039068994181	1.03906899418121	0	0.501246882793017	0.125519534497091	1.00166251039069	0.250207813798836	0.251039068994181	0	0	0.249376558603491	0	0.00581878636741479	0	1.09642560266002	0.249376558603491	0	1.17206982543641	0.250207813798836	0	0.236076475477972
859834	Archaea_76	AdoHcyase	PF05221.17	0	0	0.340136054421769	0.342403628117914	0	0	0	0	0	0.335600907029478	1.22902494331066	0	0	0	0.675736961451247	0	0	0	0	0	0.680272108843537	0	0.342403628117914	0	0	0.702947845804989	0	0	0
1481201	Archaea_76	RNase_HII	PF01351.18	1.3604826546003	0.128205128205128	0	0.963800904977376	0.3710407239819	0	0	0.0361990950226244	0.227752639517345	0	0	0.328808446455505	0	0.909502262443439	0.155354449472097	0	0.452488687782805	0	0.755656108597285	0	0	0	1.33333333333333	0	0	0	0.279034690799397	0	0.227752639517345
1511043	Archaea_76	tRNA-synt_His	PF13393.6	0.399734395750332	0	0.138114209827357	1.19521912350598	0	0	0.334661354581673	0.397078353253652	0	0	0	0	0	1.39707835325365	0	0	0.399734395750332	0	0	0	0.395750332005312	0.337317397078353	0.200531208499336	0	0	0.0199203187250996	0.399734395750332	0.047808764940239	0.796812749003984
1519792	Archaea_76	Ribosomal_L13	PF00572.18	0.380313199105145	0.671140939597315	1.34451901565996	1.0917225950783	0	0	0.601789709172259	0	0	0	0	0.0693512304250559	0.337807606263982	0.671140939597315	0	0	0.662192393736018	0	0	0	0	0	0	0.111856823266219	0	0.221476510067114	0	0.355704697986577	0.337807606263982
1519793	Archaea_76	Ribosomal_S9	PF00380.19	0	0	0.442748091603053	1.66412213740458	0	0	0.809160305343511	0	0	0	0	0	0	0.768447837150127	0	0	0	0	0.763358778625954	0	0	0	0.765903307888041	0.603053435114504	0.310432569974555	0	0	0.318066157760814	0
1550165	Archaea_76	Ribosomal_S19	PF00203.21	1.08243727598566	0.910394265232975	0.541218637992832	2.20430107526882	0	0	0.351254480286738	2.68817204301075	0.738351254480287	0	0	0	0	0.982078853046595	0.247311827956989	0	0	0.992831541218638	0	0	0.0681003584229391	0.974910394265233	0.666666666666667	0.537634408602151	0	1	0	0.200716845878136	1.24372759856631
1550166	Archaea_76	Ribosomal_L22	PF00237.19	0	0.210084033613445	0	0.780112044817927	0	0	0	0	0.558823529411765	0	0	0.420168067226891	0	0.294117647058824	0	0	0	0	0	0	0	0.176470588235294	0.0630252100840336	0.211484593837535	0	0.662464985994398	0	0	0.843137254901961
