gene_callers_id	source	gene_name	gene_hmm_id	WAM_ALR	WAM_CCR	WAM_IPI	WAM_MAR	WAM_MYS	WAM_PBL	WAM_PJN	WAM_PPR	WAM_PST	WAM_ROL	WAM_SCR	WAM_SGN	WAM_SIS	WAM_TWN	WAR_ALR	WAR_CCR	WAR_IPI	WAR_MAR	WAR_MYS	WAR_PBL	WAR_PJN	WAR_PPR	WAR_PSK	WAR_PST	WAR_RNW	WAR_ROL	WAR_SCR	WAR_SGL	WAR_SIS
1240943	Archaea_76	Ribosomal_S15	PF00312.22	1.93333333333333	1.31111111111111	2.97777777777778	0.722222222222222	1.35555555555556	1.52222222222222	0.222222222222222	0.0333333333333333	1	2.55555555555556	0.388888888888889	0.0333333333333333	0	0	2.27777777777778	0.666666666666667	0	4.43333333333333	0.377777777777778	1.4	0.255555555555556	0.5	0.777777777777778	1.03333333333333	0	2.71111111111111	0	1.54444444444444	0.266666666666667
1255189	Archaea_76	AdoHcyase	PF05221.17	5.96124031007752	1.12790697674419	6.21317829457364	1.03100775193798	1.48837209302326	0	2.53488372093023	1.16666666666667	1.47674418604651	6.65116279069767	1.41472868217054	3.07751937984496	1.31782945736434	0	5.99612403100775	3.74031007751938	1.37596899224806	3.17829457364341	3.04263565891473	4.27131782945736	5.63565891472868	3.15116279069767	5.26744186046512	6.56589147286822	0.0503875968992248	5.32945736434108	2.48449612403101	3.22868217054264	10.1046511627907
1275203	Archaea_76	AdoHcyase	PF05221.17	7.03541666666667	4.46458333333333	5.46875	3.95625	1.84791666666667	1.73541666666667	2.83333333333333	2.15833333333333	5.35208333333333	2.875	1.94375	2.33125	2.24166666666667	0.310416666666667	6.35416666666667	1.97916666666667	2.98958333333333	7.52916666666667	3.53541666666667	7.13333333333333	5.87291666666667	2.7125	8.63958333333333	3.79166666666667	5.77083333333333	9.13958333333333	2.65416666666667	3.96666666666667	11.3375
1347494	Archaea_76	RNase_HII	PF01351.18	7.12820512820513	2.08058608058608	5.88095238095238	1.28571428571429	4.78571428571429	0.551282051282051	4.80952380952381	3.12087912087912	4.8021978021978	4.44139194139194	0.879120879120879	3.11355311355311	3.23626373626374	1.71062271062271	7.29120879120879	3.46703296703297	5.02014652014652	6.93589743589744	7.11904761904762	3.68315018315018	4.24175824175824	4.49267399267399	5.96336996336996	4.81868131868132	2.16483516483516	4.57692307692308	3.07142857142857	4.54945054945055	11.4285714285714
1398898	Archaea_76	TIM	PF00121.18	3.41402116402116	2.94047619047619	8.40873015873016	1.38359788359788	1.51984126984127	1.18253968253968	3.94179894179894	2.74603174603175	4.22751322751323	2.99867724867725	2.52777777777778	0.917989417989418	4.54497354497355	1.1957671957672	8.97089947089947	2.61507936507937	4.63095238095238	5.81746031746032	5.74470899470899	6.23809523809524	3.89814814814815	2.46825396825397	4.42195767195767	9.49338624338624	4.22619047619048	7.98809523809524	5.47883597883598	5.62962962962963	11.6772486772487
1121368	Archaea_76	Adenylsucc_synt	PF00709.21	5.18783679753657	2.31023864511162	5.35719784449577	2.9738260200154	2.74441878367975	1.27867590454196	3.38722093918399	2.26096997690531	4.90993071593534	5.72594303310239	2.95535026943803	3.09237875288684	2.54811393379523	1.24480369515012	7.41493456505004	2.7752117013087	5.28945342571209	2.53810623556582	3.20477290223249	4.04926866820631	4.38414164742109	2.08545034642032	3.59892224788299	6.41185527328714	1.54041570438799	6.34257120862202	2.15550423402617	4.65050038491147	6.07082371054657
1160780	Archaea_76	tRNA-synt_1d	PF00750.19	4.3202614379085	2.50108932461874	3.55337690631808	2.48148148148148	1.64270152505447	1.62309368191721	4.43790849673203	2.09803921568627	3.12636165577342	2.59694989106754	1.4880174291939	2.70806100217865	2.59912854030501	0.379084967320261	5.53159041394335	2.93681917211329	4.93246187363834	4.00653594771242	7.52941176470588	5.27886710239651	7.15032679738562	2.22657952069717	5.15032679738562	5.61437908496732	2.81263616557734	5.42919389978213	2.35511982570806	3.19607843137255	8.27015250544662
1184909	Archaea_76	Ribosomal_S8	PF00410.19	3.97761194029851	0.855721393034826	6.81094527363184	6.4452736318408	2.14676616915423	2.69402985074627	4.07213930348259	4.19154228855721	1.01741293532338	4.90547263681592	1.47761194029851	0.101990049751244	1.8407960199005	0.27363184079602	3.14676616915423	4.2363184079602	8.20149253731343	5.49502487562189	4.45024875621891	6.6044776119403	4.24875621890547	1.13930348258706	4.82587064676617	6.33582089552239	3.72139303482587	7.78606965174129	3.00248756218905	11.3706467661692	9.79353233830846
1184910	Archaea_76	Ribosomal_L6	PF00347.23	4.85661080074488	3.09497206703911	7.28677839851024	5.36312849162011	2.82495344506518	0.739292364990689	4.55679702048417	1.20856610800745	5.26443202979516	7.77281191806332	3.69832402234637	1.4096834264432	5.05027932960894	0.350093109869646	7.45065176908752	4.8584729981378	7.19739292364991	6.43016759776536	7.63500931098696	9.09497206703911	5.756052141527	3.54189944134078	9.48603351955307	6.94785847299814	1.97206703910615	10.2048417132216	3.99813780260708	6.16759776536313	12.8081936685289
1184915	Archaea_76	SecY	PF00344.20	6.63370786516854	3.62771535580524	7.94606741573034	2.92209737827715	4.09438202247191	3.36404494382022	5.46816479400749	2.12359550561798	5.64419475655431	5.74307116104869	2.29588014981273	4.69812734082397	3.96479400749064	1.93932584269663	10.6426966292135	3.54531835205993	6.61797752808989	8.88838951310861	10.9737827715356	7.3752808988764	7.69063670411985	4.01797752808989	6.4501872659176	10.2816479400749	5.09662921348315	8.7565543071161	4.35655430711611	4.63520599250936	12.0816479400749
1184916	Archaea_76	Ribosomal_S13	PF00416.22	3.07317073170732	3.34417344173442	7.45257452574526	6.82655826558266	4.09485094850949	3.23577235772358	6.09485094850949	2.91869918699187	4.08130081300813	6.3360433604336	2.86991869918699	7.36043360433604	2.98644986449865	1.82113821138211	9.76964769647696	5.27642276422764	7.34417344173442	13.6043360433604	7.57452574525745	2.65311653116531	5.6639566395664	3.95934959349594	6.24932249322493	8.1029810298103	2.59078590785908	6.36043360433604	2.34417344173442	4.43360433604336	12.4823848238482
1184917	Archaea_76	Ribosomal_S11	PF00411.19	5.60206718346253	4.23772609819121	5.37467700258398	3.2093023255814	4.74160206718346	1.62790697674419	5.71317829457364	1.4031007751938	3.91989664082687	2.56847545219638	3.13695090439276	3.01808785529716	3.37726098191214	0.914728682170543	11.578811369509	4.81136950904393	5.89147286821705	5.78294573643411	5.65374677002584	3.42894056847545	8.28423772609819	4.08785529715762	2.94315245478036	9.07751937984496	3.58139534883721	5.82687338501292	5.38242894056848	6.65633074935401	12.7881136950904
1198487	Archaea_76	Ribosomal_S9	PF00380.19	1.468671679198	1.73934837092732	1.99749373433584	1.47368421052632	1.76691729323308	0.62406015037594	0.907268170426065	1.50877192982456	3.52380952380952	3.91228070175439	1.83458646616541	1.13032581453634	2.76441102756892	0.12781954887218	4.46616541353383	1.6516290726817	1.81954887218045	3.97744360902256	2.44862155388471	2.88471177944862	4.90977443609023	1.08771929824561	2.53634085213033	5.55388471177945	2.80451127819549	4.71929824561404	2.7719298245614	1.30827067669173	7.48621553884712
1198488	Archaea_76	Ribosomal_L13	PF00572.18	4.27027027027027	2.74099099099099	7.63063063063063	1.75225225225225	2.75	0.114864864864865	3.27027027027027	1.61261261261261	3.06081081081081	5.72297297297297	2.96846846846847	1.29279279279279	5.74324324324324	1.12612612612613	4.26576576576577	3.14414414414414	3.65540540540541	6.31981981981982	3.86036036036036	5.36711711711712	6.88963963963964	4.13513513513514	3.56081081081081	3.84459459459459	4.5045045045045	4.29954954954955	3.15765765765766	4.68243243243243	11.2927927927928
3531	Archaea_76	tRNA-synt_1c	PF00749.21	5.96411318150449	0.472739820565908	4.75569358178054	2.5175983436853	1.93098688750863	1.69772256728778	5.50862663906142	1.26086956521739	5.35817805383023	4.14630779848171	1.99654934437543	2.69703243616287	3.65562456866805	0.625258799171843	6.60593512767426	2.72049689440994	5.00345065562457	5.20289855072464	6.6128364389234	5.37819185645273	6.95238095238095	3.31815044858523	4.09385783298827	5.5224292615597	3.37612146307798	5.61421670117322	1.74051069703244	3.82677708764665	8.46169772256729
14231	Archaea_76	Ribosomal_L1	PF00687.21	9.02164502164502	2.38095238095238	9.14430014430014	5.66810966810967	2.57431457431457	0.435786435786436	4.26551226551227	1.95093795093795	4.34343434343434	4.01298701298701	4.24242424242424	1.8989898989899	4.68109668109668	1.24386724386724	10.966810966811	3.15007215007215	7.27272727272727	7.78210678210678	5.16594516594517	4.91486291486291	6.68831168831169	4.21645021645022	6.13419913419913	8.95815295815296	4.38239538239538	7.97835497835498	2.5036075036075	4.28282828282828	12.5526695526696
38528	Archaea_76	Ribosomal_L4	PF00573.22	5.26923076923077	1.68108974358974	7.02403846153846	2.58814102564103	2.85416666666667	1.45192307692308	6.57852564102564	3.21314102564103	4.37820512820513	4.09294871794872	0.793269230769231	1.57692307692308	2.87019230769231	0.16025641025641	5.59935897435897	3.37019230769231	6.62019230769231	5.78044871794872	3.98397435897436	6.17467948717949	6.83333333333333	1.83173076923077	4.30608974358974	9.6426282051282	5.03846153846154	8.72435897435897	4.48076923076923	4.15705128205128	8.79967948717949
38529	Archaea_76	Ribosomal_L23	PF00276.20	8.81944444444444	3.25694444444444	7.89930555555556	2.40277777777778	1.28819444444444	1.69791666666667	6.82638888888889	0.25	4.09027777777778	3.11805555555556	1.86111111111111	5.81944444444444	3.92361111111111	2.57291666666667	10.3854166666667	3.88541666666667	9	6.02777777777778	5.47569444444444	1.79861111111111	4.97222222222222	1.17708333333333	7.81597222222222	9.01388888888889	3.72916666666667	13.0659722222222	4.03472222222222	2.74652777777778	6.61458333333333
38531	Archaea_76	Ribosomal_S19	PF00203.21	9.56737588652482	2.09929078014184	10.6205673758865	4.18794326241135	4.1241134751773	3.72340425531915	3.88297872340426	5.77659574468085	5.68085106382979	1.74468085106383	3.04964539007092	1.17021276595745	3.0531914893617	0.312056737588652	11.0390070921986	3.02482269503546	6.36524822695035	6.68794326241135	7.51418439716312	3.68439716312057	3.71631205673759	0	10.1631205673759	9.62765957446808	3.61347517730496	8.24468085106383	4.42553191489362	3.03900709219858	12.9397163120567
38532	Archaea_76	Ribosomal_L22	PF00237.19	11.2612612612613	3.1981981981982	11.5405405405405	1.60960960960961	2.75675675675676	0.405405405405405	3.04504504504505	2.9039039039039	7.85285285285285	3.27927927927928	2.91891891891892	1.26126126126126	3.76876876876877	0	7.99099099099099	3.45945945945946	6.48648648648649	9.96696696696697	4.44144144144144	2.83783783783784	4	4.78378378378378	7.25825825825826	6.96696696696697	2.4024024024024	5.98498498498498	2.52252252252252	5.97597597597598	16.4324324324324
38534	Archaea_76	Ribosomal_L16	PF00252.18	5.69304556354916	2.57553956834532	7.38609112709832	3.1031175059952	0.386091127098321	0.700239808153477	3.05275779376499	3.1031175059952	4.10071942446043	3.07194244604317	4.01438848920863	2.70023980815348	1.378896882494	0.721822541966427	6.29496402877698	2.98081534772182	4.16546762589928	6.70743405275779	6.62589928057554	5.8968824940048	5.45563549160671	1.69304556354916	2.46043165467626	7.65947242206235	3.24700239808153	5.55635491606715	1.61390887290168	4.58273381294964	6.60911270983213
38535	Archaea_76	Ribosomal_L29	PF00831.23	5.59523809523809	2.61428571428571	5.71428571428571	2.24761904761905	4.90476190476191	0.261904761904762	5.36190476190476	0	3.32857142857143	4.55238095238095	1.72380952380952	1.31428571428571	2.64761904761905	0.614285714285714	6.75714285714286	3.77142857142857	3.6047619047619	4.95238095238095	6.95238095238095	6.6952380952381	1.68095238095238	4.22857142857143	2.18571428571429	8.78095238095238	3.51904761904762	7.28571428571429	2.74761904761905	6.47619047619048	14.1380952380952
48839	Archaea_76	Ribosomal_S2	PF00318.20	5.58168083097262	2.19924457034939	4.93389990557129	3.00472143531634	2.97639282341832	1.03493862134089	4.05288007554296	0.719546742209632	3.99150141643059	4.01888574126534	2.88668555240793	3.14636449480642	3.44003777148253	0.427762039660057	7.25684608120869	4.68932955618508	4.7724268177526	4.86024551463645	8.12275731822474	3.59017941454202	4.46647780925401	1.78847969782814	4.37677053824363	6.05288007554296	2.73182247403211	6.2134088762984	3.00661000944287	4.36732766761095	11.0113314447592
72130	Archaea_76	AdoHcyase	PF05221.17	7.03179824561404	2.77850877192982	4.99671052631579	3.9890350877193	6.80263157894737	0.663377192982456	3.91995614035088	0.896929824561403	4.28399122807018	2.92324561403509	2.52741228070175	2.52412280701754	1.60197368421053	0.662280701754386	7.13377192982456	2.79495614035088	5.44517543859649	4.25328947368421	5.65241228070175	3.94956140350877	6.09100877192982	2.40131578947368	4.09429824561404	6.07785087719298	3.85745614035088	8.04605263157895	1.8234649122807	3.99342105263158	10.6578947368421
984388	Archaea_76	Ham1p_like	PF01725.16	5.46880570409982	2.59180035650624	5.77718360071301	2.62388591800357	3.59358288770053	1.65597147950089	4.83244206773619	1.38324420677362	4.87700534759358	2.33511586452763	1.98573975044563	2.14973262032086	2.44563279857398	0	5.93939393939394	3.67557932263815	5.98395721925134	3.58467023172906	3.81818181818182	3.1301247771836	3.08377896613191	1.52762923351159	7.174688057041	4.31372549019608	3.14795008912656	6.63814616755793	2.65775401069519	5.26737967914439	10.5383244206774
1590572	Archaea_76	tRNA-synt_His	PF13393.6	0.903755868544601	0.708920187793427	0.525821596244131	0	0	0.575117370892019	0	0.633802816901408	1.06103286384977	0.713615023474178	0	0	0	0	1.36150234741784	0.7018779342723	0.833333333333333	0.962441314553991	0.293427230046948	0	1.84976525821596	0.312206572769953	0.626760563380282	0.830985915492958	0.598591549295775	0.823943661971831	0	0.63849765258216	0.708920187793427
1626805	Archaea_76	Ribosomal_S15	PF00312.22	0	2.53703703703704	6.62592592592593	1.34444444444444	4.62592592592593	0	4.16666666666667	2.91111111111111	3.22962962962963	5.57777777777778	1.61481481481481	1.80740740740741	1.75925925925926	0	3.41481481481481	3.61481481481481	6.95185185185185	1.5962962962963	4.34814814814815	4.73703703703704	1.8	4.94814814814815	3.11111111111111	4.65555555555556	0.37037037037037	4.24444444444444	0.62962962962963	3.93333333333333	3.55925925925926
1631122	Archaea_76	Ribosom_S12_S23	PF00164.25	7.72340425531915	5.09929078014184	8.18203309692671	5.22931442080378	2.14420803782506	2.36879432624113	6.15839243498818	3.28841607565012	5.8628841607565	6.46099290780142	2.11347517730496	4.46572104018913	6.14893617021277	0.846335697399527	6.76595744680851	7.2789598108747	5.73758865248227	5.69503546099291	10.4160756501182	6.00945626477541	4.13475177304965	1.11820330969267	5.65248226950355	7.80378250591017	4.7919621749409	9.13947990543735	5.65011820330969	4.20330969267139	9.47990543735225
1631123	Archaea_76	Ribosomal_S7	PF00177.21	4.45147679324895	2.20886075949367	4.88396624472574	1.36708860759494	2.07805907172996	0.972573839662447	2.77426160337553	0.957805907172996	4.26371308016878	3.18143459915612	2.66033755274262	5.15611814345992	3.62236286919831	0.827004219409283	9.18776371308017	4.80590717299578	5.05696202531646	9.09915611814346	7.07172995780591	2.41561181434599	9.29113924050633	2.87341772151899	5.10548523206751	3.94303797468354	3.88607594936709	10.7004219409283	2.18354430379747	4.9873417721519	7.50632911392405
1666993	Archaea_76	tRNA-synt_1c	PF00749.21	8.35190918472652	0.284829721362229	5.73168214654283	4.65737874097007	2.25490196078431	1.56346749226006	3.31166150670795	1.97007223942208	2.68730650154799	4.37564499484004	1.63467492260062	2.74509803921569	3.25696594427245	0.629514963880289	6.84829721362229	2.97110423116615	5.44169246646027	4.5015479876161	5.13931888544892	2.89886480908153	5.28792569659443	3.5500515995872	3.40970072239422	4.8875128998968	2.85655314757482	7.42930856553148	2.30340557275542	3.61919504643963	8.78018575851393
186850	Archaea_76	AdoHcyase	PF05221.17	5.50206782464847	1.99007444168734	4.74110835401158	2.39536807278743	2.86683209263854	1.62200165425972	3.95119933829611	1.62365591397849	2.06203473945409	3.3631100082713	2.05707196029777	2.616211745244	3.41191066997519	0.498759305210918	7.13234077750207	3.93217535153019	5.39536807278743	4.42845326716294	3.89991728701406	4.89081885856079	6.79321753515302	3.56492969396195	3.47146401985112	5.42762613730356	4.76261373035567	5.48883374689826	4.69396195202647	5.14805624483044	9.22332506203474
190778	Archaea_76	Ribosomal_L13	PF00572.18	1.953125	0.369791666666667	1.47916666666667	1.30729166666667	1.4375	0	0	0	0	2.49479166666667	0	0	0	0	0.00520833333333333	0.786458333333333	0	1.67708333333333	0.604166666666667	0	1.27083333333333	2.59375	0	1.33333333333333	0.375	2.88020833333333	0	2.06770833333333	2.09895833333333
312752	Archaea_76	tRNA-synt_1c	PF00749.21	4.26811594202899	1.18896321070234	4.08416945373467	2.58472686733556	2.54738015607581	0.783723522853958	2.66945373467113	1.28037904124861	3.55183946488294	3.56020066889632	2.3221850613155	2.27647714604236	1.65551839464883	0.503901895206243	6.83054626532887	2.09476031215162	3.46265328874025	3.85061315496098	4.71739130434783	4.05685618729097	3.51059085841695	2.80713489409142	3.05741360089186	4.8561872909699	2.47324414715719	6.3768115942029	2.53288740245262	5.06633221850613	7.77480490523969
542224	Archaea_76	Rib_5-P_isom_A	PF06026.14	5.08333333333333	2.50892857142857	3.47619047619048	1.63541666666667	2.4360119047619	2.10863095238095	4.125	2.38690476190476	5.36309523809524	5.25	1.85565476190476	4.64434523809524	3.46428571428571	0.982142857142857	6.31398809523809	3.11755952380952	5.01488095238095	5.55357142857143	6.48809523809524	3.37797619047619	5.54910714285714	1.70238095238095	3.45535714285714	3.27678571428571	5.03125	7.98809523809524	3.04464285714286	2.46130952380952	13.7142857142857
796094	Archaea_76	RtcB	PF01139.17	8.70703125	1.91536458333333	2.80208333333333	2.87239583333333	4.98177083333333	1.4609375	2.74479166666667	1.10026041666667	4.75390625	5.29817708333333	1.37369791666667	1.9609375	3.70182291666667	0	7.69140625	3.97395833333333	5.22395833333333	7.74609375	7.02864583333333	4.43489583333333	7.42838541666667	3.734375	3.30989583333333	5.99088541666667	3.43489583333333	6.42317708333333	2.40364583333333	5.60546875	9.21484375
833505	Archaea_76	Ribosomal_L3	PF00297.22	5.03381642512077	0.339774557165862	3.06763285024155	2.44927536231884	1.28341384863124	2.37359098228663	3.30434782608696	2.11272141706924	2.87278582930757	2.89049919484702	1.7890499194847	3.65861513687601	2.4219001610306	0.243156199677939	5.61513687600644	3.12721417069243	2.20933977455717	2.38486312399356	3.49597423510467	2.56521739130435	3.48309178743961	2.83574879227053	4.07407407407407	8.2512077294686	2.97906602254428	4.40418679549114	2.74396135265701	2.47020933977456	5.64412238325282
1428643	Archaea_76	RNA_pol_Rpb6	PF01192.22	8.59493670886076	0.911392405063291	6.25316455696202	2.85654008438819	3.86497890295359	3.0295358649789	2.72573839662447	0	2.44725738396624	7.67088607594937	3.92827004219409	2.32067510548523	6.9789029535865	0.822784810126582	8.60337552742616	0.637130801687764	3.71308016877637	3.88185654008439	3.12236286919831	3.51898734177215	2.9535864978903	3.25316455696203	4.47257383966245	7.19831223628692	4.32911392405063	9.12236286919831	0.658227848101266	0.232067510548523	15.8270042194093
1502315	Archaea_76	RtcB	PF01139.17	3.81884057971015	1.71195652173913	4.57971014492754	1.83876811594203	3.84963768115942	1.54528985507246	2.41847826086957	1.58876811594203	7.06521739130435	3.76992753623188	2.64311594202899	4.53079710144928	2.71920289855072	0.130434782608696	5.75	1.88224637681159	6.10144927536232	6.04891304347826	7.28442028985507	5.09420289855072	4.30797101449275	3.06884057971015	3.63586956521739	5.84963768115942	3.22826086956522	7.09239130434783	2.85507246376812	2.43297101449275	8.36050724637681
