gene_callers_id	source	gene_name	gene_hmm_id	WAM_ALR	WAM_CCR	WAM_IPI	WAM_MAR	WAM_MYS	WAM_PBL	WAM_PJN	WAM_PPR	WAM_PST	WAM_ROL	WAM_SCR	WAM_SGN	WAM_SIS	WAM_TWN	WAR_ALR	WAR_CCR	WAR_IPI	WAR_MAR	WAR_MYS	WAR_PBL	WAR_PJN	WAR_PPR	WAR_PSK	WAR_PST	WAR_RNW	WAR_ROL	WAR_SCR	WAR_SGL	WAR_SIS
457558	Archaea_76	Ribosomal_L3	PF00297.22	2.30246913580247	0.657407407407407	0.0246913580246913	0.358024691358025	0.901234567901235	0	2.08950617283951	0.333333333333333	0.725308641975309	0.462962962962963	0.626543209876543	4.51234567901235	0	0.756172839506173	2.09104938271605	0.455246913580247	0.375	0.871913580246914	0.421296296296296	1.00925925925926	2.06172839506173	0.927469135802469	1.16203703703704	2.24537037037037	1.00925925925926	0.390432098765432	1.2608024691358	0.929012345679012	1.34104938271605
457559	Archaea_76	Ribosomal_L4	PF00573.22	1.53301886792453	0.515723270440252	1.38364779874214	0.709119496855346	0.471698113207547	0.474842767295597	0.841194968553459	0.308176100628931	3.35534591194969	0.237421383647799	0.779874213836478	1.9559748427673	0.707547169811321	0.797169811320755	2.13679245283019	0.482704402515723	0.238993710691824	0.690251572327044	0.937106918238994	3.31761006289308	0.416666666666667	0.709119496855346	0.237421383647799	0.935534591194968	1.27830188679245	2.19968553459119	0.844339622641509	1.0062893081761	1.76572327044025
457560	Archaea_76	Ribosomal_L23	PF00276.20	0.868055555555556	0	0.0833333333333333	0	0.524305555555556	1.04166666666667	1.86111111111111	1.09375	0.131944444444444	0.149305555555556	0	1.22222222222222	0.0694444444444444	0	0.6875	0.819444444444444	2.375	0.642361111111111	0.555555555555556	0.913194444444444	0	2.02083333333333	0.479166666666667	0.892361111111111	1.21527777777778	2.79861111111111	0.201388888888889	5.37847222222222	0.454861111111111
457562	Archaea_76	Ribosomal_S19	PF00203.21	0.953405017921147	2.45878136200717	1.36559139784946	0.315412186379928	0.806451612903226	0	2.7921146953405	1.1326164874552	1.74551971326165	0.60573476702509	0	1.98207885304659	0.139784946236559	1.29390681003584	1.6989247311828	0.523297491039427	0.566308243727599	0.0860215053763441	0.50179211469534	1.52329749103943	1.12903225806452	2.02867383512545	1.11827956989247	3.46236559139785	0.541218637992832	3.04301075268817	4.14695340501792	3.72401433691756	0
457563	Archaea_76	Ribosomal_L22	PF00237.19	2.27284946236559	0.509408602150538	3.24462365591398	1.61559139784946	0.470430107526882	0.231182795698925	1.55645161290323	1.22177419354839	1.06451612903226	0.466397849462366	0.401881720430108	3.60887096774194	0.647849462365591	0.922043010752688	1.45833333333333	0.00672043010752688	1.05645161290323	1.45161290322581	1.02016129032258	1.44086021505376	2.43951612903226	0.915322580645161	1.45161290322581	1.98118279569892	0.606182795698925	0.817204301075269	2.36155913978495	2.32795698924731	0.307795698924731
457565	Archaea_76	Ribosomal_L16	PF00252.18	0.3621103117506	1.60911270983213	1.14148681055156	0	0	0.3621103117506	0.676258992805755	1.03357314148681	0.371702637889688	1.37649880095923	0	1.43884892086331	0.335731414868106	0.947242206235012	1.77458033573141	0	0.719424460431655	2.23980815347722	0.165467625899281	1.28057553956835	1.24460431654676	1.13429256594724	0.731414868105516	1.56594724220624	1.18225419664269	0.858513189448441	0.815347721822542	1.4052757793765	1.0863309352518
457566	Archaea_76	Ribosomal_L29	PF00831.23	1.65727699530516	1.51173708920188	0.244131455399061	0.00938967136150234	1.57276995305164	0.338028169014085	1.87323943661972	0	1.49765258215962	0.788732394366197	0	3.35211267605634	0.305164319248826	2.05164319248826	2.49765258215962	0.708920187793427	1.32394366197183	0.708920187793427	0.347417840375587	4.44131455399061	4.32394366197183	1.19718309859155	0.751173708920188	2.32394366197183	1.45539906103286	0	2.16901408450704	0.028169014084507	0.577464788732394
457567	Archaea_76	Ribosomal_S17	PF00366.20	2.5037037037037	0.422222222222222	0.351851851851852	1.41111111111111	1.52592592592593	0.277777777777778	1.95925925925926	0.988888888888889	1.24444444444444	0	0	3.96296296296296	0.692592592592593	1.04074074074074	1.77037037037037	1.56666666666667	1.14814814814815	0.559259259259259	0.559259259259259	3.37407407407407	1.74444444444444	1.76666666666667	2.03703703703704	3.11481481481481	0.562962962962963	0.688888888888889	3.6	2.17777777777778	2.21481481481481
457568	Archaea_76	Ribosomal_L14	PF00238.19	1.34688346883469	1.4769647696477	0.205962059620596	3.56639566395664	1.20054200542005	0.818428184281843	0.821138211382114	0.501355013550135	1.60975609756098	0.815718157181572	0	3.18970189701897	0.132791327913279	2.01355013550135	1.68563685636856	1.71815718157182	0.658536585365854	4.37940379403794	0.62059620596206	4.60433604336043	1.50135501355014	1.0189701897019	0.463414634146341	3.49322493224932	1.67208672086721	1.15176151761518	3.88888888888889	1.69105691056911	0.785907859078591
457571	Archaea_76	Ribosomal_S8	PF00410.19	3.0547263681592	0.651741293532338	1.15671641791045	2.56716417910448	0	0.599502487562189	0.445273631840796	0	1.83830845771144	1.24626865671642	0	2.11194029850746	0.375621890547264	0.865671641791045	3.00497512437811	0.945273631840796	2.84328358208955	1.46517412935323	1.08706467661692	2.04726368159204	3.19402985074627	0.699004975124378	2.23383084577114	2.51741293532338	0.549751243781095	2.56716417910448	2.11442786069652	2.52238805970149	0.497512437810945
457572	Archaea_76	Ribosomal_L6	PF00347.23	1.32412523020258	1.13812154696133	0.528545119705341	1.95948434622468	0.228360957642726	0.620626151012891	0.758747697974217	0.550644567219153	0.858195211786372	1.89318600368324	0.552486187845304	1.94475138121547	0.808471454880295	1.48802946593002	2.54696132596685	0.920810313075506	1.32780847145488	1.98342541436464	0.58195211786372	1.11970534069982	2.3720073664825	0.278084714548803	1.79742173112339	2.89502762430939	0.104972375690608	2.14548802946593	2.10128913443831	0.714548802946593	0.357274401473296
457577	Archaea_76	SecY	PF00344.20	1.61451247165533	1.50566893424036	0.73620559334845	0.761148904006047	0.684051398337113	1.13756613756614	0.72108843537415	0.45578231292517	0.73167044595616	0.479213907785336	0.652305366591081	2.36130007558579	0.228269085411943	0.699168556311414	1.68707482993197	0.386243386243386	0.973544973544974	1.21919879062736	0.470899470899471	1.6984126984127	1.08994708994709	0.572184429327287	0.27588813303099	2.70521541950113	1.53968253968254	1.39002267573696	2.44822373393802	0.823885109599395	1.6182917611489
457579	Archaea_76	Ribosomal_S13	PF00416.22	1.43121693121693	0.907407407407407	0	1	0.801587301587302	1.40740740740741	0.941798941798942	0.256613756613757	0.80952380952381	0	0.814814814814815	1.11640211640212	0.645502645502645	1.83068783068783	0.669312169312169	2.12962962962963	0.5	0.592592592592593	0.76984126984127	2.8015873015873	5.24603174603175	0.396825396825397	0	1.63492063492063	2.85714285714286	2.63756613756614	2.67724867724868	1.03174603174603	0.53968253968254
457580	Archaea_76	Ribosomal_S11	PF00411.19	1.01002506265664	1.69423558897243	0	2.19047619047619	1.19298245614035	0	1.07268170426065	2.56641604010025	2.21553884711779	0.666666666666667	1.09273182957393	1.43358395989975	0.140350877192982	1.81203007518797	1.80701754385965	1.1328320802005	2.14786967418546	2.43609022556391	1.48370927318296	2.32581453634085	1.27568922305764	0.503759398496241	0.483709273182957	2.39097744360902	1.20802005012531	1.78696741854637	1.55137844611529	3.41353383458647	0.992481203007519
457585	Archaea_76	Ribosomal_L13	PF00572.18	0.887550200803213	1.58433734939759	0.347389558232932	1.27710843373494	0.604417670682731	0.831325301204819	2.02008032128514	1.20682730923695	0.317269076305221	0	0.534136546184739	1.46385542168675	0.604417670682731	0.903614457831325	0.323293172690763	0.77710843373494	1.54819277108434	0.84136546184739	1.35140562248996	1.20883534136546	2.52610441767068	0.0120481927710843	2.46385542168675	2.17068273092369	0.931726907630522	1.06224899598394	1.25100401606426	2.75100401606426	0.811244979919679
457586	Archaea_76	Ribosomal_S9	PF00380.19	1.04071246819338	0.870229007633588	0.99236641221374	1.5470737913486	0.875318066157761	0.417302798982188	0.615776081424936	0.585241730279898	2.67684478371501	0.610687022900763	0.768447837150127	1.11450381679389	0	0.910941475826972	2.29262086513995	1.16030534351145	0.753180661577608	1.87277353689567	0	0.435114503816794	3.41984732824427	0.926208651399491	0.157760814249364	3.03562340966921	1.25954198473282	0	4.3027989821883	0.384223918575064	1.49872773536896
1278924	Archaea_76	tRNA-synt_His	PF13393.6	1.40224358974359	1.23798076923077	0.686698717948718	0.415064102564103	0.346955128205128	0.241185897435897	0.943910256410256	0.237179487179487	0.28525641025641	0.407852564102564	0.137820512820513	1.4599358974359	0.294871794871795	0	1.28445512820513	0.529647435897436	1.08173076923077	1.36939102564103	0.77323717948718	0.580929487179487	1.16666666666667	1.53044871794872	0.157051282051282	1.88701923076923	1.74919871794872	0.846153846153846	0.899038461538462	0.939102564102564	0.78125
1288318	Archaea_76	RNase_HII	PF01351.18	1.4936170212766	0	0.55177304964539	0.757446808510638	0.00141843971631205	0	0.739007092198582	2.12482269503546	2.31489361702128	0.428368794326241	0	3.10070921985816	0.365957446808511	0.428368794326241	2.59574468085106	0.713475177304965	0.475177304964539	0.426950354609929	0.795744680851064	0.507801418439716	0.239716312056738	1.09787234042553	1.38581560283688	0.66241134751773	1.40709219858156	1.34468085106383	1.23404255319149	0.852482269503546	0.302127659574468
1114682	Archaea_76	NDK	PF00334.19	0.953771289537713	0.437956204379562	0.610705596107056	1.58394160583942	0	0.576642335766423	2.50121654501217	0.37712895377129	0.965936739659367	0	0	3.3698296836983	0	1.12408759124088	0	2.00973236009732	1.28710462287105	0	1.41849148418491	0	0.86374695863747	0.958637469586375	0	0.440389294403893	0.951338199513382	0.732360097323601	0.472019464720195	1.66666666666667	0.975669099756691
1154886	Archaea_76	AdoHcyase	PF05221.17	0.727272727272727	0.407925407925408	2.004662004662	0.00932400932400932	0.27039627039627	1.70862470862471	1.23543123543124	1.05361305361305	0	1.04195804195804	0.0606060606060606	0.913752913752914	0.703962703962704	1.12121212121212	1.42424242424242	0.701631701631702	0.86013986013986	0	1.74592074592075	1.96969696969697	1.15617715617716	2.06293706293706	1.30536130536131	1.83216783216783	0.34965034965035	0.701631701631702	2.75757575757576	1.37995337995338	1.12121212121212
88881	Archaea_76	tRNA-synt_1c	PF00749.21	1.08261494252874	0.762212643678161	1.32830459770115	0.216954022988506	0.755028735632184	0.582614942528736	1.08261494252874	0.641522988505747	0.914511494252874	0.649425287356322	0.41235632183908	1.50215517241379	0	0.708333333333333	1.10847701149425	1.02658045977011	0.498563218390805	2.01293103448276	0.992816091954023	1.59195402298851	0.694683908045977	1.79166666666667	1.22054597701149	1.73204022988506	0.673850574712644	1.72916666666667	2.05962643678161	1.45402298850575	1.54956896551724
88885	Archaea_76	tRNA-synt_1c	PF00749.21	1.69886702444842	0.82051282051282	0.949314251639833	0.804412641621944	0.539654144305307	0.769230769230769	1.61478831246273	1.01669648181276	1.40966010733453	0.539654144305307	0.358378056052475	1.1103160405486	0.538461538461538	1.45140131186643	0.873583780560525	0.890280262373286	1.04830053667263	0.97376267143709	0.358974358974359	0.997018485390578	0.805605247465713	0.801431127012522	1.52415026833631	2.70483005366726	0.707811568276685	0.272510435301133	2.09660107334526	1.19499105545617	1.07453786523554
977248	Archaea_76	Ham1p_like	PF01725.16	1.20588235294118	1.19934640522876	2.10294117647059	0.491830065359477	0.299019607843137	1.41339869281046	0.818627450980392	0	0.733660130718954	0.491830065359477	0	2.09477124183007	0	0.493464052287582	1.39869281045752	1.90686274509804	0.980392156862745	1.9983660130719	0	0.740196078431373	1.55228758169935	0.957516339869281	0.777777777777778	1.85947712418301	1.29248366013072	0.841503267973856	2.86437908496732	0.962418300653595	1.84313725490196
1592915	Archaea_76	RNA_pol_Rpb6	PF01192.22	1.87414965986395	2.31972789115646	0	0	0.69047619047619	1.78231292517007	0	0.45578231292517	0.642857142857143	0.513605442176871	0	2.01700680272109	0	0.748299319727891	0.826530612244898	0	0	0	0	1.19047619047619	0.952380952380952	0.476190476190476	0	0.496598639455782	0.724489795918367	0.982993197278912	2.60544217687075	0.547619047619048	0.840136054421769
1652657	Archaea_76	Ribosomal_L1	PF00687.21	2.59227467811159	2.03004291845494	1.10300429184549	0.65379113018598	0.298998569384835	0.437768240343348	0.951359084406295	0	0.283261802575107	1.22460658082976	0	1.8068669527897	0.795422031473534	1.90557939914163	2.35622317596567	1.45064377682403	1.23032904148784	0.812589413447783	0.638054363376252	2.95135908440629	2.29041487839771	0.793991416309013	0.456366237482117	1.8140200286123	1.79542203147353	2.05293276108727	4.95708154506438	0.98140200286123	0.323319027181688
1652662	Archaea_76	Ribosom_S12_S23	PF00164.25	2.00268817204301	0.583333333333333	0.596774193548387	0.588709677419355	0.39247311827957	0.833333333333333	2.86559139784946	0.403225806451613	0.860215053763441	0.825268817204301	0.405913978494624	2.83602150537634	1.36290322580645	0.0188172043010753	0.043010752688172	0	1.6505376344086	0.276881720430108	1.60483870967742	0.413978494623656	1.89516129032258	2.89516129032258	1.21236559139785	5.4489247311828	1.81451612903226	0	0.728494623655914	2.34677419354839	0.57258064516129
1652663	Archaea_76	Ribosomal_S7	PF00177.21	2.35031847133758	1.14437367303609	0.955414012738854	0.479830148619958	0.564755838641189	1.15923566878981	3.6963906581741	0	1.18046709129512	0.961783439490446	0	1.39915074309979	0.273885350318471	1.54564755838641	1.28025477707006	0	1.01486199575372	3.50743099787686	1.13375796178344	2.37791932059448	1.02547770700637	2.69851380042463	0.636942675159236	5.51380042462845	0.83651804670913	0.636942675159236	4.11252653927813	3.21656050955414	1.98513800424628
557021	Archaea_76	TIM	PF00121.18	0.753846153846154	0.680769230769231	0.883333333333333	1.05512820512821	0.597435897435897	0	0.438461538461538	0.365384615384615	0.770512820512821	1.73589743589744	0.771794871794872	1.54615384615385	0	1.68974358974359	1.9525641025641	0.651282051282051	0	1.13589743589744	0.385897435897436	1.01538461538462	0.580769230769231	0.00512820512820512	1.54487179487179	1.39871794871795	1.02564102564103	1.17435897435897	1.01153846153846	0.919230769230769	0.892307692307692
653294	Archaea_76	tRNA-synt_1c	PF00749.21	2.07127882599581	0.622641509433962	0.315513626834382	1.98637316561845	0.314465408805031	0.610062893081761	2.07756813417191	1.87421383647799	2.01153039832285	0.316561844863732	0	2.22746331236897	0.677148846960168	1.59329140461216	1.16457023060797	0.628930817610063	0.643605870020964	2.03459119496855	0.921383647798742	2.65303983228512	1.42872117400419	0.631027253668763	0.437106918238994	2.28721174004193	0.491614255765199	0.462264150943396	1.83542976939203	1.25995807127883	0.314465408805031
675974	Archaea_76	Adenylsucc_synt	PF00709.21	2.88602654176425	0.857142857142857	1.58626073380172	1.17720530835285	0.548790007806401	1.38329430132709	1.37704918032787	1.22248243559719	1.45745511319282	0.234972677595628	0.3871975019516	2.11553473848556	0.234972677595628	0.465261514441842	1.97423887587822	1.0967993754879	1.24434035909446	1.20452771272443	0.868071818891491	1.88290398126464	1.34972677595628	1.63387978142077	0.943793911007026	2.82435597189696	1.04605776736924	1.90632318501171	2.0015612802498	2.128024980484	1.74395003903201
753740	Archaea_76	AdoHcyase	PF05221.17	0.383033419023136	0.65209940017138	0.451585261353899	1.03170522707798	0.245072836332476	1.54670094258783	1.73007712082262	1.44644387317909	1.24164524421594	0	0.383890317052271	1.64181662382177	0.101970865467009	0.707797772065124	1.66238217652099	0.386461011139674	0.386461011139674	0.296486718080548	0.258783204798629	1.93573264781491	1.39931448157669	0.978577549271637	0.713796058269066	4.1662382176521	1.9031705227078	2.36418166238218	2.21165381319623	1.11139674378749	2.52870608397601
1473293	Archaea_76	Ribosomal_S2	PF00318.20	1.13870967741935	1.13118279569892	1.23118279569892	0.510752688172043	0.137634408602151	1.21720430107527	0.688172043010753	0.32258064516129	2.14623655913978	0	0.32258064516129	1.58172043010753	0	0.443010752688172	1.94623655913978	0.609677419354839	1.66021505376344	1.3258064516129	1.15698924731183	1.69569892473118	0.624731182795699	1.78709677419355	0.939784946236559	1.76236559139785	1.13440860215054	1.13978494623656	0.805376344086022	1.06451612903226	2.30322580645161
1525142	Archaea_76	Ribosomal_S15	PF00312.22	1.93220338983051	0.602636534839925	0.566854990583804	0	0	0.0809792843691149	0.152542372881356	0.325800376647834	1.74764595103578	0.0470809792843691	0.606403013182674	0.553672316384181	0	0.568738229755179	0.56120527306968	0.395480225988701	0.548022598870056	0.291902071563089	0.274952919020716	1.87005649717514	0	1.81920903954802	1.25612052730697	1.66854990583804	1.52730696798493	1.78719397363465	0.546139359698682	1.71374764595104	2.22787193973635
1547882	Archaea_76	tRNA-synt_1d	PF00750.19	1.87087599544937	1.14789533560865	1.21160409556314	0.36518771331058	0.997155858930603	0.560864618885097	1.50056882821388	1.00625711035267	0.687144482366325	0.342434584755404	0.943117178612059	1.86860068259386	0.343572241183163	0.983503981797497	1.26336746302617	0.202502844141069	0.856655290102389	1.41126279863481	0.600113765642776	1.43060295790671	1.85324232081911	0.171786120591581	1.36006825938567	2.57508532423208	0.898179749715586	1.99431171786121	1.89931740614334	1.59044368600683	1.78270762229807
