gene_callers_id	source	gene_name	gene_hmm_id	WAM_ALR	WAM_CCR	WAM_IPI	WAM_MAR	WAM_MYS	WAM_PBL	WAM_PJN	WAM_PPR	WAM_PST	WAM_ROL	WAM_SCR	WAM_SGN	WAM_SIS	WAM_TWN	WAR_ALR	WAR_CCR	WAR_IPI	WAR_MAR	WAR_MYS	WAR_PBL	WAR_PJN	WAR_PPR	WAR_PSK	WAR_PST	WAR_RNW	WAR_ROL	WAR_SCR	WAR_SGL	WAR_SIS
406645	Archaea_76	Ribosomal_L1	PF00687.21	0	0	0	0.668888888888889	0	0	0	0	0.52	0.546666666666667	0	0	0.175555555555556	0	0.588888888888889	0	0	0.333333333333333	0.424444444444444	0	0	0.333333333333333	0.331111111111111	1.03333333333333	0	0.755555555555556	0	0	0
1360249	Archaea_76	AdoHcyase	PF05221.17	1.12372634643377	0	0	0	0.0611353711790393	0	0	0.387190684133915	0.663755458515284	0.879184861717613	0	0.435225618631732	0.439592430858806	0	2.53566229985444	0.218340611353712	0.657933042212518	1.03056768558952	0	0.435225618631732	0.864628820960699	0.590975254730713	1.00727802037846	0.263464337700146	0	0.506550218340611	0.106259097525473	0.273653566229985	1.37409024745269
1360250	Archaea_76	AdoHcyase	PF05221.17	0	0	0.329501915708812	0	0	0	0.384418901660281	0	0.753512132822478	0.309067688378033	0	0	0	0	0.630906768837803	0	1.08429118773946	0.23882503192848	0	0	0.385696040868455	0.0140485312899106	0.384418901660281	0.754789272030651	0.384418901660281	1.2962962962963	0.771392081736909	0	1.56577266922095
1379740	Archaea_76	HMG-CoA_red	PF00368.18	1.2974537037037	0	0.349537037037037	0	0	0.225694444444444	0.349537037037037	0.271990740740741	0.248842592592593	0.696759259259259	0	0	0.577546296296296	0	1.96990740740741	0	0.696759259259259	0.34837962962963	0	0.34837962962963	1.21180555555556	0.349537037037037	0.697916666666667	0.699074074074074	0	0.619212962962963	0	0.525462962962963	0.940972222222222
1075248	Archaea_76	tRNA-synt_1d	PF00750.19	0.770539906103286	0.177230046948357	0	0.171948356807512	0.352112676056338	0.177230046948357	0.620892018779343	0.0211267605633803	0.0950704225352113	0.821596244131455	0.176056338028169	0.231220657276995	0.199530516431925	0.176643192488263	0.795774647887324	0	1.02053990610329	0.509976525821596	0.176643192488263	0.507042253521127	0.587441314553991	0.177230046948357	0.177230046948357	1.12734741784038	0.209507042253521	0.876173708920188	0.176643192488263	0.96537558685446	2.04342723004695
1126128	Archaea_76	SecY	PF00344.20	1.30213464696223	0	0	0	0	0	0.495894909688013	0	0	0.495894909688013	0	0	0	0.495894909688013	1.73563218390805	0	0.729064039408867	1.48440065681445	0	0.246305418719212	0.0640394088669951	0	0.738916256157635	0.824302134646962	0	1.07224958949097	0	0.495894909688013	1.04433497536946
1126132	Archaea_76	Ribosomal_L6	PF00347.23	1.14897579143389	0	0	0	0.560521415270019	0	0.376163873370577	0	0.795158286778399	1.13966480446927	0	0	0.51024208566108	0	2.09497206703911	0.238361266294227	1.82867783985102	0.636871508379888	0.562383612662942	1.43202979515829	0.629422718808194	0	1.61638733705773	0.521415270018622	0.454376163873371	1.91433891992551	0	1.40409683426443	0.720670391061452
1126133	Archaea_76	Ribosomal_S8	PF00410.19	0.4375	0	0.255208333333333	0	0	0	1.25	0	0	0.4375	0	0	0	0	1.92447916666667	0	0.768229166666667	0.200520833333333	0	0	2.03385416666667	0	0	0.283854166666667	0	2.85416666666667	0	0.171875	0
1126137	Archaea_76	Ribosomal_L14	PF00238.19	0.02710027100271	1.41463414634146	0.149051490514905	0	0.975609756097561	0	1.22493224932249	0	0.428184281842818	0.67479674796748	0.0758807588075881	0.723577235772358	0	0	1.11924119241192	0	0.376693766937669	0.926829268292683	0	0.623306233062331	0	0	2.21951219512195	1.48238482384824	0	0.826558265582656	0	0.815718157181572	0.409214092140921
1126138	Archaea_76	Ribosomal_S17	PF00366.20	0	0.763565891472868	1.28682170542636	0	0.922480620155039	0	0.585271317829457	1	1.57751937984496	0.445736434108527	0.976744186046512	0.24031007751938	0	0	0.934108527131783	0	0	0.251937984496124	0	0	0.51937984496124	0	0.465116279069767	2.06589147286822	0	1.66666666666667	0.62015503875969	1.13178294573643	1.13565891472868
1126139	Archaea_76	Ribosomal_L29	PF00831.23	0	0.612745098039216	0.950980392156863	0	0	0	0	0.147058823529412	1.08333333333333	0.294117647058824	0	0	0	0	0.475490196078431	0	0.534313725490196	0.308823529411765	0.382352941176471	0.21078431372549	0	0	0.769607843137255	1.3921568627451	0.431372549019608	0.808823529411765	0.57843137254902	0	0.0686274509803922
1126140	Archaea_76	Ribosomal_L16	PF00252.18	0.318734793187348	0.131386861313869	0.153284671532847	0	0	0	0.364963503649635	0	0.141119221411192	0.734793187347932	0	0	0	0	0.557177615571776	0	0.948905109489051	0.576642335766423	0.535279805352798	1.68126520681265	0.367396593673966	0.642335766423358	0	0.265206812652068	0.506082725060827	1.67396593673966	0	0	1.62530413625304
1126142	Archaea_76	Ribosomal_L22	PF00237.19	0.247443762781186	0.578732106339468	0.662576687116564	0	1.3640081799591	1.22903885480573	1.23108384458078	0	0.541922290388548	0.957055214723926	0.61758691206544	0	0	0	2.4601226993865	0	0.110429447852761	0.372188139059305	0.192229038854806	0.415132924335378	1.57873210633947	0	0.656441717791411	2.58486707566462	0	1.02658486707566	0.016359918200409	0	1.30674846625767
1126143	Archaea_76	Ribosomal_S19	PF00203.21	2.7921146953405	0	0.949820788530466	0	0	0	0	0	1.01433691756272	0.483870967741935	0	0	0	0	5.10752688172043	0	0	0	0	0	1.07885304659498	0	1.50179211469534	2.86379928315412	0	3.11111111111111	1.04659498207885	0	2.36917562724014
1126145	Archaea_76	Ribosomal_L23	PF00276.20	1.67289719626168	0.470404984423676	0	0.0996884735202492	0	0	0.467289719626168	0.246105919003115	1.20872274143302	0	0	0	0.467289719626168	0	5.09345794392523	0	0.426791277258567	0	0	0	1.07476635514019	0	1.25545171339564	0	0	6.7196261682243	0	0.934579439252336	0.978193146417446
1126146	Archaea_76	Ribosomal_L4	PF00573.22	1.50236966824645	0	0	0.477093206951027	0	0	0.477093206951027	0.352290679304897	0.469194312796209	0	0	0	0.477093206951027	0	2.31911532385466	0	1.94470774091627	0.95260663507109	0.951026856240126	0	0.886255924170616	0.949447077409163	0.802527646129542	1.74407582938389	0.951026856240126	2.62243285939968	0	0	1.57345971563981
1126147	Archaea_76	Ribosomal_L3	PF00297.22	0.362519201228879	0	0.47926267281106	0	0	0	0.579109062980031	0	0.231950844854071	0.695852534562212	0	0	0	0	0	0	0.167434715821813	0	0	0.462365591397849	0.00921658986175115	0.178187403993856	0	1.41321044546851	0.288786482334869	0.746543778801843	0	0.926267281105991	0.0706605222734255
1126151	Archaea_76	Ribosomal_S7	PF00177.21	2.31884057971015	0	0	0	0	0	0.684782608695652	0.380434782608696	0.543478260869565	0.206521739130435	0	0.543478260869565	0.565217391304348	0	1.02898550724638	0	0.576086956521739	0.365942028985507	0	0.108695652173913	1.3804347826087	0.840579710144927	0.264492753623188	0.547101449275362	0.445652173913043	0.423913043478261	0.561594202898551	0.221014492753623	1.09420289855072
1126152	Archaea_76	Ribosom_S12_S23	PF00164.25	3.13541666666667	0	0	0	0	0	0	0	0.841145833333333	0.3125	0	0	0	0	2.42708333333333	0	1.12239583333333	1.56770833333333	1.0234375	0	0	0	0	1.09114583333333	0	0.911458333333333	0	0.783854166666667	2.04166666666667
31453	Archaea_76	TIM	PF00121.18	1.03125	0.713541666666667	0.764322916666667	0.11328125	0.196614583333333	0	0.319010416666667	0.3359375	0.1953125	0.29296875	0	0.328125	0	0	2.84765625	0	0.196614583333333	0	0.674479166666667	0.34375	0.352864583333333	0	0.68359375	1.52604166666667	0	0.88671875	0.229166666666667	0.76953125	1.54427083333333
74302	Archaea_76	Ribosomal_L13	PF00572.18	0.90752688172043	0	0.204301075268817	0.324731182795699	0	0	0.647311827956989	0	0.649462365591398	0.262365591397849	0	0	0	0	2.11827956989247	0	0	0.965591397849462	0.565591397849462	1.94408602150538	0.851612903225806	0	0.956989247311828	0.447311827956989	0	0.043010752688172	0.324731182795699	0.554838709677419	1.73548387096774
74303	Archaea_76	Ribosomal_S9	PF00380.19	0	0	0.506172839506173	0	0	0	0.390123456790123	0	0.192592592592593	1.14567901234568	0.538271604938272	0	0.745679012345679	0	3.94074074074074	0	0	1.17037037037037	0.390123456790123	0.753086419753086	0.730864197530864	0	0.281481481481481	0.745679012345679	0	0.266666666666667	0.37283950617284	1.6962962962963	1.04444444444444
94217	Archaea_76	Ribosomal_S15	PF00312.22	0.540229885057471	0	0	0.578544061302682	0	0	1.65900383141762	0.459770114942529	1.33333333333333	0	0	0	0	0.0421455938697318	0.586206896551724	1.36781609195402	0.908045977011494	0.689655172413793	0	1.71264367816092	0	0	0	1.92337164750958	0	1.48275862068966	0.578544061302682	0	1.13026819923372
994802	Archaea_76	Ribosomal_S13	PF00416.22	0	0	0.283582089552239	0	0	0	0.746268656716418	0	0	0	0	0	0	0	0.517412935323383	0	0.208955223880597	0.348258706467662	0	0	1.22388059701493	0	0	0.82089552238806	0.228855721393035	0.537313432835821	0	0	0
994803	Archaea_76	Ribosomal_S11	PF00411.19	1.56185567010309	0	0.896907216494845	0	0	0	0.963917525773196	0	0.529209621993127	0.910652920962199	0	0	0	0	1.3659793814433	0	0.790378006872852	0.589347079037801	0	0.266323024054983	0.517182130584192	0	0	2.5446735395189	0.402061855670103	1.33505154639175	0	0.443298969072165	1.0360824742268
1750304	Archaea_76	tRNA-synt_1c	PF00749.21	0.343820224719101	0.225468164794007	0.634456928838951	0	0.50187265917603	0.450187265917603	0.550561797752809	0	1.01423220973783	0.151310861423221	0	0	0.11310861423221	0	1.58501872659176	0.172284644194757	1.37902621722846	0	0.501123595505618	0.226217228464419	2.07640449438202	0.225468164794007	0.310861423220974	0.450936329588015	0	1.99176029962547	0.830711610486891	0.225468164794007	1.71610486891386
254479	Archaea_76	Adenylsucc_synt	PF00709.21	0.919896640826873	0	0	0.387596899224806	0.291989664082687	0	0.388888888888889	0	0.479328165374677	0.686046511627907	0	0.294573643410853	0.866925064599483	0	1.7093023255814	0.390180878552972	0.390180878552972	0.390180878552972	0.423772609819121	0.0956072351421189	0.583979328165375	0	0.372093023255814	0.390180878552972	0.390180878552972	0.789405684754522	0.373385012919897	0	0.366925064599483
568768	Archaea_76	tRNA-synt_1c	PF00749.21	0	0	0.367647058823529	0	0	0	1.06127450980392	0	0.634803921568627	0.426470588235294	0	0	0	0	0.370098039215686	0	0	0.370098039215686	0	0	0	0.446078431372549	0.215686274509804	0.985294117647059	0	0.367647058823529	0.365196078431373	0	0
577279	Archaea_76	RNase_HII	PF01351.18	0.30974358974359	0	0.30974358974359	0	0.278974358974359	0	0.162051282051282	0	0.113846153846154	0.30974358974359	0	0.406153846153846	0	0	0.69025641025641	0.0902564102564103	0.618461538461539	0.694358974358974	1.90871794871795	0.0502564102564102	0.675897435897436	0.618461538461539	1.57128205128205	1.80410256410256	0	0.958974358974359	0.397948717948718	0.30974358974359	0.701538461538462
577284	Archaea_76	Ribosomal_L1	PF00687.21	0.43019943019943	0.428774928774929	0	0.0698005698005698	0	0	1.36467236467236	0	0.247863247863248	0.0484330484330484	0	0	0	0	1.76923076923077	0	1.5014245014245	0.682336182336182	0.373219373219373	0.0156695156695157	0.760683760683761	0	0.215099715099715	0.383190883190883	0	1.82621082621083	0.427350427350427	0	0
674635	Archaea_76	tRNA-synt_His	PF13393.6	0.422921711057304	0.242130750605327	0.486682808716707	0	0	0	0.0855528652138822	0	0.458434221146086	0	0	0	0	0	1.07667473769169	0.182405165456013	0.718321226795803	0.644874899112187	0.410815173527038	0.587570621468927	0.657788539144471	0.519774011299435	0.129136400322841	1.15496368038741	0.242130750605327	0.535108958837772	0	0.166263115415658	1.20177562550444
1475921	Archaea_76	Adenylsucc_synt	PF00709.21	1.50778816199377	0	0.0342679127725857	0	0	0.283489096573209	0.498442367601246	0	0.934579439252336	0	0	0	0	0	1.9190031152648	0	0.470404984423676	0	0	0.26791277258567	0.361370716510903	0.0498442367601246	0.330218068535826	1.07476635514019	0	0	0	0	0.67601246105919
