gene_callers_id	source	gene_name	gene_hmm_id	WAM_ALR	WAM_CCR	WAM_IPI	WAM_MAR	WAM_MYS	WAM_PBL	WAM_PJN	WAM_PPR	WAM_PST	WAM_ROL	WAM_SCR	WAM_SGN	WAM_SIS	WAM_TWN	WAR_ALR	WAR_CCR	WAR_IPI	WAR_MAR	WAR_MYS	WAR_PBL	WAR_PJN	WAR_PPR	WAR_PSK	WAR_PST	WAR_RNW	WAR_ROL	WAR_SCR	WAR_SGL	WAR_SIS
351799	Archaea_76	AdoHcyase	PF05221.17	1.08181203515889	1.9526707234618	0.875591615956728	0.719405003380663	0.941176470588235	0.396213657876944	1.65314401622718	0.436781609195402	2.23799864773496	1.01960784313725	2.86544962812711	1.22582826233942	0.611899932386748	0.509127789046653	2.19945909398242	6.71602434077079	0.910074374577417	2.13455037187289	0.522650439486139	2.10344827586207	1.99323867478026	6.29817444219067	0.612576064908722	4.11020960108181	2.84381338742394	2.84043272481406	4.63759296822177	1.69168356997972	2.33603786342123
485235	Archaea_76	tRNA-synt_His	PF13393.6	0.640845070422535	2.62284820031299	0.528169014084507	0.376369327073552	0.236306729264476	0.236306729264476	2.3302034428795	0.235524256651017	1.84115805946792	2.32394366197183	2.25978090766823	1.7754303599374	0.472613458528951	0	2.34194053208138	8.48200312989045	2.40062597809077	1.32863849765258	0.588419405320814	2.2472613458529	3.179186228482	9.15258215962441	0.570422535211268	5.31064162754304	1.5414710485133	1.84037558685446	4.81220657276995	2.82472613458529	1.91627543035994
485257	Archaea_76	RNA_pol_Rpb6	PF01192.22	2.8034188034188	3.05982905982906	1.44729344729345	0.00569800569800569	0.43019943019943	0.427350427350427	3.21367521367521	0.484330484330484	0.98005698005698	1.21937321937322	2.93732193732194	1.53276353276353	0.43019943019943	0	0.603988603988604	7.45584045584046	1.54415954415954	1.36752136752137	1.76638176638177	2.37321937321937	0.475783475783476	6.54985754985755	2.38461538461538	5.27920227920228	0.52991452991453	2.69230769230769	5.84330484330484	0.472934472934473	2.86324786324786
523285	Archaea_76	tRNA-synt_1c	PF00749.21	0.576245210727969	1.1632183908046	1.53869731800766	1.09731800766284	0.230651340996169	0.954022988505747	2.7095785440613	1.15325670498084	2.67739463601533	2.15708812260536	2.58084291187739	1.37318007662835	0.154789272030651	0	3.16934865900383	8.28735632183908	1.09961685823755	1.48429118773946	1.49578544061303	3.04674329501916	3.02528735632184	8.15095785440613	2.47816091954023	3.81072796934866	1.31494252873563	3.20766283524904	4.87662835249042	4.17547892720307	1.71264367816092
1067169	Archaea_76	TIM	PF00121.18	1.47232947232947	1.85199485199485	0.687258687258687	1.06177606177606	1.16473616473616	1.93178893178893	1.69369369369369	0.776061776061776	3.31274131274131	1.4041184041184	2.70656370656371	2.96525096525097	0.903474903474903	0.362934362934363	2.28571428571429	9.30888030888031	0.926640926640927	3.05019305019305	1.1994851994852	4.97168597168597	1.35649935649936	10.0849420849421	0.579150579150579	6.82110682110682	1.93307593307593	3.63577863577864	5.18275418275418	1.48777348777349	0.290862290862291
905551	Archaea_76	RNase_HII	PF01351.18	0.46011396011396	1.42450142450142	1.1025641025641	1.12535612535613	0.193732193732194	0.86039886039886	1.92307692307692	0.746438746438746	0.246438746438746	1.86182336182336	1.49145299145299	1.31339031339031	0.0156695156695157	0	1.62250712250712	6.91168091168091	1.83618233618234	3.48860398860399	1.18091168091168	2.48575498575499	3.56695156695157	7.34188034188034	0	2.84900284900285	1.07834757834758	2.44159544159544	1.71794871794872	2.46296296296296	0.401709401709402
947979	Archaea_76	NDK	PF00334.19	0.465174129353234	2.78855721393035	0	1.28606965174129	0.159203980099502	1.03980099502488	1.84825870646766	0.435323383084577	1.31592039800995	1.93781094527363	2.39303482587065	2.681592039801	0.751243781094527	0	2.11940298507463	6.69651741293532	1.3134328358209	0.776119402985075	0.236318407960199	2.6865671641791	3.73134328358209	14.3283582089552	0.465174129353234	2.90547263681592	0.995024875621891	3.3407960199005	5.75621890547264	0.432835820895522	2.21890547263682
1610542	Archaea_76	Ham1p_like	PF01725.16	0.707692307692308	0.471794871794872	0.707692307692308	0	1.03247863247863	0.514529914529914	0.317948717948718	0.764102564102564	1.63589743589744	0.352136752136752	3.85299145299145	1.7008547008547	0.516239316239316	0.441025641025641	0.454700854700855	5.75897435897436	1.05299145299145	3.43418803418803	0	2.16068376068376	5.72478632478632	5.25299145299145	0.770940170940171	4.91623931623932	0.695726495726496	3.63076923076923	3.77777777777778	1.9025641025641	0.0478632478632479
1746114	Archaea_76	Ribosomal_S9	PF00380.19	0.361323155216285	2.02544529262087	0	0.440203562340967	1.22391857506361	0	3.38167938931298	0.908396946564886	1.97201017811705	0.452926208651399	4.40966921119593	1.80661577608142	0	0	1.04580152671756	6.10941475826972	1.3765903307888	3.35623409669211	0.379134860050891	2.3206106870229	4.9058524173028	6.55979643765903	0.185750636132316	6.45547073791349	2.74809160305344	1.99236641221374	4.99745547073791	2.06106870229008	1.38931297709924
1746115	Archaea_76	Ribosomal_L13	PF00572.18	1.67328918322296	2.66666666666667	0	1.45916114790287	0	0.267108167770419	1.98454746136865	1.05298013245033	2.10154525386313	0.267108167770419	2.69977924944812	0.759381898454746	0.664459161147903	0	0.708609271523179	6.43046357615894	0.660044150110375	3.43708609271523	0.333333333333333	3.88962472406181	4.48565121412804	8.1037527593819	0.496688741721854	3.42825607064018	3.81015452538631	1.60485651214128	3.73730684326711	3.28697571743929	1.560706401766
1746120	Archaea_76	Ribosomal_S11	PF00411.19	1.50877192982456	4.64661654135338	0	0.233082706766917	0	0.774436090225564	0.606516290726817	1.41102756892231	2.03508771929825	0	4.13784461152882	1.34335839598997	1.94987468671679	0	5.09273182957393	14.0100250626566	4.11027568922306	2.59398496240602	2.46365914786967	3.85714285714286	5.2406015037594	6.20802005012531	0.288220551378446	6.77944862155388	2.23809523809524	3.7468671679198	2.07268170426065	2.70927318295739	0.0401002506265664
1746121	Archaea_76	Ribosomal_S13	PF00416.22	1.56084656084656	3.07936507936508	0	0	1.5978835978836	2.20899470899471	0.798941798941799	0.896825396825397	1.78042328042328	2.36772486772487	2.84656084656085	1.17195767195767	0.746031746031746	0.399470899470899	3.83597883597884	7.45238095238095	2.04232804232804	2.6957671957672	0.716931216931217	3.92328042328042	4.03174603174603	6.60846560846561	1.34920634920635	4.78571428571429	1.51851851851852	1.68783068783069	3.4973544973545	0.883597883597884	0.772486772486772
1746124	Archaea_76	SecY	PF00344.20	1.36888888888889	2.84666666666667	1.00666666666667	2.15407407407407	0.447407407407407	1.98148148148148	3.0962962962963	0.879259259259259	2.05259259259259	1.49703703703704	4.26074074074074	1.50444444444444	0.13037037037037	0.0162962962962963	1.55777777777778	7.25777777777778	1.57481481481481	2.92888888888889	1.65407407407407	1.88666666666667	3.61925925925926	12.0903703703704	0.364444444444444	4.70962962962963	2.67259259259259	1.9037037037037	5.25185185185185	2.76518518518519	1.18074074074074
1746129	Archaea_76	Ribosomal_L6	PF00347.23	0.524074074074074	2.34444444444444	1.10185185185185	0.425925925925926	0	1.39444444444444	2.5462962962963	1.23518518518519	1.82592592592593	0.714814814814815	0.668518518518519	0.498148148148148	1.54444444444444	0	1.61851851851852	7.98148148148148	1.04074074074074	1.73888888888889	0.694444444444444	3.28888888888889	7.22037037037037	5.27777777777778	0.555555555555556	4.21296296296296	1.88148148148148	4.41851851851852	1.99814814814815	2.6962962962963	1.65925925925926
1746130	Archaea_76	Ribosomal_S8	PF00410.19	1.23703703703704	1.84444444444444	1.5679012345679	1.85185185185185	1.09382716049383	1.06913580246914	0.795061728395062	2.01975308641975	1.09382716049383	1.20246913580247	2.50123456790123	1.17037037037037	0	0	2.26172839506173	5.09382716049383	3.44444444444444	2.0962962962963	1.47654320987654	2.34320987654321	4.66172839506173	8.78024691358025	1.08395061728395	3.62962962962963	3.7358024691358	1.85925925925926	4.76296296296296	2.80987654320988	2.29382716049383
1746134	Archaea_76	Ribosomal_L14	PF00238.19	1.42005420054201	2.73983739837398	2.11111111111111	1.41734417344173	1.12466124661247	0.769647696476965	2.25474254742547	0.531165311653117	1.21409214092141	1.9349593495935	1.62330623306233	0.818428184281843	1.2059620596206	0	1.48509485094851	11.8319783197832	1.13279132791328	5.17344173441734	1.23848238482385	1.89430894308943	5.59891598915989	7.78861788617886	1.37940379403794	4.78319783197832	1.52845528455285	3.82113821138211	5.41192411924119	2.41734417344173	2.21951219512195
1746135	Archaea_76	Ribosomal_S17	PF00366.20	1.76556776556777	4.2967032967033	0.875457875457875	1.20512820512821	1.57875457875458	0.0769230769230769	2.996336996337	0.549450549450549	1.22344322344322	0.798534798534799	1.92307692307692	2.07692307692308	0	0.0183150183150183	1.06593406593407	10.040293040293	2.45787545787546	5.57875457875458	2.50915750915751	2.41758241758242	5.84981684981685	9.84981684981685	1.95238095238095	3.16849816849817	0.41025641025641	3.17216117216117	5.45054945054945	2.32967032967033	1.9010989010989
1746136	Archaea_76	Ribosomal_L29	PF00831.23	0.82648401826484	2.21917808219178	1.28310502283105	0.10958904109589	0.593607305936073	0.200913242009132	1.87214611872146	0.442922374429224	1.77625570776256	1.24200913242009	2.63470319634703	2.38356164383562	0	1.36986301369863	4.81735159817352	7.92694063926941	0.65296803652968	2.53424657534247	2.71232876712329	1.24200913242009	3.53424657534247	9.39269406392694	1.08675799086758	1.21461187214612	0.689497716894977	1.50228310502283	5.03196347031963	3.70319634703196	0.684931506849315
1746137	Archaea_76	Ribosomal_L16	PF00252.18	0.393285371702638	3.86091127098321	0.764988009592326	0.503597122302158	1.13908872901679	0.58273381294964	1.02877697841727	0.127098321342926	2.66906474820144	0.347721822541966	1.47961630695444	2.90887290167866	0.930455635491607	0	1.84892086330935	8.59712230215827	0.633093525179856	2.05755395683453	1.11270983213429	3.27098321342926	0.294964028776978	10.9568345323741	1.28297362110312	5.06714628297362	2.81774580335731	3.43884892086331	5.01438848920863	3.12230215827338	2.97601918465228
1746139	Archaea_76	Ribosomal_L22	PF00237.19	0.904929577464789	3.02112676056338	0.577464788732394	2.17488262910798	1.54225352112676	1.24295774647887	3.35093896713615	0.134976525821596	3.01056338028169	1.23356807511737	3.92370892018779	1.61384976525822	1.21009389671362	0	1.87558685446009	8.30164319248826	1.80633802816901	3.07981220657277	0.820422535211268	3.29929577464789	5.02464788732394	9.63967136150235	0.703051643192488	3.60093896713615	2.68544600938967	2.28286384976526	7.25	1.43779342723005	1.59154929577465
1746140	Archaea_76	Ribosomal_S19	PF00203.21	1.1304347826087	2.25	2.80797101449275	0.0289855072463768	0.717391304347826	0.0905797101449275	2.68115942028985	2.58695652173913	2.23550724637681	0.550724637681159	5.34782608695652	3.42028985507246	0.340579710144928	0	3.82608695652174	11.0108695652174	3.04710144927536	0.41304347826087	0.721014492753623	2.59782608695652	6.57971014492754	9.31521739130435	2.69565217391304	7.52898550724638	0.0615942028985507	0.920289855072464	5.57971014492754	0	2.78260869565217
1746142	Archaea_76	Ribosomal_L23	PF00276.20	0.0451388888888889	4.04166666666667	1.37152777777778	1.40277777777778	0	0.256944444444444	2.00347222222222	0	3.15625	2	5.18055555555556	2.05208333333333	0	0.159722222222222	1.56944444444444	4.73958333333333	0	0.840277777777778	0.815972222222222	0.0798611111111111	2.01736111111111	6.91319444444444	1.94444444444444	7.51041666666667	1.04513888888889	4.18055555555556	4.91319444444444	1.29513888888889	1.20833333333333
1746143	Archaea_76	Ribosomal_L4	PF00573.22	0	1.77625570776256	0.558599695585997	2.49162861491629	0.389649923896499	0	2.08980213089802	1.83257229832572	4.18721461187215	0.756468797564688	1.26331811263318	1.14459665144597	0	0	1.79147640791476	6.40334855403349	1.02283105022831	1.35464231354642	1.32115677321157	1.75646879756469	2.4703196347032	7.66057838660578	3.18569254185693	4.07914764079148	2.16133942161339	3.52054794520548	5.90563165905632	2.89345509893455	2.33637747336377
1746144	Archaea_76	Ribosomal_L3	PF00297.22	1.80757575757576	1.52727272727273	0.456060606060606	0.309090909090909	0.989393939393939	0.786363636363636	1.64545454545455	1.71818181818182	3.26818181818182	1.43939393939394	1.83030303030303	1.14393939393939	0	0	3.71969696969697	9.65	1.93636363636364	3.95909090909091	2.05	2.37575757575758	4.05151515151515	8.50454545454545	1.86818181818182	3.45151515151515	1.83636363636364	3.70757575757576	6.05757575757576	2.47727272727273	1.83939393939394
1746148	Archaea_76	Ribosomal_S7	PF00177.21	3.05095541401274	4.36305732484076	0.872611464968153	0.392781316348195	0.331210191082803	0.167728237791932	0.685774946921444	0.488322717622081	1.59660297239915	1.90445859872611	1.59872611464968	1.76645435244161	0	0	0.777070063694268	14.3885350318471	0.212314225053079	2.26963906581741	1.91507430997877	2.38004246284501	3.89808917197452	9.51804670912951	0.736730360934183	5.83864118895966	2.77282377919321	2.60297239915074	4.98301486199575	2.3312101910828	0.573248407643312
1746149	Archaea_76	Ribosom_S12_S23	PF00164.25	0.718157181571816	2.03794037940379	1.30894308943089	2.04336043360434	0	0.590785907859079	2.24661246612466	1.81571815718157	3.31707317073171	1.0840108401084	2.40379403794038	2.63685636856369	0.666666666666667	0	2.50677506775068	9.70460704607046	1.10569105691057	3.84010840108401	2.02710027100271	2.93224932249323	4.35772357723577	5.97560975609756	1.27913279132791	3.73170731707317	1.72357723577236	2.30894308943089	3.98644986449865	2.92140921409214	1.11653116531165
1746154	Archaea_76	Ribosomal_L1	PF00687.21	1.59097525473071	2.86754002911208	0.812227074235808	0.331877729257642	0.879184861717613	1.96215429403202	2.63609898107715	0	1.86754002911208	1.86317321688501	2.0334788937409	0.634643377001456	0	0.439592430858806	1.40174672489083	8.92139737991266	1.15866084425036	4.28966521106259	0.655021834061135	2.35080058224163	3.37409024745269	6.04657933042213	1.33624454148472	4.1528384279476	3.3551673944687	3.0174672489083	3.54148471615721	2.26055312954876	1.38864628820961
559452	Archaea_76	Ribosomal_S2	PF00318.20	1.56666666666667	2.8264367816092	2.44827586206897	0.841379310344828	0.0264367816091954	0.313793103448276	2.70114942528736	0.741379310344828	0.922988505747126	0.520689655172414	2.9264367816092	0.724137931034483	0.636781609195402	0	2.79195402298851	7.64137931034483	0	3.24712643678161	1.67241379310345	1.5551724137931	1.42068965517241	6.35402298850575	0.489655172413793	4.92873563218391	1.11609195402299	2.78965517241379	2.79195402298851	0.693103448275862	1.45402298850575
559466	Archaea_76	Ribosomal_S15	PF00312.22	2.02592592592593	0.718518518518519	0.148148148148148	0.907407407407407	0.366666666666667	0.762962962962963	3.5962962962963	0.414814814814815	1.35555555555556	2.5037037037037	2.13333333333333	2.98888888888889	1.71851851851852	0.148148148148148	3.03703703703704	12.3407407407407	1.85185185185185	2.4037037037037	1.47777777777778	3.73333333333333	1.27037037037037	9.96296296296296	1.11481481481481	7.27777777777778	0.6	3.25185185185185	4.74444444444444	0.333333333333333	1.87777777777778
571356	Archaea_76	tRNA-synt_1d	PF00750.19	1.11607697082557	2.87709497206704	0.633767846058349	1.20422098075729	0.899441340782123	0.653010552451893	2.05090006207325	1.47113594040968	1.64742396027312	1.14587212911235	3.06952203600248	1.56610800744879	0.186840471756673	0.186219739292365	1.44196151458721	7.61949099937927	0.777777777777778	2.85102420856611	1.28553693358163	3.74612042209808	2.46865301055245	10.649286157666	1.21104903786468	4.87585350713842	2.46741154562384	3.22532588454376	3.97517070142768	1.74487895716946	1.8820608317815
766158	Archaea_76	tRNA-synt_1c	PF00749.21	1.31799410029499	2.41238938053097	0.684955752212389	2.28908554572271	0.355162241887906	0.886725663716814	3.34926253687316	1.37227138643068	1.62536873156342	0.75811209439528	2.73451327433628	1.54513274336283	0.513274336283186	0	1.52389380530973	6.94336283185841	1.67846607669617	2.18289085545723	1.79587020648968	2.15044247787611	3.7882005899705	8.97227138643068	0.47787610619469	5.28731563421829	2.98171091445428	2.14572271386431	3.25899705014749	0.822418879056047	0.989970501474926
785242	Archaea_76	Adenylsucc_synt	PF00709.21	1.17564402810304	2.20296643247463	1.18110850897736	1.55581576893052	0.0866510538641686	0.512099921935988	2.48009367681499	0.82591725214676	3.66900858704137	1.46370023419204	5.31928181108509	2.23731459797034	0.823575331772053	0.471506635441062	2.96174863387978	11.9016393442623	1.4824355971897	4.24980483996877	1.55893832943013	4.36299765807963	2.8696330991413	11.5269320843091	1.11163153786105	4.85011709601874	1.90554254488681	2.66978922716628	4.66354410616706	4.74004683840749	2.57064793130367
