gene_callers_id	source	gene_name	gene_hmm_id	WAM_ALR	WAM_CCR	WAM_IPI	WAM_MAR	WAM_MYS	WAM_PBL	WAM_PJN	WAM_PPR	WAM_PST	WAM_ROL	WAM_SCR	WAM_SGN	WAM_SIS	WAM_TWN	WAR_ALR	WAR_CCR	WAR_IPI	WAR_MAR	WAR_MYS	WAR_PBL	WAR_PJN	WAR_PPR	WAR_PSK	WAR_PST	WAR_RNW	WAR_ROL	WAR_SCR	WAR_SGL	WAR_SIS
367028	Archaea_76	RNA_pol_Rpb6	PF01192.22	1	1	1	1	1	1	1	1	1	1	1	1	1	0	1	1	1	1	1	1	1	1	1	1	1	1	1	1	1
1264606	Archaea_76	Ribosomal_L3	PF00297.22	0.92911877394636	0.923371647509579	0.862068965517241	0.967432950191571	0.731800766283525	0.883141762452107	1	0.967432950191571	0.952107279693487	0.961685823754789	0.96360153256705	0.961685823754789	0.431034482758621	0.900383141762452	0.977011494252874	0.977011494252874	0.883141762452107	0.969348659003831	0.936781609195402	0.923371647509579	1	0.96360153256705	0.961685823754789	0.883141762452107	0.971264367816092	0.971264367816092	0.986590038314176	0.971264367816092	0.932950191570881
1264607	Archaea_76	Ribosomal_L4	PF00573.22	1	1	1	1	1	1	1	1	1	1	1	1	0.998389694041868	0.768115942028985	1	1	1	1	1	1	1	1	1	1	1	1	1	1	1
1264608	Archaea_76	Ribosomal_L23	PF00276.20	1	1	1	1	1	1	1	1	1	1	1	1	1	1	1	1	1	1	1	1	1	1	1	1	1	1	1	1	1
1264610	Archaea_76	Ribosomal_S19	PF00203.21	1	1	1	1	0.988636363636364	1	1	1	1	1	1	1	1	1	1	1	1	1	1	1	1	1	1	1	1	1	1	1	1
1264611	Archaea_76	Ribosomal_L22	PF00237.19	1	1	1	1	0.853448275862069	1	1	1	1	1	1	1	1	0.859195402298851	1	1	1	1	1	1	1	1	1	1	1	1	1	1	1
1264613	Archaea_76	Ribosomal_L16	PF00252.18	1	1	0.823671497584541	1	0.681159420289855	1	1	1	1	1	1	1	0.985507246376812	1	1	1	1	1	1	1	1	1	1	1	1	1	1	1	1
1264614	Archaea_76	Ribosomal_L29	PF00831.23	1	1	1	1	0	1	1	1	1	1	1	1	0.690140845070423	0.845070422535211	1	1	1	1	1	1	1	1	1	1	0.873239436619718	1	1	1	1
1264615	Archaea_76	Ribosomal_S17	PF00366.20	1	1	1	1	0.0795454545454545	1	1	1	1	1	1	1	0.977272727272727	0.897727272727273	1	1	1	1	1	1	1	1	1	1	1	1	1	1	1
1264616	Archaea_76	Ribosomal_L14	PF00238.19	1	1	1	1	1	0.989159891598916	1	1	1	1	1	1	1	1	1	1	1	1	1	1	1	1	1	1	1	1	1	1	1
1264620	Archaea_76	Ribosomal_S8	PF00410.19	1	1	0.776942355889724	1	1	1	1	0.987468671679198	1	1	1	1	1	0.924812030075188	1	1	1	1	0.894736842105263	1	1	1	1	1	1	1	1	1	1
1264621	Archaea_76	Ribosomal_L6	PF00347.23	1	1	0.864130434782609	1	0.98731884057971	0.969202898550725	1	1	1	0.856884057971015	1	1	1	0.972826086956522	1	1	0.766304347826087	1	1	1	1	1	1	1	1	1	1	1	1
1264626	Archaea_76	SecY	PF00344.20	1	1	1	1	0.784627092846271	0.97869101978691	1	1	1	1	1	1	1	0.766362252663623	1	1	1	1	1	1	1	1	1	1	1	1	1	1	1
1264631	Archaea_76	Ribosomal_S13	PF00416.22	1	1	1	1	1	1	1	0.933862433862434	1	1	1	1	0.936507936507936	0.925925925925926	1	1	1	1	1	1	1	1	1	1	1	1	1	1	1
894317	Archaea_76	Ribosomal_L3	PF00297.22	0.992101105845182	1	0.739336492890995	0.769352290679305	0.661927330173776	0.665086887835703	0.895734597156398	0.859399684044234	0.674565560821485	0.898894154818325	0.674565560821485	0.696682464454976	0.522906793048973	0.342812006319115	0.853080568720379	0.818325434439178	0.973143759873618	0.845181674565561	0.721958925750395	0.737756714060032	0.665086887835703	0.721958925750395	0.819905213270142	0.911532385466035	0.666666666666667	0.799368088467615	1	0.68088467614534	0.737756714060032
894321	Archaea_76	Ribosomal_S7	PF00177.21	1	1	1	1	1	1	1	1	1	1	1	1	1	0.991452991452992	1	1	1	1	1	1	1	1	1	1	1	1	1	1	1
894322	Archaea_76	Ribosom_S12_S23	PF00164.25	1	1	1	1	0.967479674796748	1	1	1	1	1	1	1	1	1	1	1	1	1	1	1	1	1	1	1	1	1	1	1	1
894327	Archaea_76	Ribosomal_L1	PF00687.21	1	1	1	1	1	1	1	1	1	1	1	1	1	0.689956331877729	1	1	1	1	1	1	1	1	1	1	1	1	1	1	1
937925	Archaea_76	RNase_HII	PF01351.18	0.946666666666667	0.859047619047619	0.92952380952381	0.946666666666667	0.80952380952381	0.40952380952381	0.931428571428571	0.706666666666667	0.963809523809524	0.956190476190476	0.958095238095238	0.874285714285714	0.685714285714286	0	1	0.988571428571428	0.497142857142857	0.994285714285714	0.733333333333333	0.946666666666667	0.931428571428571	0.946666666666667	0.996190476190476	0.874285714285714	0.891428571428571	0.918095238095238	1	0.916190476190476	1
937930	Archaea_76	Ribosomal_S2	PF00318.20	1	0.89766081871345	0.970760233918129	0.890350877192982	0.975146198830409	0.925438596491228	1	1	0.940058479532164	1	1	1	1	0.564327485380117	1	1	0.967836257309942	1	1	1	1	0.97953216374269	1	0.976608187134503	0.975146198830409	0.976608187134503	0.976608187134503	1	1
236562	Archaea_76	tRNA-synt_His	PF13393.6	1	0.959079283887468	0.965899403239557	0.851662404092072	0.497868712702472	0.90537084398977	1	0.720375106564365	1	0.875532821824382	1	1	0.945439045183291	0.427962489343564	1	1	0.970161977834612	1	0.901960784313726	0.998294970161978	1	1	0.947996589940324	1	1	0.994884910485934	1	1	1
289408	Archaea_76	Ribosomal_L13	PF00572.18	1	1	1	1	1	1	1	1	1	1	1	1	0.971861471861472	0.341991341991342	1	1	1	1	1	1	1	1	1	1	1	1	1	1	1
289409	Archaea_76	Ribosomal_S9	PF00380.19	1	1	1	1	1	1	1	1	1	1	1	1	0.964102564102564	0.0615384615384615	1	1	1	1	1	1	1	1	1	1	1	1	1	1	1
