gene_callers_id	source	gene_name	gene_hmm_id	WAM_ALR	WAM_CCR	WAM_IPI	WAM_MAR	WAM_MYS	WAM_PBL	WAM_PJN	WAM_PPR	WAM_PST	WAM_ROL	WAM_SCR	WAM_SGN	WAM_SIS	WAM_TWN	WAR_ALR	WAR_CCR	WAR_IPI	WAR_MAR	WAR_MYS	WAR_PBL	WAR_PJN	WAR_PPR	WAR_PSK	WAR_PST	WAR_RNW	WAR_ROL	WAR_SCR	WAR_SGL	WAR_SIS
437791	Archaea_76	AdoHcyase	PF05221.17	0.97921146953405	1	0.844444444444444	0.916129032258064	0.812186379928315	0.910394265232975	1	1	0.975627240143369	0.673835125448029	1	1	0.673118279569892	0.874551971326165	0.903942652329749	1	0.880286738351254	0.959856630824373	0.786379928315412	0.916845878136201	1	1	0.864516129032258	0.936917562724014	1	0.953405017921147	1	1	0.962724014336918
525660	Archaea_76	tRNA-synt_1c	PF00749.21	1	1	0.883668903803132	0.930648769574944	0.719612229679344	0.957494407158837	0.934377330350485	1	0.996271439224459	0.49813571961223	0.977628635346756	0.997017151379568	0.680835197613721	0.668158090976883	0.954511558538404	0.899328859060403	0.72110365398956	0.798657718120805	0.880686055182699	0.906785980611484	0.891871737509321	1	0.640566741237882	0.66144668158091	0.869500372856078	0.749440715883669	1	0.995525727069351	0.778523489932886
1167222	Archaea_76	RNase_HII	PF01351.18	1	1	1	1	1	1	1	1	1	0.896499238964992	1	1	0.863013698630137	0.873668188736682	1	1	0.942161339421613	1	1	1	1	1	0.998477929984779	1	1	0.771689497716895	1	1	0.971080669710807
1227849	Archaea_76	TIM	PF00121.18	0.96236559139785	1	0.942204301075269	0.995967741935484	0.971774193548387	0.881720430107527	0.991935483870968	1	0.94489247311828	0.709677419354839	0.985215053763441	0.998655913978495	0.870967741935484	1	0.885752688172043	1	1	0.830645161290323	0.741935483870968	1	0.897849462365591	1	1	1	0.974462365591398	1	1	0.940860215053764	0.946236559139785
2333	Archaea_76	SecY	PF00344.20	0.999180999180999	0.998361998361998	0.707616707616708	0.998361998361998	0.915642915642916	0.914004914004914	0.902538902538903	1	0.962325962325962	0.818181818181818	0.967239967239967	1	0.352170352170352	0.944307944307944	0.954954954954955	0.914823914823915	0.721539721539722	0.995904995904996	0.863226863226863	0.948402948402948	0.842751842751843	0.99017199017199	0.923832923832924	1	0.947583947583948	0.959049959049959	1	0.692874692874693	0.975429975429975
2338	Archaea_76	Ribosomal_L6	PF00347.23	0.951310861423221	1	0.99625468164794	1	0.788389513108614	1	0.956928838951311	1	1	0.874531835205993	1	1	0.50749063670412	0.874531835205993	1	1	1	0.897003745318352	1	0.831460674157303	1	1	0.653558052434457	0.612359550561798	1	0.619850187265918	1	0.745318352059925	0.876404494382023
2339	Archaea_76	Ribosomal_S8	PF00410.19	0.867167919799499	1	1	1	0.807017543859649	0.994987468671679	1	1	1	0.701754385964912	1	1	0.924812030075188	0.914786967418546	1	1	1	0.348370927318296	0.952380952380952	1	1	0.994987468671679	1	1	1	0.666666666666667	1	1	0.796992481203007
2343	Archaea_76	Ribosomal_L14	PF00238.19	0.831978319783198	1	1	1	0.937669376693767	0.951219512195122	1	1	1	1	1	0.981029810298103	0.422764227642277	0.948509485094851	0.899728997289973	1	0.978319783197832	1	1	0.739837398373984	1	1	0.853658536585366	1	1	0.934959349593496	1	1	0.94579945799458
2344	Archaea_76	Ribosomal_S17	PF00366.20	0.528455284552846	1	0.634146341463415	1	0.589430894308943	0.817073170731707	1	1	1	1	1	1	0.0813008130081301	0.833333333333333	1	1	0.443089430894309	1	0.577235772357724	1	1	1	1	1	1	0.634146341463415	1	1	1
2345	Archaea_76	Ribosomal_L29	PF00831.23	1	1	0.907407407407407	1	0.782407407407407	1	1	1	0.351851851851852	0.828703703703704	1	1	0.550925925925926	0.675925925925926	1	1	0.777777777777778	1	0	0.986111111111111	1	1	0.731481481481482	1	1	0.824074074074074	1	0.967592592592593	0.787037037037037
2346	Archaea_76	Ribosomal_L16	PF00252.18	1	1	0.878571428571429	0.847619047619048	1	0.90952380952381	1	1	0.835714285714286	0.814285714285714	0.85952380952381	0.883333333333333	0.404761904761905	1	0.883333333333333	1	1	0.7	0.966666666666667	0.95	1	1	0.921428571428571	1	1	0.988095238095238	1	0.933333333333333	0.633333333333333
2348	Archaea_76	Ribosomal_L22	PF00237.19	1	1	1	1	0.648148148148148	1	1	1	0.968253968253968	0.251322751322751	1	1	0.566137566137566	0.798941798941799	0.965608465608466	1	0.939153439153439	1	0.587301587301587	0.664021164021164	1	1	1	1	0.648148148148148	0.80952380952381	1	0.695767195767196	1
2349	Archaea_76	Ribosomal_S19	PF00203.21	1	1	1	1	0.695652173913043	0.840579710144927	1	1	1	0.989130434782609	1	1	1	0.804347826086957	1	1	1	0.905797101449275	0.920289855072464	0.826086956521739	1	1	1	1	0.688405797101449	1	1	1	1
2351	Archaea_76	Ribosomal_L23	PF00276.20	0.951070336391437	1	0.923547400611621	1	0.752293577981651	1	1	1	1	0.663608562691132	0.703363914373089	1	0	0.593272171253823	1	1	0.91743119266055	0.837920489296636	0.740061162079511	1	0.792048929663609	1	1	1	1	1	1	1	1
2352	Archaea_76	Ribosomal_L4	PF00573.22	0.925396825396825	1	0.882539682539683	0.961904761904762	0.863492063492064	0.958730158730159	1	1	0.70952380952381	0.396825396825397	0.93968253968254	1	0.223809523809524	0.0428571428571429	1	0.974603174603175	1	0.931746031746032	0.719047619047619	0.926984126984127	1	1	0.988888888888889	0.946031746031746	0.703174603174603	0.866666666666667	1	1	1
2353	Archaea_76	Ribosomal_L3	PF00297.22	1	1	0.854916067146283	0.962829736211031	0.925659472422062	0.827338129496403	1	1	0.712230215827338	0.705035971223022	0.973621103117506	1	0.713429256594724	0.658273381294964	0.966426858513189	1	0.822541966426859	1	0.824940047961631	0.920863309352518	1	1	0.936450839328537	1	1	1	1	0.747002398081535	0.737410071942446
47814	Archaea_76	Ribosomal_L1	PF00687.21	1	1	0.949275362318841	1	0.869565217391304	0.93768115942029	1	1	0.955072463768116	0.981159420289855	0.927536231884058	0.942028985507246	0.115942028985507	0.918840579710145	0.733333333333333	1	1	1	0.904347826086956	1	1	1	1	0.892753623188406	1	1	1	1	0.917391304347826
47819	Archaea_76	Ribosom_S12_S23	PF00164.25	1	1	0.927392739273927	1	1	0.858085808580858	1	1	0.765676567656766	0.438943894389439	1	1	0.227722772277228	0.887788778877888	1	1	0.874587458745875	0.910891089108911	1	0.96039603960396	1	1	1	1	1	0.993399339933993	1	1	1
47820	Archaea_76	Ribosomal_S7	PF00177.21	1	1	0.902335456475584	1	0.910828025477707	0.942675159235669	1	1	1	0.794055201698514	1	1	0.830148619957537	0.592356687898089	1	1	0.923566878980892	0.768577494692144	1	0.923566878980892	1	1	0.936305732484076	1	0.938428874734607	0.526539278131635	1	1	0.887473460721868
50159	Archaea_76	tRNA-synt_1d	PF00750.19	0.692753623188406	1	0.945507246376812	0.918260869565217	0.713623188405797	0.895072463768116	0.975652173913044	0.99304347826087	0.767536231884058	0.758260869565217	0.975652173913044	1	0.0533333333333333	0.812173913043478	1	0.954202898550725	0.723478260869565	0.835942028985507	0.719420289855072	0.99536231884058	0.999420289855072	1	0.837101449275362	0.95536231884058	1	0.936231884057971	1	0.755942028985507	0.896231884057971
1634661	Archaea_76	tRNA-synt_1c	PF00749.21	0.372960372960373	1	1	1	0.839160839160839	1	0.827505827505827	1	1	0.32983682983683	1	1	0.540792540792541	0.968531468531468	1	1	0.818181818181818	1	1	1	0.906759906759907	1	1	1	1	1	1	0.771561771561772	0.900932400932401
1697596	Archaea_76	Ham1p_like	PF01725.16	1	1	0.821895424836601	1	0.941176470588235	1	1	1	1	0.919934640522876	1	0.696078431372549	0.88562091503268	0.950980392156863	0.995098039215686	1	1	1	1	0.959150326797386	0.919934640522876	1	1	0.833333333333333	1	1	1	1	0.836601307189543
1732512	Archaea_76	Adenylsucc_synt	PF00709.21	0.951276102088167	0.952822892498066	0.802010827532869	0.908739365815932	0.791183294663573	0.807424593967517	0.951276102088167	1	1	0.347254447022428	0.993812838360402	1	0.519721577726218	0.682134570765661	0.952049497293117	0.986078886310905	0.924980665119876	0.790409899458623	0.897911832946636	1	0.97138437741686	1	1	1	1	0.99922660479505	1	1	0.863109048723898
304582	Archaea_76	tRNA-synt_1c	PF00749.21	0.842450765864333	1	0.49598832968636	0.824945295404814	0.805981035740336	0.909555069292487	0.914660831509847	1	1	0.764405543398979	0.913931436907367	0.977388767323122	0.737417943107221	0.726477024070022	0.974471188913202	0.981035740335522	0.824945295404814	0.952589350838804	0.964989059080963	0.888402625820569	0.972283005105762	1	0.63165572574763	0.973741794310722	1	0.852662290299052	1	0.444201312910284	1
304598	Archaea_76	Ribosomal_S2	PF00318.20	1	0.870056497175141	0.866666666666667	0.665536723163842	0.341242937853107	0.892655367231638	1	0.967231638418079	1	0.489265536723164	0.995480225988701	1	0.193220338983051	0.548022598870056	1	1	0.966101694915254	1	0.63954802259887	0.740112994350282	0.816949152542373	0.96045197740113	0.889265536723164	0.766101694915254	1	0.827118644067797	1	0.877966101694915	0.542372881355932
304616	Archaea_76	RNA_pol_Rpb6	PF01192.22	1	1	0.931873479318735	0.982968369829684	0.557177615571776	0.773722627737226	0.812652068126521	1	1	0.951338199513382	1	1	0	0.367396593673966	0.89294403892944	1	1	0.997566909975669	0.812652068126521	0.798053527980535	0.931873479318735	1	0.961070559610706	0.992700729927007	1	1	1	0.958637469586375	0.912408759124088
535275	Archaea_76	Ribosomal_L13	PF00572.18	1	1	1	1	0.965811965811966	1	1	0.963675213675214	1	1	1	0.997863247863248	0.521367521367521	0.769230769230769	1	1	0.901709401709402	1	0.884615384615385	1	0.959401709401709	1	1	1	1	1	1	0.991452991452992	1
535276	Archaea_76	Ribosomal_S9	PF00380.19	1	1	1	0.912790697674419	0.992248062015504	0.936046511627907	1	1	1	0.575581395348837	1	0.608527131782946	0.779069767441861	0.753875968992248	0.668604651162791	1	0.767441860465116	0.751937984496124	0.596899224806202	1	0.906976744186046	1	0.856589147286822	1	1	0.910852713178294	1	0.895348837209302	0.943798449612403
595918	Archaea_76	Ribosomal_S11	PF00411.19	0.815656565656566	1	1	1	0.954545454545455	1	1	1	1	0.974747474747475	1	1	0.323232323232323	1	1	1	0.916666666666667	0.386363636363636	1	0.856060606060606	1	1	0.904040404040404	1	1	1	1	1	1
595919	Archaea_76	Ribosomal_S13	PF00416.22	1	1	0.975609756097561	0.902439024390244	1	1	0.964769647696477	1	1	0.959349593495935	1	0.777777777777778	0.5420054200542	1	1	1	1	1	0.83739837398374	1	0.745257452574526	1	1	1	1	1	1	1	1
595921	Archaea_76	SecY	PF00344.20	0.992248062015504	0.883720930232558	0.821705426356589	1	0.767441860465116	0.189922480620155	0.697674418604651	0.992248062015504	1	0.972868217054264	0.755813953488372	0.84108527131783	0	0.453488372093023	0.751937984496124	0.910852713178294	0.63953488372093	0.906976744186046	0.883720930232558	0.98062015503876	0.310077519379845	0.844961240310077	1	0.709302325581395	1	0.914728682170543	0.965116279069768	0.767441860465116	0
645550	Archaea_76	NDK	PF00334.19	0.654846335697399	0.940898345153664	0.768321513002364	1	0.286052009456265	1	1	0.851063829787234	0.848699763593381	0.541371158392435	1	1	0.505910165484634	1	1	1	0.25531914893617	0.836879432624113	1	0.815602836879433	0.990543735224586	0.936170212765958	0.985815602836879	1	0.978723404255319	1	1	0.926713947990544	1
744732	Archaea_76	Ribosomal_S15	PF00312.22	1	1	0.9	1	1	1	1	1	1	0.277777777777778	1	1	0.962962962962963	0.218518518518519	1	1	1	1	1	1	1	1	0.825925925925926	1	0.644444444444444	0.744444444444444	1	0.966666666666667	0.5
