gene_callers_id	source	gene_name	gene_hmm_id	WAM_ALR	WAM_CCR	WAM_IPI	WAM_MAR	WAM_MYS	WAM_PBL	WAM_PJN	WAM_PPR	WAM_PST	WAM_ROL	WAM_SCR	WAM_SGN	WAM_SIS	WAM_TWN	WAR_ALR	WAR_CCR	WAR_IPI	WAR_MAR	WAR_MYS	WAR_PBL	WAR_PJN	WAR_PPR	WAR_PSK	WAR_PST	WAR_RNW	WAR_ROL	WAR_SCR	WAR_SGL	WAR_SIS
459758	Archaea_76	tRNA-synt_1c	PF00749.21	0.688311688311688	0.450937950937951	0.571428571428571	0.217893217893218	0.781385281385281	0.11976911976912	0.217893217893218	0.786435786435786	0.336219336219336	0.11038961038961	0.163780663780664	0.447330447330447	0.305916305916306	0	0.67027417027417	0	0.893939393939394	0.183982683982684	0.437229437229437	0.251082251082251	0	0.380952380952381	0.72005772005772	0.844877344877345	0.216450216450216	0.373015873015873	0.445165945165945	0.387445887445887	0.429292929292929
1204719	Archaea_76	Ham1p_like	PF01725.16	0.944170771756979	0	0.448275862068966	0.35632183908046	0.627257799671593	0	0.527093596059113	0.801313628899836	0.477832512315271	0	0	0.83743842364532	0	0.198686371100164	0.446633825944171	0.247947454844007	0.991789819376026	0.160919540229885	0	0	0.576354679802956	0	0.592775041050903	0.247947454844007	0	0.569786535303777	0.847290640394089	0.318555008210181	0.638752052545156
1211704	Archaea_76	Ribosomal_S9	PF00380.19	0.174698795180723	0.572289156626506	0.391566265060241	0.295180722891566	0.562248995983936	0	0.303212851405622	0	0.379518072289157	0	0	0.612449799196787	0.867469879518072	0	0.220883534136546	0	0.483935742971888	0	0.42570281124498	0.576305220883534	0	0.811244979919679	0.885542168674699	0	0	0	0.110441767068273	0.447791164658635	0.0803212851405622
1217325	Archaea_76	SecY	PF00344.20	0.747565543071161	0.288389513108614	0.608988764044944	0.104119850187266	0.584269662921348	0.236704119850187	0.307116104868914	0.707116104868914	0.116104868913858	0.223220973782772	0.20374531835206	0.304119850187266	0.51310861423221	0.0127340823970037	0.50187265917603	0.160299625468165	0.522097378277154	0.0958801498127341	0.865168539325843	0.202247191011236	0.510112359550562	0.619475655430712	0	0.835955056179775	0	0.341573033707865	0.476404494382022	0.304868913857678	0.0352059925093633
1217327	Archaea_76	Ribosomal_S13	PF00416.22	0.677506775067751	0	0.634146341463415	0.704607046070461	0.772357723577236	0.425474254742547	0.48780487804878	1	0	0.642276422764228	0.398373983739837	0.78319783197832	0.181571815718157	0.165311653116531	0.720867208672087	0.677506775067751	0.661246612466125	0	0.872628726287263	0	0.181571815718157	0.780487804878049	0.222222222222222	0.268292682926829	0.37940379403794	1	0.414634146341463	1	0.975609756097561
1217328	Archaea_76	Ribosomal_S11	PF00411.19	0	0.196969696969697	0.661616161616162	0	0.957070707070707	0	0.159090909090909	0.431818181818182	0.601010101010101	0.156565656565657	0.323232323232323	0	0.583333333333333	0.189393939393939	0.952020202020202	0	1	0	0	0	0	1	0.972222222222222	0	0	0.0126262626262626	0.858585858585859	0.0126262626262626	0.934343434343434
26517	Archaea_76	tRNA-synt_His	PF13393.6	0.944615384615385	0.244102564102564	0.858461538461538	0.455384615384615	0.907692307692308	0	0.30974358974359	0.97025641025641	0.655384615384615	0.582564102564103	0	0.514871794871795	0	0.30974358974359	0.474871794871795	0.404102564102564	0.675897435897436	0.0830769230769231	0.432820512820513	0.504615384615385	0.163076923076923	0.294358974358974	0.636923076923077	0.242051282051282	0.0902564102564103	0.576410256410256	0.98051282051282	0.468717948717949	0.487179487179487
27108	Archaea_76	Ribosomal_S2	PF00318.20	0.732098765432099	0.185185185185185	0.0074074074074074	0.554320987654321	0.376543209876543	0.0074074074074074	0.488888888888889	0.785185185185185	0.618518518518518	0	0.18641975308642	0	0.464197530864198	0	0.18641975308642	0.202469135802469	0	0	0.275308641975309	0	0	0.587654320987654	0.646913580246914	0.185185185185185	0.245679012345679	0.753086419753086	0.780246913580247	0.18641975308642	0.459259259259259
99390	Archaea_76	tRNA-synt_His	PF13393.6	0.873170731707317	0.71869918699187	0.267479674796748	0.244715447154472	0.39349593495935	0.39349593495935	0.434959349593496	0.932520325203252	0.484552845528455	0.436585365853659	0.464227642276423	0.277235772357724	0.313821138211382	0.354471544715447	0.439837398373984	0.282926829268293	0.271544715447154	0.429268292682927	0.478861788617886	0	0.375609756097561	0	0.533333333333333	0.453658536585366	0	0.572357723577236	0.35609756097561	0.394308943089431	0.508130081300813
99391	Archaea_76	Adenylsucc_synt	PF00709.21	0.181708784596871	0.36101083032491	0.312876052948255	0.362214199759326	0.357400722021661	0.316486161251504	0.162454873646209	0.703971119133574	0.109506618531889	0.602888086642599	0.271961492178099	0.363417569193742	0.309265944645006	0.63898916967509	0	0	0	0	0.503008423586041	0.362214199759326	0.495788206979543	0.280385078219013	0.0673886883273165	0.303249097472924	0.322503008423586	0	0.120336943441637	0.380264741275572	0.292418772563177
135000	Archaea_76	Adenylsucc_synt	PF00709.21	0.861297539149888	0	0.640939597315436	0.33668903803132	0.465324384787472	0.360178970917226	0.249440715883669	0.441834451901566	0	0	0.579418344519016	0	0.514541387024608	0.223713646532438	0.753914988814318	0.10178970917226	0.317673378076063	0	0.402684563758389	0	0	0	0.334451901565996	0.410514541387025	0	0.665548098434004	0.451901565995526	0.275167785234899	0.379194630872483
1599381	Archaea_76	RNase_HII	PF01351.18	0.780626780626781	0.846153846153846	0.690883190883191	0.43019943019943	0.954415954415954	0.376068376068376	0.287749287749288	1	0.793447293447293	0.428774928774929	0.471509971509972	0.343304843304843	0.192307692307692	0	0.215099715099715	0.186609686609687	0.695156695156695	0.0968660968660969	0.276353276353276	0.585470085470085	0	0.578347578347578	0.841880341880342	0.478632478632479	0.517094017094017	0	0.750712250712251	0.44017094017094	0.776353276353276
1753674	Archaea_76	RNA_pol_Rpb6	PF01192.22	0.910714285714286	0.449404761904762	0	0.181547619047619	0	0	0	0.154761904761905	0	0.654761904761905	0	0.520833333333333	1	0	0	0.449404761904762	0	0.279761904761905	0.669642857142857	0.758928571428571	0.25	0	0.69047619047619	0	0.651785714285714	0.613095238095238	0	0	0.87202380952381
201636	Archaea_76	AdoHcyase	PF05221.17	0.973476702508961	0.627956989247312	0.717562724014337	0.192831541218638	0.828673835125448	0.481003584229391	0.450179211469534	0.731899641577061	0.468100358422939	0.499641577060932	0.555555555555556	0.460215053763441	0.701792114695341	0.339068100358423	0.394982078853047	0.0867383512544803	0.842293906810036	0	0.914695340501792	0.108243727598566	0.527598566308244	0.688172043010753	0.443010752688172	0.546236559139785	0.184229390681004	0.305376344086021	0.77921146953405	0.236559139784946	0.499641577060932
238471	Archaea_76	tRNA-synt_1c	PF00749.21	0.644345238095238	0.206845238095238	0.521577380952381	0.202380952380952	0.61235119047619	0.148809523809524	0.416666666666667	0.563988095238095	0.171875	0.472470238095238	0.563244047619048	0.228422619047619	0.628720238095238	0.212053571428571	0.376488095238095	0	0.21577380952381	0.151785714285714	0.978422619047619	0.444940476190476	0.289434523809524	0.587797619047619	0.334821428571429	0.108630952380952	0	0.763392857142857	0.938244047619048	0.548363095238095	0.750744047619048
710954	Archaea_76	tRNA-synt_1c	PF00749.21	0.532976827094474	0.875222816399287	0.759358288770054	0.440285204991087	0	0	0.761140819964349	0.893048128342246	0	0.846702317290553	0	0	0.518716577540107	0.515151515151515	0.269162210338681	0.424242424242424	0.63458110516934	0.0873440285204991	0.531194295900178	0	0.536541889483066	0.538324420677362	0	0.327985739750446	0	0.538324420677362	0.269162210338681	0	0.0071301247771836
715092	Archaea_76	NDK	PF00334.19	0.92434988179669	0	0.42080378250591	0	0.732860520094563	0	0.42789598108747	0.773049645390071	0	0	0.460992907801418	0.40661938534279	0.465721040189125	0.534278959810875	0.356973995271868	0.198581560283688	0	0.465721040189125	0.0732860520094563	0.361702127659574	0.3451536643026	0.361702127659574	0.860520094562648	0	0	0	0.749408983451537	0	0.765957446808511
718455	Archaea_76	Ribosomal_L6	PF00347.23	0.543071161048689	0.941947565543071	0.818352059925094	0.556179775280899	0.915730337078652	0	0.784644194756554	0.951310861423221	0.614232209737828	0.956928838951311	0.4812734082397	0.0337078651685393	0	0.758426966292135	0.689138576779026	0	0.887640449438202	0.835205992509363	0.52247191011236	0.556179775280899	0.365168539325843	0.121722846441948	1	0.00936329588014981	0	0.5	0.769662921348315	0.911985018726592	0.923220973782772
718456	Archaea_76	Ribosomal_S8	PF00410.19	0.365914786967419	0.278195488721804	0.661654135338346	0.629072681704261	0.631578947368421	0	0.746867167919799	0.606516290726817	0.729323308270677	0.842105263157895	0.694235588972431	0.889724310776942	0	0.208020050125313	0.493734335839599	0.240601503759398	1	0	0.471177944862155	0	0	0.210526315789474	0.979949874686717	0.581453634085213	0.0426065162907268	0.0275689223057644	1	0	0.378446115288221
718460	Archaea_76	Ribosomal_L14	PF00238.19	0.639566395663957	0.785907859078591	0.016260162601626	0.661246612466125	0.720867208672087	0	0.601626016260163	0.596205962059621	0.409214092140921	0.455284552845528	0.449864498644986	0.897018970189702	0.59349593495935	0.368563685636856	0.956639566395664	0	0	0.604336043360434	0.569105691056911	0.346883468834688	0.2710027100271	0	0.479674796747967	0.208672086720867	0.547425474254743	0.265582655826558	1	0.653116531165312	0
718461	Archaea_76	Ribosomal_S17	PF00366.20	1	0.584362139917695	0.893004115226337	0.337448559670782	0.609053497942387	0	0.596707818930041	0.308641975308642	0.0699588477366255	0.724279835390947	0	0.251028806584362	0.888888888888889	0.51440329218107	0.510288065843621	0	0	0	1	0.292181069958848	0	0	0.938271604938272	0.308641975308642	0.773662551440329	0.34156378600823	0.835390946502058	0	0.407407407407407
718462	Archaea_76	Ribosomal_L29	PF00831.23	0.767123287671233	0	1	0.287671232876712	1	0.470319634703196	0	1	1	0.712328767123288	0	0	0	0.091324200913242	0.666666666666667	0	0.789954337899543	0	0.808219178082192	0	0	0	0	1	0	0.922374429223744	1	0.835616438356164	0.296803652968037
718463	Archaea_76	Ribosomal_L16	PF00252.18	0.992857142857143	0.395238095238095	0.75	0.680952380952381	0.533333333333333	0.411904761904762	0.304761904761905	0.94047619047619	0.683333333333333	0.616666666666667	0.845238095238095	0.7	0.35952380952381	0	0.402380952380952	0.421428571428571	0.711904761904762	0	0.0904761904761905	0	0	0.509523809523809	0	0.44047619047619	0	0.626190476190476	0.966666666666667	0.564285714285714	1
718465	Archaea_76	Ribosomal_L22	PF00237.19	0.559055118110236	0.36745406824147	0.0498687664041995	0.396325459317585	0.837270341207349	0.275590551181102	0.246719160104987	0.674540682414698	0.62992125984252	0.664041994750656	0.26246719160105	0.661417322834646	0.538057742782152	0.695538057742782	0.493438320209974	0.908136482939633	0.561679790026247	0	0.650918635170604	0	0	0.769028871391076	0.556430446194226	0	0	0.89238845144357	0.847769028871391	0	0.435695538057743
718466	Archaea_76	Ribosomal_S19	PF00203.21	0.978260869565217	0.992753623188406	0.728260869565217	0	0.83695652173913	0	0.721014492753623	0.826086956521739	0.177536231884058	0.449275362318841	0.503623188405797	0.0144927536231884	0.307971014492754	0	0.88768115942029	0.0760869565217391	0.286231884057971	0	0.141304347826087	0	0	0.786231884057971	0.778985507246377	0	0	0	1	0.786231884057971	0.510869565217391
718468	Archaea_76	Ribosomal_L23	PF00276.20	0.963302752293578	0.46177370030581	0.382262996941896	0	0.611620795107034	0	0	1	0.458715596330275	0.0764525993883792	0.951070336391437	0.223241590214067	0	0	0.81039755351682	0.608562691131499	0	0	0.440366972477064	0.113149847094801	0.837920489296636	0.363914373088685	0	0.437308868501529	0	0	1	0.250764525993884	0.886850152905199
718469	Archaea_76	Ribosomal_L4	PF00573.22	1	0.611650485436893	1	0.15210355987055	0.763754045307443	0	0.241100323624595	0.86084142394822	0.597087378640777	0.0323624595469256	0.338187702265372	0.603559870550162	0.477346278317152	0	0.65210355987055	0.0485436893203883	0.0728155339805825	0	0.86084142394822	0	0.114886731391586	0.737864077669903	0.357605177993528	0	0	0.3042071197411	0.558252427184466	0.503236245954693	0.611650485436893
718470	Archaea_76	Ribosomal_L3	PF00297.22	0.494505494505495	0.665445665445665	0.388278388278388	0.178266178266178	0.891330891330891	0	0	0.855921855921856	0	0.627594627594628	0.315018315018315	0.333333333333333	0	0.362637362637363	0.804639804639805	0	0.523809523809524	0.238095238095238	0.74969474969475	0	0.316239316239316	0.10989010989011	0.421245421245421	0.368742368742369	0	0.496947496947497	0.800976800976801	0.474969474969475	0.686202686202686
778028	Archaea_76	Ribosomal_S7	PF00177.21	1	0.351981351981352	0.727272727272727	0.249417249417249	0.934731934731935	0	0.445221445221445	0.832167832167832	0	0	0.351981351981352	0.337995337995338	0	0.438228438228438	0.878787878787879	0.776223776223776	0.403263403263403	0	0	0	0.34965034965035	0.694638694638695	0.734265734265734	0.286713286713287	0	0.55011655011655	0.96037296037296	0	0.351981351981352
778029	Archaea_76	Ribosom_S12_S23	PF00164.25	0.81989247311828	0.405913978494624	1	0.478494623655914	0.473118279569892	0.344086021505376	0.946236559139785	0.559139784946237	0	0	0.389784946236559	0.405913978494624	0.983870967741936	0.516129032258065	1	0.43010752688172	0.733870967741935	0	0.354838709677419	0	0	0	1	0.731182795698925	0	0.599462365591398	0.924731182795699	0.728494623655914	0.596774193548387
865232	Archaea_76	Ribosomal_S15	PF00312.22	1	0.481481481481481	0.837037037037037	0.537037037037037	0.607407407407407	0	0.0555555555555556	0.837037037037037	0.837037037037037	0.585185185185185	0.944444444444444	0.525925925925926	0.218518518518519	0	0.559259259259259	0	0.9	0.933333333333333	0.262962962962963	0.677777777777778	0.592592592592593	0.907407407407407	0	0.559259259259259	1	0.585185185185185	1	0.644444444444444	0.507407407407407
1475655	Archaea_76	TIM	PF00121.18	0.841571609632446	0.281368821292776	0.23574144486692	0.316856780735108	0.371356147021546	0.480354879594423	0.784537389100127	0.915082382762991	0.181242078580482	0.670468948035488	0.552598225602028	0.759188846641318	0	0.0291508238276299	0.343472750316857	0.603295310519645	0	0.026615969581749	0.858048162230672	0.119138149556401	0	0.479087452471483	0.328263624841572	0.567807351077313	0	0.632446134347275	0.908745247148289	0.342205323193916	0.446134347275032
1481123	Archaea_76	Ribosomal_S2	PF00318.20	0.751412429378531	0.649717514124294	0	0.214689265536723	0	0	0	0.112994350282486	0	0	0.847457627118644	0.355932203389831	0	0	0.847457627118644	0	0	0	0	0	0	0	0	0	0	0	0	0	0
1535505	Archaea_76	Ribosomal_L1	PF00687.21	0.830434782608696	0.576811594202899	0.394202898550725	0.215942028985507	0.269565217391304	0	0.984057971014493	0.923188405797102	0.0449275362318841	0.339130434782609	0.572463768115942	0.750724637681159	0.627536231884058	0.559420289855072	0.218840579710145	0.00869565217391304	0.359420289855072	0	0.521739130434783	0.104347826086957	0.556521739130435	0.507246376811594	0.555072463768116	0.304347826086957	0	0	0.878260869565217	0	0.281159420289855
