gene_callers_id	source	gene_name	gene_hmm_id	WAM_ALR	WAM_CCR	WAM_IPI	WAM_MAR	WAM_MYS	WAM_PBL	WAM_PJN	WAM_PPR	WAM_PST	WAM_ROL	WAM_SCR	WAM_SGN	WAM_SIS	WAM_TWN	WAR_ALR	WAR_CCR	WAR_IPI	WAR_MAR	WAR_MYS	WAR_PBL	WAR_PJN	WAR_PPR	WAR_PSK	WAR_PST	WAR_RNW	WAR_ROL	WAR_SCR	WAR_SGL	WAR_SIS
374672	Archaea_76	NDK	PF00334.19	0.825174825174825	0.179487179487179	0	1	1	1	1	1	1	1	1	0.603729603729604	0.958041958041958	1	0	0.846153846153846	0.699300699300699	0	0	0.529137529137529	0.703962703962704	0.365967365967366	0	0.995337995337995	0	0.372960372960373	0.207459207459207	0	0
421959	Archaea_76	tRNA-synt_1d	PF00750.19	0.99604743083004	0.948616600790514	0.397891963109354	0.940711462450593	0.982872200263505	1	0.708827404479578	1	1	1	1	0.700922266139657	0.990777338603426	1	0	0	0	0	0.466403162055336	0.557312252964427	0	0.250329380764163	0	0.77733860342556	0.0790513833992095	0	0.324110671936759	0	0
1078441	Archaea_76	AdoHcyase	PF05221.17	1	0.927350427350427	0.591168091168091	1	1	1	1	1	1	1	1	0.960826210826211	0.995014245014245	1	0	0.0783475783475783	0	0	0.124643874643875	0.569088319088319	0.557692307692308	0.506410256410256	0	0.740740740740741	0.287749287749288	0.383903133903134	0.63034188034188	0	0.113247863247863
1138653	Archaea_76	RNA_pol_Rpb6	PF01192.22	1	0.503472222222222	0	1	1	1	1	1	1	1	1	1	1	1	0.0833333333333333	0	0	0	0.729166666666667	0.809027777777778	0	0	0	0	0.21875	0	0.392361111111111	0.0208333333333333	0
5924	Archaea_76	RNase_HII	PF01351.18	0.774250440917108	0.389770723104056	0	0.559082892416226	0.941798941798942	1	0.603174603174603	1	0.827160493827161	1	1	0.652557319223986	0.255731922398589	0.91005291005291	0	0.0617283950617284	0	0	0.155202821869489	0.514991181657848	0	0.268077601410935	0.472663139329806	0.2663139329806	0	0	0	0	0
31596	Archaea_76	Ham1p_like	PF01725.16	1	0.887772194304858	0	0.939698492462312	1	1	0.909547738693467	1	1	1	1	1	1	1	0.123953098827471	0.703517587939699	0.395309882747069	0	0.212730318257956	0.812395309882747	0	0	0	0.474036850921273	0	0	0	0	0
75755	Archaea_76	Ribosomal_S2	PF00318.20	0.396581196581197	0.158974358974359	0	0.252991452991453	0.47008547008547	0.979487179487179	0.429059829059829	0.998290598290598	0.844444444444444	1	0.931623931623932	0.429059829059829	0.769230769230769	0.608547008547008	0	0	0	0	0	0.223931623931624	0.430769230769231	0.188034188034188	0	0.514529914529914	0	0	0	0	0
90300	Archaea_76	Ribosomal_S15	PF00312.22	1	1	0	1	1	1	1	1	1	1	1	1	1	1	0	0.833333333333333	0	0	0.922222222222222	0.633333333333333	0.277777777777778	0.0925925925925926	0	0.759259259259259	0.659259259259259	0	0	0	0
913531	Archaea_76	tRNA-synt_His	PF13393.6	0.967884828349945	0.481727574750831	0.166112956810631	0.82281284606866	1	1	0.933554817275748	1	0.997785160575858	1	1	0.970099667774086	1	1	0	0.332225913621262	0.166112956810631	0	0.270210409745293	0	0.347729789590255	0.331118493909192	0	0.376522702104097	0.00442967884828349	0	0.167220376522702	0	0
918808	Archaea_76	Ribosomal_L1	PF00687.21	1	0.952789699570816	0.336194563662375	1	1	1	1	1	1	1	1	1	1	1	0	0.939914163090129	0.214592274678112	0.626609442060086	0.642346208869814	0.390557939914163	0.1931330472103	0	0.300429184549356	0.9241773962804	0.135908440629471	0	0.549356223175966	0.585121602288984	0
1728585	Archaea_76	TIM	PF00121.18	1	0.82051282051282	0.512820512820513	0.941391941391941	0.985347985347985	1	0.82051282051282	0.952380952380952	1	1	1	0.956043956043956	0.82051282051282	0.985347985347985	0	0.695970695970696	0	0	0	0.043956043956044	0.355311355311355	0	0	0	0.637362637362637	0	0	0	0
184485	Archaea_76	TruD	PF01142.18	0.814708691499522	0.721107927411652	0.0573065902578797	0.663801337153773	0.911174785100286	1	0.405921680993314	1	0.851957975167144	1	1	0.368672397325692	0.823304680038204	1	0	0.759312320916905	0	0	0.0859598853868195	0.421203438395415	0.127984718242598	0.276026743075454	0	0.108882521489971	0	0	0.106972301814709	0.14422158548233	0
232147	Archaea_76	Ribosom_S12_S23	PF00164.25	0.812865497076023	0.690058479532164	0	0.906432748538012	1	1	1	0.91812865497076	0.91812865497076	1	1	0.637426900584795	1	1	0	0	0	0	0.497076023391813	0.450292397660819	0	0.807017543859649	0	0.847953216374269	0	0	0.678362573099415	0	0
297252	Archaea_76	tRNA-synt_1c	PF00749.21	0.510440835266821	0.516627996906419	0	0.60015467904099	0.819798917246713	0.983758700696056	0.855375096674401	0.992266047950503	1	0.989945862335654	0.990719257540603	0.709976798143852	0.790409899458623	0.987625676720804	0	0.215003866976025	0	0	0.122969837587007	0.650425367362722	0	0.162412993039443	0	0.0177880897138438	0.0556844547563805	0	0.116782675947409	0	0
297253	Archaea_76	tRNA-synt_1c	PF00749.21	0.77138945927447	0.763860369609856	0.0636550308008214	0.637234770704997	0.976728268309377	1	0.628336755646817	0.999315537303217	0.913757700205339	1	1	0.724161533196441	0.353867214236824	0.999315537303217	0.309377138945927	0.293634496919918	0.385352498288843	0	0	0.575633127994524	0.206707734428474	0.297741273100616	0	0.297056810403833	0.0561259411362081	0.184804928131417	0.238877481177276	0.113620807665982	0
542024	Archaea_76	Ribosomal_S7	PF00177.21	1	0.941520467836257	0.192982456140351	1	1	1	1	1	1	1	1	1	1	1	0.567251461988304	0.508771929824561	0	0.859649122807018	0	1	0	0	0.894736842105263	0.783625730994152	0	0	0.56140350877193	0	0
542025	Archaea_76	Ribosomal_S7	PF00177.21	0.946127946127946	1	0.892255892255892	1	1	1	1	1	1	1	1	1	1	1	0	0	0	0.303030303030303	0	1	0.582491582491583	0.178451178451178	0.161616161616162	0.552188552188552	0	0.579124579124579	0.545454545454545	0	0
542026	Archaea_76	Ribosom_S12_S23	PF00164.25	0.994152046783626	0.909356725146199	0	1	1	1	0.804093567251462	0.874269005847953	0.950292397660819	1	1	0.201754385964912	0.929824561403509	0.985380116959064	0	0	0	0	0	0.134502923976608	0	0.327485380116959	0	0	0	0.10233918128655	0.728070175438597	0	0
622038	Archaea_76	tRNA-synt_His	PF13393.6	1	0.832041343669251	0.682170542635659	0.974160206718346	1	1	0.937984496124031	1	0.968992248062015	1	1	1	0.997416020671835	1	0	0	0	0	0	0.622739018087855	0	0	0	0.0749354005167959	0	0	0	0	0
622039	Archaea_76	Adenylsucc_synt	PF00709.21	0.574786324786325	0.427350427350427	0.161324786324786	0.631410256410256	0.842948717948718	0.990384615384615	0.75534188034188	0.99465811965812	0.991452991452992	1	0.998931623931624	0.711538461538462	0.681623931623932	0.985042735042735	0	0.469017094017094	0.322649572649573	0	0	0.739316239316239	0	0.371794871794872	0	0.58974358974359	0	0	0	0	0
653794	Archaea_76	AdoHcyase	PF05221.17	0.814814814814815	0	0	0.953703703703704	1	1	1	1	0.983796296296296	1	0.93287037037037	0.953703703703704	0.965277777777778	1	0	0	0	0	0	0.347222222222222	0.458333333333333	0.56712962962963	0	0.391203703703704	0	0	0	0	0
732569	Archaea_76	TIM	PF00121.18	0.916264090177134	0.760064412238325	0.492753623188406	1	0.971014492753623	1	1	1	0.988727858293076	1	1	0.966183574879227	0.988727858293076	0.998389694041868	0	0.468599033816425	0.386473429951691	0	0.122383252818035	0.86634460547504	0.304347826086957	0.194847020933977	0	0.376811594202899	0.0402576489533011	0	0.450885668276973	0	0
750588	Archaea_76	RNase_HII	PF01351.18	0.865961199294533	0.425044091710758	0.164021164021164	0.934744268077601	1	1	1	1	1	1	1	1	1	1	0	0	0	0	0	0	0.347442680776014	0	0	0	0	0	0.155202821869489	0	0
1453552	Archaea_76	Ribosomal_S11	PF00411.19	1	1	0.31496062992126	1	1	1	1	1	1	1	1	1	1	1	0.905511811023622	0.58005249343832	0	0	0.797900262467192	0.396325459317585	0.89238845144357	0.887139107611549	0	0	0.186351706036745	0	0.10761154855643	0	0.52755905511811
1453553	Archaea_76	Ribosomal_S13	PF00416.22	1	0.929971988795518	0.439775910364146	1	1	1	1	1	1	1	1	1	1	1	0.593837535014006	0.224089635854342	0	0	0.218487394957983	0.549019607843137	0.579831932773109	0.341736694677871	0	0.96358543417367	0.882352941176471	0	0.319327731092437	0	0.392156862745098
1453554	Archaea_76	SecY	PF00344.20	1	0.811659192825112	0.0403587443946188	1	1	1	1	1	1	1	1	1	1	1	0.162929745889387	0.775037369207773	0.146487294469357	0.00523168908819133	0.832585949177877	0.35949177877429	0.210014947683109	0	0.393124065769806	0.567264573991031	0.705530642750374	0	0.666666666666667	0	0.207025411061285
1453559	Archaea_76	Ribosomal_L6	PF00347.23	1	0.797752808988764	0.533707865168539	1	1	1	1	1	1	1	1	1	1	1	0	0	0.402621722846442	0	0	0.973782771535581	0.155430711610487	0.604868913857678	0.372659176029963	0.413857677902622	0.797752808988764	0	0.651685393258427	0	0.382022471910112
1453560	Archaea_76	Ribosomal_S8	PF00410.19	1	0.795454545454545	0.560606060606061	1	1	1	1	1	1	1	1	1	1	1	0	0	0	0	0.439393939393939	0.686868686868687	0.674242424242424	0.292929292929293	0	0.694444444444444	0	0	0.992424242424242	0	0
1453564	Archaea_76	Ribosomal_L14	PF00238.19	1	0.626016260162602	0.907859078590786	1	1	1	1	1	1	1	1	1	1	1	0	0	0.157181571815718	0.143631436314363	1	0.409214092140921	0.579945799457995	0	0	0.395663956639566	0	0.67479674796748	0.360433604336043	0	0.384823848238482
1453565	Archaea_76	Ribosomal_S17	PF00366.20	1	0.571969696969697	0.856060606060606	1	1	1	1	1	1	1	1	1	1	1	0	0.621212121212121	0.571969696969697	0.484848484848485	0.863636363636364	0	0.71969696969697	0	0	0.931818181818182	0	0	0.272727272727273	0	0.174242424242424
1453566	Archaea_76	Ribosomal_L29	PF00831.23	1	0.935323383084577	1	1	1	1	1	1	1	1	1	1	1	1	0	0	0.925373134328358	0	0.930348258706468	0.527363184079602	1	0	0	0.288557213930348	0	0	0.885572139303483	0.601990049751244	0.54228855721393
1453567	Archaea_76	Ribosomal_L16	PF00252.18	1	0.910628019323672	0.642512077294686	1	1	1	1	1	1	1	1	1	1	1	0	0	0.717391304347826	0	0.103864734299517	0.330917874396135	1	0.265700483091787	0	0.920289855072464	0	0	0.265700483091787	0	0
1453569	Archaea_76	Ribosomal_L22	PF00237.19	1	1	0.651651651651652	1	1	1	1	1	1	1	1	1	1	1	0	0.498498498498498	0.876876876876877	0	0.552552552552553	1	0.408408408408408	0	0	0.660660660660661	0.483483483483483	0	0.141141141141141	0.453453453453453	0
1453570	Archaea_76	Ribosomal_S19	PF00203.21	1	1	0.590579710144927	1	1	1	1	1	1	1	1	1	1	1	0	1	0	0	0	0.605072463768116	1	0.652173913043478	0	0.746376811594203	0.623188405797101	0	0	0.202898550724638	0
1453572	Archaea_76	Ribosomal_L23	PF00276.20	1	1	0.683501683501683	1	1	1	1	1	1	1	1	1	1	1	0	0.582491582491583	0	0.32996632996633	0.885521885521885	0.208754208754209	0.62962962962963	0	0	0.808080808080808	0.222222222222222	0	0.599326599326599	0	0
1453573	Archaea_76	Ribosomal_L4	PF00573.22	1	0.983333333333333	0.171666666666667	1	1	1	1	1	1	1	1	1	1	1	0	0.0666666666666667	0.481666666666667	0.23	0.145	0.883333333333333	0	0	0	0.881666666666667	0.09	0	0.441666666666667	0.333333333333333	0.39
1453574	Archaea_76	Ribosomal_L3	PF00297.22	1	0.998463901689708	0.144393241167435	1	1	1	1	1	1	1	1	1	1	1	0	0.617511520737327	0.331797235023041	0.259600614439324	0.529953917050691	0.834101382488479	0.399385560675883	0	0	0.978494623655914	0.218125960061444	0	0.0844854070660522	0	0.098310291858679
