gene_callers_id	source	gene_name	gene_hmm_id	WAM_ALR	WAM_CCR	WAM_IPI	WAM_MAR	WAM_MYS	WAM_PBL	WAM_PJN	WAM_PPR	WAM_PST	WAM_ROL	WAM_SCR	WAM_SGN	WAM_SIS	WAM_TWN	WAR_ALR	WAR_CCR	WAR_IPI	WAR_MAR	WAR_MYS	WAR_PBL	WAR_PJN	WAR_PPR	WAR_PSK	WAR_PST	WAR_RNW	WAR_ROL	WAR_SCR	WAR_SGL	WAR_SIS
372225	Archaea_76	NDK	PF00334.19	0	0.35952380952381	0.6	1	0	0.652380952380952	0.65952380952381	0.319047619047619	0.854761904761905	0	0.45	0.395238095238095	0	0.671428571428571	0	0.0261904761904762	0	0.39047619047619	0	0	0.530952380952381	0.0404761904761905	0	0.888095238095238	0.497619047619048	0.628571428571429	0.35952380952381	0.478571428571429	0
1233449	Archaea_76	Ribosomal_S11	PF00411.19	0.165394402035623	0	0	0.938931297709924	0.0814249363867685	0.969465648854962	0	0.916030534351145	0.898218829516539	0	0.529262086513995	0.475826972010178	0	0.83969465648855	0	0.119592875318066	0	0	0	0.124681933842239	0.526717557251908	0.895674300254453	0	0.720101781170484	0.414758269720102	0	0	0	0
1233450	Archaea_76	Ribosomal_S13	PF00416.22	0.645333333333333	0.738666666666667	0	0.832	0	1	0	0.957333333333333	0.301333333333333	0	1	0.224	0	0.528	0	0.653333333333333	0	0	0	0.501333333333333	0	0.290666666666667	0	0.424	0.728	0	0	0.117333333333333	0
1233452	Archaea_76	SecY	PF00344.20	0.192825112107623	0.571748878923767	0	0.868460388639761	0.572496263079223	0.699551569506726	0.730194319880418	0.70627802690583	0.47085201793722	0	0	0.972346786248132	0	0.449177877428999	0	0.0852017937219731	0	0	0	0.585201793721973	0.461136023916293	0.363976083707025	0	0.262331838565022	0.36322869955157	0	0.568759342301943	0.331091180866966	0
1233457	Archaea_76	Ribosomal_L6	PF00347.23	0	0.732965009208103	0	0.802946593001842	0	0.878453038674033	0.721915285451197	0.760589318600368	1	0	0.550644567219153	0.762430939226519	0	0.913443830570902	0.511970534069982	0	0	0.609576427255985	0	0	0.283609576427256	0.0902394106813996	0	0.806629834254144	0.650092081031308	0.47329650092081	1	0	0
1233458	Archaea_76	Ribosomal_S8	PF00410.19	0.225563909774436	0.646616541353383	0	1	0.68922305764411	0	0.967418546365915	0.774436090225564	0.967418546365915	0	0	0.992481203007519	0	0.949874686716792	0	0.037593984962406	0	0.694235588972431	0	0.526315789473684	0.350877192982456	0.804511278195489	0	0.56140350877193	0.81203007518797	0	1	1	0
1233462	Archaea_76	Ribosomal_L14	PF00238.19	0	0.168021680216802	0	1	0.813008130081301	0.807588075880759	0.83739837398374	0.693766937669377	0.975609756097561	0.409214092140921	0.398373983739837	0.547425474254743	0.276422764227642	1	0.5420054200542	0.046070460704607	0	0.330623306233062	0.818428184281843	0.742547425474255	1	0.680216802168022	0	0.046070460704607	0.390243902439024	0	1	0.409214092140921	0
1233463	Archaea_76	Ribosomal_S17	PF00366.20	0.542635658914729	0.771317829457364	0	1	0.197674418604651	0.817829457364341	0.65891472868217	0.593023255813954	1	0	0.817829457364341	1	0	0.984496124031008	0	0	0	0.562015503875969	0	0.868217054263566	0.403100775193798	0.178294573643411	0	0	1	0	1	0	0
1233464	Archaea_76	Ribosomal_L29	PF00831.23	0.442708333333333	0.114583333333333	0	1	0.953125	1	0	0.682291666666667	1	0	0.166666666666667	0.822916666666667	0	1	0	0	0	0	0	1	0.359375	0	0	0	0.213541666666667	0	0.442708333333333	0.6875	0
1233465	Archaea_76	Ribosomal_L16	PF00252.18	0.536643026004728	0	0	1	0.099290780141844	0.624113475177305	0.643026004728132	0.0141843971631206	0.115839243498818	0	0.229314420803783	0.697399527186761	0	1	0	0.302600472813239	0	0.0401891252955083	0	0.399527186761229	0.160756501182033	0	0	0.59338061465721	0	0	0.877068557919622	0.508274231678487	0
1233467	Archaea_76	Ribosomal_L22	PF00237.19	0.369829683698297	0.357664233576642	0	1	0	0.211678832116788	0.175182481751825	0.309002433090024	0.489051094890511	0	0	0.515815085158151	0	0.27007299270073	0.313868613138686	0	0	0.598540145985402	0	0.734793187347932	0.995133819951338	0	0	0.576642335766423	0.681265206812652	0	0.834549878345499	0.778588807785888	0
1233468	Archaea_76	Ribosomal_S19	PF00203.21	0	0.254480286738351	0	1	0	0.78494623655914	0	0.688172043010753	0.759856630824373	0	0	0.376344086021505	0	0	0	0	0	0.333333333333333	0	0.419354838709677	0.544802867383513	0	0	0.931899641577061	0.874551971326165	0	0.71326164874552	0.774193548387097	0
1304112	Archaea_76	TIM	PF00121.18	0	1	0	0.317708333333333	0	0.0989583333333333	0.864583333333333	0.78125	0.895833333333333	0	0.0260416666666667	0.760416666666667	0	0	0	0	0	0	0	0	0	0	0	0	0	0	0.786458333333333	0	0
1201832	Archaea_76	Ribosomal_S2	PF00318.20	0.379874213836478	0.260377358490566	0	1	0.266666666666667	1	0.768553459119497	0.480503144654088	0.454088050314465	0	0.644025157232704	0.405031446540881	0	0.905660377358491	0	0.369811320754717	0.372327044025157	0.060377358490566	0.511949685534591	0.0754716981132075	0.655345911949686	0.0314465408805031	0.29937106918239	0.50440251572327	0.608805031446541	0	0.715723270440252	0.369811320754717	0
1201833	Archaea_76	Ribosomal_S9	PF00380.19	0	0.310077519379845	0	1	0.436692506459948	1	0.501291989664083	0.390180878552972	0.744186046511628	0	0.439276485788114	1	0	0.201550387596899	0	0.245478036175711	0	0.677002583979328	0	0.0671834625322997	0	0.674418604651163	0	0.870801033591731	0.873385012919897	0	0.441860465116279	0.808785529715762	0
1201834	Archaea_76	Ribosomal_L13	PF00572.18	0.600877192982456	0	0	0.901315789473684	0	0.809210526315789	0.0241228070175439	0.331140350877193	0.728070175438597	0	0.671052631578947	0.894736842105263	0	0.910087719298246	0	0.675438596491228	0	0.662280701754386	0	0.657894736842105	0.453947368421053	0.635964912280702	0	0.414473684210526	0.289473684210526	0	0.328947368421053	0.583333333333333	0
1204361	Archaea_76	tRNA-synt_1d	PF00750.19	0.341584158415842	0.642464246424643	0	0.991749174917492	0.314631463146315	0.891639163916392	0.547854785478548	0.283828382838284	0.663916391639164	0	0.815731573157316	0.284928492849285	0	0.606160616061606	0.0907590759075908	0.0896589658965897	0	0.347634763476348	0.16996699669967	0.0555555555555556	0.347634763476348	0.0896589658965897	0	0.419141914191419	0.658965896589659	0.166116611661166	0.555555555555556	0.783278327832783	0.229372937293729
9905	Archaea_76	Ribosom_S12_S23	PF00164.25	0	0.874666666666667	0	1	1	1	0.989333333333333	0	0.68	0	0.845333333333333	1	0	1	0	0.285333333333333	0	0.253333333333333	0.133333333333333	0	0	0.253333333333333	0	0.253333333333333	0.749333333333333	0	0.770666666666667	0	0
9906	Archaea_76	Ribosomal_S7	PF00177.21	0.316561844863732	0.444444444444444	0.0922431865828092	1	0.358490566037736	0.914046121593291	0.19706498951782	0.513626834381551	0.574423480083857	0	0.526205450733753	0.985324947589098	0	0.786163522012579	0	0.364779874213836	0	0	0.660377358490566	0	0.10482180293501	0.121593291404612	0	0	0	0	0.628930817610063	0.574423480083857	0
9909	Archaea_76	Ribosomal_L3	PF00297.22	0.238325281803543	0	0	1	0	0.520128824476651	0	0.170692431561997	0.964573268921095	0	0	0.822866344605475	0	1	0	0	0	0	0	0	0	0	0	0	0.740740740740741	0	0.0563607085346216	0	0
35782	Archaea_76	AdoHcyase	PF05221.17	0.432494279176201	0.353165522501907	0.0831426392067124	0.977116704805492	0.544622425629291	0.958810068649886	0.851258581235698	0.588863463005339	0.805491990846682	0	0.689549961861175	0.758199847444699	0.176964149504195	0.860411899313501	0	0.515636918382914	0	0.546910755148741	0	0.414187643020595	0.508771929824561	0.515636918382914	0	0.677345537757437	0.230358504958047	0	0.960335621662853	0.303585049580473	0.154080854309687
68221	Archaea_76	RNase_HII	PF01351.18	0	0.907801418439716	0	0	0.985815602836879	0.290780141843972	0	0	0	0	0	0	0	0	0	0.425531914893617	0	0.0567375886524823	0	0.411347517730496	0	0	0	0	0	0	1	0	0
907133	Archaea_76	TIM	PF00121.18	0	0.410958904109589	0	1	0	0.398782343987823	0.773211567732116	0.418569254185693	0.458143074581431	0	0.432267884322679	0.398782343987823	0	0.692541856925419	0.525114155251142	0	0	0.345509893455099	0	0	0.552511415525114	0.229832572298326	0	0.0030441400304414	0.751902587519026	0	0.459665144596651	0	0
908069	Archaea_76	HMG-CoA_red	PF00368.18	0.281318681318681	0.419047619047619	0	0.831501831501832	0.372161172161172	0.463736263736264	0.665934065934066	0.221245421245421	0.306227106227106	0	0.78974358974359	0.831501831501832	0	0.534065934065934	0.204395604395604	0.53992673992674	0.297435897435897	0.649084249084249	0.131868131868132	0.512087912087912	0.0717948717948718	0.189010989010989	0	0.383150183150183	0.408058608058608	0	0.515018315018315	0.402197802197802	0
951022	Archaea_76	Ribosomal_L3	PF00297.22	0	0.484702093397746	0	1	0.247987117552335	0.793880837359098	0.402576489533011	0.536231884057971	0.611916264090177	0.101449275362319	0.856682769726248	0.181964573268921	0	0.483091787439614	0	0	0	0.336553945249597	0	0.458937198067633	0.241545893719807	0.816425120772947	0	0.884057971014493	0	0	0.560386473429952	0.244766505636071	0
951023	Archaea_76	Ribosomal_L4	PF00573.22	0	0	0	1	0.361904761904762	1	0.403174603174603	0.461904761904762	0.23968253968254	0	0.611111111111111	0.873015873015873	0.23968253968254	1	0	0.271428571428571	0	0	0	0.480952380952381	0.528571428571429	0.0761904761904762	0.177777777777778	0.658730158730159	0.780952380952381	0	1	0	0.177777777777778
951024	Archaea_76	Ribosomal_L23	PF00276.20	0	0.714776632302406	0	1	0	1	1	0.0378006872852234	0.84192439862543	0	0.446735395189003	0	0	0.945017182130584	0	0.426116838487972	0	0.74914089347079	0	0.951890034364261	0	0.883161512027491	0.77319587628866	0.951890034364261	0.687285223367698	0	0.855670103092783	0	1
966822	Archaea_76	RNA_pol_Rpb6	PF01192.22	0	0.507645259938838	0	1	0.458715596330275	0.204892966360856	0.055045871559633	0.593272171253823	0	0	0.565749235474006	0.250764525993884	0	0.388379204892966	0	0	0	0	0	0.467889908256881	0	0	0	0	0	0	0.663608562691132	0	0
1647117	Archaea_76	Ribosomal_L1	PF00687.21	0.511594202898551	0.517391304347826	0.359420289855072	1	0.697101449275362	0.73768115942029	0.6	0	0.633333333333333	0.0942028985507246	0.905797101449275	0.468115942028985	0	0.528985507246377	0	0.418840579710145	0	0	0	0.508695652173913	0	0	0	0.301449275362319	0.404347826086957	0	0.515942028985507	0.426086956521739	0
1650800	Archaea_76	Ribosomal_S15	PF00312.22	0	0	0	0.859259259259259	0.488888888888889	0.733333333333333	0.659259259259259	0.559259259259259	1	0	1	0.214814814814815	0	0.211111111111111	0	0.0407407407407407	0	0.0740740740740741	0	0.0296296296296296	0	0	0	0.818518518518519	0.737037037037037	0	0.792592592592593	0	0
1656693	Archaea_76	tRNA-synt_His	PF13393.6	0.217422606191505	0.505399568034557	0.387329013678906	0.877609791216703	0.365730741540677	0.721382289416847	0.767458603311735	0.508999280057595	0.856731461483081	0	0.596112311015119	0.822174226061915	0.185745140388769	0.827933765298776	0.34341252699784	0.220302375809935	0	0.108711303095752	0	0.560835133189345	0.233261339092873	0.130309575233981	0	0.667386609071274	0.354931605471562	0	0.360691144708423	0	0.131029517638589
1732706	Archaea_76	tRNA-synt_1c	PF00749.21	0.483392645314353	0.813167259786477	0.104982206405694	0.965599051008304	0.530249110320285	0.638196915776987	0.491103202846975	0.565836298932384	0.596085409252669	0	0.682680901542111	0.825622775800712	0	0.442467378410439	0	0.548042704626335	0	0.476275207591934	0	0.359430604982206	0.432977461447212	0.309015421115065	0	0.365361803084223	0.566429418742586	0	0.761565836298932	0.403321470937129	0
1732707	Archaea_76	tRNA-synt_1c	PF00749.21	0.450067476383266	0.549932523616734	0.199055330634278	0.895411605937922	0.0937921727395412	0.798245614035088	0.482456140350877	0.727395411605938	0.742240215924426	0.163292847503374	0.643724696356275	0.425775978407557	0	0.731443994601889	0	0.352226720647773	0.203103913630229	0.304318488529015	0.184885290148448	0.388663967611336	0.535762483130904	0	0	0.166666666666667	0.649122807017544	0	0.89136302294197	0.0519568151147098	0
298303	Archaea_76	Ham1p_like	PF01725.16	0.241962774957699	0.747884940778342	0	0.862944162436548	0.423011844331641	0.862944162436548	0.399323181049069	0.776649746192893	0.32994923857868	0	0.642978003384095	0.937394247038917	0	0.94077834179357	0	0.199661590524535	0	0.255499153976311	0	0.521150592216582	0.225042301184433	0.379018612521151	0	0.22165820642978	0.392554991539763	0	1	0.715736040609137	0
568620	Archaea_76	Adenylsucc_synt	PF00709.21	0.0674509803921569	0.47921568627451	0.0643137254901961	0.877647058823529	0.230588235294118	0.764705882352941	0.564705882352941	0.505098039215686	0.385882352941176	0.087843137254902	0.794509803921569	0.16078431372549	0	0.767843137254902	0	0.0556862745098039	0	0.385882352941176	0.0627450980392157	0.47921568627451	0.224313725490196	0.288627450980392	0	0.750588235294118	0	0	0.472156862745098	0.301176470588235	0.236862745098039
