gene_callers_id	source	gene_name	gene_hmm_id	WAM_ALR	WAM_CCR	WAM_IPI	WAM_MAR	WAM_MYS	WAM_PBL	WAM_PJN	WAM_PPR	WAM_PST	WAM_ROL	WAM_SCR	WAM_SGN	WAM_SIS	WAM_TWN	WAR_ALR	WAR_CCR	WAR_IPI	WAR_MAR	WAR_MYS	WAR_PBL	WAR_PJN	WAR_PPR	WAR_PSK	WAR_PST	WAR_RNW	WAR_ROL	WAR_SCR	WAR_SGL	WAR_SIS
383517	Archaea_76	DUF655	PF04919.12	0.552272727272727	0.597727272727273	0.593939393939394	0.209090909090909	0.253030303030303	0.372727272727273	0.803030303030303	0.536363636363636	0.627272727272727	0.275	0.301515151515152	0.752272727272727	0.346969696969697	0.384090909090909	0.984848484848485	0.445454545454545	0.741666666666667	0.551515151515152	0.875	0.646212121212121	0.571212121212121	0.334090909090909	0.831060606060606	0.940909090909091	0.937878787878788	0.785606060606061	0.831818181818182	0.660606060606061	0.812878787878788
395691	Archaea_76	AdoHcyase	PF05221.17	0.462871287128713	0.62046204620462	0.240924092409241	0.184818481848185	0.52970297029703	0.249174917491749	0.717821782178218	0.226897689768977	0.311881188118812	0.498349834983498	0.298679867986799	0.506600660066007	0.216996699669967	0.0123762376237624	0.508250825082508	0.124587458745875	0.722772277227723	0.563531353135314	0.244224422442244	0.670792079207921	0.756600660066007	0	0.736798679867987	0.985973597359736	0.717821782178218	0.900990099009901	0.603135313531353	0.326732673267327	0.721122112211221
432049	Archaea_76	Ribosom_S12_S23	PF00164.25	0	0.674603174603175	0.547619047619048	0	0	0	0.968253968253968	0.825396825396825	0.706349206349206	0.626984126984127	0	0.0158730158730159	0	0	1	0.428571428571429	0.555555555555556	0	0.452380952380952	0	0.595238095238095	0	0.920634920634921	0.984126984126984	0.76984126984127	0.968253968253968	0.476190476190476	0.0238095238095238	1
461449	Archaea_76	TruD	PF01142.18	0.659698025551684	0.572590011614402	0.550522648083624	0.349593495934959	0.329849012775842	0	0.62253193960511	0.367015098722416	0.736353077816492	0.307781649245064	0.327526132404181	0.639953542392567	0	0.35075493612079	0.781649245063879	0.212543554006969	0.750290360046458	0.163763066202091	0.511033681765389	0.470383275261324	0.524970963995354	0.9465737514518	0.303135888501742	1	0.657375145180023	0.829268292682927	0.988385598141696	0.670150987224158	0.67595818815331
503713	Archaea_76	Ribosomal_S11	PF00411.19	1	0.632575757575758	0.958333333333333	0.446969696969697	0.568181818181818	0	1	0	0.102272727272727	1	0	1	1	1	1	0	1	1	1	0.958333333333333	1	0.727272727272727	0.973484848484848	1	0.590909090909091	1	1	0.0454545454545454	1
503714	Archaea_76	Ribosomal_S13	PF00416.22	1	1	0.252032520325203	0	0.905149051490515	0	1	0.75609756097561	0.639566395663957	0.934959349593496	0	0.975609756097561	1	0.48780487804878	0.850948509485095	0	1	0.829268292682927	0.883468834688347	1	1	0	0.51219512195122	1	0.807588075880759	1	1	0.997289972899729	1
520879	Archaea_76	tRNA-synt_His	PF13393.6	0.442176870748299	0.581632653061224	0.714285714285714	0	0.224489795918367	0.170068027210884	0.599773242630385	0	0.760770975056689	0.666666666666667	0	0.770975056689342	0.293650793650794	0.414965986394558	0.891156462585034	0	0.804988662131519	0.606575963718821	0.787981859410431	0.572562358276644	0.739229024943311	0	0.613378684807256	0.750566893424036	0.498866213151927	0.40702947845805	0.780045351473923	0.208616780045351	0.971655328798186
1235062	Archaea_76	TIM	PF00121.18	0.4375	0.773611111111111	0.876388888888889	0.551388888888889	0.3875	0	0.905555555555556	0.497222222222222	0.543055555555556	0.372222222222222	0.413888888888889	0.990277777777778	0.491666666666667	0.576388888888889	1	0	0.415277777777778	0.868055555555556	0.852777777777778	0.847222222222222	1	0.343055555555556	0.348611111111111	0.784722222222222	0.686111111111111	0.680555555555556	0.85	0.918055555555556	0.836111111111111
1265538	Archaea_76	tRNA-synt_1c	PF00749.21	0.728682170542636	0.452519379844961	0.559108527131783	0.276162790697674	0.532945736434108	0.0155038759689922	0.872093023255814	0.442829457364341	0.452519379844961	0.771317829457364	0.494186046511628	0.437984496124031	0.851744186046512	0.377906976744186	0.872093023255814	0.209302325581395	0.653100775193798	0.830426356589147	0.367248062015504	0.804263565891473	0.945736434108527	0.338178294573643	0.701550387596899	0.999031007751938	0.952519379844961	0.824612403100775	0.817829457364341	0.861434108527132	0.967054263565892
1334392	Archaea_76	FbpA	PF05833.11	0.368657675016057	0.774566473988439	0.40398201669878	0.113680154142582	0.429672447013488	0.229929351316635	0.551059730250482	0.702633269107258	0.775850995504175	0.417469492614001	0.202312138728324	0.486191393705845	0.504816955684008	0.270391779062299	0.844572896596018	0.198458574181118	0.86640976236352	0.590879897238279	0.590237636480411	0.633911368015414	0.903018625561978	0.3538856775851	0.47077713551702	0.848426461143224	0.716120745022479	0.608220937700707	0.685934489402698	0.771355170199101	0.655748233782916
1334393	Archaea_76	NDK	PF00334.19	0.977924944812362	0.735099337748344	0.726269315673289	0.567328918322296	0.426048565121413	0.902869757174393	0.728476821192053	0.267108167770419	0.518763796909492	0.317880794701987	0	0.470198675496689	0.732891832229581	0.63355408388521	1	0	1	0.688741721854305	0.962472406181016	0.719646799116998	0.543046357615894	0.920529801324503	0	0.938189845474614	0.887417218543046	0.479028697571744	0.836644591611479	0.98233995584989	0.863134657836645
1056121	Archaea_76	TruD	PF01142.18	0.85632183908046	0	0.833333333333333	0	0	0	0.867816091954023	0.166666666666667	0.885057471264368	0.764367816091954	0	0.0057471264367816	0	0	0.741379310344828	0	0.942528735632184	0.804597701149425	1	1	0.879310344827586	0	0.982758620689655	0.919540229885058	0.0574712643678161	1	1	0	0.568965517241379
70001	Archaea_76	Ribosomal_L3	PF00297.22	0.562401263823065	0.690363349131122	0.848341232227488	0.578199052132701	0.515007898894155	0	0.968404423380727	0.505529225908373	0.92259083728278	0.151658767772512	0	0.644549763033175	0.499210110584518	0.930489731437599	1	0.627172195892575	0.333333333333333	0.76303317535545	0.955766192733017	1	0.900473933649289	0.734597156398104	0.971563981042654	1	1	1	0.954186413902054	1	0.927330173775671
70002	Archaea_76	Ribosomal_L4	PF00573.22	0.845238095238095	1	0.563988095238095	0.595238095238095	0.272321428571429	0.4375	0.998511904761905	0.504464285714286	0.657738095238095	0.630952380952381	0.449404761904762	0.84077380952381	0.248511904761905	0.769345238095238	1	0.223214285714286	0.824404761904762	0.806547619047619	1	1	0.953869047619048	0.318452380952381	0.919642857142857	1	0.586309523809524	1	0.97172619047619	0.706845238095238	0.912202380952381
70003	Archaea_76	Ribosomal_L23	PF00276.20	0.620567375886525	1	0.460992907801418	0	0	0.808510638297872	1	0.50709219858156	0.141843971631206	0.950354609929078	0.535460992907801	1	0.400709219858156	0.790780141843972	1	0.968085106382979	0	0.308510638297872	0.0283687943262411	0.872340425531915	1	0.673758865248227	1	1	0.351063829787234	0.840425531914894	1	0.202127659574468	1
70005	Archaea_76	Ribosomal_S19	PF00203.21	1	1	0.437984496124031	0.895348837209302	0	0	0.724806201550388	0	0.957364341085271	0.313953488372093	0	0.515503875968992	0	0.75968992248062	0.961240310077519	0	1	0.988372093023256	1	0.910852713178294	1	0.186046511627907	1	1	1	1	1	1	0.813953488372093
70006	Archaea_76	Ribosomal_L22	PF00237.19	1	0.968390804597701	0.890804597701149	0.281609195402299	0.931034482758621	0.864942528735632	0.847701149425287	0	0.899425287356322	1	0.422413793103448	0.890804597701149	0	1	1	0.5	0.10632183908046	1	0.807471264367816	1	1	0.899425287356322	0.367816091954023	1	1	0.798850574712644	0.979885057471264	1	1
70008	Archaea_76	Ribosomal_L16	PF00252.18	0.583333333333333	0.60952380952381	0.847619047619048	0.633333333333333	0.202380952380952	0	0.807142857142857	0	0.34047619047619	1	0.292857142857143	0.604761904761905	0	0.619047619047619	1	0.866666666666667	0.547619047619048	0.55	1	0.621428571428571	1	0.414285714285714	0.45952380952381	0.971428571428571	0.802380952380952	0.916666666666667	0.988095238095238	0.930952380952381	1
70009	Archaea_76	Ribosomal_L29	PF00831.23	1	1	1	0.89041095890411	1	0.292237442922374	1	0.931506849315068	1	0.0182648401826484	0.666666666666667	0.703196347031963	0	0	1	0.680365296803653	1	0.840182648401826	1	1	1	1	0.771689497716895	0.675799086757991	0.817351598173516	1	1	1	1
70010	Archaea_76	Ribosomal_S17	PF00366.20	0.793510324483776	0.988200589970501	0.283185840707965	1	0.0766961651917404	0.262536873156342	1	1	1	0	0.0648967551622419	0.504424778761062	0	0	1	0.725663716814159	0.740412979351032	0.589970501474926	0.958702064896755	1	1	0.820058997050148	1	1	1	1	1	1	1
70011	Archaea_76	Ribosomal_L14	PF00238.19	0.636856368563686	0.804878048780488	0.346883468834688	0.295392953929539	0	0.742547425474255	1	0.32520325203252	0.626016260162602	0.869918699186992	0.761517615176152	0.997289972899729	0	0.723577235772358	1	0.89159891598916	0.959349593495935	0.168021680216802	0.67479674796748	1	0.18970189701897	0.639566395663957	0.51219512195122	1	0.981029810298103	1	1	1	1
70014	Archaea_76	Ribosomal_S8	PF00410.19	0.834586466165414	0.796992481203007	0.0325814536340852	0.862155388471178	0.721804511278195	0	0.994987468671679	0.380952380952381	0.796992481203007	0.353383458646617	0.170426065162907	0.919799498746867	0.025062656641604	0.513784461152882	0.964912280701754	0.160401002506266	0.909774436090226	0.99749373433584	0.3734335839599	0.884711779448622	1	0.596491228070175	0.771929824561403	1	1	0.716791979949875	0.857142857142857	0.824561403508772	0.989974937343358
70015	Archaea_76	Ribosomal_L6	PF00347.23	0.794444444444444	0.77037037037037	0.0111111111111111	0.357407407407407	0.296296296296296	0	0.912962962962963	0.0240740740740741	0.948148148148148	0	0.190740740740741	0.738888888888889	0.511111111111111	1	0.916666666666667	0	1	0.605555555555556	1	0.275925925925926	0.837037037037037	0.135185185185185	0.998148148148148	1	1	0.92962962962963	0.998148148148148	0.757407407407407	0.972222222222222
70019	Archaea_76	SecY	PF00344.20	0.935724962630792	0.832585949177877	0.740657698056801	0.494768310911809	0.560538116591928	0.29745889387145	0.631539611360239	0.302690582959641	0.191330343796712	0.834080717488789	0.0896860986547085	0.914798206278027	0.236920777279522	0.553811659192825	0.815396113602392	0.220478325859492	0.71898355754858	0.87219730941704	0.912556053811659	0.539611360239163	0.984304932735426	0.490284005979073	0.741405082212257	1	0.878176382660688	0.899103139013453	0.997757847533632	0.953662182361734	0.875186846038864
942274	Archaea_76	Ribosomal_S2	PF00318.20	0.710191082802548	0.461783439490446	0.619957537154989	0.397027600849257	0.243099787685775	0	0.776008492569002	0	0.520169851380042	0.845010615711253	0	0.233545647558386	0.611464968152866	0	0.940552016985138	0.17515923566879	0.525477707006369	0.585987261146497	0.515923566878981	0.470276008492569	0.531847133757962	0.424628450106157	0.601910828025478	0.91932059447983	0.983014861995754	1	0.938428874734607	1	0.910828025477707
1033262	Archaea_76	tRNA-synt_1d	PF00750.19	0.20876585928489	0.821799307958478	0.67762399077278	0.362168396770473	0.277393310265283	0	0.61361014994233	0.356978085351788	0.555940023068051	0.271049596309112	0.0945790080738178	0.458477508650519	0.3760092272203	0.58477508650519	0.613033448673587	0.193194925028835	0.648212226066897	0.524221453287197	0.705882352941177	0.710495963091119	0.844290657439446	0.423298731257209	0.629181084198385	0.957900807381776	0.719146482122261	0.852941176470588	0.848904267589389	0.829296424452134	0.768166089965398
1592530	Archaea_76	Ribosom_S12_S23	PF00164.25	0	0.0807291666666667	0.854166666666667	0.278645833333333	0.671875	0	0.6875	0.403645833333333	0.934895833333333	0.791666666666667	0	1	0.388020833333333	0.7578125	0.916666666666667	0.763020833333333	0.9140625	0.424479166666667	0.830729166666667	0.796875	0.3984375	0.338541666666667	0.958333333333333	1	0.6171875	1	0.942708333333333	0.9375	0.979166666666667
1592531	Archaea_76	Ribosomal_S7	PF00177.21	0.840579710144927	0.560386473429952	0.391304347826087	0.898550724637681	0.867149758454106	0	1	0	0.801932367149758	0.541062801932367	0	0.859903381642512	0.903381642512077	0	0.963768115942029	0.205314009661836	0.685990338164251	0.975845410628019	0.978260869565217	1	0.560386473429952	0	0.671497584541063	1	0.830917874396135	1	0.748792270531401	1	1
234815	Archaea_76	Ham1p_like	PF01725.16	0.475770925110132	0.44640234948605	0.114537444933921	0.337738619676946	0	0	0.447870778267254	0.668135095447871	0.25697503671072	0.139500734214391	0.102790014684288	0.713656387665198	0	0.108663729809104	0.916299559471366	0.270190895741557	0.500734214390602	0.676945668135095	0.443465491923642	0.740088105726872	0.754772393538913	0	0.591776798825257	0.6784140969163	0.779735682819383	0.679882525697504	0.377386196769457	0.966226138032305	0.616740088105727
299384	Archaea_76	tRNA-synt_1c	PF00749.21	0.626229508196721	0.225136612021858	0.514754098360656	0.32896174863388	0	0	0	0.134426229508197	0.691803278688525	0.134426229508197	0	0.619672131147541	0	0	0.621857923497268	0	0.32568306010929	0.407650273224044	0.539890710382514	0.366120218579235	0.589071038251366	0.0830601092896175	0.452459016393443	0.895081967213115	0.304918032786885	0.695081967213115	0.455737704918033	0.830601092896175	0.979234972677596
324031	Archaea_76	Adenylsucc_synt	PF00709.21	0.879585326953748	0.963317384370016	0.635566188197767	0.703349282296651	0.42902711323764	0.409888357256778	1	0.236044657097289	0.638755980861244	0.563795853269538	0	0.83652312599681	0.319776714513557	0.20414673046252	0.977671451355662	0.610047846889952	0.381977671451356	0.528708133971292	0.731259968102073	0.684210526315789	0.936204146730462	0.328548644338118	0.606858054226475	0.873205741626794	0.904306220095694	0.892344497607656	0.925039872408293	0.861244019138756	0.783094098883573
347992	Archaea_76	tRNA-synt_His	PF13393.6	0.469458987783595	0.598603839441536	0.525305410122164	0	0.844677137870855	0.263525305410122	0.965095986038394	0	0.806282722513089	0.680628272251309	0	0.835951134380454	0.654450261780105	0.588132635253054	0.890052356020942	0.527050610820244	0.663176265270506	0.263525305410122	0.867364746945899	0.928446771378709	1	0.478184991273996	0.635253054101222	0.778359511343805	0.769633507853403	0.417102966841187	0.703315881326352	0.657940663176265	0.684118673647469
553638	Archaea_76	AdoHcyase	PF05221.17	0.453362255965293	0.819233550253073	0.373101952277657	0.109182935647144	0.197396963123644	0.218365871294288	0.546637744034707	0.0303687635574837	0.399855386840202	0.218365871294288	0.218365871294288	0.430947216196674	0.374548083875633	0.396963123644252	0.540853217642805	0	0.582791033984093	0.221258134490239	0.690527838033261	0.367317425885756	0.597975415762834	0.55531453362256	0.440347071583514	0.667389732465654	0.357194504699928	0.753434562545192	0.570498915401301	0	0.534345625451916
766730	Archaea_76	Ribosomal_S9	PF00380.19	0.0150375939849624	0.318295739348371	1	0.453634085213033	0	0.746867167919799	0.99749373433584	0.704260651629073	0.949874686716792	0.972431077694236	0	0.393483709273183	0.952380952380952	0	1	0.644110275689223	0.756892230576441	0.25062656641604	0.0476190476190476	0.864661654135338	1	0	1	1	1	1	0.989974937343358	0.957393483709273	1
766731	Archaea_76	Ribosomal_L13	PF00572.18	0.878787878787879	0.647186147186147	1	0.662337662337662	0.634199134199134	0.0108225108225108	0.848484848484849	0.162337662337662	1	0.774891774891775	0	0.9004329004329	0.714285714285714	0	0.761904761904762	0.792207792207792	0.634199134199134	0.45021645021645	0.363636363636364	0.911255411255411	0.935064935064935	0.274891774891775	0.673160173160173	1	1	0.770562770562771	0.993506493506494	1	0.952380952380952
866461	Archaea_76	tRNA-synt_1c	PF00749.21	0.532738095238095	0.96031746031746	0.564484126984127	0.639880952380952	0.118055555555556	0.149801587301587	0.760912698412698	0.590277777777778	0.365079365079365	0.678571428571429	0.107142857142857	0.905753968253968	0	0.418650793650794	0.865079365079365	0.23015873015873	0.596230158730159	0.568452380952381	0.508928571428571	0.656746031746032	0.666666666666667	0.616071428571429	0.678571428571429	0.98015873015873	0.685515873015873	0.500992063492063	0.893849206349206	0.618055555555556	0.863095238095238
1411675	Archaea_76	Ribosomal_L1	PF00687.21	0.95924308588064	0.938864628820961	0.98981077147016	0.410480349344978	0.0844250363901019	0.522561863173217	0.985443959243086	0.449781659388646	0.0655021834061135	0.544395924308588	0.633187772925764	0.898107714701601	0.400291120815138	0.26783114992722	0.919941775836972	0.256186317321689	0.679767103347889	0.110625909752547	1	0.624454148471616	0.899563318777293	0.219796215429403	0.724890829694323	0.867540029112082	0.882096069868996	0.848617176128093	0.526928675400291	0.857350800582242	0.630276564774381
1514641	Archaea_76	RtcB	PF01139.17	0.476702508960573	0.862365591397849	0.25089605734767	0.0989247311827957	0.114695340501792	0.23010752688172	0.908960573476703	0.159139784946237	0.432974910394265	0.596415770609319	0	0.324731182795699	0.293906810035842	0.104659498207885	0.78494623655914	0.10752688172043	0.659498207885305	0.766308243727599	0.479569892473118	0.661648745519713	0.770609318996416	0	0	1	0.617921146953405	0.831541218637993	0.848028673835125	0.410752688172043	0.424372759856631
