gene_callers_id	source	gene_name	gene_hmm_id	WAM_ALR	WAM_CCR	WAM_IPI	WAM_MAR	WAM_MYS	WAM_PBL	WAM_PJN	WAM_PPR	WAM_PST	WAM_ROL	WAM_SCR	WAM_SGN	WAM_SIS	WAM_TWN	WAR_ALR	WAR_CCR	WAR_IPI	WAR_MAR	WAR_MYS	WAR_PBL	WAR_PJN	WAR_PPR	WAR_PSK	WAR_PST	WAR_RNW	WAR_ROL	WAR_SCR	WAR_SGL	WAR_SIS
379903	Archaea_76	Ribosomal_L1	PF00687.21	0.776234567901235	0.317901234567901	0.723765432098765	0.837962962962963	0.0462962962962963	0.266975308641975	0.919753086419753	0.256172839506173	0.5	0.692901234567901	0.445987654320988	0.233024691358025	0.416666666666667	0	1	0.998456790123457	0.930555555555556	0.99537037037037	0.983024691358025	1	0.932098765432099	0.583333333333333	0.921296296296296	0.854938271604938	0.530864197530864	0.743827160493827	0.79320987654321	0.875	1
379920	Archaea_76	PTH2	PF01981.16	0.865497076023392	0	0.801169590643275	0.429824561403509	0.33625730994152	0.406432748538012	0.485380116959064	0	0.912280701754386	0.903508771929825	0	0.371345029239766	0	0	1	0.450292397660819	0.929824561403509	0.973684210526316	0.43859649122807	1	0.926900584795322	0.576023391812866	0.760233918128655	1	0.690058479532164	0.798245614035088	0.947368421052632	0.684210526315789	1
445079	Archaea_76	DUF359	PF04019.12	0.981723237597911	0.216710182767624	0.865100087032202	0.64490861618799	0.561357702349869	0.377719756309835	0.818973020017406	0.101827676240209	0.211488250652742	0.441253263707572	0	0.5970409051349	0.25674499564839	0.140992167101828	0.969538729329852	0.939947780678851	0.829416884247171	0.899042645778938	0.817232375979112	0.949521322889469	0.975630983463882	0.824194952132289	0.899042645778938	0.936466492602263	0.530026109660574	0.87467362924282	0.488250652741514	0.939947780678851	1
445102	Archaea_76	Ham1p_like	PF01725.16	0	0.825944170771757	0.963875205254516	0.594417077175698	0.568144499178982	0	0.669950738916256	0	0.827586206896552	0.784893267651888	0.464696223316913	0.738916256157635	0.169129720853859	0	0.935960591133005	0.821018062397373	1	0.986863711001642	0.632183908045977	1	1	0.821018062397373	0.747126436781609	1	0.821018062397373	1	0.42200328407225	0.807881773399015	1
457121	Archaea_76	Ribosomal_L3	PF00297.22	0.811676082862524	0.284369114877589	0.7984934086629	0.450094161958569	0.274952919020716	0	0.335216572504708	0.47834274952919	0	0.346516007532957	0.751412429378531	0.60075329566855	0	0.583804143126177	0.973634651600753	0	0.764595103578154	0.777777777777778	0.794726930320151	0.604519774011299	0.777777777777778	0.775894538606403	0.92090395480226	0.875706214689266	0.274952919020716	0.952919020715631	0.924670433145009	0.612052730696798	1
474859	Archaea_76	Rib_5-P_isom_A	PF06026.14	0.515669515669516	0.163817663817664	0.666666666666667	0.425925925925926	0.54985754985755	0.465811965811966	0.615384615384615	0	0.722222222222222	0.215099715099715	0.364672364672365	0.364672364672365	0	0.306267806267806	0.712250712250712	0.346153846153846	0.85042735042735	1	0.673789173789174	0.686609686609687	0.934472934472934	0.565527065527066	0.594017094017094	1	0.673789173789174	0.94017094017094	0.431623931623932	0.39031339031339	0.849002849002849
482209	Archaea_76	Diphthamide_syn	PF01866.17	0.470779220779221	0	0.523809523809524	0.340909090909091	0	0.581168831168831	0.946969696969697	0	0.542207792207792	0.4004329004329	0	0	0	0.214285714285714	0.498917748917749	0.443722943722944	0.615800865800866	0.582251082251082	0.916666666666667	0.984848484848485	0.819264069264069	0.774891774891775	0.813852813852814	0.974025974025974	0.414502164502164	1	0.646103896103896	0.75	0.833333333333333
482214	Archaea_76	DUF357	PF04010.13	0.781045751633987	0.186274509803922	0.849673202614379	0.88562091503268	0.977124183006536	0	0.826797385620915	0	0.781045751633987	0.437908496732026	0	0	0	0	0.248366013071895	0.248366013071895	1	1	0.748366013071895	0.816993464052288	0	0	0	0.764705882352941	0	1	0.702614379084967	0.993464052287582	0.990196078431373
483901	Archaea_76	Ribosomal_S2	PF00318.20	1	0.0260162601626016	0.59349593495935	0.530081300813008	0.414634146341463	0.0113821138211382	0.826016260162602	0	0.710569105691057	0.798373983739837	0.456910569105691	0.336585365853659	0.369105691056911	0	0.897560975609756	0.934959349593496	1	0.99349593495935	0.943089430894309	0.882926829268293	0.853658536585366	0.702439024390244	0.679674796747967	0.769105691056911	0.853658536585366	0.869918699186992	1	0.975609756097561	0.967479674796748
483917	Archaea_76	Ribosomal_S28e	PF01200.18	0.356164383561644	0.0273972602739726	0.990867579908676	1	1	0.146118721461187	0.273972602739726	0	1	0.703196347031963	0.671232876712329	0.319634703196347	0	0	1	0.799086757990868	1	1	1	1	1	0.684931506849315	0.968036529680365	0.767123287671233	1	0.936073059360731	0	0.840182648401826	1
483924	Archaea_76	PyrI	PF01948.18	0.209401709401709	0	0.897435897435897	0.651709401709402	0.472222222222222	0.237179487179487	0.83974358974359	0	0.760683760683761	0.692307692307692	0.155982905982906	0.504273504273504	0	0	0	0.786324786324786	1	0.824786324786325	0.807692307692308	0.927350427350427	0.767094017094017	0.322649572649573	0.771367521367521	0.925213675213675	0.685897435897436	0.974358974358974	1	0.585470085470085	0.264957264957265
485077	Archaea_76	Spt4	PF06093.13	1	1	1	0.822222222222222	0.671111111111111	0.982222222222222	0.582222222222222	0	1	1	0	1	0	1	0.711111111111111	0.195555555555556	0.666666666666667	1	0.88	1	0.96	0.835555555555556	1	1	0.657777777777778	1	0	1	1
485078	Archaea_76	Ribosomal_S24e	PF01282.19	0.942857142857143	0.320634920634921	0.815873015873016	0.984126984126984	0	0.612698412698413	0.79047619047619	0.479365079365079	0.857142857142857	0.755555555555556	0	0.720634920634921	0	0.619047619047619	1	0.422222222222222	1	1	0.676190476190476	1	0.692063492063492	0	0.993650793650794	1	0.549206349206349	0.612698412698413	0	0.936507936507936	1
1289205	Archaea_76	FbpA	PF05833.11	0.501199040767386	0.241247002398082	0.609592326139089	0.424460431654676	0.443645083932854	0.311750599520384	0.539568345323741	0.144364508393285	0.551558752997602	0.832134292565947	0.0954436450839328	0.148201438848921	0.373141486810552	0	0.846043165467626	0.47673860911271	0.835971223021583	0.9189448441247	0.835491606714628	0.901199040767386	0.922781774580336	0.59136690647482	0.677218225419664	0.972182254196643	0.742925659472422	0.764988009592326	0.667146282973621	0.620143884892086	0.992805755395684
1289209	Archaea_76	RNA_pol_Rpb6	PF01192.22	0.0108695652173913	0.242753623188406	1	0.702898550724638	0.0108695652173913	0	0.855072463768116	0	0.706521739130435	0.63768115942029	0.47463768115942	0.641304347826087	0	0	1	0.326086956521739	0.615942028985507	1	0.97463768115942	1	0.384057971014493	0.86231884057971	0.572463768115942	1	0	0.989130434782609	0.554347826086957	0.467391304347826	1
20377	Archaea_76	tRNA-synt_1d	PF00750.19	0.741775294847921	0.13780260707635	0.821849782743638	0.564245810055866	0.238361266294227	0.042830540037244	0.446927374301676	0.123525760397269	0.624456859093731	0.326505276225947	0.334574798261949	0	0.0931098696461825	0	0.728739913097455	0.585971446306642	0.637492240844196	0.700186219739292	0.552451893234016	0.493482309124767	0.654252017380509	0.114835505896958	0.682805710738672	0.585350713842334	0.265673494723774	0.90316573556797	0.548106765983861	0.697703289882061	0.888268156424581
114798	Archaea_76	Ribosomal_S7	PF00177.21	0.943089430894309	0.232520325203252	0.543089430894309	0.536585365853659	0	0	0.554471544715447	0	0.871544715447155	0.0016260162601626	0.520325203252033	0	0.292682926829268	0	0.995121951219512	0.697560975609756	0.951219512195122	0.650406504065041	1	1	0.557723577235772	0.0747967479674797	0.902439024390244	0.921951219512195	0.645528455284553	0.715447154471545	0.715447154471545	0.907317073170732	1
114799	Archaea_76	Ribosom_S12_S23	PF00164.25	0.917274939172749	0.64963503649635	0.732360097323601	0.430656934306569	0	0	0.48661800486618	0.119221411192214	0.625304136253041	0.588807785888078	0	0.503649635036496	0	0	0.384428223844282	0.437956204379562	1	0.418491484184915	1	0.615571776155718	1	0.64963503649635	0.97323600973236	1	0.367396593673966	1	0.64963503649635	0.549878345498783	0.939172749391728
114807	Archaea_76	Ribosomal_L37ae	PF01780.19	0.70189701897019	0	0.650406504065041	0.40650406504065	0	0	0.0731707317073171	0	0.723577235772358	0.574525745257453	0	0	0	0	1	0.994579945799458	0.913279132791328	0.989159891598916	1	1	0.590785907859079	0	1	1	0.401084010840108	0.959349593495935	1	0.766937669376694	0.989159891598916
884102	Archaea_76	Ribosomal_L3	PF00297.22	0	0.536549707602339	0.833333333333333	0.641812865497076	0	0	0.444444444444444	0.308479532163743	0.799707602339181	0.700292397660819	0	0	0	0.219298245614035	0.792397660818713	0.157894736842105	0.833333333333333	0.548245614035088	0.685672514619883	0.77046783625731	0.584795321637427	0.437134502923977	0.827485380116959	0.464912280701754	0.687134502923977	0.915204678362573	0.220760233918129	0.478070175438596	0.732456140350877
884103	Archaea_76	Ribosomal_L4	PF00573.22	0.343572241183163	0.261660978384528	0.724687144482366	0	0.744027303754266	0.750853242320819	0.437997724687144	0	0.414106939704209	0.248009101251422	0.293515358361775	0.22070534698521	0	0.293515358361775	0.994311717861206	0.893060295790671	1	1	0.889647326507395	0.686006825938567	0.906712172923777	0.519908987485779	0.957906712172924	0.978384527872582	0.781569965870307	0.974971558589306	0.703071672354949	0.516496018202503	0.97155858930603
884104	Archaea_76	Ribosomal_L23	PF00276.20	0.769759450171821	0.900343642611684	0.786941580756014	0.36426116838488	0.666666666666667	0.0927835051546392	0.374570446735395	0	0.22680412371134	0.673539518900344	0	0	0	0	1	1	1	0.934707903780069	1	0.505154639175258	0.457044673539519	0.498281786941581	0.862542955326461	1	0.862542955326461	0.975945017182131	1	1	1
884106	Archaea_76	Ribosomal_S19	PF00203.21	0.904	0.936	0.549333333333333	0.386666666666667	0.333333333333333	0	0.48	0	0.416	0.629333333333333	0	0.514666666666667	0.68	0	1	0.301333333333333	0.930666666666667	0.477333333333333	0.634666666666667	0.802666666666667	0.776	0.341333333333333	0.845333333333333	0.842666666666667	0.981333333333333	0.482666666666667	0.157333333333333	0.946666666666667	0.962666666666667
884107	Archaea_76	Ribosomal_L22	PF00237.19	0.846590909090909	0.21969696969697	0.977272727272727	0.166666666666667	0	0	0.668560606060606	0.746212121212121	1	0.59280303030303	0	0.90530303030303	0.412878787878788	0	0.990530303030303	1	0.761363636363636	1	0.903409090909091	1	0.662878787878788	0	0.861742424242424	1	0.992424242424242	0.804924242424242	0.700757575757576	0.505681818181818	0.859848484848485
884111	Archaea_76	Ribosomal_S17	PF00366.20	0.508771929824561	0.652046783625731	0.93859649122807	0	0.52046783625731	0	0.891812865497076	0.859649122807018	0.119883040935673	0.464912280701754	0.567251461988304	0	0	0	0.573099415204678	0.0555555555555556	1	1	0.845029239766082	0.789473684210526	0.827485380116959	0.865497076023392	0.798245614035088	1	0.821637426900585	1	0.769005847953216	0.783625730994152	1
884112	Archaea_76	Ribosomal_L14	PF00238.19	0.889724310776942	0.566416040100251	0.365914786967419	0.551378446115288	0.378446115288221	0.714285714285714	0.771929824561403	0	0.779448621553885	0.776942355889724	0	0.378446115288221	0	0	1	0	0.927318295739348	0.340852130325815	0.922305764411028	0.466165413533835	0.932330827067669	0.837092731829574	0.919799498746867	0.258145363408521	1	1	0.716791979949875	1	1
884113	Archaea_76	Ribosomal_L26	PF16906.5	1	0.54337899543379	0.705479452054795	0.429223744292237	0	0.0091324200913242	1	0	0.789954337899543	0.513698630136986	0.687214611872146	0.536529680365297	0.0136986301369863	0	1	0.273972602739726	0.931506849315068	1	1	1	0.977168949771689	0.958904109589041	0.9337899543379	0.954337899543379	0.746575342465753	1	0.00684931506849315	0.623287671232877	0.984018264840183
884117	Archaea_76	Ribosomal_S8	PF00410.19	0.823076923076923	0	0.741025641025641	0.57948717948718	0.387179487179487	0	0	0.692307692307692	0.612820512820513	0.748717948717949	0	0.158974358974359	0	0	0.915384615384615	0.682051282051282	0.91025641025641	0.853846153846154	0.353846153846154	1	0.958974358974359	0.743589743589744	1	0.533333333333333	0.953846153846154	1	0.151282051282051	0.769230769230769	0.8
884118	Archaea_76	Ribosomal_L6	PF00347.23	0.724014336917563	0.424731182795699	0.745519713261649	0.229390681003584	0	0.462365591397849	0.666666666666667	0.424731182795699	0.42831541218638	0.372759856630824	0.0627240143369176	0	0.270609318996416	0	0.899641577060932	0.584229390681004	1	1	0.804659498207885	0.971326164874552	0.89247311827957	0.810035842293907	0.598566308243728	1	0.740143369175627	1	0.589605734767025	0.939068100358423	1
884119	Archaea_76	Ribosomal_L32e	PF01655.18	0.565345080763583	0.270190895741557	0.935389133627019	0.052863436123348	0.342143906020558	0.0558002936857562	0.83553597650514	0.273127753303965	0.571218795888399	0.541850220264317	0.230543318649046	0.246696035242291	0.221732745961821	0	0.353891336270191	0.878120411160059	1	0.839941262848752	0.872246696035242	0.847283406754772	0.816446402349486	0.405286343612335	0.342143906020558	1	0.487518355359765	1	0.387665198237885	0.853157121879589	0.994126284875184
884121	Archaea_76	Ribosomal_L5e	PF17144.4	0.916179337231969	0.436647173489279	0.935672514619883	0.964912280701754	0.124756335282651	0.460038986354776	0.54775828460039	0	0.701754385964912	0.812865497076023	0.230019493177388	0.553606237816764	0	0.300194931773879	1	0.754385964912281	0.90448343079922	0.658869395711501	0.633528265107212	0.935672514619883	1	0.573099415204678	1	1	0.768031189083821	1	0.625730994152047	0.844054580896686	1
884125	Archaea_76	SecY	PF00344.20	0.657291666666667	0	0.971875	0.566145833333333	0.642708333333333	0.3234375	0.8625	0.408854166666667	0.638020833333333	0.369791666666667	0.220833333333333	0.385416666666667	0	0	0.89375	0.649479166666667	0.813541666666667	0.891666666666667	0.679166666666667	0.955729166666667	0.543229166666667	0.475	0.819270833333333	0.816666666666667	0.666666666666667	0.760416666666667	0.677604166666667	0.830208333333333	0.893229166666667
887716	Archaea_76	Prefoldin	PF02996.17	0.120857699805068	0.245614035087719	0.686159844054581	0.54775828460039	0.292397660818713	0.764132553606238	1	0.861598440545809	0.953216374269006	0.748538011695906	0	0.543859649122807	0.538011695906433	0	1	0.294346978557505	0.91812865497076	0.654970760233918	1	0.664717348927875	1	0.569200779727095	0.898635477582846	0.906432748538012	0.309941520467836	1	0.742690058479532	1	1
938370	Archaea_76	Ribosomal_S15	PF00312.22	1	0.59041394335512	0.773420479302832	0.366013071895425	0.945533769063181	0	0	0.0806100217864924	0	1	0.525054466230937	0.775599128540305	0	0.337690631808279	0.727668845315904	0.96078431372549	0.886710239651416	0.904139433551198	0.962962962962963	0.766884531590414	1	0.230936819172113	0.899782135076253	0.73202614379085	0.712418300653595	1	0.734204793028322	0.932461873638344	0.954248366013072
938372	Archaea_76	tRNA-synt_1c	PF00749.21	0.797178130511464	0.136390358612581	0.752498530276308	0.286890064667842	0.278659611992945	0.177542621987066	0.542034097589653	0	0.203997648442093	0.787184009406232	0.048206937095826	0.526748971193416	0	0	0.740152851263962	0.470899470899471	0.848324514991182	0.57201646090535	0.533803644914756	0.946502057613169	0.573192239858907	0.813639035861258	0.912404467960024	0.872427983539095	0.225749559082892	0.915931804820694	0.588477366255144	0.84538506760729	0.825984714873604
938373	Archaea_76	RNase_HII	PF01351.18	0.658698539176627	0.397078353253652	0.733067729083665	0	0.398406374501992	0	0.448871181938911	0.401062416998672	0.628154050464807	0.302788844621514	0.225763612217795	0	0.221779548472776	0	0.245683930942895	0.877822045152722	0.918990703851262	0.51128818061089	0.719787516600266	0.909694555112882	0.775564409030544	0.580345285524568	0.905710491367862	0.798140770252324	0.200531208499336	0.970783532536521	0.742363877822045	0.880478087649402	1
943475	Archaea_76	Trm56	PF01994.16	0.786458333333333	0.00868055555555555	0.847222222222222	0.166666666666667	0	0	0.109375	0	0.682291666666667	0.420138888888889	0.428819444444444	0.692708333333333	0	0	0.96875	0.71875	0.774305555555556	1	0.826388888888889	0.979166666666667	0.918402777777778	0.685763888888889	0.671875	0.927083333333333	0.567708333333333	1	0.232638888888889	0.449652777777778	0.123263888888889
1004694	Archaea_76	Ribosomal_S17e	PF00833.18	0	0	0.401041666666667	0	0	0.802083333333333	0.526041666666667	0	0.427083333333333	1	0.848958333333333	1	0	0	0.1875	0	0.786458333333333	1	1	1	0.619791666666667	1	1	1	1	1	0.630208333333333	1	1
1004695	Archaea_76	Ribosomal_L31e	PF01198.19	0.397727272727273	0	1	0	0	0.318181818181818	1	0	0	0.28030303030303	0.356060606060606	0.988636363636364	0	0	0.931818181818182	0.496212121212121	0.935606060606061	0.958333333333333	0.981060606060606	0.912878787878788	0.606060606060606	0.431818181818182	0.920454545454545	1	1	1	0.704545454545455	1	0.560606060606061
1004696	Archaea_76	Ribosomal_S19e	PF01090.19	0.840764331210191	0	0.861995753715499	0.0382165605095541	0.53927813163482	0	0.624203821656051	0	0.16135881104034	0.490445859872611	0	0.602972399150743	0	0	0.585987261146497	0.942675159235669	0.857749469214437	0.995753715498938	0.789808917197452	0.808917197452229	0.89171974522293	0.305732484076433	0.861995753715499	1	0.823779193205945	1	1	0.830148619957537	0.740976645435244
1594652	Archaea_76	Ribosomal_S8e	PF01201.22	0.970899470899471	0.666666666666667	0.785714285714286	0.407407407407407	0.849206349206349	0	0.732804232804233	0	0.833333333333333	0.941798941798942	0	0.399470899470899	0	0.743386243386243	1	0.515873015873016	1	0.767195767195767	1	0.867724867724868	0.986772486772487	0.486772486772487	0.981481481481482	0.894179894179894	0.936507936507936	0.970899470899471	0.764550264550265	1	1
1639194	Archaea_76	tRNA-synt_His	PF13393.6	0.700875099443119	0.118536197295147	0.799522673031026	0.783611774065235	0.39618138424821	0.595863166268894	0.784407319013524	0	0.828957836117741	0.352426412092283	0.534606205250597	0.640413683373111	0.402545743834527	0	0.90612569610183	0.914876690533015	1	0.986475735879077	0.855210819411297	0.957040572792363	0.819411296738266	0.838504375497216	0.728719172633254	1	0.835322195704057	0.918058870326173	0.734287987271281	0.768496420047733	0.883054892601432
1681300	Archaea_76	CTP-dep_RFKase	PF01982.16	0.673333333333333	0	0.928888888888889	0.615555555555556	0.726666666666667	0.26	0.811111111111111	0.513333333333333	0.497777777777778	0.904444444444444	0.0555555555555556	0.715555555555556	0.211111111111111	0	0.466666666666667	0.486666666666667	1	0.966666666666667	0.835555555555556	0.74	0.0733333333333333	0.324444444444444	0.933333333333333	0.94	0.906666666666667	0.617777777777778	0.735555555555556	0.582222222222222	1
186456	Archaea_76	Ribosomal_L15e	PF00827.17	0.986394557823129	0.352040816326531	1	0.113945578231293	0.0612244897959184	0.680272108843537	0.200680272108844	0	0.527210884353742	1	0	0.377551020408163	0	0	0.629251700680272	0.654761904761905	1	1	0.668367346938776	1	1	1	1	0.642857142857143	0.520408163265306	1	0.855442176870748	0.960884353741497	0.700680272108844
301158	Archaea_76	RtcB	PF01139.17	0.326544467073999	0.625254582484725	0.754243041412084	0.384249830278344	0.152749490835031	0	0.405295315682281	0	0.476578411405295	0.58112695179905	0.149355057705363	0.473183978275628	0	0	0.433808553971487	0.699932111337407	0.679565512559403	0.574338085539715	0.270196877121521	0.325865580448065	0.656483367277665	0.253224711473184	0.721656483367278	0.862186014935506	0.373387644263408	0.661235573659199	0	0.790224032586558	0.617107942973523
311186	Archaea_76	Ribosomal_S3Ae	PF01015.18	0.754444444444444	0.422222222222222	0.677777777777778	0.502222222222222	0.334444444444444	0.628888888888889	0.837777777777778	0	0.0522222222222222	0.655555555555556	0.253333333333333	0.611111111111111	0	0	0.804444444444444	0.746666666666667	0.891111111111111	0.738888888888889	0.493333333333333	0.578888888888889	0.853333333333333	0.564444444444444	0.648888888888889	0.953333333333333	0.456666666666667	0.903333333333333	0.558888888888889	0.957777777777778	0.952222222222222
531226	Archaea_76	Ribosomal_S13	PF00416.22	0.799145299145299	0.247863247863248	1	0	0.431623931623932	0.16025641025641	0.987179487179487	0	0.794871794871795	0.260683760683761	0	0.957264957264957	0	0.202991452991453	0.918803418803419	0.756410256410256	0.972222222222222	0.88034188034188	0.967948717948718	1	0.705128205128205	0.57051282051282	0.790598290598291	1	1	1	0.743589743589744	0.655982905982906	1
531228	Archaea_76	Ribosomal_S11	PF00411.19	0.6171875	0.921875	0.861979166666667	0.510416666666667	0.994791666666667	0.888020833333333	0.692708333333333	0.0989583333333333	0.8125	0.848958333333333	0.526041666666667	0.182291666666667	0	0	1	0.9609375	0.932291666666667	0.997395833333333	0.833333333333333	0.828125	0.966145833333333	0.971354166666667	0.731770833333333	0.5546875	0.2890625	0.997395833333333	0.919270833333333	0.807291666666667	1
540143	Archaea_76	Ribosomal_L16	PF00252.18	0.992592592592593	0.301851851851852	0.903703703703704	0.590740740740741	0.507407407407407	0.188888888888889	0.8	0.555555555555556	0.688888888888889	0.52037037037037	0	0.464814814814815	0	0.555555555555556	0.944444444444444	0.772222222222222	0.881481481481482	1	0.851851851851852	0.794444444444444	0.774074074074074	0.792592592592593	0.618518518518518	0.725925925925926	0.992592592592593	1	0.1	0.812962962962963	1
540146	Archaea_76	Diphthamide_syn	PF01866.17	0.462962962962963	0	0.462962962962963	0.614197530864197	0.287037037037037	0.577160493827161	1	0	0.604938271604938	0.462962962962963	0	0.796296296296296	0	0.503086419753086	0.802469135802469	0	0.993827160493827	0.953703703703704	0.62962962962963	0.962962962962963	0.45679012345679	0.466049382716049	0.814814814814815	0.802469135802469	0.524691358024691	0.932098765432099	0.682098765432099	0.509259259259259	0.984567901234568
576047	Archaea_76	DNA_primase_lrg	PF04104.14	0.477987421383648	0.697214734950584	0.766397124887691	0.362982929020665	0.148247978436658	0.219227313566936	0.857142857142857	0	0.442048517520216	0.230008984725966	0.135669362084456	0.303683737646002	0.135669362084456	0	0.72596585804133	0.540880503144654	0.98292902066487	0.752021563342318	0.203953279424978	0.850853548966756	0.893980233602875	0.336028751123091	0.758310871518419	0.87151841868823	0.812219227313567	0.915543575920934	0.53099730458221	0.68733153638814	0.64240790655885
760680	Archaea_76	Ribosomal_L21e	PF01157.18	0.609898107714702	0.72197962154294	0.5254730713246	0.420669577874818	0.465793304221252	0	0.714701601164483	0.219796215429403	0.73216885007278	0.740902474526929	0.576419213973799	0.429403202328967	0	0	0.922852983988355	0.228529839883552	0.502183406113537	0.986899563318777	1	0.650655021834061	1	0.86608442503639	0.911208151382824	0.595342066957787	0.554585152838428	1	0.644832605531296	0.446870451237263	1
760682	Archaea_76	DUF655	PF04919.12	0.900709219858156	0.48758865248227	0.606382978723404	0.592198581560284	0.5	0.0939716312056738	0.590425531914894	0	1	0.705673758865248	0	0.863475177304965	0	0	0.650709219858156	0.390070921985816	1	0.868794326241135	0.99113475177305	0.982269503546099	0.882978723404255	0.398936170212766	1	0.586879432624113	0	1	0.968085106382979	1	0.870567375886525
765590	Archaea_76	DUF357	PF04010.13	0.00980392156862745	0	0	0.493464052287582	0	0	0.401960784313726	0	0.555555555555556	0.545751633986928	0	0.408496732026144	0	0	0.330065359477124	0.375816993464052	0.598039215686274	0.594771241830065	0	0.369281045751634	0.702614379084967	0	0.92483660130719	0.294117647058824	0.604575163398693	0.735294117647059	0.408496732026144	0	0
765592	Archaea_76	HMG-CoA_red	PF00368.18	0.315942028985507	0.510144927536232	0.667391304347826	0.309420289855072	0.218115942028986	0.565217391304348	0.686231884057971	0.169565217391304	0.756521739130435	0.339855072463768	0.145652173913043	0.38695652173913	0.153623188405797	0	0.697826086956522	0.383333333333333	1	0.767391304347826	0.83768115942029	0.672463768115942	0.8	0.559420289855072	0.686231884057971	0.828985507246377	0.567391304347826	0.828260869565217	0.605797101449275	0.534782608695652	0.964492753623188
765599	Archaea_76	ATP-synt_D	PF01813.17	0.440129449838188	0	0.66504854368932	0.16504854368932	1	0.186084142394822	0.982200647249191	0	0.891585760517799	0.158576051779935	0.466019417475728	0.603559870550162	0	0	1	0.922330097087379	0.817152103559871	0.90453074433657	0.894822006472492	0.988673139158576	0.865695792880259	0.703883495145631	0.896440129449838	1	0.957928802588997	0.457928802588997	0.351132686084142	1	1
765602	Archaea_76	ATP-synt_F	PF01990.17	0.956666666666667	0.503333333333333	0.976666666666667	0.853333333333333	0.94	0	0.63	0.0133333333333333	0.31	0.0133333333333333	0.09	0	0	0	1	1	0.933333333333333	0.886666666666667	1	1	0.65	1	0.966666666666667	0.9	0.976666666666667	1	1	1	1
765603	Archaea_76	vATP-synt_AC39	PF01992.16	0.831428571428571	0.368571428571429	0.833333333333333	0.547619047619048	0.424761904761905	0.227619047619048	0.680952380952381	0.0847619047619048	0.846666666666667	0.752380952380952	0.403809523809524	0	0.287619047619048	0	0.801904761904762	0.901904761904762	1	1	0.67047619047619	1	0.616190476190476	1	0.872380952380952	0.89047619047619	0.643809523809524	0.744761904761905	0.54952380952381	0.796190476190476	1
765604	Archaea_76	vATP-synt_E	PF01991.18	0.544326241134752	0.269503546099291	0.895390070921986	0.698581560283688	0	0	0.618794326241135	0	0.569148936170213	0.0443262411347518	0.269503546099291	0	0	0	0.709219858156028	0.867021276595745	1	0.906028368794326	0.856382978723404	0.702127659574468	1	0.567375886524823	0.767730496453901	0.952127659574468	0.978723404255319	0.703900709219858	0.842198581560284	0.875886524822695	1
765606	Archaea_76	V_ATPase_I	PF01496.19	0.729372937293729	0.505893446487506	0.924563884959925	0.806694955209807	0.684111268269684	0.377652050919378	0.876473361621877	0.31023102310231	0.675153229608675	0.793965110796794	0	0.665252239509665	0.283828382838284	0	0.884016973125884	0.508722300801509	0.870815652993871	0.843470061291843	0.55021216407355	0.78972182932579	0.801980198019802	0.528052805280528	0.747289014615747	0.961338991041961	0.748703441772749	0.887317303158887	0.693069306930693	0.907119283356907	0.982083922677982
785458	Archaea_76	TruD	PF01142.18	0.824228028503563	0.505146476642914	0.909738717339668	0.541567695961995	0.766429136975455	0.274742676167854	0.831353919239905	0.200316706254949	0.129057798891528	0.666666666666667	0	0.536817102137767	0.194774346793349	0.051464766429137	0.669833729216152	0.121931908155186	0.824228028503563	0.987331749802059	0.806809184481393	0.868566904196358	0.870150435471101	0.576405384006334	0.949326999208234	0.98812351543943	0.901821060965954	1	0.508313539192399	0.668250197941409	0.984956452889945
785466	Archaea_76	NDK	PF00334.19	0.888127853881279	0.342465753424658	0.815068493150685	0.235159817351598	0.662100456621005	0.340182648401826	0.102739726027397	0	0.342465753424658	0.657534246575342	0.591324200913242	0	0	0	0.963470319634703	0.301369863013699	0.372146118721461	0.815068493150685	0.938356164383562	0.769406392694064	0.82648401826484	0.392694063926941	0.280821917808219	0.952054794520548	0.940639269406393	0.949771689497717	0.938356164383562	0.424657534246575	0.945205479452055
1407996	Archaea_76	eIF-6	PF01912.18	0.392156862745098	0.506787330316742	1	0.932126696832579	0.437405731523379	0	0.55052790346908	0	0.769230769230769	0.239819004524887	0	0.211161387631976	0	0	0.823529411764706	0.91553544494721	0.81447963800905	0.69683257918552	0.461538461538462	0.668174962292609	0.829562594268477	0.294117647058824	0.678733031674208	0.366515837104072	0.770739064856712	0.773755656108597	0.440422322775264	0.604826546003017	1
1436755	Archaea_76	PPS_PS	PF02006.16	0.900497512437811	0.753731343283582	0.985074626865672	0.353233830845771	0.601990049751244	0.0982587064676617	0.72636815920398	0.245024875621891	0.763681592039801	0.893034825870647	0	0.966417910447761	0.111940298507463	0.236318407960199	1	0.871890547263682	0.992537313432836	1	0.804726368159204	1	0.574626865671642	0.769900497512438	1	0.950248756218906	0.546019900497512	0.951492537313433	0.327114427860696	0.909203980099502	1
1492684	Archaea_76	CarS-like	PF01864.17	0.445427728613569	0	0.261061946902655	0	0	0.18141592920354	0.870206489675516	0	0.457227138643068	0	0	0.427728613569322	0	0.271386430678466	0.809734513274336	0.685840707964602	1	0.936578171091446	0.551622418879056	0.604719764011799	0.526548672566372	0.46165191740413	0.781710914454277	0.222713864306785	0.507374631268437	0.814159292035398	0.893805309734513	0.771386430678466	0.895280235988201
1496529	Archaea_76	RNA_pol_L_2	PF13656.6	0.503875968992248	0.585271317829457	0.976744186046512	0.162790697674419	0.441860465116279	0	0.558139534883721	0	0.775193798449612	0	0	0.596899224806202	0	0.0775193798449612	1	0	0.701550387596899	0.992248062015504	1	1	1	0.748062015503876	1	1	1	1	0.577519379844961	1	1
1496530	Archaea_76	TruD	PF01142.18	0.605281941470378	0.338329764453961	0.982155603140614	0.214132762312634	0.399000713775874	0.289793004996431	0.553890078515346	0	0.786581013561742	0.581727337615989	0	0.339757316202712	0	0.107066381156317	0.840827980014276	0.402569593147752	0.997144896502498	0.587437544610992	0.649536045681656	0.539614561027837	0.775160599571734	0.401855817273376	0.945753033547466	0.89650249821556	0.456816559600285	0.989293361884368	0.258386866523912	0.524625267665953	0.955745895788722
1496535	Archaea_76	Archease	PF01951.16	0	0.445945945945946	1	0	0.77027027027027	0.716216216216216	1	0.378378378378378	0.691441441441441	0.547297297297297	0	0.713963963963964	0.421171171171171	0	0.457207207207207	0.668918918918919	1	1	1	0.894144144144144	0.891891891891892	0.842342342342342	1	0.542792792792793	0.898648648648649	1	0.605855855855856	0.970720720720721	0.745495495495496
1539508	Archaea_76	Ribosomal_L13	PF00572.18	0.923868312757202	0.172839506172839	0.818930041152263	0.936213991769547	0.518518518518518	0.279835390946502	0.6440329218107	0	0.232510288065844	0.65843621399177	0	0.133744855967078	0.742798353909465	0.0802469135802469	0.489711934156379	0.541152263374486	1	0.977366255144033	0.89917695473251	1	0.818930041152263	0.777777777777778	0.798353909465021	1	0.199588477366255	0.960905349794239	0.915637860082304	0.664609053497942	1
1539509	Archaea_76	Ribosomal_S9	PF00380.19	0.866213151927438	0.773242630385488	1	0.462585034013605	0	0.249433106575964	0.501133786848073	0	0.342403628117914	0.891156462585034	0	0.487528344671202	0.866213151927438	0.63718820861678	1	0.984126984126984	1	0.662131519274376	0.857142857142857	0.199546485260771	1	0.528344671201814	0.929705215419501	1	0.759637188208617	1	0.256235827664399	0.723356009070295	1
1539510	Archaea_76	RNA_pol_N	PF01194.17	1	0.111111111111111	0.871345029239766	0	0	0	0.801169590643275	0	0.754385964912281	1	0	0.105263157894737	0.286549707602339	1	1	0.47953216374269	1	1	1	0.222222222222222	1	0.801169590643275	1	1	0.327485380116959	1	0.736842105263158	1	1
1564499	Archaea_76	Ribosomal_L44	PF00935.19	0.234042553191489	0.882978723404255	0.794326241134752	0.453900709219858	0.829787234042553	0	0.641843971631206	0	0.932624113475177	0.861702127659574	0	1	0	0	1	0.436170212765957	0.822695035460993	1	0.535460992907801	1	0.804964539007092	0.230496453900709	1	1	0	0.790780141843972	0.865248226950355	0.627659574468085	1
1564500	Archaea_76	Ribosomal_S27e	PF01667.17	0	1	1	0	0.0862068965517241	0	0.994252873563218	0.597701149425287	1	0.488505747126437	0	1	0	0	0.942528735632184	0	1	0.793103448275862	0.942528735632184	1	0.379310344827586	0	0.96551724137931	1	0	1	0	1	1
1564520	Archaea_76	Adenylsucc_synt	PF00709.21	0.909428359317001	0.674090571640683	0.789161098737936	0.625835189309577	0.348923533778768	0	0.619896065330364	0.223459539717892	0.592427616926503	0.219747587230883	0	0.666666666666667	0.158129175946548	0	0.990348923533779	0.653303637713437	0.988864142538976	0.930215293244246	0.971046770601336	0.987379361544172	0.836674090571641	0.732739420935412	0.885671863400148	0.932442464736451	0.883444691907944	0.979213066072754	0.900519673348181	0.49072011878248	0.88195991091314
