gene_callers_id	source	gene_name	gene_hmm_id	WAM_ALR	WAM_CCR	WAM_IPI	WAM_MAR	WAM_MYS	WAM_PBL	WAM_PJN	WAM_PPR	WAM_PST	WAM_ROL	WAM_SCR	WAM_SGN	WAM_SIS	WAM_TWN	WAR_ALR	WAR_CCR	WAR_IPI	WAR_MAR	WAR_MYS	WAR_PBL	WAR_PJN	WAR_PPR	WAR_PSK	WAR_PST	WAR_RNW	WAR_ROL	WAR_SCR	WAR_SGL	WAR_SIS
363340	Archaea_76	Rib_5-P_isom_A	PF06026.14	0	0.277539341917024	0.429184549356223	0	0.163090128755365	0	0.148783977110157	0.379113018597997	0	0.0572246065808298	0	0	0	0	0.497854077253219	0.394849785407725	0.163090128755365	0.65379113018598	0.452074391988555	0.709585121602289	0.339055793991416	0.766809728183119	0.216022889842632	0.163090128755365	0	0.650929899856938	0.80829756795422	0.214592274678112	0.148783977110157
368885	Archaea_76	Ribosomal_S17e	PF00833.18	0.348958333333333	0	0.776041666666667	0.390625	0.755208333333333	0	0	0	0.713541666666667	0.776041666666667	0.197916666666667	0	0	0	0	0.666666666666667	0.541666666666667	0	0.869791666666667	0.671875	0.416666666666667	0.619791666666667	0	0.723958333333333	0.713541666666667	0	0	1	0
368886	Archaea_76	Ribosomal_L31e	PF01198.19	0.306513409961686	0.547892720306513	0	0	0	0	0	0	0.352490421455939	0	0.954022988505747	0	0	0	0	1	0.81992337164751	0.578544061302682	0.881226053639847	0.616858237547893	0	0.639846743295019	0	0	0.352490421455939	0.32183908045977	0.839080459770115	0.89272030651341	0
368887	Archaea_76	Ribosomal_S19e	PF01090.19	0.16135881104034	0	0.0445859872611465	0	0	0	0.367303609341826	0	0.592356687898089	0	0	0.16135881104034	0	0	0.454352441613588	0.668789808917197	0.932059447983015	0.704883227176221	0	0.356687898089172	0.316348195329087	0.556263269639066	0.346072186836518	0.46072186836518	0.409766454352442	0.496815286624204	0.639065817409766	0.165605095541401	0.760084925690021
389200	Archaea_76	DNA_primase_lrg	PF04104.14	0.271338724168913	0.10062893081761	0.358490566037736	0.288409703504043	0.00359389038634321	0	0.398023360287511	0	0.388140161725067	0.580413297394429	0.605570530098832	0.155435759209344	0	0	0.316262353998203	0.656783468104223	0.484276729559748	0.755615453728661	0.262353998203055	0.394429469901168	0.257861635220126	0.711590296495957	0.401617250673854	0.5696316262354	0	0.812219227313567	0.682839173405211	0.743935309973046	0.470799640610961
389205	Archaea_76	PPS_PS	PF02006.16	0	0	0	0.270440251572327	0	0	0.786163522012579	0.345911949685535	0.339622641509434	0	0.187421383647799	0.283018867924528	0.00377358490566037	0	0.490566037735849	0.859119496855346	0.657861635220126	0.408805031446541	0	0.259119496855346	0.747169811320755	0.883018867924528	0	0.593710691823899	0.528301886792453	1	0.763522012578616	0.862893081761006	0.915723270440252
438391	Archaea_76	Ribosomal_L1	PF00687.21	0.234108527131783	0.609302325581395	0.593798449612403	0.206201550387597	0	0.234108527131783	0.437209302325581	0.570542635658915	0.767441860465116	0.229457364341085	0.148837209302326	0	0	0	0	0.635658914728682	0.606201550387597	0.751937984496124	0.792248062015504	0.623255813953488	0.275968992248062	0.57984496124031	0.0186046511627907	0.696124031007752	0.396899224806202	0.928682170542636	0.792248062015504	0.458914728682171	0.618604651162791
471238	Archaea_76	DUF359	PF04019.12	0.419452887537994	0	0.445795339412361	0.239108409321175	0	0	0.158054711246201	0	0.268490374873354	0.479229989868288	0	0.338399189463019	0	0	0.264437689969605	0.286727456940223	0.869300911854103	0.52887537993921	0.559270516717325	0.221884498480243	0.649442755825735	0.570415400202634	0.273556231003039	0	0.254305977710233	0.354609929078014	0.589665653495441	0.547112462006079	0.519756838905775
494494	Archaea_76	PTH2	PF01981.16	0	0	0.53448275862069	0.344827586206897	0.508620689655172	0.0201149425287356	0	0.241379310344828	0.451149425287356	0	0	0	0	0	0.42816091954023	0.89367816091954	0	0.238505747126437	0.675287356321839	0.724137931034483	0.310344827586207	0.14367816091954	0.241379310344828	0.78735632183908	0.577586206896552	0.936781609195402	1	0.241379310344828	0.781609195402299
1259569	Archaea_76	Ribosomal_S11	PF00411.19	0.8671875	0	0.455729166666667	0.518229166666667	0.00260416666666666	0	0.638020833333333	0.325520833333333	0	0.578125	0.653645833333333	0	0	0	0.802083333333333	0.5703125	0.192708333333333	0.278645833333333	0.53125	0	0.7109375	0.838541666666667	0	0.90625	0.708333333333333	1	0.442708333333333	0.393229166666667	0
1259571	Archaea_76	Ribosomal_S13	PF00416.22	0	0.854700854700855	0.519230769230769	0	0	0.275641025641026	0.645299145299145	0	0	0.16025641025641	0.455128205128205	0	0	0	0	0.688034188034188	0.205128205128205	0.728632478632479	0.728632478632479	0.324786324786325	0.489316239316239	0.923076923076923	0	0.0683760683760684	0	0	0.638888888888889	0.508547008547009	0.801282051282051
1308343	Archaea_76	Ribosomal_S15	PF00312.22	0	0.446623093681917	0	0	0	0	0	0	0.427015250544662	0	0	0.917211328976035	0	0.400871459694989	0.464052287581699	0.718954248366013	0.38562091503268	0	0	0	0	0	0	0.610021786492375	0.135076252723312	0.130718954248366	0	0.326797385620915	0
1308345	Archaea_76	tRNA-synt_1c	PF00749.21	0.142269253380365	0.587301587301587	0	0.329805996472663	0	0	0.281011169900059	0	0.173427395649618	0.117577895355673	0.175778953556731	0	0	0	0.0981775426219871	0.3668430335097	0	0.311581422692534	0.158730158730159	0.218694885361552	0.385655496766608	0.742504409171076	0.149323927101705	0.132275132275132	0.54673721340388	0.664902998236332	0.461493239271017	0	0.275720164609054
1308346	Archaea_76	RNase_HII	PF01351.18	0.342857142857143	0	0	0	0.410884353741497	0	0	0	0.553741496598639	0.182312925170068	0	0	0	0	0.225850340136054	0.666666666666667	0.123809523809524	0.439455782312925	0.14421768707483	0	0.470748299319728	0.234013605442177	0	0.635374149659864	0.579591836734694	0.0571428571428571	0.37687074829932	0	0.317006802721088
1319384	Archaea_76	Ribosomal_S28e	PF01200.18	0.497716894977169	0	0	0	0.493150684931507	0	0.488584474885845	0	0	0.789954337899543	0	0	0	0	1	1	0	0.0045662100456621	0	0	1	0.246575342465753	0	0	0	0	0.926940639269406	0	1
1319387	Archaea_76	PyrI	PF01948.18	0.374753451676529	0	0.792899408284024	0.0236686390532544	0.591715976331361	0	0.510848126232742	0	0	0.534516765285996	0.609467455621302	0.248520710059172	0	0	0	0.493096646942801	0.321499013806706	0.485207100591716	0.595660749506903	0	0	0.891518737672584	0	0.0828402366863905	0	0.96646942800789	0.0552268244575937	0.390532544378698	0.42603550295858
1322415	Archaea_76	TruD	PF01142.18	0	0	0.273550724637681	0	0.340579710144928	0	0.489130434782609	0	0.143115942028986	0	0.447463768115942	0	0	0	0.929347826086956	0.545289855072464	0.226449275362319	0	0.353260869565217	0.364130434782609	0	0.641304347826087	0	0.78804347826087	0.13768115942029	0.11231884057971	0.416666666666667	0	0.248188405797101
1322419	Archaea_76	Archease	PF01951.16	0	0	0.041958041958042	0.843822843822844	0.151515151515152	0	0	0	0	0	0.501165501165501	0	0	0	0.130536130536131	0.916083916083916	0	0.508158508158508	0.319347319347319	0	0.027972027972028	0.72027972027972	0.351981351981352	0.428904428904429	0	0.251748251748252	0.0909090909090909	0.839160839160839	0.0815850815850816
1322425	Archaea_76	RtcB	PF01139.17	0.588235294117647	0	0	0	0	0	0	0	0	0	0	0	0	0	0	0.945098039215686	0.592156862745098	0.588235294117647	0.882352941176471	0	0.356862745098039	0	0	0	0	0.623529411764706	0.690196078431373	0	0
1325898	Archaea_76	DUF655	PF04919.12	0.547237076648841	0	0.279857397504456	0.459893048128342	0	0	0.775401069518717	0	0.35650623885918	0.53475935828877	0.112299465240642	0	0.322638146167558	0	0	0.795008912655972	0.267379679144385	0	0	0.401069518716578	0.538324420677362	0.171122994652406	0.238859180035651	0.49554367201426	0	0.254901960784314	0.618538324420677	0.550802139037433	0.538324420677362
1325900	Archaea_76	Ribosomal_L21e	PF01157.18	0.0655270655270655	0.794871794871795	0	0	0	0	1	0.230769230769231	0.575498575498576	0	0.475783475783476	0	0	0	0.165242165242165	0.925925925925926	0.433048433048433	0.717948717948718	0.652421652421652	0.307692307692308	0.743589743589744	0.632478632478632	0.316239316239316	0.905982905982906	0.313390313390313	0.555555555555556	0.384615384615385	0	0.43019943019943
1335591	Archaea_76	Prefoldin	PF02996.17	0	0	0.238372093023256	0	0	0	0.453488372093023	0	0	0.773255813953488	0.331395348837209	0.468992248062016	0	0	0.461240310077519	0.59108527131783	0	0.112403100775194	0.317829457364341	0.405038759689922	0.27906976744186	0.641472868217054	0.482558139534884	0.310077519379845	0.976744186046512	0.38953488372093	0.550387596899225	0.505813953488372	0.529069767441861
1170880	Archaea_76	Ribosomal_L29	PF00831.23	0	0.784313725490196	0	0	0	0	0.431372549019608	0	0	0	0	0	0	0	0	0.0294117647058823	0	0	0	0.558823529411765	0.661764705882353	0	0	0	0	0.735294117647059	0	0.446078431372549	0.558823529411765
1170882	Archaea_76	Ribosomal_L22	PF00237.19	0.554924242424242	0	0	0	0	0	0.0643939393939394	0	0.647727272727273	0.547348484848485	0.607954545454545	0.596590909090909	0	0	0.910984848484848	0.465909090909091	0.791666666666667	0.172348484848485	0.195075757575758	0.304924242424242	0.295454545454545	0.621212121212121	0	0	0.0965909090909091	0.0643939393939394	0	0.729166666666667	0.59469696969697
1170883	Archaea_76	Ribosomal_S19	PF00203.21	0.024390243902439	0.772357723577236	0.40650406504065	0	0	0	0	0.384146341463415	0.378048780487805	0.554878048780488	0.821138211382114	0	0	0	0.270325203252033	0.76219512195122	0.867886178861789	0	0.605691056910569	0.144308943089431	0.644308943089431	0.733739837398374	0.345528455284553	0.302845528455285	0.495934959349593	0.0752032520325203	0	0.617886178861789	0.896341463414634
1170885	Archaea_76	Ribosomal_L23	PF00276.20	0	0.326460481099656	0.0824742268041237	0	0.518900343642612	0	0	0	0.951890034364261	0	0.36426116838488	0.0240549828178694	0	0	0.29553264604811	0.209621993127148	0	0.106529209621993	0	0.766323024054983	0	0.639175257731959	0	0.518900343642612	0.343642611683849	0.343642611683849	0.756013745704467	0.518900343642612	0.312714776632302
1170886	Archaea_76	Ribosomal_L4	PF00573.22	0.285551763367463	0.0671217292377702	0	0	0	0.243458475540387	0	0	0.0136518771331058	0	0	0.255972696245734	0.139931740614334	0	0	0.489192263936291	0	0.778156996587031	0.149032992036405	0.425483503981798	0.667804323094426	0.659840728100114	0	0.229806598407281	0.302616609783845	0.340159271899886	0.66325369738339	0	0.175199089874858
1170887	Archaea_76	Ribosomal_L3	PF00297.22	0.295031055900621	0.311594202898551	0.577639751552795	0	0	0	0.177018633540373	0	0.519668737060041	0	0.402691511387164	0.22360248447205	0	0	0.289855072463768	0.640786749482402	0	0.298136645962733	0.0424430641821946	0.123188405797101	0.687370600414079	0.491718426501035	0.312629399585921	0.469979296066253	0	0.301242236024845	0.0424430641821946	0.183229813664596	0.119047619047619
71710	Archaea_76	eIF-6	PF01912.18	0.0633484162895928	0	0.188536953242836	0	0	0.455505279034691	0	0.0361990950226244	0	0.137254901960784	0	0.452488687782805	0	0	0.538461538461538	0.458521870286576	0	0	0.215686274509804	0.69079939668175	0.455505279034691	0.285067873303167	0	0.671191553544495	0	0.180995475113122	0.509803921568627	0.437405731523379	0
96752	Archaea_76	CTP-dep_RFKase	PF01982.16	0	0	0.344827586206897	0.190804597701149	0	0.285057471264368	0.468965517241379	0	0.264367816091954	0	0.347126436781609	0	0.691954022988506	0	0.402298850574713	0.652873563218391	0.960919540229885	0.174712643678161	0.377011494252874	0.448275862068966	0	0.409195402298851	0	0.190804597701149	0.147126436781609	0.616091954022989	0	0.67816091954023	0.390804597701149
1019673	Archaea_76	vATP-synt_E	PF01991.18	0.604609929078014	0.118794326241135	0.574468085106383	0.531914893617021	0	0	0.544326241134752	0	0.381205673758865	0	0	0.310283687943262	0	0	0	1	0.535460992907801	0.125886524822695	1	0.453900709219858	0.312056737588652	0.767730496453901	0.310283687943262	0.367021276595745	0.368794326241135	0.702127659574468	0.861702127659574	0.799645390070922	0.890070921985816
1019675	Archaea_76	V_ATPase_I	PF01496.19	0.120697784064121	0.325318246110325	0.189061763319189	0.169259783121169	0	0	0.409240924092409	0.0971239981140971	0.272512965582273	0.142385667138142	0.418670438472419	0.168316831683168	0	0	0.28995756718529	0.40971239981141	0.26025459688826	0.363036303630363	0.295615275813296	0.225365393682225	0.407826496935408	0.91041961338991	0.3998114097124	0.458745874587459	0.382366808109382	0.306459217350306	0.628005657708628	0.319189061763319	0.0787364450730787
1048569	Archaea_76	CarS-like	PF01864.17	0.393805309734513	0	0	0	0.0781710914454277	0	0	0	0.404129793510324	0.131268436578171	0.23598820058997	0	0	0	0.817109144542773	0.710914454277286	0.348082595870207	0	0	0.348082595870207	0.688790560471976	0.584070796460177	0	0.352507374631268	0.0781710914454277	0.244837758112094	0.578171091445428	0.85693215339233	0.34070796460177
1049303	Archaea_76	RNA_pol_Rpb6	PF01192.22	0	0	0.547101449275362	0.855072463768116	0.942028985507246	0	0.963768115942029	0.427536231884058	0	0.268115942028986	0	0	0	0	0	0.804347826086957	0.938405797101449	0.0579710144927536	0.38768115942029	0	0.800724637681159	0.58695652173913	0.583333333333333	0	0.909420289855072	0.978260869565217	0.949275362318841	0	0
1049307	Archaea_76	FbpA	PF05833.11	0.278414517669532	0.470391595033429	0.246418338108883	0.193409742120344	0.143266475644699	0.103151862464183	0.115568290353391	0	0	0.200573065902579	0.195319961795606	0	0	0	0	0.866284622731614	0.343361986628462	0.643744030563515	0.509551098376313	0.287010506208214	0.345749761222541	0.759312320916905	0.0998089780324737	0.43505253104107	0.606494746895893	0.319961795606495	0.731614135625597	0.169531996179561	0.383476599808978
1607398	Archaea_76	Ribosomal_S8e	PF01201.22	0	0	0	0	0	0	0.513994910941476	0	0	0	0.2264631043257	0	0	0	0.384223918575064	0.854961832061069	0.0636132315521628	0.389312977099237	0	0.592875318066158	0.910941475826972	0.860050890585242	0.422391857506361	1	0.699745547073791	0.628498727735369	0.38676844783715	0.407124681933842	0
1632558	Archaea_76	HMG-CoA_red	PF00368.18	0.202222222222222	0.415555555555556	0.323703703703704	0	0	0.577777777777778	0.171111111111111	0	0	0.0844444444444444	0.20962962962963	0.222962962962963	0	0	0.221481481481481	0.480740740740741	0	0.428148148148148	0	0.222962962962963	0.285925925925926	0.542222222222222	0	0.154074074074074	0.691851851851852	0.471851851851852	0.446666666666667	0.478518518518519	0.262222222222222
1632565	Archaea_76	ATP-synt_D	PF01813.17	0.242718446601942	0	0	0	0.501618122977346	0	0	0	0	0	0.456310679611651	0.608414239482201	0	0	0	0.43042071197411	0.83495145631068	0.954692556634304	0.561488673139159	0.744336569579288	0.333333333333333	0.389967637540453	0	0.619741100323625	0	0.284789644012945	0.367313915857605	0	0.898058252427185
1632568	Archaea_76	ATP-synt_F	PF01990.17	0	0.413333333333333	0	0	0	0	0	0	0.753333333333333	0	0.646666666666667	0	0	0	0.806666666666667	0.716666666666667	0.406666666666667	0.983333333333333	0.74	0.47	0.166666666666667	0.94	0	0.266666666666667	0.74	0.963333333333333	0.416666666666667	0	0.0333333333333333
1632569	Archaea_76	vATP-synt_AC39	PF01992.16	0.506391347099312	0.296951819075713	0.146509341199607	0	0	0.143559488692232	0	0	0.357915437561455	0	0	0.148475909537856	0	0.295968534906588	0.139626352015733	0.442477876106195	0.687315634218289	0.56243854473943	0.428711897738446	0.357915437561455	0.28023598820059	0.975417895771878	0.449360865290069	0.806293018682399	0.143559488692232	0.590953785644051	0.848574237954769	0.295968534906588	0.588987217305801
1652539	Archaea_76	Trm56	PF01994.16	0.0788530465949821	0.0824372759856631	0.5	0.439068100358423	0.197132616487455	0	0.268817204301075	0	0	0	0	0.530465949820789	0.374551971326165	0	0.890681003584229	0.519713261648746	0.630824372759857	0.173835125448029	0	0	0.197132616487455	0.691756272401434	0	0.390681003584229	0.521505376344086	0.353046594982079	0.0716845878136201	0.731182795698925	0
295911	Archaea_76	tRNA-synt_1d	PF00750.19	0.234312032239493	0.0995970063327576	0.392630972941854	0.466896948762234	0	0	0	0.0823258491652274	0.22279792746114	0.09902130109384	0.0857800805987334	0	0	0	0.514680483592401	0.803108808290155	0.359815774323546	0.510650546919977	0.157743235463443	0	0.320092112838227	0.220495106505469	0.00518134715025906	0.287852619458837	0	0.368451352907311	0.763960852043754	0.268278641335636	0.07426597582038
561845	Archaea_76	TruD	PF01142.18	0.136546184738956	0.558232931726908	0.384738955823293	0.414457831325301	0.224899598393574	0	0.229718875502008	0.0955823293172691	0.1285140562249	0.371887550200803	0.359839357429719	0.0257028112449799	0	0	0.705220883534137	0.606425702811245	0.44578313253012	0.261044176706827	0.345381526104418	0.420080321285141	0.629718875502008	0.679518072289157	0.155020080321285	0.220883534136546	0.675502008032129	0.16144578313253	0.862650602409639	0.375100401606426	0.511646586345382
629973	Archaea_76	tRNA-synt_His	PF13393.6	0.0167427701674277	0.363774733637747	0.459665144596651	0	0	0	0	0	0	0.455098934550989	0	0	0	0	0	0	0	0	0	0	0	0.150684931506849	0.488584474885845	0	0	0.360730593607306	0.133942161339422	0.455098934550989	0
651102	Archaea_76	Adenylsucc_synt	PF00709.21	0.477072310405644	0.248677248677249	0.0220458553791887	0.0952380952380952	0	0	0.216049382716049	0.232804232804233	0.265432098765432	0	0.253968253968254	0	0	0.250440917107584	0.746913580246914	0.388888888888889	0.517636684303351	0.630511463844797	0.131393298059965	0.610229276895944	0.731040564373898	0.7663139329806	0.19047619047619	0.404761904761905	0.594356261022928	0.158730158730159	0.716931216931217	0.68694885361552	0.252204585537919
668158	Archaea_76	TruD	PF01142.18	0	0.23069403714565	0.147605083088954	0	0	0	0	0	0.483870967741935	0	0	0.270772238514174	0	0	0.21505376344086	0.58455522971652	0.182795698924731	0.380254154447703	0.552297165200391	0.433040078201369	0.21505376344086	0.638318670576735	0.293255131964809	0.490713587487781	0	0.167155425219941	0.453567937438905	0	0
668159	Archaea_76	RNA_pol_L_2	PF13656.6	0.585271317829457	0.403100775193798	0	0	0	0	0	0	0.63953488372093	0	0.306201550387597	0	0	0	0.829457364341085	0	0.651162790697674	0.585271317829457	0.996124031007752	0.844961240310077	0	0.329457364341085	0	0.976744186046512	0	0.779069767441861	0	0	0
690580	Archaea_76	RNA_pol_N	PF01194.17	0	0.0966183574879227	0	0	0	0	0	0	0	0.285024154589372	1	0.251207729468599	0	0	0	0.908212560386474	0	0	0.782608695652174	0.705314009661836	0.314009661835749	0.1256038647343	0	0	0.8743961352657	0	1	0	0
690581	Archaea_76	Ribosomal_S9	PF00380.19	0.82312925170068	0.802721088435374	0	0	0	0.541950113378685	0	0	0.0975056689342404	0.45578231292517	0.904761904761905	0	0	0	0.303854875283447	0.6281179138322	0	0.249433106575964	0.684807256235828	0.648526077097506	0.426303854875283	0.834467120181406	0	0.541950113378685	0.312925170068027	0.0113378684807256	0.961451247165533	0	0.337868480725624
690582	Archaea_76	Ribosomal_L13	PF00572.18	0.726337448559671	0.139917695473251	0	0	0	0.109053497942387	0.310699588477366	0.0329218106995885	0.240740740740741	0.522633744855967	0	0	0	0	0.230452674897119	0.823045267489712	0.919753086419753	0.265432098765432	0.547325102880658	0.526748971193416	0.0925925925925926	0.191358024691358	0	0.109053497942387	0	0.590534979423868	0.689300411522634	0.308641975308642	0.958847736625514
698694	Archaea_76	Ribosomal_S3Ae	PF01015.18	0	0.146258503401361	0.22562358276644	0	0	0	0	0.189342403628118	0	0.0895691609977324	0.315192743764172	0	0	0	0.342403628117914	0.354875283446712	0	0.513605442176871	0.341269841269841	0	0.530612244897959	0.208616780045351	0	0.301587301587302	0	0.520408163265306	0.342403628117914	0.393424036281179	0
828439	Archaea_76	SecY	PF00344.20	0.244270833333333	0.401041666666667	0.306770833333333	0.229166666666667	0.15625	0	0.3640625	0.2015625	0	0.0854166666666667	0.557291666666667	0.241145833333333	0.313541666666667	0	0.5203125	0.305208333333333	0.745833333333333	0.2421875	0.498958333333333	0.3640625	0.6375	0.689583333333333	0.0255208333333333	0.438020833333333	0	0.477604166666667	0.4765625	0.527604166666667	0.3859375
850991	Archaea_76	Ribosomal_L29	PF00831.23	0	0	0	0	0	0	0.470588235294118	0.642156862745098	0	0.333333333333333	0	0	0	0	0	0.642156862745098	0	0	1	0	0	0	0	0	0	0	1	0	0.92156862745098
850994	Archaea_76	Ribosomal_S17	PF00366.20	0.539130434782609	0.571014492753623	0	0.43768115942029	0	0	0.6	0	0	0.43768115942029	0	0.31304347826087	0	0	0	0.556521739130435	0.889855072463768	0.43768115942029	1	0.417391304347826	0.626086956521739	0.965217391304348	0.136231884057971	0.721739130434783	0	0.147826086956522	0.846376811594203	0.747826086956522	0.704347826086957
850995	Archaea_76	Ribosomal_L14	PF00238.19	0	0.107769423558897	0.694235588972431	0	0	0	0.172932330827068	0.571428571428571	0.245614035087719	0.368421052631579	0.684210526315789	0	0	0	0.649122807017544	1	0.323308270676692	0.476190476190476	0.323308270676692	0	0.629072681704261	0.709273182957393	0.318295739348371	0.756892230576441	0	0.807017543859649	0.496240601503759	0.493734335839599	0.37593984962406
850996	Archaea_76	Ribosomal_L26	PF16906.5	0	0	0	0	0	0	0.0662100456621005	0	0.438356164383562	0	0	0	0	0	0.513698630136986	0.682648401826484	0.815068493150685	0.970319634703196	0.271689497716895	0.495433789954338	0.385844748858447	0.853881278538813	0.344748858447489	0.344748858447489	0.141552511415525	0	0.205479452054795	0	0.166666666666667
851000	Archaea_76	Ribosomal_S8	PF00410.19	0	0	0.817948717948718	0.382051282051282	0.0282051282051282	0	0.297435897435897	0	0.458974358974359	0	0.574358974358974	0	0	0	0.897435897435897	0.702564102564103	0.0923076923076923	0.487179487179487	0	0	0.584615384615385	0.776923076923077	0.297435897435897	0.8	0.330769230769231	0	0.815384615384615	0.530769230769231	0
851001	Archaea_76	Ribosomal_L6	PF00347.23	0.245045045045045	0.78018018018018	0	0.272072072072072	0.500900900900901	0	0	0	0.554954954954955	0	0	0	0	0	0.794594594594595	0.479279279279279	0.455855855855856	0.122522522522523	0.34954954954955	0.558558558558559	0.544144144144144	0.70990990990991	0.571171171171171	0	0.751351351351351	0.756756756756757	0.879279279279279	0.34954954954955	0
851002	Archaea_76	Ribosomal_L32e	PF01655.18	0.166666666666667	0	0.26401179941003	0	0	0	0	0	0	0	0	0.176991150442478	0	0	0.182890855457227	0.848082595870207	0.460176991150442	0.255162241887906	0.355457227138643	0.185840707964602	0.306784660766962	0.836283185840708	0.103244837758112	0.415929203539823	0	0.644542772861357	0.859882005899705	0.395280235988201	0.171091445427729
851004	Archaea_76	Ribosomal_L5e	PF17144.4	0.963178294573644	0	0.406976744186047	0	0	0	0.87984496124031	0	0.292635658914729	0	0	0.300387596899225	0	0	0.290697674418605	0.887596899224806	1	0.358527131782946	0	0.292635658914729	0	0.937984496124031	0.310077519379845	0.618217054263566	0	0.412790697674419	0.974806201550388	0.713178294573643	0.594961240310077
869053	Archaea_76	Ham1p_like	PF01725.16	0	0.486042692939245	0	0	0.247947454844007	0	0.395730706075534	0.310344827586207	0.696223316912972	0.244663382594417	0.348111658456486	0	0	0	0.103448275862069	0.686371100164204	0	0.967159277504105	0.426929392446634	0.673234811165846	0.694581280788177	0.305418719211823	0	0.523809523809524	0.382594417077176	0.845648604269294	0.789819376026273	0.745484400656814	0.779967159277504
872285	Archaea_76	tRNA-synt_His	PF13393.6	0	0.409705648369133	0	0.0954653937947494	0	0.238663484486873	0.0684168655529037	0	0	0.237072394590294	0.6030230708035	0.237072394590294	0	0	0.295942720763723	0.778838504375497	0.568019093078759	0.569610182975338	0.210023866348449	0.191726332537788	0.607796340493238	0.751789976133652	0.217183770883055	0.237867939538584	0	0.0715990453460621	0.26332537788385	0.328560063643596	0.0620525059665871
1493544	Archaea_76	NDK	PF00334.19	0	0.528508771929825	0.796052631578947	0.541666666666667	0	0	0.278508771929825	0	0	0	0.0416666666666667	0.56359649122807	0	0	0	0.853070175438597	0.651315789473684	0	0.432017543859649	0.0285087719298246	0.524122807017544	0.864035087719298	0.756578947368421	0.820175438596491	0	0.18859649122807	0.331140350877193	0.662280701754386	0.798245614035088
1534248	Archaea_76	Ribosomal_S27e	PF01667.17	0	0.775862068965517	0	0	0.844827586206897	0	0	0	0	0	0	0	0	0	0.0689655172413793	0.936781609195402	0	0	0	0	0	0.890804597701149	0.373563218390805	0	0	0	0	1	0.155172413793103
1534249	Archaea_76	Ribosomal_L44	PF00935.19	0	0.821705426356589	0.709302325581395	0	0.872093023255814	0.565891472868217	0.282945736434109	0	0	0.0503875968992248	0.763565891472868	0	0	0	0.124031007751938	0.317829457364341	0.585271317829457	1	0	0	1	1	0.790697674418605	0.189922480620155	0.63953488372093	0	0.87984496124031	0.0581395348837209	0.790697674418605
1554382	Archaea_76	Ribosomal_L16	PF00252.18	0.662962962962963	0.788888888888889	0.666666666666667	0	0	0	0.474074074074074	0	0.0759259259259259	0	0.27962962962963	0	0	0	0.781481481481481	0.757407407407407	0.459259259259259	0.0537037037037037	0.390740740740741	0.744444444444444	0	0.833333333333333	0	0.735185185185185	0.0166666666666667	0.744444444444444	0.527777777777778	0	0.00185185185185185
1554385	Archaea_76	Diphthamide_syn	PF01866.17	0.208672086720867	0.398373983739837	0.321589882565492	0	0.182475158084914	0	0.788617886178862	0	0	0	0.106594399277326	0	0	0	0.136404697380307	0.662149954832882	0.508581752484191	0.403794037940379	0.470641373080397	0.468834688346883	0.348690153568202	0.635049683830172	0.543812104787715	0.481481481481481	0.39747064137308	0.508581752484191	0.917795844625113	0.556458897922313	0.369467028003613
1554390	Archaea_76	DUF357	PF04010.13	0	0	0.821782178217822	0.376237623762376	0	0	0.993399339933993	0	0	0.0594059405940594	0.0792079207920792	0	0	0	0.376237623762376	0.498349834983498	0.0033003300330033	0.653465346534653	0	0.646864686468647	0.597359735973597	0.749174917491749	0	0	0.0363036303630363	0.435643564356436	0.498349834983498	0.521452145214521	0
