gene_callers_id	source	gene_name	gene_hmm_id	WAM_ALR	WAM_CCR	WAM_IPI	WAM_MAR	WAM_MYS	WAM_PBL	WAM_PJN	WAM_PPR	WAM_PST	WAM_ROL	WAM_SCR	WAM_SGN	WAM_SIS	WAM_TWN	WAR_ALR	WAR_CCR	WAR_IPI	WAR_MAR	WAR_MYS	WAR_PBL	WAR_PJN	WAR_PPR	WAR_PSK	WAR_PST	WAR_RNW	WAR_ROL	WAR_SCR	WAR_SGL	WAR_SIS
357132	Archaea_76	tRNA-synt_1d	PF00750.19	0.933448078026391	0.474469305794607	0.803212851405622	0.683304647160069	0.715433161216294	0.567986230636833	0.921399885255307	0.356855995410212	0.556511761331038	0.901893287435456	0.83075157773953	0.89443488238669	0.551921973608721	0.605851979345955	0.990820424555364	0.711417096959266	0.663798049340218	0.700516351118761	0.707974756167527	0.888123924268503	0.912794033275961	0.916810097532989	0.952954675846242	0.673551348250143	0.855421686746988	0.91508892713712	0.87205966724039	0.861732644865175	0.83017785427424
412550	Archaea_76	tRNA-synt_1c	PF00749.21	0.726190476190476	0.672619047619048	0.480952380952381	0.922619047619048	0.860714285714286	0.53452380952381	0.639285714285714	0.244047619047619	0.976190476190476	0.645238095238095	0.914285714285714	0.842857142857143	0.33452380952381	0.730952380952381	1	0.686904761904762	0.671428571428571	0.54047619047619	0.541666666666667	0.491666666666667	0.845238095238095	0.903571428571429	0.722619047619048	0.944047619047619	0.673809523809524	0.91547619047619	0.671428571428571	0.863095238095238	0.814285714285714
525284	Archaea_76	Adenylsucc_synt	PF00709.21	0.622583139984532	0.761020881670534	0.760247486465584	0.583139984532096	0.211910286156226	0.619489559164733	0.875483372003094	0.518174787316319	0.974477958236659	0.382830626450116	0.621809744779582	0.459396751740139	0.474091260634184	0.232791956689869	0.894818252126837	0.94431554524362	0.844547563805104	0.822119102861562	0.782675947409126	0.531322505800464	0.825212683681361	0.895591647331787	0.901005413766435	0.936581593194122	0.930394431554524	0.979891724671307	0.782675947409126	0.731631863882444	0.96983758700696
525288	Archaea_76	Rib_5-P_isom_A	PF06026.14	0.921810699588477	0.847736625514403	0.928669410150892	0.814814814814815	0	0.796982167352538	0.853223593964335	0.521262002743484	0.757201646090535	0.294924554183813	0.979423868312757	1	0.393689986282579	0.532235939643347	0.840877914951989	0.910836762688615	0.754458161865569	0.998628257887517	0.672153635116598	0.769547325102881	0.624142661179698	0.983539094650206	0.979423868312757	1	0.754458161865569	0.950617283950617	1	0.434842249657064	0.582990397805213
1231832	Archaea_76	Ribosomal_S2	PF00318.20	0.939964157706093	0.840501792114695	0.353942652329749	0.482974910394265	0.551971326164875	0.353046594982079	0.696236559139785	0.407706093189964	0.432795698924731	0.853942652329749	0.510752688172043	0.807347670250896	0.398745519713262	0	0.852150537634409	0.46505376344086	0.543906810035842	0.474910394265233	0.516129032258065	0.853942652329749	0.78673835125448	0.817204301075269	0.924731182795699	0.617383512544803	0.53673835125448	0.805555555555556	0.733870967741935	0.846774193548387	0.896953405017921
1256686	Archaea_76	CarS-like	PF01864.17	0.919191919191919	0.757575757575758	0.708333333333333	0.513888888888889	0.661616161616162	0.511363636363636	0.758838383838384	0.728535353535353	0.823232323232323	0.226010101010101	0.190656565656566	0	0	0.381313131313131	0.657828282828283	0.438131313131313	0.950757575757576	0.664141414141414	0.65530303030303	0.430555555555556	0.33459595959596	0.507575757575758	0.878787878787879	0.967171717171717	0.598484848484849	0.573232323232323	0.901515151515152	0.952020202020202	0.945707070707071
1118006	Archaea_76	Ribosomal_S15	PF00312.22	0.896296296296296	1	0.922222222222222	0.848148148148148	1	0.837037037037037	1	0.214814814814815	0.674074074074074	1	0.481481481481481	1	0.848148148148148	0	1	1	1	1	1	1	0.748148148148148	1	1	0.940740740740741	1	1	0.696296296296296	1	0.859259259259259
51311	Archaea_76	TIM	PF00121.18	0.380376344086022	0.94758064516129	0.952956989247312	0.838709677419355	0.370967741935484	0.771505376344086	0.876344086021505	0.373655913978495	0.994623655913978	0.466397849462366	0.741935483870968	0.705645161290323	0.556451612903226	0.200268817204301	1	0.936827956989247	0.610215053763441	0.541666666666667	0.587365591397849	0.724462365591398	0.895161290322581	0.96236559139785	0.811827956989247	0.349462365591398	0.619623655913978	0.771505376344086	0.71505376344086	1	0.864247311827957
60638	Archaea_76	Ribosomal_L1	PF00687.21	0.533045977011494	0.935344827586207	0.639367816091954	0.758620689655172	0.339080459770115	0.591954022988506	0.841954022988506	0.156609195402299	0.669540229885057	0.432471264367816	0.397988505747126	0.984195402298851	0.780172413793103	0.0790229885057471	1	0.620689655172414	0.785919540229885	0.82183908045977	0.841954022988506	1	1	0.877873563218391	0.830459770114943	0.977011494252874	0.956896551724138	0.875	1	0.96551724137931	0.908045977011494
896559	Archaea_76	Ham1p_like	PF01725.16	1	0.990147783251232	0.701149425287356	0.720853858784893	0.635467980295567	0.561576354679803	1	0.947454844006568	0.844006568144499	0.257799671592775	1	0.93431855500821	0.330049261083744	0.494252873563218	0.935960591133005	0.80623973727422	0.752052545155993	1	0.991789819376026	0.394088669950739	0.960591133004926	0.990147783251232	1	1	1	0.532019704433498	0.998357963875205	1	0.779967159277504
909857	Archaea_76	tRNA-synt_1c	PF00749.21	1	0.932624113475177	0.468794326241135	0.472340425531915	0.731205673758865	1	0.860992907801418	0.797872340425532	0.859574468085106	0.423404255319149	0.939716312056738	0.793617021276596	0.777304964539007	0.270212765957447	0.785106382978723	0.724113475177305	0.631914893617021	0.914184397163121	0.878014184397163	0.969503546099291	0.752482269503546	0.856028368794326	0.843262411347518	0.985106382978723	0.932624113475177	0.838297872340426	0.970212765957447	0.930496453900709	0.90709219858156
940263	Archaea_76	Ribosomal_S7	PF00177.21	0.821656050955414	1	0.743099787685775	0.447983014861996	0.828025477707006	1	0.951167728237792	0.885350318471338	1	0.821656050955414	0.488322717622081	1	0.560509554140127	0.467091295116773	0.976645435244161	0.592356687898089	0.953290870488323	0.985138004246284	0.906581740976646	1	0.819532908704883	0.83651804670913	0.764331210191083	0.970276008492569	0.861995753715499	0.934182590233546	0.904458598726115	0.883227176220807	0.966029723991507
940264	Archaea_76	Ribosom_S12_S23	PF00164.25	1	1	0.85752688172043	0.825268817204301	0.521505376344086	0.247311827956989	1	0.443548387096774	1	0.258064516129032	0.204301075268817	0.895161290322581	0.731182795698925	0.71505376344086	0.911290322580645	0.505376344086022	0.491935483870968	1	0.220430107526882	1	0.725806451612903	1	1	0.911290322580645	1	1	1	0.986559139784946	0.817204301075269
956215	Archaea_76	Ribosomal_L3	PF00297.22	0.59612724757953	1	0.847856154910097	1	0.767634854771784	0.698478561549101	1	0.745504840940526	0.907330567081604	0.804979253112033	0.824343015214384	0.89073305670816	0.962655601659751	0.330567081604426	1	0.390041493775934	0.911479944674965	0.785615491009682	0.982019363762102	0.887966804979253	0.56984785615491	1	0.921161825726141	1	1	1	0.997233748271093	0.84923928077455	0.911479944674965
956216	Archaea_76	Ribosomal_L4	PF00573.22	0.995145631067961	0.962783171521036	0.177993527508091	0.831715210355987	0.779935275080906	0.758899676375405	0.961165048543689	0.77831715210356	0.902912621359223	1	0.320388349514563	1	0.959546925566343	0.330097087378641	1	0.886731391585761	0.877022653721683	0.872168284789644	0.809061488673139	0.857605177993528	0.770226537216828	0.788025889967638	0.580906148867314	1	1	0.857605177993528	1	1	1
956217	Archaea_76	Ribosomal_L23	PF00276.20	1	0.0875420875420875	0.804713804713805	1	0.98989898989899	0.993265993265993	0.976430976430976	0.71043771043771	0.612794612794613	0.225589225589226	1	0.750841750841751	1	0.0942760942760943	0.986531986531986	0.518518518518518	0.983164983164983	1	0.696969696969697	0.996632996632997	0.195286195286195	1	0.96969696969697	1	0.97979797979798	1	1	1	1
956219	Archaea_76	Ribosomal_S19	PF00203.21	1	0.989247311827957	0.655913978494624	0.96415770609319	0.0645161290322581	1	0.0931899641577061	1	1	0.673835125448029	0.0967741935483871	1	0	0.114695340501792	0.863799283154122	1	1	1	0.551971326164875	0.315412186379928	1	0.888888888888889	1	1	1	0.982078853046595	1	1	0.949820788530466
956220	Archaea_76	Ribosomal_L22	PF00237.19	0.863517060367454	0.561679790026247	0.874015748031496	0.926509186351706	0	0.404199475065617	0.68503937007874	0.648293963254593	0.551181102362205	0.923884514435696	1	0.832020997375328	0.448818897637795	0.396325459317585	0.939632545931758	0.845144356955381	0.094488188976378	1	0.608923884514436	0.254593175853018	0.795275590551181	0.729658792650919	0.973753280839895	1	0.942257217847769	0.729658792650919	0.333333333333333	0.47244094488189	0.979002624671916
956222	Archaea_76	Ribosomal_L16	PF00252.18	0.664251207729469	1	0.804347826086957	0.442028985507246	0.884057971014493	1	1	0.859903381642512	0.6256038647343	0.748792270531401	0	0.985507246376812	0.908212560386474	0.553140096618358	0.857487922705314	0.975845410628019	0.635265700483092	0.734299516908213	0.826086956521739	0.589371980676328	0.685990338164251	0.79951690821256	1	1	0.309178743961353	1	1	1	1
956224	Archaea_76	Ribosomal_L29	PF00831.23	1	1	1	1	0.939393939393939	0	1	1	0.707070707070707	0	0.601010101010101	1	0.984848484848485	0.590909090909091	1	0.828282828282828	0.878787878787879	1	1	1	1	1	0.792929292929293	1	1	1	1	1	0.883838383838384
956225	Archaea_76	Ribosomal_S17	PF00366.20	1	0.844155844155844	1	1	0.437229437229437	1	1	1	1	0.991341991341991	1	0.948051948051948	0.878787878787879	0.532467532467532	1	1	0.567099567099567	1	0.783549783549784	1	0.896103896103896	1	0.783549783549784	1	0.800865800865801	1	1	1	1
956226	Archaea_76	Ribosomal_L14	PF00238.19	1	0.769647696476965	1	1	1	1	0.842818428184282	0.265582655826558	1	1	0.170731707317073	0.929539295392954	0.753387533875339	0.024390243902439	0.978319783197832	1	0.628726287262873	0.897018970189702	1	0.398373983739837	1	0.861788617886179	0.327913279132791	1	0.403794037940379	1	0.853658536585366	0.924119241192412	0.875338753387534
956230	Archaea_76	Ribosomal_S8	PF00410.19	0.72264631043257	0.928753180661578	0.67175572519084	1	0.778625954198473	0.910941475826972	0.409669211195929	0.404580152671756	1	0.778625954198473	0.966921119592875	1	0.234096692111959	0.689567430025445	1	0.977099236641221	0.615776081424936	0.984732824427481	0.636132315521629	0.763358778625954	0.783715012722646	1	0.997455470737914	1	1	1	1	0.00254452926208651	0.880407124681934
956231	Archaea_76	Ribosomal_L6	PF00347.23	0.874531835205993	1	0.870786516853933	0.788389513108614	0.646067415730337	1	1	0.855805243445693	0.771535580524345	0.651685393258427	1	0.818352059925094	0.880149812734082	0.398876404494382	1	0.970037453183521	0.853932584269663	0.631086142322097	0	0.773408239700375	0.602996254681648	0.565543071161049	0.958801498127341	0.705992509363296	0.775280898876405	1	1	0.692883895131086	1
956236	Archaea_76	SecY	PF00344.20	0.97503671071953	0.787077826725404	0.684287812041116	0.88913362701909	0.883259911894273	0.92511013215859	0.8215859030837	0.733480176211454	0.798825256975037	0.748164464023495	0.629955947136564	0.7856093979442	0.543318649045521	0.654919236417034	0.913362701908957	0.60352422907489	0.419970631424376	0.97503671071953	0.97136563876652	0.863436123348018	0.831130690161527	0.687958883994126	0.919970631424376	1	0.717327459618209	0.981644640234949	0.976505139500734	0.895007342143906	1
956238	Archaea_76	Ribosomal_S13	PF00416.22	0.94579945799458	1	1	0.739837398373984	0.780487804878049	0.699186991869919	1	0.322493224932249	1	0.279132791327913	0.623306233062331	0.7289972899729	0.214092140921409	0.265582655826558	1	0.905149051490515	0.018970189701897	1	0.964769647696477	1	0.951219512195122	1	1	1	1	1	0.948509485094851	1	1
956239	Archaea_76	Ribosomal_S11	PF00411.19	0.964376590330789	1	0.709923664122137	0	0.776081424936387	0	0.666666666666667	0.585241730279898	0.381679389312977	0.798982188295165	0.704834605597964	0.638676844783715	0.412213740458015	0.519083969465649	0.768447837150127	0.974554707379135	0.954198473282443	0.305343511450382	1	0.94910941475827	1	1	1	1	1	1	1	0.600508905852417	0.816793893129771
348757	Archaea_76	RNA_pol_Rpb6	PF01192.22	0.861111111111111	1	1	0.925	0.747222222222222	0.522222222222222	0.730555555555556	0.947222222222222	0.788888888888889	0.294444444444444	0.413888888888889	1	0.0666666666666667	0.183333333333333	0.994444444444444	0.983333333333333	0.725	0.808333333333333	1	1	0.830555555555556	1	0.983333333333333	1	0.977777777777778	1	1	1	0.891666666666667
572827	Archaea_76	AdoHcyase	PF05221.17	0.885529157667387	0.856731461483081	1	0.696904247660187	0.545716342692585	0.455003599712023	0.992080633549316	0.503959683225342	0.861051115910727	0.715622750179986	0.625629949604032	0.902087832973362	0.605471562275018	0.357091432685385	1	0.924406047516199	0.602591792656587	0.718502519798416	0.907127429805616	0.963282937365011	0.931605471562275	0.496760259179266	1	0.981281497480202	0.953203743700504	1	0.853851691864651	0.899928005759539	0.994960403167747
577854	Archaea_76	RNase_HII	PF01351.18	0.47906976744186	0.922480620155039	0.925581395348837	1	0.22015503875969	0.762790697674419	0.714728682170543	0.581395348837209	0.813953488372093	0.818604651162791	0.897674418604651	0.93953488372093	0.857364341085271	0	0.990697674418605	0.989147286821705	0.767441860465116	0.817054263565892	0.714728682170543	0.933333333333333	0.866666666666667	1	0.927131782945736	0.90077519379845	0.989147286821705	0.796899224806202	0.944186046511628	0.875968992248062	0.801550387596899
765856	Archaea_76	tRNA-synt_His	PF13393.6	0.851952770208901	0.986376021798365	0.881925522252498	0.987284287011808	0.695731153496821	0.739327883742053	0.908265213442325	0.549500454132607	0.844686648501362	0.538601271571299	0.577656675749319	0.914623069936421	0.532243415077203	0.603996366939146	0.917347865576748	0.993642143505904	0.762034514078111	0.435059037238874	0.82016348773842	0.888283378746594	0.999091734786558	0.897366030881017	1	1	0.920980926430518	0.96094459582198	0.759309718437784	0.97275204359673	0.924613987284287
765857	Archaea_76	tRNA-synt_His	PF13393.6	0.84502338009352	0.947895791583166	0.816299265197061	0.800935203740815	0.868403473613894	0.340681362725451	0.752839011356045	0.869071476285905	0.925183700734803	0.384769539078156	0.622578490313961	0.766199064796259	0.899799599198397	0.343353373413494	0.983967935871744	0.865731462925852	0.736806947227789	0.812291249164997	0.939879759519038	0.907147628590514	0.710086840347361	0.832999331997328	0.875083500334001	0.891115564462258	1	0.89311957247829	0.994655978623914	0.853039412157649	0.944555778223113
1418768	Archaea_76	tRNA-synt_1c	PF00749.21	0.673453996983409	0.855203619909502	0.652337858220211	0.637254901960784	0.598039215686274	0.536953242835596	0.880090497737557	0.710407239819005	0.808446455505279	0.657616892911011	0.784313725490196	0.975867269984917	0.226244343891403	0.0150829562594268	0.905731523378582	0.781297134238311	0.675716440422323	0.862745098039216	0.770739064856712	0.811463046757164	0.8710407239819	0.96078431372549	0.996229260935143	1	0.907993966817496	0.985671191553544	1	0.971342383107089	0.947963800904977
1425217	Archaea_76	Ribosomal_L13	PF00572.18	0.304347826086957	0.449275362318841	0.386473429951691	0	0.78743961352657	0.729468599033816	0.763285024154589	0	0.768115942028985	0.642512077294686	0.710144927536232	0.985507246376812	0.458937198067633	0	0.864734299516908	0	0.599033816425121	0.772946859903382	0	0.0628019323671498	0.695652173913043	0.826086956521739	0.710144927536232	0.473429951690821	0.753623188405797	0.710144927536232	0.975845410628019	0.801932367149758	0.710144927536232
1512743	Archaea_76	tRNA-synt_1d	PF00750.19	0.867512332628612	0.958421423537703	0.80338266384778	0.905567300916138	0.47568710359408	0.936575052854123	0.976039464411557	0.876673713883016	0.810429880197322	0.587737843551797	0.919661733615222	0.610993657505285	0.718111346018323	0.544045102184637	0.58985200845666	0.910500352360818	0.89922480620155	0.766737138830162	0.846370683579986	0.905567300916138	0.875968992248062	0.954193093727977	0.905567300916138	1	0.878083157152925	0.91261451726568	0.971811134601832	0.889358703312192	0.943622269203664
