gene_callers_id	source	gene_name	gene_hmm_id	WAM_ALR	WAM_CCR	WAM_IPI	WAM_MAR	WAM_MYS	WAM_PBL	WAM_PJN	WAM_PPR	WAM_PST	WAM_ROL	WAM_SCR	WAM_SGN	WAM_SIS	WAM_TWN	WAR_ALR	WAR_CCR	WAR_IPI	WAR_MAR	WAR_MYS	WAR_PBL	WAR_PJN	WAR_PPR	WAR_PSK	WAR_PST	WAR_RNW	WAR_ROL	WAR_SCR	WAR_SGL	WAR_SIS
1221187	Bacteria_71	Ribosomal_L28	PF00830.19	0.233676975945017	0	0.756013745704467	0.515463917525773	0	0.0378006872852234	0	1.78694158075601	0.515463917525773	1.01718213058419	0.759450171821306	0.625429553264605	1.40893470790378	1.98625429553265	0	0	0.371134020618557	1.26460481099656	0	0	0	0	1.16494845360825	0.298969072164948	0.254295532646048	0	0.845360824742268	0	1.59450171821306
314485	Bacteria_71	Ribosomal_L19	PF01245.20	0.798941798941799	0.462962962962963	0	0	0	0	0.537037037037037	0.296296296296296	1.41798941798942	0.796296296296296	0	0	1.45767195767196	1.35185185185185	1.24074074074074	0	0	0.264550264550265	0.706349206349206	0.878306878306878	0	0	0	1.23015873015873	0	2.47354497354497	0.642857142857143	0.785714285714286	0.0687830687830688
314487	Bacteria_71	tRNA_m1G_MT	PF01746.21	0	0.744949494949495	0	0.381313131313131	0.766414141414141	0.343434343434343	0.955808080808081	0	0.570707070707071	0.799242424242424	0	0	0.569444444444444	0.91540404040404	1.65656565656566	0	0.380050505050505	0.381313131313131	0	0.378787878787879	0	0	0	1.35479797979798	0.478535353535354	0.244949494949495	0.757575757575758	1.50252525252525	0.531565656565657
314489	Bacteria_71	Ribosomal_S16	PF00886.19	0.713235294117647	1.40441176470588	0.370098039215686	0	1.6421568627451	0.906862745098039	2.56862745098039	0	0	0.852941176470588	0	0.740196078431373	0.612745098039216	0.590686274509804	0.799019607843137	0.617647058823529	0.370098039215686	0.367647058823529	2.03186274509804	0	0.558823529411765	0	0.735294117647059	0.799019607843137	1.24754901960784	0	0.29656862745098	0.382352941176471	1.6078431372549
314499	Bacteria_71	ATP-synt_A	PF00119.20	0.835978835978836	0.552910052910053	0	0.296296296296296	0	0.396825396825397	0	0.996031746031746	0.787037037037037	0	0	0.399470899470899	0.398148148148148	0.634920634920635	0	0.584656084656085	0.253968253968254	0.968253968253968	0.403439153439153	0.162698412698413	0	0	0.73015873015873	1.54100529100529	0.301587301587302	0.902116402116402	0.0264550264550265	0.633597883597884	0.865079365079365
658296	Bacteria_71	PGK	PF00162.19	0.502923976608187	0.252297410192147	0.615705931495405	0.249791144527987	0	0	0.940685045948204	0.180451127819549	0.502923976608187	0	0.376775271512114	0.252297410192147	0	0.943191311612364	1.24812030075188	0	0.81203007518797	0.500417710944027	0.50125313283208	0.830409356725146	0.109440267335004	0.208855472013367	0	0.491228070175439	0.673350041771094	0.750208855472013	0.756056808688388	0.504594820384294	0.487886382623225
153130	Bacteria_71	Ribosomal_S2	PF00318.20	0.283582089552239	0.468905472636816	0	0.751243781094527	0.170398009950249	0	0	0	0.682835820895522	0.262437810945274	0.186567164179104	0.186567164179104	0.665422885572139	0.238805970149254	0	0	0.374378109452736	0.374378109452736	0.196517412935323	0.748756218905473	0	0	0.375621890547264	1.86691542288557	0	0	0	0.0845771144278607	0.288557213930348
153131	Bacteria_71	EF_TS	PF00889.19	0.842465753424658	0.460045662100457	0.344748858447489	0	0	0	0.125570776255708	0	1.62557077625571	0.469178082191781	0.28310502283105	0.263698630136986	0	1.75799086757991	0.299086757990868	0	0.236301369863014	0.686073059360731	0.0627853881278539	0	0.317351598173516	0.344748858447489	0.0251141552511416	0.994292237442922	0.343607305936073	0	0.175799086757991	0.91324200913242	0
483250	Bacteria_71	TsaE	PF02367.17	0.429166666666667	0.51875	0.664583333333333	0.3125	0.375	0.0770833333333333	0.0458333333333333	0.622916666666667	0.529166666666667	0.616666666666667	0	0.845833333333333	0	1.70416666666667	0.622916666666667	0	0	0.254166666666667	0.627083333333333	0.6125	0	0.116666666666667	0	0.79375	0	1.92916666666667	0.527083333333333	0.629166666666667	0.597916666666667
1276913	Bacteria_71	Ribosomal_L5	PF00281.19	0.234042553191489	0	0.533687943262411	0.523049645390071	0.691489361702128	1.0531914893617	0.23758865248227	0	0.565602836879433	0	0.535460992907801	0	1.27836879432624	1.08510638297872	0	0	0.723404255319149	0	0	0.719858156028369	0	0	0	0.813829787234043	0.267730496453901	0	0	0.49645390070922	0.0159574468085106
1276914	Bacteria_71	ribosomal_L24	PF17136.4	0.57051282051282	0.118589743589744	0.717948717948718	0.599358974358974	0.397435897435897	0.907051282051282	1.02884615384615	0	0.461538461538462	0	0	0	0.634615384615385	1.91025641025641	0	0	1.16346153846154	0	0	0.676282051282051	0	0	0.467948717948718	1.3525641025641	0.483974358974359	0.628205128205128	0	0	0.961538461538462
1276915	Bacteria_71	Ribosomal_L14	PF00238.19	0	1.45528455284553	0.211382113821138	1.10569105691057	0	2.34146341463415	1.3550135501355	0	0.81029810298103	0	0	0	0	1.36585365853659	0.720867208672087	0.016260162601626	0	0	0.436314363143631	0.409214092140921	0.360433604336043	0	0.428184281842818	1.1219512195122	0	1.58807588075881	0	0	0
1276916	Bacteria_71	Ribosomal_S17	PF00366.20	1.32467532467532	0	0	0	0.038961038961039	0.653679653679654	1.21645021645022	1.54112554112554	0	1.00865800865801	0	0	0	1.05627705627706	0	0.722943722943723	0	1.2987012987013	0.281385281385281	1.67099567099567	0.61038961038961	0.935064935064935	0	1.25541125541126	0	1.29004329004329	1.01298701298701	0.164502164502165	0.735930735930736
1276917	Bacteria_71	Ribosomal_L29	PF00831.23	2.51741293532338	0	1.15422885572139	1.56716417910448	1.39303482587065	0	1.96517412935323	1.44776119402985	0.741293532338308	0	0	0	0	0.90547263681592	0	0	1.07462686567164	0	0	0	0	0.0199004975124378	0	2.08955223880597	1.08457711442786	0	0.283582089552239	0.626865671641791	1.88059701492537
1276920	Bacteria_71	Ribosomal_L16	PF00252.18	0.497584541062802	0.480676328502415	0.729468599033816	1.08937198067633	0	0	0.879227053140097	0.789855072463768	0	0	0	2.93961352657005	0	2.83333333333333	0.36231884057971	0.603864734299517	0	0.695652173913043	0.615942028985507	0.681159420289855	0.72463768115942	2.10144927536232	0.466183574879227	1.42270531400966	0.729468599033816	0.92512077294686	0	0.36231884057971	0.429951690821256
1276921	Bacteria_71	Ribosomal_S3_C	PF00189.20	0.425141242937853	0.781073446327684	1.67796610169492	1.25988700564972	0	0.426553672316384	0	0.840395480225989	0.593220338983051	0	0	0.0494350282485876	0.395480225988701	0.425141242937853	1.0635593220339	0.425141242937853	0.392655367231638	0.700564971751412	0.0494350282485876	0.221751412429379	0.423728813559322	0.872881355932203	1.45762711864407	1.27542372881356	0.905367231638418	0.418079096045198	0.628531073446328	0.211864406779661	0.464689265536723
1276922	Bacteria_71	Ribosomal_L22	PF00237.19	0	0	0.026246719160105	0.501312335958005	0.753280839895013	1.62204724409449	1.24409448818898	0.0183727034120735	1.66141732283465	0	0	0	0.467191601049869	0	0.346456692913386	0	0.850393700787402	0.913385826771654	0	0.396325459317585	0	0.396325459317585	0.792650918635171	0	1.66666666666667	0.115485564304462	0.414698162729659	0	1.3989501312336
1276923	Bacteria_71	Ribosomal_S19	PF00203.21	0	0	0	0.383512544802867	1.11111111111111	0.469534050179211	0.437275985663082	0	0.541218637992832	0	0	0	0	0.189964157706093	1.62365591397849	0	0.189964157706093	0.164874551971326	0	0.992831541218638	0.0752688172043011	0.541218637992832	0	1.22939068100358	1.35483870967742	0.906810035842294	0	0	1.25089605734767
1276924	Bacteria_71	Ribosomal_L2	PF00181.23	0	0.469750889679715	0	0.126927639383155	0	0.376037959667853	0.448398576512456	0.358244365361803	0.28944246737841	0.963226571767497	0.35349940688019	0.355871886120996	0.715302491103203	1.10083036773428	0.938315539739027	0.182680901542112	0.28944246737841	0.358244365361803	0	0.0877817319098458	0.68920521945433	0	1.07354685646501	1.2502965599051	0.532621589561091	0.715302491103203	0.565836298932384	0.384341637010676	1.06524317912218
1276925	Bacteria_71	Ribosomal_L23	PF00276.20	0	0	0.7003367003367	1.01346801346801	0	1.01010101010101	1.65993265993266	2.03030303030303	0.471380471380471	0	0	0	0.198653198653199	0.545454545454545	1.73063973063973	0	0.63973063973064	0	0	0.343434343434343	0.0269360269360269	0.713804713804714	0.676767676767677	1.51178451178451	1.46127946127946	0.646464646464647	0	0	1.68350168350168
1276926	Bacteria_71	Ribosomal_L4	PF00573.22	0.127831715210356	0	0.163430420711974	0.268608414239482	0	0.985436893203884	0.29126213592233	0	1	0	0	0.244336569579288	0.399676375404531	2.10517799352751	0.451456310679612	0	0.48705501618123	0.969255663430421	0.163430420711974	0.444983818770227	0	0.647249190938511	1.14239482200647	0.671521035598705	0.346278317152104	1.4126213592233	0.747572815533981	0.156957928802589	0
1276927	Bacteria_71	Ribosomal_L3	PF00297.22	1.81818181818182	0.568870523415978	0	0.192837465564738	0	0.647382920110193	0.307162534435262	0.391184573002755	0.81129476584022	0.206611570247934	0	0.207988980716253	0	1.09779614325069	0.699724517906336	0	0	0	1.11019283746556	0.0261707988980716	0	0.727272727272727	0.203856749311295	0.684573002754821	0.535812672176309	0.848484848484849	1.32920110192837	1.58815426997245	1.19283746556474
1276928	Bacteria_71	Ribosomal_S10	PF00338.22	1.03236245954693	2.10679611650485	0	0.294498381877023	0	0.381877022653722	3.25242718446602	0.996763754045308	0	1.45631067961165	0	0	0.650485436893204	0.368932038834951	0.236245954692557	0.886731391585761	0	0.718446601941748	1.42718446601942	0.935275080906149	0.640776699029126	0.194174757281553	1.62783171521036	1.03236245954693	0.631067961165049	0.935275080906149	1.18446601941748	1.90938511326861	0.605177993527508
1375883	Bacteria_71	Ribosomal_L9_C	PF03948.14	0.579288025889968	0.116504854368932	0.444983818770227	1.46116504854369	0	0.970873786407767	0.851132686084142	0.0598705501618123	0.8042071197411	0.584142394822006	0	1.23300970873786	0	1.38349514563107	0.174757281553398	0	0	0.485436893203884	0.674757281553398	0.190938511326861	0.483818770226537	0	0	2.0210355987055	0	1.20064724919094	0	0.677993527508091	0
1375885	Bacteria_71	Ribosomal_S6	PF01250.17	0	0.242424242424242	0	0.823691460055096	0.831955922865014	0.550964187327824	1.06611570247934	0	0.245179063360882	0	0.768595041322314	2.28099173553719	0.942148760330578	0.460055096418733	0.713498622589532	0	0.771349862258953	0	0.415977961432507	0	0	0	2.17906336088154	0.796143250688705	0.809917355371901	0	0	0.798898071625344	0.771349862258953
