gene_callers_id	source	gene_name	gene_hmm_id	WAM_ALR	WAM_CCR	WAM_IPI	WAM_MAR	WAM_MYS	WAM_PBL	WAM_PJN	WAM_PPR	WAM_PST	WAM_ROL	WAM_SCR	WAM_SGN	WAM_SIS	WAM_TWN	WAR_ALR	WAR_CCR	WAR_IPI	WAR_MAR	WAR_MYS	WAR_PBL	WAR_PJN	WAR_PPR	WAR_PSK	WAR_PST	WAR_RNW	WAR_ROL	WAR_SCR	WAR_SGL	WAR_SIS
1057093	Bacteria_71	tRNA-synt_1d	PF00750.19	0.488012374323279	0.415313225058005	0	0.699149265274555	0	0.675947409126063	1.83062645011601	0	1.14385150812065	0.4276875483372	0.461716937354988	1.36040216550657	0.14230471771075	0.239752513534416	0.233565351894818	0.177107501933488	0.405259087393658	0.947409126063418	0	0.464037122969838	1.39907192575406	0.188708430007734	0	1.36426914153132	0.826759474091261	0.31399845320959	0.670533642691415	1.18097447795824	0.233565351894818
1057101	Bacteria_71	Ham1p_like	PF01725.16	0.130287648054146	0.509306260575296	0.460236886632826	0.510998307952623	0	0.0862944162436548	0.505922165820643	0.864636209813875	2.23350253807107	0	0	2.65143824027073	0	0	0	0.255499153976311	0	0	0.416243654822335	1.35532994923858	0	0.365482233502538	1.00846023688663	1.4585448392555	1.25380710659898	0	1.90693739424704	0.406091370558376	0.774957698815567
1061041	Bacteria_71	TsaE	PF02367.17	0.0397350993377483	0.432671081677704	0	0	0	0	0.397350993377483	0	0	0	0	0.666666666666667	0	0	1.13245033112583	0.152317880794702	0	0.666666666666667	0	0	0	0.512141280353201	0	1.01766004415011	0.664459161147903	0	0.618101545253863	0.666666666666667	0
1083944	Bacteria_71	RBFA	PF02033.18	0	1.19590643274854	0	0.780701754385965	0.441520467836257	0.0994152046783626	0.833333333333333	0.93859649122807	0	1.76023391812866	0	0.43859649122807	0	0	0.584795321637427	0.245614035087719	0	0.0292397660818713	0	0	1.90643274853801	0.599415204678363	0.5	0	0.883040935672515	1.28070175438596	0	0.780701754385965	0.111111111111111
1109890	Bacteria_71	Ribosomal_L9_C	PF03948.14	0	0	0	2.29530201342282	0	0.610738255033557	0	0	0	0	0.501118568232662	0.1834451901566	0	0.610738255033557	0.181208053691275	0	0	1.61297539149888	0.671140939597315	1.79194630872483	0.67337807606264	1.6331096196868	0	0.12751677852349	0.512304250559284	0.610738255033557	1.35123042505593	0.48993288590604	0
1109892	Bacteria_71	Ribosomal_S6	PF01250.17	0.499108734402852	1.81283422459893	0.670231729055259	1.94830659536542	0	0.274509803921569	0.702317290552585	0	0.304812834224599	0	0	0.561497326203209	0	0	0.513368983957219	0.42602495543672	0	0	0	0.269162210338681	1.24955436720143	1.27629233511586	0.937611408199644	0.233511586452763	0.536541889483066	0.274509803921569	0.538324420677362	0.540106951871658	0.538324420677362
250252	Bacteria_71	Ribosomal_S19	PF00203.21	0.553113553113553	0	0	0	0	0	0	0	0	0	0.655677655677656	0	0	0	0	0.688644688644689	0	0	0	1.51648351648352	0	0.710622710622711	0	0.956043956043956	1.45054945054945	0	0	2.0989010989011	0
250253	Bacteria_71	Ribosomal_L22	PF00237.19	0.441520467836257	0.698830409356725	0	0.736842105263158	0	0	1.45906432748538	0	0	0	0.0964912280701754	0.625730994152047	0	0	0	0	0	0.441520467836257	0.684210526315789	0.725146198830409	0.880116959064328	0.847953216374269	0	1.71637426900585	1.48538011695906	0	1.26023391812866	1.46198830409357	1.22222222222222
250254	Bacteria_71	Ribosomal_S3_C	PF00189.20	0.923195084485407	0.617511520737327	0	0.181259600614439	0	0.463901689708141	2.0937019969278	0	0.768049155145929	0	0	0.589861751152074	0	0.463901689708141	0	0.921658986175115	0	1.15821812596006	0.924731182795699	1.1505376344086	0.0291858678955453	1.49923195084485	0.462365591397849	1.70814132104455	0.342549923195084	0.712749615975422	0.69431643625192	1.28571428571429	1.30875576036866
250255	Bacteria_71	Ribosomal_L16	PF00252.18	0.530413625304136	0.873479318734793	0	0.737226277372263	0	0	0.557177615571776	0.734793187347932	0.878345498783455	0.715328467153285	0.267639902676399	0	0	0.807785888077859	0	1.4647201946472	0	1.29197080291971	0.440389294403893	0.306569343065693	1.37956204379562	0.0778588807785888	0.734793187347932	0.547445255474453	0	0	0	2.11435523114355	1.11192214111922
250256	Bacteria_71	Ribosomal_L29	PF00831.23	0	0	0	0	0.231884057971014	0	0.729468599033816	0	0.845410628019324	0.579710144927536	0.00966183574879227	0	0	0.845410628019324	1.45893719806763	0.314009661835749	0	0	0.57487922705314	2.28985507246377	0	0.710144927536232	0	0.256038647342995	0	0	0	2.06280193236715	1.17874396135266
250257	Bacteria_71	Ribosomal_S17	PF00366.20	0	0.646258503401361	0	1.20068027210884	1.52380952380952	0.945578231292517	0.513605442176871	0	0.510204081632653	0.595238095238095	1.63265306122449	0	0	0.30952380952381	0.82312925170068	0.789115646258503	0	2.18027210884354	0	0	0.272108843537415	3.49659863945578	0	0.513605442176871	0	0.826530612244898	1	3.50680272108844	0.357142857142857
250258	Bacteria_71	Ribosomal_L14	PF00238.19	0	0.227642276422764	0	1.51490514905149	0.281842818428184	0.888888888888889	0.975609756097561	0.81029810298103	0.422764227642277	0	0.368563685636856	0.395663956639566	0	0	0.742547425474255	1.10027100271003	0	1.65582655826558	0	0	1.07317073170732	1.57452574525745	0	2.04065040650406	0.815718157181572	2.09485094850949	0.032520325203252	1.10569105691057	0.815718157181572
250259	Bacteria_71	ribosomal_L24	PF17136.4	0	0	0	0.899082568807339	0	0	1.72477064220183	0	0.700305810397553	0	0	0.470948012232416	0	0	0.996941896024465	1.25993883792049	0	1.72477064220183	0.923547400611621	0	1.31498470948012	0.140672782874618	0.923547400611621	0	0.376146788990826	0.556574923547401	0	0.422018348623853	0
250260	Bacteria_71	Ribosomal_L5	PF00281.19	0	0.774674115456238	0	0.914338919925512	0.560521415270019	0	0.685288640595903	0.560521415270019	0.687150837988827	0	0	0	0	0.836126629422719	0	0.694599627560521	0	0	0	0.443202979515829	0.560521415270019	0	0.547486033519553	0.737430167597765	0.891992551210428	0.733705772811918	1.23277467411546	1.51769087523277	1.26443202979516
250262	Bacteria_71	Ribosomal_S8	PF00410.19	0.583333333333333	0	1.27272727272727	0	0	0.131313131313131	0.843434343434343	0	1.41666666666667	0	1.95707070707071	0.878787878787879	0	0.381313131313131	1.32323232323232	0.378787878787879	0	0.393939393939394	0	0.636363636363636	0.75	0.446969696969697	0	1.87878787878788	0	0.0681818181818182	0	1.28030303030303	0
250263	Bacteria_71	Ribosomal_L6	PF00347.23	1.1962962962963	0	0	0.57037037037037	0.418518518518519	0.0703703703703704	0.55	0	1.64074074074074	0.555555555555556	0.785185185185185	0.674074074074074	0	0.837037037037037	0	0.835185185185185	0	1.23518518518519	0	0	1.2037037037037	0.559259259259259	0.690740740740741	2.13148148148148	0	0	0	0.992592592592593	0
250264	Bacteria_71	Ribosomal_L18p	PF00861.22	0.0492753623188406	1.01449275362319	0	0.843478260869565	0	0.733333333333333	0	0	1.35942028985507	0	0.252173913043478	0.660869565217391	0	2.18840579710145	0	0	0	0.249275362318841	0	0.397101449275362	1.67826086956522	0	0.649275362318841	1.80869565217391	1.18550724637681	0	0	0.440579710144928	0
250267	Bacteria_71	Ribosomal_L27A	PF00828.19	0.807511737089202	1.41784037558685	0	0.241784037558685	0	0.0234741784037559	3.25586854460094	0.457746478873239	0.708920187793427	0	0	1.41549295774648	0	0	0.213615023474178	2.96009389671362	0	1.92723004694836	0	0	1.35680751173709	0.352112676056338	0	3.0962441314554	0.86150234741784	0	1.81455399061033	1.06338028169014	0
250268	Bacteria_71	SecY	PF00344.20	0.890177880897138	0.0974477958236659	0.232791956689869	1.42846094354215	0.232018561484919	0.177880897138438	1.12296983758701	0.0804331013147719	0.473317865429234	0	0	0.699922660479505	0.464810518174787	0.331013147718484	0.510440835266821	0.537509667440062	0	0.606341840680588	0	0.601701469450889	0.467130703789637	0.619489559164733	0.234338747099768	1.93812838360402	0.91492652745553	0.822119102861562	0.664346481051817	1.25290023201856	0.119102861562258
250269	Bacteria_71	Ribosomal_S13	PF00416.22	0	0	0.683473389355742	0.857142857142857	0	0	0.484593837535014	0.38375350140056	0.478991596638655	0	0.38375350140056	0	0	0	0	0.19047619047619	0	0.554621848739496	0	0.554621848739496	1.5406162464986	0	0.313725490196078	1.27450980392157	1.61624649859944	0.0448179271708683	0.647058823529412	2.64425770308123	0
250270	Bacteria_71	Ribosomal_S11	PF00411.19	0.351282051282051	0.694871794871795	1.06923076923077	1.24358974358974	0	0.574358974358974	0.771794871794872	0.802564102564103	0	0	0.415384615384615	0.98974358974359	0	0	0	1.36410256410256	0	0.623076923076923	0.774358974358974	0.979487179487179	1.84871794871795	0	1.15641025641026	2.32307692307692	0.851282051282051	0	1.26153846153846	1.62564102564103	0
250272	Bacteria_71	RNA_pol_L	PF01193.24	0.296988577362409	0	0.237798546209761	0.812045690550363	0	0.311526479750779	0.938733125649014	0	0.381100726895119	0	0.421599169262721	0.709241952232606	0.313603322949117	0	0.224299065420561	0.0893042575285566	0.71858774662513	0.98546209761163	0	1.47455867082035	1.65005192107996	0.311526479750779	0	1.16614745586708	0.620976116303219	0.0384215991692627	0.984423676012461	0.313603322949117	0.497403946002077
250273	Bacteria_71	Ribosomal_L17	PF01196.19	0	0.237037037037037	0	0.234567901234568	0	0	0	0.140740740740741	0.740740740740741	0	0.454320987654321	1.48641975308642	0	0.745679012345679	0	0.738271604938272	0.301234567901235	0.449382716049383	0	0.745679012345679	0.745679012345679	0.150617283950617	0	1.21975308641975	1.81481481481481	0	0.676543209876543	0.859259259259259	0.637037037037037
1513741	Bacteria_71	ATP-synt_A	PF00119.20	0	0	0	0	0	0.802666666666667	0.288	0.730666666666667	1.56266666666667	0	0.805333333333333	0.24	0	0.805333333333333	0.994666666666667	0.797333333333333	0	0	0	0	0.517333333333333	0.701333333333333	0	0	0	0	0	0	0
1649660	Bacteria_71	SmpB	PF01668.18	0.643162393162393	0.82051282051282	0	0.463675213675214	0	0	0.717948717948718	0	0.636752136752137	0.314102564102564	0	0.320512820512821	0	0	0.769230769230769	0	0.645299145299145	0	0	0.645299145299145	0	0.322649572649573	0	0.0662393162393162	0.634615384615385	0.521367521367521	0	1.17094017094017	1.1965811965812
1649661	Bacteria_71	Ribosomal_S20p	PF01649.18	1.26966292134831	0	0	2.44569288389513	0	0	1.32209737827715	0	2.53558052434457	0	0	0.662921348314607	0	0	0	0	0.857677902621723	0.460674157303371	0	0	1.7752808988764	1.1310861423221	0	1.53558052434457	0	0	0.565543071161049	0	0
1649663	Bacteria_71	Ribosomal_L27	PF01016.19	0	0	0	0	0	0	0.674418604651163	0	0	0	0.968992248062015	1.70542635658915	0	0	0.434108527131783	0	0	1.1046511627907	0.87984496124031	0.538759689922481	0	0	0	0.434108527131783	0	0.585271317829457	0	0.356589147286822	0.817829457364341
1679531	Bacteria_71	RuvX	PF03652.15	0.0159817351598174	0.541095890410959	0.80365296803653	0.687214611872146	0.251141552511416	0.547945205479452	1.89041095890411	0	3.5	0	0	1.38584474885845	0	0	1.37442922374429	1.69406392694064	0	0.689497716894977	0	1.96803652968037	2.67123287671233	0	0.344748858447489	1.51369863013699	1.02739726027397	0.636986301369863	0.689497716894977	0.529680365296804	0.607305936073059
1712416	Bacteria_71	Ribosom_S12_S23	PF00164.25	0.71505376344086	0.809139784946237	0	0	0	1.33333333333333	0.838709677419355	0	0.994623655913978	0	0	2.87096774193548	0.0134408602150538	0	0.811827956989247	0.403225806451613	0	0.733870967741935	0	1.02688172043011	2.43548387096774	0.747311827956989	0	0.489247311827957	0.755376344086022	0	0	1.37634408602151	1.42741935483871
1712417	Bacteria_71	Ribosomal_S7	PF00177.21	0	0.900212314225053	0	1.24628450106157	0	0.73036093418259	0	0	0	0	0	1.08704883227176	0.305732484076433	0	0	0.318471337579618	0.314225053078556	0.0530785562632696	0	2.25053078556263	0.112526539278132	0.681528662420382	0	0.174097664543524	0.089171974522293	0.645435244161359	0	0.110403397027601	0.912951167728238
1712419	Bacteria_71	Ribosomal_S10	PF00338.22	0.233974358974359	0	0	1.16987179487179	0	0.666666666666667	0	0	0.544871794871795	0	0	1.08012820512821	0	0	0	0.605769230769231	0	0.480769230769231	0.480769230769231	3.20512820512821	1.3974358974359	0.939102564102564	0	0.592948717948718	0.509615384615385	0.506410256410256	0.352564102564103	2.82371794871795	1.29487179487179
1712420	Bacteria_71	Ribosomal_L3	PF00297.22	0.551155115511551	0	0.498349834983498	0.0940594059405941	0.929042904290429	1.22772277227723	0.0792079207920792	0	0	0	0.806930693069307	3.41749174917492	0	0.498349834983498	0	0.744224422442244	0	0.94059405940594	0.361386138613861	0.496699669966997	0.912541254125412	0	0	0.255775577557756	0.123762376237624	0.0693069306930693	0.496699669966997	0.033003300330033	0.249174917491749
1712421	Bacteria_71	Ribosomal_L4	PF00573.22	0.198373983739837	1.12032520325203	0	0.682926829268293	0.0682926829268293	0.398373983739837	0.417886178861789	0.191869918699187	0.489430894308943	0.120325203252033	0.803252032520325	0.995121951219512	0.336585365853659	0	0.489430894308943	0.731707317073171	0.491056910569106	0.478048780487805	0	0.245528455284553	0.448780487804878	0	0.570731707317073	0.734959349593496	0.373983739837398	2.49756097560976	0.980487804878049	0.180487804878049	0.291056910569106
1712422	Bacteria_71	Ribosomal_L23	PF00276.20	0.286195286195286	0.616161616161616	0	1.46127946127946	0	0	0	0.579124579124579	0	1.83838383838384	0.632996632996633	0.932659932659933	0.326599326599327	0.508417508417508	0.363636363636364	0	0	0.518518518518518	0	0.643097643097643	1.14814814814815	0.0168350168350168	0.892255892255892	0	0	0.848484848484849	0.734006734006734	1.12121212121212	1.60942760942761
1712423	Bacteria_71	Ribosomal_L2	PF00181.23	0.265454545454545	0.732121212121212	0	0	0	0	0	0.549090909090909	0.549090909090909	0	0.179393939393939	1.84727272727273	0	0.490909090909091	0.236363636363636	0.728484848484849	0	0.181818181818182	0.544242424242424	1.36848484848485	0	0.727272727272727	0.364848484848485	0.730909090909091	0	0.363636363636364	0.695757575757576	0.567272727272727	1.19151515151515
1726822	Bacteria_71	Adenylsucc_synt	PF00709.21	0	0.781609195402299	0.123973727422003	1.1264367816092	0.247947454844007	0	0	0.743021346469622	0.80952380952381	0	0.392446633825944	1.11001642036125	0	0.140394088669951	0	0.417077175697865	0.247947454844007	1.11412151067323	0	0.0443349753694581	0.492610837438424	0.750410509031199	0.247947454844007	0.211001642036125	0.491789819376026	0.0426929392446634	0	0.504105090311987	0.247947454844007
1726825	Bacteria_71	IPPT	PF01715.17	0.345514950166113	0.425249169435216	0	1.25249169435216	0.16500553709856	0.452934662236988	0.668881506090808	0.621262458471761	0.541528239202658	0	0.118493909191584	0	0	0.0764119601328904	0	0	0	0.357696566998893	0	0.767441860465116	0.934662236987818	0.630121816168328	0.955703211517165	0.441860465116279	0.148394241417497	0	0.706533776301218	0.333333333333333	0.510520487264673
1021630	Bacteria_71	AICARFT_IMPCHas	PF01808.18	0.656939040207523	1.12256809338521	0.478599221789883	0.874837872892348	0.0927367055771725	0.416990920881971	0.751621271076524	0.195849546044099	0.391699092088197	0	0.824254215304799	0.195849546044099	0	0.391050583657588	0.365110246433204	0.684824902723735	0	0.88715953307393	0.0979247730220493	0.651750972762646	0.560311284046693	0.632295719844358	0.195849546044099	1.2905317769131	0.684176394293126	0.390402075226978	0.647859922178988	0.763294422827497	1.09662775616083
1035934	Bacteria_71	TsaE	PF02367.17	0	0	0	0.821192052980132	0	0	0	0.342163355408389	0.421633554083885	0.267108167770419	0	0.423841059602649	0	0	0	0	0	0.737306843267108	0	0.154525386313466	0.33112582781457	0	0	0.154525386313466	0	0	0	0	0.664459161147903
1049700	Bacteria_71	RNA_pol_Rpb6	PF01192.22	0.233333333333333	0.518518518518518	0	1.39259259259259	0	0.985185185185185	0.881481481481482	0.0888888888888889	1.51481481481481	0	0.751851851851852	0.674074074074074	0.437037037037037	0	0	0.992592592592593	0	0	0	1.82592592592593	1.00740740740741	0.485185185185185	0	1.83333333333333	0	0	1.03703703703704	0.985185185185185	0.755555555555556
754926	Bacteria_71	ATP-synt	PF00231.19	0.174768518518519	1.1400462962963	0.163194444444444	0.697916666666667	0	1.24305555555556	0.269675925925926	0	0.847222222222222	0	0.696759259259259	0.715277777777778	0.635416666666667	0.34837962962963	0.341435185185185	0.653935185185185	0.349537037037037	0.751157407407407	0.260416666666667	1.27662037037037	0.596064814814815	1.46180555555556	1.18865740740741	0.349537037037037	0.325231481481481	0	0.868055555555556	1.3912037037037	0.208333333333333
754928	Bacteria_71	OSCP	PF00213.18	0.28060263653484	1.11487758945386	0.404896421845574	0.751412429378531	0	0.566854990583804	0.860640301318267	0.568738229755179	0.378531073446328	0.282485875706215	0	0.335216572504708	0	1.25612052730697	0	0.210922787193974	0.395480225988701	0.826741996233522	0	0.258003766478343	0.681732580037665	0	1.59133709981168	1.54613935969868	1.12994350282486	0.568738229755179	0.28060263653484	1.32203389830508	0.568738229755179
754931	Bacteria_71	ATP-synt_A	PF00119.20	0	0.385696040868455	0.782886334610473	0	0	0.109833971902937	0.564495530012771	1.04342273307791	0.385696040868455	0	0.384418901660281	0.122605363984674	0.30779054916986	1.13665389527458	0.448275862068966	0.348659003831418	0	1.4610472541507	0	0.763729246487867	1.06768837803321	0.771392081736909	0.0727969348659004	0.865900383141762	0.385696040868455	0	0.771392081736909	0.383141762452107	0.495530012771392
811392	Bacteria_71	Chorismate_synt	PF01264.21	0.277931671283472	0.51061865189289	0.102493074792244	2.77285318559557	0	0.478301015697138	0.674976915974146	0.557710064635272	1.09695290858726	0.555863342566944	0.278855032317636	1.16989843028624	0.278855032317636	0.108956602031394	0	0.892890120036934	0.511542012927054	0.557710064635272	0.278855032317636	1.22253000923361	1	0.629732225300092	0.138504155124654	0.276084949215143	0.276084949215143	0.556786703601108	0.97876269621422	0.278855032317636	0.556786703601108
813330	Bacteria_71	Ribosomal_L20	PF00453.18	0.853448275862069	0.158045977011494	0	0.152298850574713	0.431034482758621	1.40229885057471	0	0	0	0	0.721264367816092	1.29022988505747	0	0	0	0.669540229885057	0.339080459770115	1.24712643678161	0	1.18390804597701	1.31896551724138	0.864942528735632	0	2.60632183908046	0.663793103448276	0	1.02873563218391	2.28735632183908	0.649425287356322
813331	Bacteria_71	Ribosomal_L35p	PF01632.19	0.502564102564103	0	0	1.28205128205128	0	0.584615384615385	2.04615384615385	0	0	1.41025641025641	0.271794871794872	0.158974358974359	0	0	0.548717948717949	0.794871794871795	0.174358974358974	0.369230769230769	0	1.11282051282051	0.241025641025641	1.32820512820513	0.774358974358974	0.158974358974359	0	0.753846153846154	0.282051282051282	2.09230769230769	0.0358974358974359
840181	Bacteria_71	Ribosomal_L1	PF00687.21	0	0.420512820512821	0	1.03076923076923	0	0.126495726495726	1.80683760683761	0.511111111111111	0.300854700854701	0	0.885470085470085	0.112820512820513	0	1.48888888888889	0	0.258119658119658	0	1.41367521367521	0.514529914529914	1.45128205128205	0.774358974358974	0	0.623931623931624	0.38974358974359	0.437606837606838	1.03076923076923	0.516239316239316	0	0.413675213675214
840184	Bacteria_71	SecE	PF00584.20	0.201101928374656	0	0	0.771349862258953	0	1.00550964187328	0	0	0	0	0.504132231404959	1.21763085399449	0	0.809917355371901	0.366391184573003	0.415977961432507	0	2.40495867768595	0.236914600550964	0.831955922865014	1.06060606060606	0.771349862258953	0.666666666666667	2.70247933884298	0	0.0991735537190083	1.22038567493113	0	0
513596	Bacteria_71	Ribosomal_S7	PF00177.21	1.12878787878788	0	0.742424242424242	0	0	0	0	0	0	0	0	0	0	0	0	1.01515151515152	0	1.93560606060606	0	0	0	0	0	0	0	0	0	0	0.856060606060606
513597	Bacteria_71	Ribosom_S12_S23	PF00164.25	0.298387096774194	0	1.01075268817204	0	0.0779569892473118	0	0	0	0	0	0.577956989247312	0.403225806451613	0	0	0.31989247311828	0.881720430107527	0.422043010752688	1.04569892473118	0.809139784946237	0	0.42741935483871	3.17741935483871	0.71505376344086	0	0	0.440860215053763	0.413978494623656	0.870967741935484	0.172043010752688
