gene_callers_id	source	gene_name	gene_hmm_id	WAM_ALR	WAM_CCR	WAM_IPI	WAM_MAR	WAM_MYS	WAM_PBL	WAM_PJN	WAM_PPR	WAM_PST	WAM_ROL	WAM_SCR	WAM_SGN	WAM_SIS	WAM_TWN	WAR_ALR	WAR_CCR	WAR_IPI	WAR_MAR	WAR_MYS	WAR_PBL	WAR_PJN	WAR_PPR	WAR_PSK	WAR_PST	WAR_RNW	WAR_ROL	WAR_SCR	WAR_SGL	WAR_SIS
1092554	Bacteria_71	GrpE	PF01025.19	1.61824953445065	4.71135940409683	1.74487895716946	1.27188081936685	0.124767225325885	0.184357541899441	0.562383612662942	3.82495344506518	1.41154562383613	0.573556797020484	3.83054003724395	0.977653631284916	0.562383612662942	1.02793296089385	0.888268156424581	4.3463687150838	1.07635009310987	0.167597765363128	0.653631284916201	1.52327746741155	1.12849162011173	2.84543761638734	1.90689013035382	1.74115456238361	2.51024208566108	1.97392923649907	3.8659217877095	2.70204841713222	3.57169459962756
202387	Bacteria_71	Ribosomal_S11	PF00411.19	1.33333333333333	2.51440329218107	3.31275720164609	2.73251028806584	0	0.160493827160494	2.59670781893004	0	1.53086419753086	2.16872427983539	3.05761316872428	0	3.28395061728395	0	1.56378600823045	3.36625514403292	4.03292181069959	0.798353909465021	0	1.4320987654321	2.26748971193416	2.40740740740741	1.43621399176955	0.329218106995885	1.16049382716049	1.90946502057613	4.05349794238683	1.36625514403292	4.1522633744856
202389	Bacteria_71	RNA_pol_L	PF01193.24	3.41188318227593	4.89023162134945	5.30815709969789	4.31621349446123	2.18328298086606	3.42799597180262	5.49647532729104	4.01208459214502	3.45619335347432	2.81369587109768	5.59718026183283	2.07552870090634	2.48539778449144	0.30110775427996	3.25176233635448	11.5287009063444	2.92547834843907	2.19234642497482	6.36555891238671	2.47432024169184	4.79053373615307	10.0765357502518	3.06042296072508	5.1460221550856	4.67573011077543	5.71299093655589	13.3907351460222	5.68479355488419	4.95568982880161
202390	Bacteria_71	Ribosomal_L17	PF01196.19	2.03760683760684	6.00854700854701	3.91282051282051	3.6	2.87863247863248	3.79316239316239	4.75897435897436	5.09401709401709	2.78803418803419	3.43760683760684	5.50598290598291	3.07179487179487	1.96410256410256	1.26324786324786	4.74017094017094	9.77606837606838	6.4017094017094	3.72307692307692	8.4034188034188	5.97948717948718	4.14529914529915	15.7316239316239	4.89401709401709	5.02735042735043	2.54529914529915	6.35042735042735	14.3316239316239	8.56410256410256	6.00512820512821
213216	Bacteria_71	GrpE	PF01025.19	1.74186991869919	1.51626016260163	0.447154471544715	3.94105691056911	0.611788617886179	0.300813008130081	1.92073170731707	0.186991869918699	3.53048780487805	0.25609756097561	2.25609756097561	1.35772357723577	1.09552845528455	0.613821138211382	0.219512195121951	0.914634146341463	1.31910569105691	4.01626016260163	1.02235772357724	1.77439024390244	2.84349593495935	1.59552845528455	3.10772357723577	2.50406504065041	1.77642276422764	1.23780487804878	1.59349593495935	0.617886178861789	2.15243902439024
261727	Bacteria_71	Ribosomal_L27	PF01016.19	5.21825396825397	12.25	2.26984126984127	2.79761904761905	2.63095238095238	1.52777777777778	7.77380952380952	8.38492063492063	5.16666666666667	1.3015873015873	10.5238095238095	5.56349206349206	2.58333333333333	0.666666666666667	4.92460317460317	5.70634920634921	2.16666666666667	5.78968253968254	2.69047619047619	5.15873015873016	7.15873015873016	9.18650793650794	7.03968253968254	2.53968253968254	3.33333333333333	5.96031746031746	15.202380952381	5.07142857142857	3.47222222222222
261728	Bacteria_71	Ribosomal_L21p	PF00829.21	2.70030581039755	8.01834862385321	2.71865443425076	3.96330275229358	0.36085626911315	1.25688073394495	6.34250764525994	4.47706422018349	3.73700305810398	0.397553516819572	6.44954128440367	6.47400611620795	1.90214067278287	0.782874617737003	2.42507645259939	5	0.779816513761468	5.0611620795107	1.59327217125382	4.38837920489297	1.80428134556575	3.87767584097859	4.92048929663609	5.93577981651376	1.49847094801223	3.06422018348624	9.68195718654434	1.50764525993884	3.42201834862385
535244	Bacteria_71	SmpB	PF01668.18	5.87037037037037	0.965277777777778	2.03472222222222	4.79398148148148	1.39814814814815	0.231481481481481	2.03240740740741	4.47916666666667	3.03472222222222	0.636574074074074	3.64583333333333	3.77314814814815	0	0.0949074074074074	0.615740740740741	2.87268518518519	0	1.55324074074074	1.19212962962963	3.80092592592593	1.4537037037037	5.70833333333333	0.402777777777778	5.9537037037037	2.08796296296296	0.694444444444444	9.71064814814815	0.951388888888889	3.19212962962963
550253	Bacteria_71	Ribosomal_S15	PF00312.22	6.82945736434108	7.72093023255814	2.98837209302326	6.34883720930233	0.457364341085271	3.96511627906977	2.79457364341085	8.98449612403101	7.22093023255814	3.01162790697674	11.4031007751938	4.03100775193798	2.62015503875969	2.03875968992248	0.655038759689923	9.33720930232558	3.4922480620155	1.66279069767442	5.4031007751938	3.94573643410853	2.86434108527132	17.0193798449612	5.12015503875969	3.57751937984496	2.8953488372093	5.02713178294574	18.2209302325581	3.34883720930233	3.88759689922481
550257	Bacteria_71	RBFA	PF02033.18	3.73789173789174	7.50997150997151	0.831908831908832	5.00569800569801	1.67806267806268	2.13105413105413	2.35897435897436	6.45014245014245	9.82621082621083	1.86609686609687	8.2962962962963	4.67521367521368	0.424501424501425	1.32193732193732	1.15099715099715	12.5413105413105	2.8034188034188	6.04843304843305	1.28774928774929	3.74643874643875	4.4985754985755	9.52421652421652	1.84900284900285	6.23931623931624	2.52136752136752	1.83475783475783	15.3418803418803	1.43589743589744	2.28490028490029
550265	Bacteria_71	RRF	PF01765.19	6.81521739130435	10.1467391304348	3.45289855072464	5.27536231884058	2.43297101449275	5.78442028985507	6.43840579710145	5.47644927536232	5.73369565217391	3.39855072463768	15.856884057971	6.82971014492754	2.26811594202899	0.760869565217391	3.77355072463768	12.7083333333333	3.46557971014493	4.52536231884058	3.04710144927536	4.23188405797101	9.36413043478261	17.4057971014493	4.52173913043478	9.8804347826087	6.16666666666667	8.96195652173913	17.7916666666667	5.01811594202899	5.69384057971014
550267	Bacteria_71	EF_TS	PF00889.19	5.48768472906404	11.8440065681445	2.5320197044335	4.64696223316913	1.41871921182266	2.98357963875205	3.39408866995074	6.47454844006568	4.60919540229885	3.39408866995074	11.2660098522167	4.83415435139573	0.494252873563218	0.0328407224958949	2.52709359605911	14.6781609195402	1.78325123152709	4.22495894909688	1.1264367816092	6.21182266009852	5.01806239737274	10.3940886699507	3.6863711001642	8.83415435139573	4.37931034482759	3.688013136289	18.2988505747126	3.61083743842365	3.99014778325123
550268	Bacteria_71	Ribosomal_S2	PF00318.20	5.74261603375527	10.0028129395218	2.9704641350211	3.39803094233474	2.42053445850914	3.38959212376934	5.42616033755274	10.648382559775	5.53727144866385	3.66526019690577	12.0815752461322	6.86638537271449	1.63572433192686	0	5.9774964838256	13.9493670886076	1.06047819971871	4.66947960618847	2.17862165963432	4.94936708860759	3.72151898734177	15.3586497890295	3.86638537271449	9.33192686357243	6.9789029535865	5.76511954992968	20.4050632911392	3.14064697609001	4.9817158931083
550275	Bacteria_71	Ribosomal_L19	PF01245.20	8.70724637681159	11.3014492753623	0	0.785507246376812	0.405797101449275	2.75652173913043	3.84927536231884	9.84057971014493	4.83768115942029	3.21739130434783	15.8463768115942	5.71594202898551	1.32463768115942	0.440579710144928	3.8	6.29855072463768	2.35652173913043	6.73623188405797	1.31014492753623	1.57101449275362	4.06376811594203	12.5072463768116	2.51304347826087	5.58840579710145	3.07536231884058	4.19130434782609	15.304347826087	2.88695652173913	5.00579710144928
550276	Bacteria_71	tRNA_m1G_MT	PF01746.21	5.9452269170579	9.80125195618153	2.43505477308294	2.85133020344288	1.76212832550861	2.1924882629108	3.88575899843505	4.94835680751174	3.15805946791862	2.8810641627543	15.7496087636933	6.39906103286385	0.906103286384976	0.413145539906103	2.00312989045383	8.08137715179969	2.15492957746479	3.19561815336463	1.91549295774648	4.64788732394366	3.9358372456964	8.96870109546166	2.67449139280125	3.46478873239437	2.30359937402191	5.97809076682316	17.943661971831	2.9358372456964	0.652582159624413
550285	Bacteria_71	Ribosomal_S16	PF00886.19	10.4761904761905	12.4736842105263	1.3984962406015	7.64411027568922	1.64160401002506	4.93483709273183	5.31328320802005	7.99749373433584	6.468671679198	3.10275689223058	12.8145363408521	6.79949874686717	0.588972431077694	3.18295739348371	5.18045112781955	16.2932330827068	2.82205513784461	8.12280701754386	6.0250626566416	8.06516290726817	6.77694235588972	16.7268170426065	3.43107769423559	10.5187969924812	3.45112781954887	6.0125313283208	19.9749373433584	2.10275689223058	4.1328320802005
550297	Bacteria_71	Ribosomal_L32p	PF01783.23	9.04918032786885	15.3005464480874	0.644808743169399	5.04371584699454	2.85245901639344	1.68306010928962	1.83060109289617	8.49726775956284	7.82513661202186	2.53005464480874	18.5136612021858	7.58469945355191	2.13114754098361	0	8.87431693989071	14.0601092896175	3.25136612021858	2.69398907103825	4.10928961748634	4.07103825136612	6.01639344262295	19	6.43715846994535	5.74863387978142	0.704918032786885	4.69945355191257	11.6939890710383	4.11475409836066	7.95628415300546
550303	Bacteria_71	Ribosomal_L28	PF00830.19	2.31216931216931	5.58201058201058	3.54497354497355	5.03703703703704	0	7.84126984126984	6.41798941798942	7.42328042328042	7.64021164021164	3.86243386243386	15.3544973544974	3.26455026455026	0	0.597883597883598	5.50793650793651	16.2380952380952	2.75132275132275	9.55026455026455	4.22222222222222	2.31216931216931	5.98941798941799	7.17460317460317	7.63492063492064	6.98412698412698	1.70899470899471	3.48148148148148	13.2962962962963	0.529100529100529	3.38624338624339
686346	Bacteria_71	ATP-synt_A	PF00119.20	6.51920693928129	14.3011152416357	3.02230483271375	7.36183395291202	1.75092936802974	2.86864931846344	9.38537794299876	11.8599752168525	6.94052044609665	4.62949194547708	20.635687732342	7.22057001239157	3.51301115241636	1.4089219330855	6.66666666666667	11.9826517967782	1.45353159851301	8.84138785625774	4.51920693928129	4.90334572490706	6.43742255266419	21.0061957868649	3.23172242874845	10.1016109045849	6.84014869888476	4.46592317224288	22.8228004956629	4.17348203221809	7.13506815365551
686349	Bacteria_71	OSCP	PF00213.18	6.89583333333333	8.19128787878788	3.65909090909091	6.17234848484848	2.97916666666667	2.22727272727273	4.61931818181818	10.3996212121212	6.37121212121212	3.57765151515152	15.9715909090909	10.1325757575758	2.31818181818182	0.34280303030303	6.51893939393939	15.7064393939394	3.57575757575758	7.17424242424242	4.24621212121212	6.10606060606061	6.40719696969697	11.905303030303	3.4375	4.99242424242424	7.71780303030303	6.06818181818182	23	3.72916666666667	3.63825757575758
686351	Bacteria_71	ATP-synt	PF00231.19	3.60919540229885	7.68850574712644	1.65747126436782	4.38735632183908	1.42298850574713	1.5264367816092	4.86781609195402	6.3448275862069	2.26206896551724	1.03908045977011	8.74252873563218	5.80459770114942	1.10689655172414	1.79080459770115	2.46436781609195	7.89425287356322	3.6367816091954	3.4	3.37931034482759	4.47241379310345	4.01724137931035	8.31954022988506	3.68620689655172	2.59310344827586	1.5264367816092	3.02298850574713	12.2701149425287	1.61494252873563	3.65977011494253
701011	Bacteria_71	Ribosomal_L9_C	PF03948.14	0	1.12592592592593	0	0.97037037037037	0	0	0	0.42962962962963	0	0	0.918518518518518	0	0	0	0	0.644444444444444	2.02962962962963	0	1.08888888888889	0.481481481481481	0	0	0	0	0	0	1.65925925925926	0	0
31989	Bacteria_71	Adenylsucc_synt	PF00709.21	9.02654176424668	15.4106167056987	2.72287275565964	5.05854800936768	2.25292740046838	3.21857923497268	9.22950819672131	8.60031225604996	5.32552693208431	1.92583918813427	17.1881342701015	6.37548790007806	0.757220921155347	2.08118657298985	5.2911787665886	9.91412958626073	2.40905542544887	5.99141295862607	3.95472287275566	4.43715846994535	5.95784543325527	15.8368462138954	5.89305230288837	9.76268540202966	3.70569867291179	6.0327868852459	25.5316159250585	2.75800156128025	4.82747853239657
39632	Bacteria_71	Ribosomal_L20	PF00453.18	4.66388888888889	8.48055555555556	3.14444444444444	5.40277777777778	3.44722222222222	3.26111111111111	3.46944444444444	10.3388888888889	3.17777777777778	2.24722222222222	12.3222222222222	3.85	2.77222222222222	0.836111111111111	4.99166666666667	6.66388888888889	1.03888888888889	2.51388888888889	1.18611111111111	4.86111111111111	3.18333333333333	11.6916666666667	2.54722222222222	6.26666666666667	2.49722222222222	3.30833333333333	17.8444444444444	5.25	2.27777777777778
39633	Bacteria_71	Ribosomal_L35p	PF01632.19	5.25396825396825	9.13756613756614	5.8042328042328	8.94179894179894	2.64550264550265	5.77777777777778	6.44973544973545	9.85185185185185	2.73015873015873	3.95767195767196	17.6296296296296	9.04761904761905	2.51322751322751	0.73015873015873	1.02645502645503	9.50793650793651	4.63492063492064	1.92063492063492	1.15873015873016	7.69312169312169	6.93121693121693	9.49206349206349	5.84126984126984	9.15873015873016	3.04232804232804	4.76190476190476	21.2592592592593	6.03703703703704	3.71957671957672
132688	Bacteria_71	PGK	PF00162.19	5.61357702349869	8.33855526544822	1.72410791993037	3.23063533507398	0.899042645778938	1.28024369016536	4.43777197563098	5.67536988685814	5.30461270670148	2.31679721496954	8.32463011314186	3.46997389033943	1.23933855526545	1.14012184508268	1.80330722367276	10.467362924282	1.58311575282855	2.67536988685814	2.82332463011314	6.54656222802437	2.70147954743255	8.55961705831158	3.59094865100087	5.5082680591819	4.08355091383812	2.60661444734552	13.905134899913	4.74760661444735	1.79982593559617
132691	Bacteria_71	SecG	PF03840.14	8.82700421940928	12.2742616033755	3.05907172995781	0.489451476793249	4.0337552742616	5.61181434599156	9.69620253164557	17.1097046413502	6.05485232067511	3.19409282700422	15.6033755274262	6.33755274261603	1.55274261603376	0	5.12658227848101	4.92405063291139	2.59493670886076	5	3.15189873417722	5.44303797468354	0.628691983122363	15.2911392405063	4.0168776371308	9.29113924050633	4.92405063291139	8.65400843881856	28.6329113924051	4.57383966244726	4.83122362869198
1580487	Bacteria_71	Ribosomal_L9_C	PF03948.14	4.35555555555556	1.22222222222222	1.55555555555556	1.2962962962963	1.07407407407407	0.866666666666667	2.63703703703704	3.05925925925926	1.25185185185185	0.97037037037037	2.71111111111111	1.52592592592593	0	0	0	0.488888888888889	0	0.555555555555556	1.51851851851852	0.266666666666667	1.40740740740741	1.60740740740741	1.05185185185185	1.1037037037037	0	1.05185185185185	4.82222222222222	1.42962962962963	0.392592592592593
1642116	Bacteria_71	Ribosom_S12_S23	PF00164.25	10.5282485875706	15.1638418079096	2.29378531073446	6.16949152542373	3.98022598870056	3.2683615819209	5.00282485875706	7.35593220338983	5.35310734463277	5.36158192090396	22.8135593220339	5.54237288135593	1.68361581920904	2.47457627118644	4.07062146892655	13.9661016949153	7.61299435028249	5.11864406779661	4.22033898305085	6.92372881355932	3.30508474576271	13.4124293785311	3.71751412429379	5.77401129943503	3.2683615819209	8.36158192090396	23.6299435028249	5.45762711864407	11.7231638418079
1642121	Bacteria_71	Ribosomal_L1	PF00687.21	9.5429403202329	7.68558951965066	5.00436681222707	6.60407569141194	3.36390101892285	3.39301310043668	4.89665211062591	11.117903930131	7.4235807860262	4.95924308588064	10.6666666666667	6.73362445414847	2.06404657933042	1.53420669577875	4.34352256186317	8.29403202328966	3.95924308588064	8.64628820960699	3.29403202328967	4.68995633187773	4.91848617176128	15.9461426491994	5.20524017467249	5.29403202328966	2.81077147016012	4.54439592430859	19.8660844250364	4.36390101892285	2.21834061135371
1642124	Bacteria_71	SecE	PF00584.20	3.17161716171617	6.34323432343234	4.73267326732673	2.87458745874587	3.29372937293729	3.38613861386139	2.48844884488449	8.23432343234323	7.4983498349835	1.65346534653465	13.4224422442244	4.26402640264026	4.75247524752475	2.37623762376238	2.56435643564356	10.9174917491749	0.686468646864686	7.24422442244224	1.08580858085809	1.61716171617162	5.1023102310231	12.6930693069307	3.96369636963696	3.58085808580858	2.05610561056106	8.9009900990099	11.8052805280528	3.9009900990099	4.46534653465347
921466	Bacteria_71	Ribonuclease_P	PF00825.18	6.79012345679012	10.0462962962963	0	6.72839506172839	2.60185185185185	5.78703703703704	7.82407407407407	10.2623456790123	3.88888888888889	3.50617283950617	16.1111111111111	8.39814814814815	1.84259259259259	1.75	2.96913580246914	14.4475308641975	2.59876543209877	3.0679012345679	2.95679012345679	5.62962962962963	3.37345679012346	15.3117283950617	4.62654320987654	4.94444444444444	2.18518518518519	6.22222222222222	26.8240740740741	4.90123456790123	5
946907	Bacteria_71	Ham1p_like	PF01725.16	1.91052631578947	8.14385964912281	2.31052631578947	6.0859649122807	1.45964912280702	1.01228070175439	4.06140350877193	7.00877192982456	4.18070175438597	0.929824561403509	6.05614035087719	5.40701754385965	0.791228070175439	1.30701754385965	2.67543859649123	12.2157894736842	2.16842105263158	1.20526315789474	1.0859649122807	6.27894736842105	5.87894736842105	7.87368421052632	1.78947368421053	3.05614035087719	2.40877192982456	3.99122807017544	16.4245614035088	2.16666666666667	1.56842105263158
802649	Bacteria_71	TsaE	PF02367.17	5.76225490196078	14.1299019607843	1.98774509803922	4.30147058823529	1.27941176470588	1.15196078431373	4.50735294117647	5.96323529411765	6.85049019607843	1.23774509803922	5.40196078431373	3.29166666666667	1.71323529411765	0.433823529411765	3.11764705882353	10.75	2.0171568627451	3.30392156862745	3.24509803921569	5.02205882352941	2.49754901960784	10.1642156862745	1.63725490196078	5.75	1.87745098039216	2.61274509803922	16.4779411764706	2.6593137254902	2.43382352941176
802654	Bacteria_71	Ribosomal_S9	PF00380.19	7.42820512820513	12.4974358974359	3.06923076923077	6.81538461538462	3.95128205128205	1.24102564102564	9.95641025641026	6.8948717948718	12.1	4.76410256410256	14.0461538461538	6.39230769230769	0.384615384615385	0.764102564102564	2.12307692307692	9.37435897435898	3.12051282051282	6.71794871794872	2.02820512820513	3.96410256410256	10.0846153846154	13.9384615384615	4.52051282051282	13.9307692307692	4.55128205128205	3.91025641025641	18.7974358974359	5.74615384615385	2.95384615384615
802655	Bacteria_71	Ribosomal_L13	PF00572.18	4.37280701754386	9.79824561403509	2.64473684210526	4.30263157894737	1.02850877192982	2.57675438596491	4.28070175438596	2.21929824561404	2.20614035087719	2.91008771929825	11.8114035087719	6.49122807017544	2.05482456140351	0.706140350877193	3.64254385964912	7.75657894736842	2.46052631578947	2.88157894736842	1.19956140350877	3.48245614035088	3.61842105263158	10.5438596491228	2.64035087719298	6.6359649122807	4.30701754385965	3.01315789473684	15.7850877192982	3.09429824561404	1.94956140350877
802658	Bacteria_71	Ribosomal_L17	PF01196.19	8.75213675213675	10.0997150997151	5.03418803418803	10.8518518518519	2.62393162393162	3.33333333333333	6.78917378917379	6.94017094017094	6.67521367521368	4.23931623931624	18.4330484330484	10.4159544159544	0	2.09401709401709	2.13675213675214	17.1709401709402	3.18803418803419	2.73219373219373	5.46153846153846	8.88319088319088	6.6039886039886	20.5982905982906	2.82905982905983	7.33048433048433	6.82621082621083	6.21367521367521	19.1424501424501	4.83475783475784	12.7264957264957
802659	Bacteria_71	RNA_pol_L	PF01193.24	8.37083333333333	17.3416666666667	4.775	7.08541666666667	3.68333333333333	4.61145833333333	9.63333333333333	11.1239583333333	9.825	4.60104166666667	15.428125	11.171875	1.953125	2.559375	3.90104166666667	14.69375	6.00208333333333	6.24791666666667	4.00104166666667	8.82916666666667	8.50729166666667	15.2239583333333	5.94479166666667	11.9458333333333	5.82604166666667	6.115625	25.4447916666667	5.35416666666667	5.78645833333333
802661	Bacteria_71	Ribosomal_S11	PF00411.19	5.56770833333333	15.2135416666667	5.61979166666667	10.5625	1.77864583333333	5.01041666666667	8.8984375	10.4921875	7.01041666666667	4.34114583333333	17.59375	10.5625	1.34895833333333	2.16145833333333	4.1328125	13.4270833333333	0.875	6.88020833333333	3.79427083333333	6.7890625	4.16666666666667	14.3828125	3.53645833333333	11.2916666666667	7.31510416666667	7.5234375	21.1067708333333	3.35416666666667	4.9921875
802662	Bacteria_71	Ribosomal_S13	PF00416.22	11.2539682539683	17.6375661375661	2.92857142857143	5.98412698412698	4.20899470899471	3.47354497354497	8.28306878306878	14.3253968253968	7.37566137566138	2.72751322751323	16.1798941798942	7.25396825396825	3.25661375661376	1.37566137566138	4.37566137566138	13.0026455026455	2.40740740740741	5.16402116402116	3.81481481481481	9.56613756613757	3.42328042328042	9.19047619047619	6.67724867724868	6.97089947089947	4.12433862433862	4.53174603174603	32.5925925925926	5.11640211640212	9.16137566137566
802664	Bacteria_71	eIF-1a	PF01176.19	14.8055555555556	17.5277777777778	6.88333333333333	5.84444444444444	2.91666666666667	3.8	5.48333333333333	7.74444444444444	6.04444444444444	3.97777777777778	18.5666666666667	7.59444444444444	1.18333333333333	0	4.60555555555556	15.5444444444444	3.3	5.57222222222222	4.45	9.01111111111111	3.22222222222222	13.35	6.52777777777778	5.98333333333333	6.64444444444444	5.82777777777778	23.1666666666667	3.13333333333333	6.41666666666667
802666	Bacteria_71	ADK	PF00406.22	10.6702317290553	12.4616755793226	1.01604278074866	4.74509803921569	2.06417112299465	1.99108734402852	7.93048128342246	9.59714795008913	9.18538324420677	3.53119429590018	14.9661319073084	10.8787878787879	2.46524064171123	1.47237076648841	5.10516934046346	12.4260249554367	5.26916221033868	4.24777183600713	1.79679144385027	4.4331550802139	4.58645276292335	15.0980392156863	4.92869875222816	7.75222816399287	6.07843137254902	5.32442067736185	19.680926916221	5.45276292335116	4.76470588235294
802667	Bacteria_71	SecY	PF00344.20	9.67793880837359	13.7729468599034	2.64009661835749	7.96940418679549	1.88325281803543	5.87278582930757	9.71658615136876	7.98148148148148	7.71819645732689	3.58856682769726	19.0507246376812	10.7504025764895	1.84057971014493	2.40016103059581	2.82850241545894	12.829307568438	4.11272141706924	4.46135265700483	3.53381642512077	7.24798711755234	7.31320450885668	18.158615136876	4.7866344605475	4.96135265700483	2.77858293075684	6.32850241545894	25.5314009661836	4.24074074074074	6.38244766505636
802668	Bacteria_71	Ribosomal_L27A	PF00828.19	5.31111111111111	12.5711111111111	1.86666666666667	5.99555555555556	1.89777777777778	2.55333333333333	4.48888888888889	8.86222222222222	2.11555555555556	1.20222222222222	12.9933333333333	5.89777777777778	0.471111111111111	3.07777777777778	6.62444444444444	12.9111111111111	1.68888888888889	2.36666666666667	2.81777777777778	7.29111111111111	5.23333333333333	6.73333333333333	5.34	7.68666666666667	2.08444444444444	7.94222222222222	11.8733333333333	1.79555555555556	2.87555555555556
802671	Bacteria_71	Ribosomal_L18p	PF00861.22	8.0632183908046	10.7040229885057	3.92241379310345	9.66954022988506	4.0316091954023	1.71264367816092	7.26724137931035	13.8477011494253	5.52011494252874	1.64655172413793	13.2873563218391	11.2787356321839	0.836206896551724	3.3764367816092	5.14942528735632	7.8735632183908	2.75862068965517	6.54310344827586	4.03448275862069	8.16091954022989	5.63793103448276	12.8908045977012	5.47988505747126	6.74712643678161	4.6235632183908	6.22413793103448	21.8764367816092	4.70114942528736	5.17816091954023
802672	Bacteria_71	Ribosomal_L6	PF00347.23	7.69746376811594	8.05978260869565	2.13224637681159	5.44021739130435	4.22282608695652	3.23007246376812	5.68840579710145	8.91304347826087	4.85326086956522	1.11231884057971	11.7898550724638	6.00905797101449	1.11413043478261	3.20289855072464	3.51086956521739	9.10144927536232	3.29347826086957	8.83514492753623	3.61231884057971	5.97826086956522	4.19927536231884	6.71739130434783	5.60326086956522	7.45289855072464	2.73369565217391	5.28442028985507	17.7083333333333	6.13224637681159	6.75905797101449
802673	Bacteria_71	Ribosomal_S8	PF00410.19	7.18295739348371	6.27067669172932	5.52130325814536	1.9749373433584	2.52130325814536	4.65664160401002	6.82205513784461	4.68170426065163	3.95989974937343	0.0050125313283208	10.2731829573935	4.56641604010025	0.759398496240602	1.59649122807018	1.81704260651629	13.218045112782	3.18045112781955	2.82706766917293	0.741854636591479	5.23308270676692	8.10025062656642	12.0225563909774	3.11027568922306	3.43609022556391	2.09022556390977	4.42857142857143	20.2932330827068	7.29072681704261	3.84711779448622
802675	Bacteria_71	Ribosomal_L5	PF00281.19	8.75274725274725	12.1465201465201	2.57326007326007	7.06776556776557	4.32783882783883	2.28021978021978	6.51465201465201	10.3223443223443	8.64285714285714	2.95787545787546	14.4542124542125	8.27289377289377	0.265567765567766	1.04212454212454	4.27106227106227	10.2014652014652	2.45054945054945	4.72527472527473	3.70879120879121	8.03113553113553	6.04578754578755	18.0274725274725	3.28571428571429	7.35164835164835	3.34981684981685	6.75274725274725	22.9487179487179	4.14835164835165	5.13736263736264
802676	Bacteria_71	ribosomal_L24	PF17136.4	10.7194719471947	16.8712871287129	5.18811881188119	11.1287128712871	2.41584158415842	8.10891089108911	5.28052805280528	9.73597359735974	5.6996699669967	1.67326732673267	13.8382838283828	10.1815181518152	2.61386138613861	2.70957095709571	5.65676567656766	11.8580858085809	2.24422442244224	7.76237623762376	1.4983498349835	4.00990099009901	6.08250825082508	19.5676567656766	1.66006600660066	5.31023102310231	3.6996699669967	6.23762376237624	21.980198019802	4.73267326732673	6.80528052805281
802677	Bacteria_71	Ribosomal_L14	PF00238.19	8.81571815718157	14.349593495935	4.59620596205962	13.8346883468835	3.3360433604336	3.18428184281843	8.42276422764228	12.9512195121951	9.58265582655827	4.88888888888889	15.260162601626	9.13550135501355	1.95121951219512	3.52845528455285	2.68834688346883	14.5663956639566	6.32791327913279	4.11653116531165	5.43631436314363	7.18970189701897	6.55555555555556	12.7994579945799	4.04607046070461	10.10027100271	4.05962059620596	7.94308943089431	20.6693766937669	6.14092140921409	7.1219512195122
802678	Bacteria_71	Ribosomal_S17	PF00366.20	5.71212121212121	14.844696969697	0.689393939393939	5.34090909090909	1.70833333333333	1.72348484848485	11.2916666666667	6.4280303030303	9.86742424242424	0.352272727272727	11.9886363636364	2.06439393939394	1.81818181818182	1.17424242424242	1.99621212121212	6.93181818181818	4.81060606060606	7.68560606060606	3.92424242424242	3.05681818181818	8.58333333333333	8.20075757575758	1.34469696969697	8.37121212121212	0.257575757575758	11.9734848484848	21.280303030303	3.3030303030303	3.87878787878788
802679	Bacteria_71	Ribosomal_L29	PF00831.23	6.01428571428571	13.9142857142857	2.53333333333333	5.4	1.8047619047619	0.219047619047619	3.61428571428571	2.88571428571429	4.81904761904762	1.43809523809524	3.67619047619048	5.42380952380952	1.49047619047619	2.77142857142857	3.36666666666667	9.17142857142857	3.4952380952381	7.06190476190476	2.26190476190476	2.6	4.16190476190476	6.56190476190476	6.31428571428571	2.05714285714286	0	3.98571428571429	16.3380952380952	2.21904761904762	2.97619047619048
802680	Bacteria_71	Ribosomal_L16	PF00252.18	6.88405797101449	12.0579710144928	3.16666666666667	6.46618357487923	2.80193236714976	3.72705314009662	5.52898550724638	8.38888888888889	5.67632850241546	1.53623188405797	12.7173913043478	6.54347826086957	1.56521739130435	0.579710144927536	7.21014492753623	14.012077294686	4.70048309178744	4.86714975845411	6.66666666666667	4.6304347826087	7.48067632850242	10.9734299516908	3.67632850241546	5.6231884057971	3.4975845410628	3.14009661835749	21.5917874396135	4.88647342995169	5.89613526570048
802681	Bacteria_71	Ribosomal_S3_C	PF00189.20	9.09745293466224	11.3864894795127	3.5171650055371	8.75193798449612	1.86600221483942	2.65337763012182	7.07862679955703	9.83720930232558	8.50719822812846	2.73864894795127	15.3410852713178	9.08970099667774	2.55592469545958	2.02547065337763	5.08194905869324	14.5813953488372	4.22259136212625	5.77851605758582	3.68327796234773	7.38981173864895	6.29346622369878	19.6456256921373	3.69324473975637	9.52713178294574	5.44739756367663	4.95570321151717	19.562569213732	5.81284606866002	5.84606866002215
802682	Bacteria_71	Ribosomal_L22	PF00237.19	6.25	8.90804597701149	4.88793103448276	2.07471264367816	1.58045977011494	2.92528735632184	6.55172413793103	11.6695402298851	7.01436781609195	1.45977011494253	18.1379310344828	9.69540229885057	1.26436781609195	0.827586206896552	6.72413793103448	16.0431034482759	3.95977011494253	5.95689655172414	2.2816091954023	6.03735632183908	5.5948275862069	13.2844827586207	3.63218390804598	8.78735632183908	5.91666666666667	6.27011494252874	19.9454022988506	5.33045977011494	5.1235632183908
802683	Bacteria_71	Ribosomal_S19	PF00203.21	9.33	12.2633333333333	8.24666666666667	5.07333333333333	2.18333333333333	2.51333333333333	6.4	9.43	6.31	1.79333333333333	14.3966666666667	9.81666666666667	2.01333333333333	1.76666666666667	8.75	9.77	7.37666666666667	9.75666666666667	10.8	4.51666666666667	3.65666666666667	22.37	1.65	12.5	5.72	9.03666666666667	25.0933333333333	6.20333333333333	6.33
802684	Bacteria_71	Ribosomal_L2	PF00181.23	5.6810551558753	7.5779376498801	3.79256594724221	8.00959232613909	4.44364508393285	2.62589928057554	5.19904076738609	8.12829736211031	5.23021582733813	1.92086330935252	14.2937649880096	8.11510791366906	1.55275779376499	1.41846522781775	4.71103117505995	14.0071942446043	3.92086330935252	4.44244604316547	4.78776978417266	3.50239808153477	5.14388489208633	16.7242206235012	5.7326139088729	8.7410071942446	3.5	6.04436450839329	21.2014388489209	4.95203836930456	5.06594724220624
802685	Bacteria_71	Ribosomal_L23	PF00276.20	2.375	6.29861111111111	1.83680555555556	4.84027777777778	0.232638888888889	2.22916666666667	1.67013888888889	3.86458333333333	4.32291666666667	1.37847222222222	6.30208333333333	6.98611111111111	1.1875	2.93055555555556	4.04513888888889	10.9513888888889	2.29166666666667	3.70486111111111	1.71875	2.07291666666667	9.00694444444444	8.44444444444444	2.02430555555556	5.94444444444444	2.63194444444444	2.17361111111111	13.7152777777778	3.09722222222222	3.34375
802686	Bacteria_71	Ribosomal_L4	PF00573.22	5.38969404186795	10.1513687600644	3.06602254428341	6.78743961352657	0.86634460547504	2.57648953301127	6.55716586151369	6.89855072463768	6.45088566827697	0.243156199677939	9.33816425120773	5.29468599033816	0.550724637681159	1.77294685990338	4.2914653784219	8.14009661835749	2.20128824476651	2.97584541062802	2.49597423510467	2.97906602254428	5.3768115942029	8.43639291465378	4.15458937198068	3.48631239935588	2.39130434782609	4.79871175523349	18.3462157809984	4.57971014492754	3.9194847020934
802687	Bacteria_71	Ribosomal_L3	PF00297.22	7.80410742496051	13.7962085308057	3.14849921011058	7.44391785150079	1.68562401263823	3.98578199052133	10.1090047393365	14.2338072669826	4.45813586097946	1.6129541864139	17.9099526066351	6.57661927330174	1.71563981042654	1.98578199052133	6.15165876777251	9.16745655608215	3.76777251184834	4.90837282780411	3.85781990521327	8.84044233807267	7.41232227488152	12.2037914691943	4.21327014218009	8.38230647709321	2.39968404423381	5.55766192733017	21.3601895734597	4.41864139020537	4.56240126382307
802688	Bacteria_71	Ribosomal_S10	PF00338.22	7.04854368932039	13.3398058252427	3.62459546925566	5.7411003236246	3.67313915857605	3.38834951456311	7.2168284789644	9.59870550161812	3.79611650485437	3.31715210355987	12.2815533980583	9.1294498381877	2.97411003236246	2.37540453074434	2.03883495145631	11.9514563106796	4.02588996763754	5.58576051779935	4.68608414239482	8.67637540453075	7.11326860841424	18.2588996763754	3.2168284789644	11.7022653721683	5.52750809061489	5.21359223300971	18.8640776699029	3.62459546925566	3.07766990291262
802691	Bacteria_71	Ribosomal_S7	PF00177.21	7.03205128205128	15.517094017094	2.18803418803419	9.93376068376068	3.86538461538462	2.75641025641026	8.03632478632479	8.5982905982906	8.56410256410256	1.36965811965812	15.0299145299145	9.51068376068376	1.6474358974359	1.15811965811966	6.23717948717949	14.0576923076923	2.13461538461538	5.5042735042735	5.1965811965812	6.43589743589744	4.6965811965812	11.4017094017094	6.51068376068376	11.5961538461538	4.22863247863248	7.09188034188034	19.0790598290598	5.81623931623932	6.01923076923077
802692	Bacteria_71	Ribosom_S12_S23	PF00164.25	1.52287581699346	10.1764705882353	1.27450980392157	5.28104575163399	2.30718954248366	1.93464052287582	1.88235294117647	5.7516339869281	2.04575163398693	0.718954248366013	3.07843137254902	5.04575163398693	1.7843137254902	0.38562091503268	2.40522875816993	6.31372549019608	1.2156862745098	2.60130718954248	3.0718954248366	5.45751633986928	2.91503267973856	6.18954248366013	0.777777777777778	4.98692810457516	3.22875816993464	4.18300653594771	8.41176470588235	2.26797385620915	2.86928104575163
367463	Bacteria_71	Chorismate_synt	PF01264.21	4.78087986463621	9.54568527918782	3.38409475465313	4.80626057529611	2.42554991539763	3.54822335025381	6.53891708967851	10.9018612521151	4.95600676818951	2.93401015228426	14.241116751269	5.38663282571912	1.27241962774958	0.763113367174281	4.67343485617597	10.5406091370558	3.334179357022	4.50169204737733	3.17174280879865	6.95600676818951	5.78680203045685	10.2580372250423	2.80456852791878	6.82402707275804	5.78934010152284	6.18358714043993	19.0406091370558	4.48984771573604	4.62267343485618
1272795	Bacteria_71	IPPT	PF01715.17	0.926060606060606	1.1830303030303	0.915151515151515	1.72121212121212	1.56363636363636	0.253333333333333	1.82545454545455	2.41939393939394	1.10909090909091	0.846060606060606	2.67151515151515	1.28121212121212	0.63030303030303	0.823030303030303	0.303030303030303	2.57818181818182	0.464242424242424	1.01212121212121	0.739393939393939	1.22060606060606	1.07030303030303	1.22060606060606	0.0872727272727273	2.82666666666667	0.970909090909091	1.82181818181818	3.92969696969697	0.92969696969697	0
