gene_callers_id	source	gene_name	gene_hmm_id	WAM_ALR	WAM_CCR	WAM_IPI	WAM_MAR	WAM_MYS	WAM_PBL	WAM_PJN	WAM_PPR	WAM_PST	WAM_ROL	WAM_SCR	WAM_SGN	WAM_SIS	WAM_TWN	WAR_ALR	WAR_CCR	WAR_IPI	WAR_MAR	WAR_MYS	WAR_PBL	WAR_PJN	WAR_PPR	WAR_PSK	WAR_PST	WAR_RNW	WAR_ROL	WAR_SCR	WAR_SGL	WAR_SIS
1164147	Bacteria_71	Chorismate_synt	PF01264.21	0.0496838301716351	0.227642276422764	1.94760614272809	0.543812104787715	0.385727190605239	0.563685636856369	1.4390243902439	0	0.458897922312556	0.328816621499548	0.0993676603432701	0	0	0	1.34598012646793	0.4516711833785	2.62149954832882	2.27371273712737	2.87895212285456	2.10207768744354	1.9159891598916	1.13369467028004	2.613369467028	2.90605239385727	1.71183378500452	4.59439927732611	1.98012646793135	0.812104787714544	4.11020776874435
1194721	Bacteria_71	PGK	PF00162.19	1.73079968329375	0.239113222486144	1.22327790973872	0.716547901821061	1.1409342834521	0.477434679334917	1.16389548693587	0.239113222486144	0.585114806017419	0.00950118764845605	0	0.52098178939034	0.448139350752177	0.357878068091845	1.5193982581156	1.26682501979414	2.34362628661916	1.17498020585907	2.57957244655582	2.44338875692795	2.19477434679335	0.908155186064925	1.23990498812352	1.66904196357878	1.40221694378464	2.80364212193191	0.365795724465558	1.23673792557403	3.07363420427553
531226	Bacteria_71	Ribosomal_S13	PF00416.22	1.56623931623932	0.495726495726496	2.72435897435897	0	0.645299145299145	0.16025641025641	1.13888888888889	0	1.99145299145299	0.260683760683761	0	2.20299145299145	0	0.202991452991453	1.51495726495726	1.28846153846154	3.12606837606838	3.05769230769231	1.72008547008547	3.46581196581197	2.8525641025641	2.24358974358974	1.50854700854701	2.34615384615385	3.95726495726496	3.6965811965812	1.83760683760684	1.16880341880342	4.2457264957265
531228	Bacteria_71	Ribosomal_S11	PF00411.19	0.940104166666667	1.77083333333333	1.49739583333333	0.799479166666667	1.41145833333333	1.7578125	0.747395833333333	0.0989583333333333	0.8125	1.74479166666667	0.526041666666667	0.182291666666667	0	0	4.3046875	2.12239583333333	2.20052083333333	2.55208333333333	1.48697916666667	3.56510416666667	2.04166666666667	1.609375	0.786458333333333	0.622395833333333	0.497395833333333	4.09114583333333	3	1.91666666666667	4.8359375
531229	Bacteria_71	RNA_pol_L	PF01193.24	0.610942249240122	0.373860182370821	3.41236068895643	0.818642350557244	1.01215805471125	0.515704154002026	1.44984802431611	0	0.227963525835866	1.0952380952381	0.397163120567376	0.681864235055724	0	0	2.47112462006079	0.584599797365755	4.86423505572442	1.7710233029382	2.42046605876393	2.52988855116515	2.96960486322188	2.22998986828774	2.4387031408308	3.21884498480243	1.76899696048632	4.26545086119554	1.54407294832827	1.89260385005066	5.28368794326241
540143	Bacteria_71	Ribosomal_L16	PF00252.18	3.56666666666667	0.557407407407407	3.20740740740741	1.47777777777778	0.553703703703704	0.188888888888889	1.33333333333333	0.555555555555556	1.00185185185185	0.822222222222222	0	0.916666666666667	0	0.555555555555556	1.86851851851852	1.37777777777778	1.96481481481481	3.41666666666667	2.51481481481481	1.34444444444444	2.31481481481481	2.00925925925926	0.775925925925926	2.23518518518519	2.45	4.01851851851852	0.25	1.86481481481481	4.46481481481482
20377	Bacteria_71	tRNA-synt_1d	PF00750.19	1.03538175046555	0.373680943513346	2.19615145872129	0.747361887026691	0.374922408441962	0.0856610800744879	0.548727498448169	0.187461204220981	0.907510862818125	0.559900682805711	0.374922408441962	0	0.0931098696461825	0	1.18808193668529	1.12104283054004	1.6374922408442	1.58907510862818	0.923029174425822	0.767846058348852	1.21104903786468	0.328988206083178	1.49720670391061	1.08938547486034	0.467411545623836	2.60707635009311	0.72129112352576	1.55183116076971	3.08566108007449
114798	Bacteria_71	Ribosomal_S7	PF00177.21	2.10243902439024	0.465040650406504	0.811382113821138	0.819512195121951	0	0	0.860162601626016	0	1.48617886178862	0.0032520325203252	0.730081300813008	0	0.442276422764228	0	2.46991869918699	1.84065040650406	4.5609756097561	0.866666666666667	2.55609756097561	3.0780487804878	1.34471544715447	0.0747967479674797	1.68455284552846	2.3869918699187	0.803252032520325	1.11219512195122	1.47154471544715	2.19512195121951	5.23739837398374
114799	Bacteria_71	Ribosom_S12_S23	PF00164.25	1.7639902676399	0.878345498783455	1.60340632603406	0.435523114355231	0	0	0.708029197080292	0.119221411192214	0.625304136253041	1.44525547445255	0	0.503649635036496	0	0	0.384428223844282	1.69343065693431	2.11922141119221	0.829683698296837	2.08515815085158	1.33576642335766	3.64233576642336	1.67153284671533	2.669099756691	1.93917274939173	0.367396593673966	3.46228710462287	1.02676399026764	0.795620437956204	2.43552311435523
172087	Bacteria_71	SecE	PF00584.20	0.385767790262172	0	2.04868913857678	0.595505617977528	0.621722846441948	2.12359550561798	1.68913857677903	0	0.367041198501873	0.666666666666667	0	1.35580524344569	0.655430711610487	0	0.685393258426966	0.752808988764045	4.73033707865169	3.48314606741573	3.04494382022472	2.0374531835206	1.61048689138577	0.565543071161049	3.22846441947566	1.14232209737828	2.1685393258427	2.67041198501873	1.21722846441948	4.15355805243446	4.30711610486891
1539507	Bacteria_71	Ribosomal_L27A	PF00828.19	2.06010928961749	0.614754098360656	1.23770491803279	0.814207650273224	0.516393442622951	0	1.8224043715847	0	2.79508196721311	3.22131147540984	0.680327868852459	0.762295081967213	0.412568306010929	0	1.61475409836066	0.516393442622951	2.10928961748634	4.18852459016393	2.0327868852459	3.28688524590164	1.63661202185792	0.825136612021858	2.79781420765027	2.89344262295082	2.27049180327869	2.5792349726776	0.748633879781421	2.27868852459016	4.74043715846995
1539508	Bacteria_71	Ribosomal_L13	PF00572.18	3.25925925925926	0.172839506172839	2.98971193415638	1.03086419753086	0.876543209876543	0.368312757201646	1.45679012345679	0	0.283950617283951	0.897119341563786	0	0.133744855967078	0.798353909465021	0.12962962962963	0.691358024691358	0.89917695473251	2.70164609053498	2	1.76543209876543	4.08230452674897	2.38683127572016	1.86008230452675	1.53703703703704	3.32304526748971	0.199588477366255	2.23251028806584	1.77366255144033	1.40946502057613	2.47119341563786
1539509	Bacteria_71	Ribosomal_S9	PF00380.19	2.73922902494331	1.07482993197279	3.00907029478458	0.462585034013605	0	0.292517006802721	0.698412698412698	0	0.342403628117914	1.718820861678	0	1.09750566893424	0.965986394557823	0.897959183673469	3.93650793650794	2.44897959183673	5.04308390022676	1.76417233560091	1.61904761904762	0.984126984126984	3	1.36054421768707	1.22448979591837	2.00453514739229	1.33786848072562	2.12471655328798	0.512471655328798	2.6530612244898	4.27437641723356
1564520	Bacteria_71	Adenylsucc_synt	PF00709.21	1.53080920564217	1.09576837416481	2.12026726057906	0.944320712694878	0.388270230141054	0	0.884187082405345	0.223459539717892	1.37045285820342	0.366740905716407	0	1.29844097995546	0.224201930215293	0	2.74907201187825	1.6369710467706	3.15070527097253	2.17446176688938	2.14847809948033	3.35783221974759	2.21752041573868	1.57461024498886	1.81440237564959	4.35263548626578	1.98144023756496	3.19450631031923	2.09576837416481	0.908685968819599	3.45137342242019
1594646	Bacteria_71	Ribosomal_S10	PF00338.22	0.757575757575758	1.25757575757576	2.7	1.1030303030303	0.696969696969697	0.448484848484848	0.887878787878788	0.912121212121212	1.58181818181818	0.481818181818182	0.796969696969697	2.24545454545455	0	0	1.65454545454545	0.460606060606061	3.93333333333333	2.53333333333333	3.73636363636364	1.1	1.43030303030303	0.548484848484848	4.4030303030303	2.41818181818182	1.37878787878788	2.11818181818182	0.990909090909091	1.15757575757576	1.58484848484848
1681313	Bacteria_71	GrpE	PF01025.19	0.98159509202454	0	1.77300613496933	0.319018404907975	0	0	0.689161554192229	0	0.764826175869121	4.06543967280164	0	0.539877300613497	0	0	0.402862985685072	1.51124744376278	2.74437627811861	2.0879345603272	1.17382413087935	0.975460122699386	1.84049079754601	1.04294478527607	2.31901840490798	1.23312883435583	0.930470347648262	3.97955010224949	0.229038854805726	1.31288343558282	2.86094069529652
884102	Bacteria_71	Ribosomal_L3	PF00297.22	0	0.536549707602339	2.67836257309942	0.662280701754386	0	0	0.736842105263158	0.440058479532164	1.31578947368421	1.09649122807018	0	0	0	0.219298245614035	2.0219298245614	0.304093567251462	3.26461988304094	1.4780701754386	0.941520467836257	1.73830409356725	1.20760233918129	0.437134502923977	2.09941520467836	0.66812865497076	0.866959064327485	2.31286549707602	0.220760233918129	0.741228070175439	2.00730994152047
884103	Bacteria_71	Ribosomal_L4	PF00573.22	0.343572241183163	0.261660978384528	1.53469852104664	0	1.19908987485779	0.993174061433447	0.844141069397042	0	0.521046643913538	0.324232081911263	0.343572241183163	0.343572241183163	0	0.343572241183163	3.52559726962457	3.97838452787258	3.97610921501706	3.20136518771331	2.64391353811149	1.03640500568828	3.13310580204778	0.610921501706485	2.17747440273038	4.02730375426621	0.938566552901024	2.39931740614334	0.938566552901024	1.580204778157	3.04323094425484
884104	Bacteria_71	Ribosomal_L23	PF00276.20	1.46048109965636	2.47079037800687	1.47079037800687	0.728522336769759	1.74914089347079	0.0927835051546392	0.74914089347079	0	0.625429553264605	0.989690721649485	0	0	0	0	3.71821305841924	2.79725085910653	5.34020618556701	1.1786941580756	1.94845360824742	1.01030927835052	2.48453608247423	1.20618556701031	3.65635738831615	4.46048109965636	2.99312714776632	4.57388316151203	2.41237113402062	2.04810996563574	6.04123711340206
884106	Bacteria_71	Ribosomal_S19	PF00203.21	0.914666666666667	1.26666666666667	0.802666666666667	0.386666666666667	0.384	0	0.853333333333333	0	0.890666666666667	0.805333333333333	0	0.549333333333333	0.741333333333333	0	1.90933333333333	0.8	3.65333333333333	1.81066666666667	1.55466666666667	1.48	2.74933333333333	0.341333333333333	0.845333333333333	0.952	2.22666666666667	1.17866666666667	0.314666666666667	1.912	1.544
884107	Bacteria_71	Ribosomal_L22	PF00237.19	1.18560606060606	0.21969696969697	2.72727272727273	0.166666666666667	0	0	1.21212121212121	0.909090909090909	2.23674242424242	1.42424242424242	0	1.27462121212121	0.412878787878788	0	3.80681818181818	3.45454545454545	1.83901515151515	3.21590909090909	1.36363636363636	3.95833333333333	2.47537878787879	0	2.68939393939394	3.40719696969697	1.68371212121212	3.1155303030303	1.54356060606061	1.5625	4.41477272727273
884108	Bacteria_71	Ribosomal_S3_C	PF00189.20	1.18103448275862	1.73132183908046	1.27155172413793	0.431034482758621	0.686781609195402	0	1.92241379310345	0.510057471264368	1.13218390804598	1.9698275862069	0	0.875	0	0	3.17385057471264	1.51293103448276	2.21120689655172	2.35775862068966	0.951149425287356	3.05603448275862	0.977011494252874	0	3.34051724137931	3.46551724137931	1.08908045977011	3.3117816091954	0.35632183908046	1.29741379310345	4.50431034482759
884111	Bacteria_71	Ribosomal_S17	PF00366.20	0.885964912280702	0.652046783625731	1.04970760233918	0	0.52046783625731	0	2.66959064327485	0.883040935672515	0.219298245614035	1.49122807017544	0.812865497076023	0	0	0	1.55847953216374	0.111111111111111	1.63450292397661	4.84210526315789	2.16959064327485	2.23099415204678	2.40058479532164	1.03216374269006	3.25730994152047	3.01461988304094	0.871345029239766	4.16081871345029	1.15789473684211	1.92105263157895	6.32163742690059
884112	Bacteria_71	Ribosomal_L14	PF00238.19	1.37844611528822	0.566416040100251	0.378446115288221	0.634085213032581	0.378446115288221	0.714285714285714	0.982456140350877	0	1.06265664160401	0.992481203007519	0	0.378446115288221	0	0	2.98245614035088	0	2.33834586466165	0.456140350877193	1.59147869674185	0.781954887218045	3.53884711779449	1.41854636591479	2.93734335839599	0.258145363408521	2.30576441102757	3.9874686716792	0.854636591478697	2.75438596491228	4.96992481203007
884115	Bacteria_71	Ribosomal_L5	PF00281.19	2.53598484848485	0	3.41666666666667	1.27651515151515	0.481060606060606	0	0.128787878787879	0	2.39772727272727	0.0984848484848485	0.285984848484849	1.50189393939394	0.465909090909091	0	1.15151515151515	0.924242424242424	2.15719696969697	2.2594696969697	3.47727272727273	1.62878787878788	1.83901515151515	0.992424242424242	2.08901515151515	2.78787878787879	1.00378787878788	1.96212121212121	1.73106060606061	2.66098484848485	4.15719696969697
884117	Bacteria_71	Ribosomal_S8	PF00410.19	1.52307692307692	0	0.979487179487179	1.07692307692308	0.387179487179487	0	0	0.774358974358974	0.774358974358974	0.751282051282051	0	0.635897435897436	0	0	2.25897435897436	1.18461538461538	4.77435897435897	1.14102564102564	0.753846153846154	2.87179487179487	1.42820512820513	1.31538461538462	2.21538461538462	1.26410256410256	1.57948717948718	2.50512820512821	0.151282051282051	0.769230769230769	1.88717948717949
884118	Bacteria_71	Ribosomal_L6	PF00347.23	0.976702508960573	0.691756272401434	1.80286738351254	0.42831541218638	0	0.462365591397849	1.59856630824373	0.541218637992832	0.551971326164875	0.818996415770609	0.0627240143369176	0	0.270609318996416	0	1.93548387096774	0.82258064516129	4.14695340501792	3.09498207885305	1.07706093189964	3.37455197132616	1.61111111111111	1.74014336917563	0.686379928315412	3.33870967741935	1.81182795698925	3.96774193548387	1.47491039426523	2.57168458781362	4.86379928315412
884124	Bacteria_71	Ribosomal_L27A	PF00828.19	1.29342723004695	0	1.56572769953052	0	0	0.0610328638497653	2.36384976525822	0.708920187793427	2.55164319248826	1.72769953051643	0.354460093896714	0.927230046948357	0	0	2.18544600938967	0.589201877934272	2.28638497652582	4.26995305164319	0	2.13849765258216	1.28403755868545	0.274647887323944	2.34272300469484	2.38262910798122	0	0.814553990610329	0.877934272300469	2.16666666666667	2.91549295774648
884125	Bacteria_71	SecY	PF00344.20	1.51197916666667	0	2.70625	0.752604166666667	1.0390625	0.323958333333333	2.2359375	0.470833333333333	1.384375	0.742708333333333	0.243229166666667	0.559895833333333	0	0	3.178125	1.02239583333333	1.88333333333333	2.80520833333333	1.90104166666667	2.97083333333333	1.25572916666667	0.78125	2.63541666666667	2.22760416666667	1.70416666666667	2.26302083333333	1.22291666666667	2.63177083333333	3.87395833333333
938370	Bacteria_71	Ribosomal_S15	PF00312.22	3.06535947712418	0.657952069716776	2.31372549019608	1.18518518518519	1.68845315904139	0	0	0.0806100217864924	0	2.79084967320261	0.657952069716776	1.35729847494553	0	0.392156862745098	1.14596949891068	1.91285403050109	1.92374727668845	3.57298474945534	3.92156862745098	1.64270152505447	3.06535947712418	0.455337690631808	1.69281045751634	2.12854030501089	0.845315904139434	3.74074074074074	1.37254901960784	1.1677559912854	3.28976034858388
938379	Bacteria_71	ADK	PF00406.22	2.02314814814815	0.41358024691358	1.39506172839506	0.464506172839506	1.27006172839506	1.39506172839506	2.15432098765432	0	2.33024691358025	0.486111111111111	0	0	0	1.38888888888889	2.04475308641975	0.851851851851852	4.125	1.65740740740741	4.87654320987654	5.32561728395062	1.56172839506173	2.60648148148148	4.14969135802469	2.60030864197531	1.76388888888889	4.03395061728395	1.4537037037037	2.2608024691358	3.06172839506173
358869	Bacteria_71	AICARFT_IMPCHas	PF01808.18	0.30239898989899	0.676136363636364	2.41477272727273	1.65340909090909	0.571338383838384	0.570707070707071	2.11426767676768	0.189393939393939	2.01262626262626	0.847853535353535	0.0934343434343434	0.855429292929293	0	0.190656565656566	2.54103535353535	1.7979797979798	3.24747474747475	3.17108585858586	2.12563131313131	2.46843434343434	1.5479797979798	1.34532828282828	1.6875	2.17929292929293	1.14204545454545	3.2209595959596	0.676136363636364	1.82512626262626	3.47222222222222
379903	Bacteria_71	Ribosomal_L1	PF00687.21	1.42746913580247	0.896604938271605	1.64969135802469	2.08641975308642	0.0462962962962963	0.305555555555556	2.80401234567901	0.402777777777778	1.48765432098765	1.32098765432099	0.509259259259259	0.233024691358025	0.445987654320988	0	2.74382716049383	1.32716049382716	1.92901234567901	4.77006172839506	1.52314814814815	3.9783950617284	3.16049382716049	0.699074074074074	3.80092592592593	3.50154320987654	1.36882716049383	2.61111111111111	1.76543209876543	1.66358024691358	5.84104938271605
445102	Bacteria_71	Ham1p_like	PF01725.16	0	2.27750410509031	2.96223316912972	1.64039408866995	0.602627257799672	0	1.70443349753695	0	1.94252873563218	1.26436781609195	0.494252873563218	1.15106732348112	0.333333333333333	0	2.89162561576355	1.48440065681445	3.79310344827586	1.57471264367816	0.801313628899836	2.10673234811166	5.72906403940887	1.49261083743842	2.08210180623974	6.38095238095238	1.97536945812808	4.51888341543514	0.932676518883415	3.08210180623974	3.2824302134647
457121	Bacteria_71	Ribosomal_L3	PF00297.22	1.45951035781544	0.284369114877589	2.27683615819209	1.87193973634652	0.549905838041431	0	0.369114877589454	0.753295668549906	0	0.749529190207156	0.847457627118644	0.854990583804143	0	0.853107344632768	4.44444444444444	0	1.56120527306968	2.45951035781544	1.84745762711864	2.92843691148776	2.4180790960452	0.849340866290019	2.67043314500942	2.87758945386064	0.512241054613936	2.95856873822976	1.78719397363465	1.25800376647834	3.54425612052731
483901	Bacteria_71	Ribosomal_S2	PF00318.20	2.93170731707317	0.0260162601626016	3.04065040650406	0.731707317073171	0.819512195121951	0.0113821138211382	1.71544715447154	0	1.0260162601626	1.94308943089431	0.489430894308943	1.07479674796748	0.486178861788618	0	2.12032520325203	2.03414634146341	5.43089430894309	2.53658536585366	4.37723577235772	2.06341463414634	2.6130081300813	1.55934959349593	1.7739837398374	1.77886178861789	2.55121951219512	4.77235772357724	3.59837398373984	2.27642276422764	3.2
483969	Bacteria_71	eIF-1a	PF01176.19	1.80434782608696	0	2.82608695652174	1.47463768115942	1.18659420289855	0	0.84963768115942	0	0.271739130434783	0.932971014492754	0	0.110507246376812	0	0	1.26630434782609	0.748188405797101	5.72826086956522	0.835144927536232	4.05978260869565	1.79528985507246	2.26630434782609	0.989130434782609	0.956521739130435	3.38405797101449	1.40398550724638	2.68115942028985	1.6304347826087	2.11594202898551	3.74275362318841
1289209	Bacteria_71	RNA_pol_Rpb6	PF01192.22	0.0108695652173913	0.278985507246377	2.3768115942029	1.08695652173913	0.0108695652173913	0	1.6268115942029	0	1.0036231884058	0.731884057971015	1.19565217391304	0.692028985507246	0	0	4.19927536231884	0.652173913043478	2.5036231884058	2.94202898550725	1.42391304347826	5.02898550724638	1.81159420289855	1.36594202898551	0.673913043478261	4.42028985507246	0	3.66666666666667	0.97463768115942	0.467391304347826	5.46739130434783
