gene_callers_id	source	gene_name	gene_hmm_id	WAM_ALR	WAM_CCR	WAM_IPI	WAM_MAR	WAM_MYS	WAM_PBL	WAM_PJN	WAM_PPR	WAM_PST	WAM_ROL	WAM_SCR	WAM_SGN	WAM_SIS	WAM_TWN	WAR_ALR	WAR_CCR	WAR_IPI	WAR_MAR	WAR_MYS	WAR_PBL	WAR_PJN	WAR_PPR	WAR_PSK	WAR_PST	WAR_RNW	WAR_ROL	WAR_SCR	WAR_SGL	WAR_SIS
1073146	Bacteria_71	OSCP	PF00213.18	0	0	0	0	0	0	0	0	0	0	0	0	0	0	0	0	0	0	0	0	1.01550387596899	0.0310077519379845	0	0	0	0.209302325581395	0.0542635658914729	0	0
1101513	Bacteria_71	Chorismate_synt	PF01264.21	0.902610441767068	0.755020080321285	0.907630522088353	0.168674698795181	0.151606425702811	0	0.604417670682731	0.562248995983936	0.604417670682731	0.302208835341365	0	0.151606425702811	0	0	1.91064257028112	0.542168674698795	0.893574297188755	0.602409638554217	0.302208835341365	0.302208835341365	0.756024096385542	1.45180722891566	0.734939759036145	2.26305220883534	1.19176706827309	1.16967871485944	1.63253012048193	0	0
1110346	Bacteria_71	OSCP	PF00213.18	0.173400673400673	1.08080808080808	0.53030303030303	0	0	0	1.00841750841751	0	0.254208754208754	0	0.466329966329966	0.919191919191919	0	0	1.01178451178451	0.134680134680135	0.407407407407407	0	0.333333333333333	0.508417508417508	0.78956228956229	1.04882154882155	0.95959595959596	0.863636363636364	0.410774410774411	1.74915824915825	1.21043771043771	1.21717171717172	0.373737373737374
1110349	Bacteria_71	ATP-synt_A	PF00119.20	0.325732899022801	0	0.326818675352877	0.264929424538545	0	0.326818675352877	1.0499457111835	0	1.09120521172638	0.325732899022801	0.325732899022801	0	0.654723127035831	0.169381107491857	0.919652551574376	0.0282301845819761	0	0.46471226927253	0.327904451682953	0.0314875135722041	1.2942453854506	0.488599348534202	1.27361563517915	1.62106406080347	1.72312703583062	1.14332247557003	0.806731813246471	0.327904451682953	0.593919652551574
1187766	Bacteria_71	Ribosomal_S9	PF00380.19	0	0.79004329004329	0.53030303030303	0	0.865800865800866	0	0.547619047619048	0	0.742424242424242	0	0	0.261904761904762	0	0.101731601731602	1.00649350649351	0.653679653679654	0	0	0	0.725108225108225	0.829004329004329	0.978354978354978	0	2.21645021645022	0.627705627705628	0.649350649350649	2.08441558441558	0.251082251082251	0.220779220779221
1187767	Bacteria_71	Ribosomal_L13	PF00572.18	0	1.84382284382284	0.0326340326340326	0	1.31701631701632	0	0.414918414918415	0.351981351981352	0.351981351981352	0.699300699300699	0	1.09324009324009	0	0.545454545454545	0.925407925407925	0	0	0	0.459207459207459	1.68531468531469	0.79020979020979	1.25874125874126	2.58974358974359	2.58275058275058	1.66200466200466	2.05827505827506	2.34498834498834	1.03962703962704	0.354312354312354
265865	Bacteria_71	Ribosomal_L1	PF00687.21	1.67103347889374	0.512372634643377	1.34061135371179	0.880640465793304	0.324599708879185	0.436681222707424	0.759825327510917	0.438136826783115	0.547307132459971	0	0.438136826783115	0.634643377001456	0.106259097525473	0	1.48471615720524	0.652110625909753	0.310043668122271	0.87627365356623	0.438136826783115	0.572052401746725	1.36826783114993	1.5764192139738	0.544395924308588	1.07569141193595	0	2.13391557496361	1.45269286754003	0.145560407569141	1.90829694323144
348333	Bacteria_71	tRNA-synt_1d	PF00750.19	0.27172195892575	0.238546603475513	0.323854660347551	0	0	0	0	0	0	0	0	0.584518167456556	0.115323854660348	0.477093206951027	0.380726698262243	0.477093206951027	0	0	0.85781990521327	0.721958925750395	0	0.974723538704581	0.477093206951027	0.906793048973144	0.672985781990521	1.1042654028436	0.17693522906793	0.120063191153239	0
621650	Bacteria_71	ATP-synt	PF00231.19	0.763367463026166	0	0.978384527872582	0.279863481228669	0.136518771331058	0.342434584755404	0.686006825938567	0.126279863481229	0.343572241183163	0	1.25369738339022	1.02844141069397	0.514220705346985	0.342434584755404	0.258248009101251	0.536973833902162	1.71786120591581	0.686006825938567	0.343572241183163	0	0.830489192263936	1.41069397042093	1.21501706484642	1.5358361774744	0.812286689419795	1.12855517633675	1.88168373151308	0.155858930602958	0.572241183162685
657855	Bacteria_71	ADK	PF00406.22	0	0.364734299516908	0.468599033816425	0	0	0	0	1.17391304347826	1.07729468599034	0.729468599033816	0	0	0.415458937198068	0	0.265700483091787	0.277777777777778	0	0	0	1.39613526570048	0	0.560386473429952	0	0.727053140096618	0	1.85024154589372	2.56521739130435	0.157004830917874	0.241545893719807
8595	Bacteria_71	Ribosomal_L9_C	PF03948.14	0	0.114035087719298	0	0	0	0	0	0.512280701754386	0.791228070175439	0	0	0	0	0	0.526315789473684	0.414035087719298	0.784210526315789	0.529824561403509	0.12280701754386	0.264912280701754	0	0	0.36140350877193	0.96140350877193	0.263157894736842	0.349122807017544	1.7140350877193	0.00701754385964912	0.264912280701754
103973	Bacteria_71	RRF	PF01765.19	0	0.53475935828877	0	0	0.267379679144385	0	0.269162210338681	0	0.557932263814617	0	0	0.636363636363636	0	0	0	0.18716577540107	0.536541889483066	0	0	0.793226381461676	0.53475935828877	0.299465240641711	0	0.538324420677362	0	0	0.695187165775401	0	0.53475935828877
113685	Bacteria_71	AICARFT_IMPCHas	PF01808.18	0.255102040816327	0.858843537414966	1.45238095238095	0.128401360544218	0	0.255102040816327	0.80187074829932	0	0.255952380952381	0.30187074829932	0	0	0	0	0.568877551020408	0.545918367346939	0.279761904761905	0.510204081632653	0.431972789115646	0.511904761904762	0.0153061224489796	0	0.564625850340136	1.02551020408163	0.460884353741497	0.255952380952381	2.10034013605442	0.843537414965986	0.358843537414966
152137	Bacteria_71	YajC	PF02699.15	3.44029850746269	0.370646766169154	0.480099502487562	0.104477611940299	0	0.358208955223881	0.383084577114428	0	1.84825870646766	0	0.435323383084577	0.549751243781095	0.189054726368159	0	3.93283582089552	0	0.477611940298507	0.746268656716418	0.0646766169154229	0.624378109452736	0.59452736318408	5.50995024875622	1.12437810945274	1.0273631840796	1.9228855721393	2.69154228855721	0.699004975124378	0.375621890547264	1.29353233830846
158076	Bacteria_71	AICARFT_IMPCHas	PF01808.18	0.0632911392405063	0.423347398030942	0.424753867791842	0.362869198312236	0.282700421940928	0	0.528832630098453	0	0.409282700421941	0.424753867791842	0	0.212376933895921	0.0689170182841069	0	1.30098452883263	1.67088607594937	0.874824191279888	0.423347398030942	0	0.423347398030942	0.423347398030942	0.728551336146273	0.364275668073136	2.19549929676512	0.637130801687764	0.547116736990155	1.62306610407876	0.835443037974684	0.753867791842475
173484	Bacteria_71	Ribonuclease_P	PF00825.18	0.122507122507123	0	0	0	0	0	0	0	0	0	0	0.64957264957265	0.723646723646724	0	1.51282051282051	1.06837606837607	0	0.794871794871795	0	0	0.327635327635328	2.52136752136752	0	0.82051282051282	0	0	1.22792022792023	0.954415954415954	2.41310541310541
1412461	Bacteria_71	Ribosomal_L28	PF00830.19	1.1025641025641	0.80952380952381	1.07326007326007	0.439560439560439	0	0	0	0	0.549450549450549	0	0	1.04395604395604	0.553113553113553	0	1.35164835164835	0.135531135531136	0.545787545787546	1.06227106227106	0.542124542124542	0	2.49084249084249	0.52014652014652	1.62271062271062	1.9010989010989	0	1.35897435897436	0.227106227106227	0	0.553113553113553
1460982	Bacteria_71	Ribosomal_L27A	PF00828.19	0.132352941176471	0.598039215686274	0	0	2.21078431372549	0	0	0	0.735294117647059	0	0	0.735294117647059	0	0	0	0	0.455882352941176	0.715686274509804	0.661764705882353	0.661764705882353	0	0.715686274509804	0.627450980392157	0.656862745098039	0.313725490196078	0.25	0	0.71078431372549	0
1460984	Bacteria_71	Ribosomal_L18p	PF00861.22	0	1.24517906336088	0	0	0	0	0	0.944903581267218	0	0.685950413223141	0.831955922865014	0	0	0	2.22865013774105	0.415977961432507	1.45730027548209	0	0.31129476584022	0	1.77961432506887	1.22865013774105	1.73829201101928	2.0771349862259	0.482093663911846	1.52617079889807	6.00275482093664	0.730027548209366	1.73278236914601
1460985	Bacteria_71	Ribosomal_L6	PF00347.23	0	1.03063063063063	0.318918918918919	0	0	0.544144144144144	1.1045045045045	0.554954954954955	0.918918918918919	0.0648648648648649	0.542342342342342	0	0.542342342342342	0.544144144144144	1.25405405405405	1.86666666666667	0.428828828828829	0.544144144144144	1.08468468468468	0	0.634234234234234	0.846846846846847	1.93693693693694	3.81081081081081	0.623423423423423	0.996396396396396	3.23423423423423	0.891891891891892	1.4018018018018
1460986	Bacteria_71	Ribosomal_S8	PF00410.19	0	0.769423558897243	0.2531328320802	1.50877192982456	0	0	1.40601503759399	0	0.774436090225564	0.794486215538847	0	0	0	0	1.50375939849624	1.13032581453634	0.81453634085213	0	0	1.29323308270677	0.576441102756892	0.847117794486215	0.513784461152882	1.0125313283208	0.847117794486215	1.60902255639098	4.69674185463659	1.27067669172932	0.0350877192982456
1479839	Bacteria_71	Exonuc_VII_L	PF02601.15	0	0.55327868852459	0.209016393442623	0	0	0.467213114754098	0.617486338797814	0.408469945355191	0.726775956284153	0	0.41120218579235	0.952185792349727	0.385245901639344	0	0.806010928961749	0.204918032786885	0	0.774590163934426	0	0	0.618852459016393	0.644808743169399	1.23087431693989	1.0724043715847	0.183060109289617	0.786885245901639	2.6707650273224	0.41120218579235	0
1533774	Bacteria_71	Ribosomal_S11	PF00411.19	2.25	1.42204301075269	2.26612903225806	0	0.268817204301075	0	0.169354838709677	0.198924731182796	0.787634408602151	0.120967741935484	0	0.258064516129032	0.809139784946237	0	2.5752688172043	0.846774193548387	2.43548387096774	0.21505376344086	0.314516129032258	0.475806451612903	1.45430107526882	0.110215053763441	0.21505376344086	0	0	0.564516129032258	2.90591397849462	0	1.0241935483871
1533775	Bacteria_71	Ribosomal_S13	PF00416.22	0.674603174603175	1.58201058201058	0.735449735449735	0.285714285714286	0	0	0.76984126984127	0.386243386243386	0	0.510582010582011	0.37037037037037	1.33862433862434	0.19047619047619	0.756613756613757	1.63492063492063	0.798941798941799	2.7037037037037	1.25925925925926	1.21428571428571	0.85978835978836	1.34126984126984	2.21957671957672	0	0.798941798941799	1.12169312169312	0.94973544973545	1.91269841269841	0.793650793650794	0.67989417989418
1533777	Bacteria_71	eIF-1a	PF01176.19	0	1.9212962962963	0.347222222222222	0.138888888888889	0.333333333333333	0	0	0	0	0.944444444444444	0.546296296296296	2.34259259259259	0.171296296296296	0	0.439814814814815	0	1.53703703703704	0.662037037037037	0.763888888888889	0	0.810185185185185	0.162037037037037	2.34259259259259	0.856481481481482	0.333333333333333	0.935185185185185	5.13425925925926	0	0.0925925925925926
979200	Bacteria_71	Ribosomal_L17	PF01196.19	0.601928374655647	0.823691460055096	0.725895316804408	0.415977961432507	0	0.62396694214876	0.207988980716253	1.17493112947658	1.2465564738292	0	0.415977961432507	0	0.415977961432507	0	0.56198347107438	0.0358126721763085	1.11845730027548	0.599173553719008	0.296143250688705	0.449035812672176	2.0633608815427	1.3030303030303	0.207988980716253	1.17768595041322	0.841597796143251	0.396694214876033	2.3732782369146	0.0275482093663912	0.622589531680441
1031110	Bacteria_71	SecE	PF00584.20	0.683698296836983	0.732360097323601	0	0	0	0	0	0.732360097323601	0	0.335766423357664	0	0	0.734793187347932	0.245742092457421	0	0.491484184914842	0	0.389294403892944	0	0.145985401459854	0.975669099756691	1.33333333333333	0	1.61313868613139	0	0.734793187347932	1.81751824817518	1.10462287104623	0.732360097323601
1032308	Bacteria_71	RsfS	PF02410.15	0	0	0	0.449275362318841	0	0	1.82246376811594	0.547101449275362	0.492753623188406	0	0	0	0	0	0.963768115942029	0	2.03623188405797	0.271739130434783	0	0	0.865942028985507	0	0	1.07608695652174	0.173913043478261	0.242753623188406	5.47826086956522	0.547101449275362	0
1037526	Bacteria_71	Chorismate_synt	PF01264.21	0	0	0	0	0	0	0.566854990583804	0	0.382297551789077	0	0.284369114877589	1.25423728813559	0	0	1.60828625235405	0.367231638418079	0.361581920903955	0.455743879472693	0	0.564971751412429	0	0.48210922787194	0	1.71374764595104	0.642184557438795	1.33333333333333	2.69114877589454	0	0
735950	Bacteria_71	Ribosomal_S6	PF01250.17	1.66319444444444	0	0	0	0	0	0	0	0	0	0	1.47222222222222	0.1875	0	0	0.600694444444444	0.878472222222222	0.975694444444444	0	0.121527777777778	0.84375	0	1.43055555555556	0.822916666666667	0	2.375	1.13194444444444	0.90625	1.55555555555556
735951	Bacteria_71	Pept_tRNA_hydro	PF01195.19	0.433835845896147	1.01005025125628	0.52428810720268	0	0.50251256281407	0	0.897822445561139	0.666666666666667	0	0	0.505862646566164	0	0.348408710217755	0	1.07537688442211	1.91122278056951	1.75209380234506	0.103852596314908	0.393634840871022	0.641541038525963	0.793969849246231	1.04522613065327	0.201005025125628	1.74036850921273	0.448911222780569	1.59966499162479	2.49078726968174	1.01842546063652	0.294807370184255
867798	Bacteria_71	SecY	PF00344.20	0.136404697380307	0.147244805781391	0.272809394760614	0	0.654019873532069	0.104787714543812	0.695573622402891	0.266485998193315	0.409214092140921	0.543812104787715	0	0.272809394760614	0	0.272809394760614	0.857271906052394	0.272809394760614	0.540198735320687	0	0.796747967479675	0.807588075880759	0.997289972899729	1.66034327009937	0.348690153568202	1.10659439927733	0.407407407407407	0.985546522131888	2.15718157181572	0.488708220415537	1.19241192411924
867799	Bacteria_71	Ribosomal_L27A	PF00828.19	0.774358974358974	0.712820512820513	0	0.771794871794872	1.16410256410256	0.446153846153846	1.06410256410256	0	0.771794871794872	0.771794871794872	0	0	0.771794871794872	0	1.00512820512821	0	0.771794871794872	0.387179487179487	0.794871794871795	1.48205128205128	0.407692307692308	0.98974358974359	0.894871794871795	0.958974358974359	0	0.953846153846154	3.14358974358974	1.06923076923077	0.443589743589744
366101	Bacteria_71	RecO_C	PF02565.15	0.759722222222222	1.41388888888889	0.325	0.418055555555556	0	0.209722222222222	0.461111111111111	0	0.209722222222222	0.419444444444444	0.419444444444444	0.209722222222222	0.627777777777778	0.0430555555555555	0.629166666666667	0	0.898611111111111	2.09722222222222	0.836111111111111	0.838888888888889	0.836111111111111	1.50416666666667	1.34861111111111	0.983333333333333	0.419444444444444	0.394444444444444	2.07777777777778	0	1.04722222222222
375038	Bacteria_71	SmpB	PF01668.18	0.157464212678937	0.922290388548057	0.30879345603272	0	0	0	0.282208588957055	1.19222903885481	1.7280163599182	0	0	0	0	0	1.14723926380368	1.22494887525562	0.30879345603272	0	0	1.84867075664622	1.78732106339468	0.803680981595092	0.570552147239264	0.74642126789366	1.70961145194274	1.02453987730061	0.858895705521472	0	1.12883435582822
397599	Bacteria_71	Ribosomal_S7	PF00177.21	0	1.66666666666667	0.0767676767676768	0.480808080808081	0	0	0.464646464646465	0.498989898989899	0.896969696969697	0.537373737373737	0.125252525252525	2.25858585858586	1.21818181818182	0.125252525252525	2.17373737373737	1.25454545454545	1.21818181818182	0	1.12929292929293	0.42020202020202	0	0.545454545454545	0.678787878787879	0.426262626262626	0.608080808080808	0.61010101010101	0.256565656565657	0	1.30505050505051
437855	Bacteria_71	Ham1p_like	PF01725.16	0	0.740196078431373	0	0	0.598039215686274	0	0	0	0.325980392156863	0	0	0	0	0	0	0	0.379901960784314	1.74754901960784	0	0	0.686274509803922	0.321078431372549	0	0	1.47794117647059	1.09313725490196	0	0	0.370098039215686
441327	Bacteria_71	Ribosomal_L21p	PF00829.21	0.754716981132076	1.42452830188679	0	0	0	0	1.28301886792453	0.943396226415094	0.39622641509434	0	0	0	0	0.289308176100629	0.855345911949686	1.5	0.792452830188679	1.41509433962264	0	0	0	1.79559748427673	1.75786163522013	0.474842767295597	0	2.16981132075472	0.474842767295597	0.723270440251572	0.990566037735849
446569	Bacteria_71	Ribosomal_L19	PF01245.20	0	0.330845771144279	0.689054726368159	0	0.766169154228856	0.616915422885572	0.243781094527363	1.7910447761194	0	0.509950248756219	0	0.477611940298507	0	0	1.22139303482587	0.0348258706467662	1.37810945273632	0	0	1.11442786069652	2.19154228855721	1.09203980099502	0.218905472636816	2.318407960199	0	0.373134328358209	3.03233830845771	0	0.348258706467662
446570	Bacteria_71	tRNA_m1G_MT	PF01746.21	0	1.66937669376694	0.811653116531165	0.409214092140921	0	0.40650406504065	0.814363143631436	1.10027100271003	0.407859078590786	0	0	0.91869918699187	0	0	1.83875338753388	0.456639566395664	0.386178861788618	0.440379403794038	1.22493224932249	1.16937669376694	1.64905149051491	1.08536585365854	0.814363143631436	1.62466124661247	0.407859078590786	0.808943089430894	1.17344173441734	0	0.407859078590786
446571	Bacteria_71	Ribosomal_S16	PF00886.19	0	1.52592592592593	0.555555555555556	0	0	0	0.537037037037037	0	0	0	0	0.72962962962963	0	0	2.4	1.45185185185185	0.559259259259259	1.0037037037037	0.5	0	0.574074074074074	1.00740740740741	0.307407407407407	1.32222222222222	0.333333333333333	0.155555555555556	0.855555555555556	0	0.955555555555556
493009	Bacteria_71	UPF0054	PF02130.17	0	1.16184971098266	0.421965317919075	0.294797687861272	0.420038535645472	0.520231213872832	1.9364161849711	0.8747591522158	0.290944123314065	0.470134874759152	0	0.578034682080925	1.16377649325626	0	0.290944123314065	1.58574181117534	1.15221579961464	1.71676300578035	0.458574181117534	0	0.961464354527938	1.39306358381503	0.69364161849711	1.03853564547206	0.655105973025048	2.32562620423892	2.11368015414258	0.402697495183044	0.240847784200385
1237058	Bacteria_71	Ribosomal_S2	PF00318.20	0	0	0.541218637992832	0	0	1.14874551971326	0.378136200716846	0.164874551971326	1.08781362007168	0	0	0	0	0	0	0.96415770609319	0.811827956989247	0.270609318996416	0.946236559139785	0	0.10573476702509	1.00537634408602	1.08064516129032	0.42831541218638	0.293906810035842	0.351254480286738	1.3673835125448	0	0.910394265232975
1248065	Bacteria_71	Ribosomal_S10	PF00338.22	0	0	0	0	0	0	0.00323624595469255	0	1.19417475728155	0	0	0	0	0	0	0	0	0	0	0	0.97411003236246	0	0	0	0.103559870550162	0.110032362459547	0.938511326860841	0	0
1248066	Bacteria_71	Ribosomal_L3	PF00297.22	0.197962154294032	1.04512372634643	0.438136826783115	0.438136826783115	0.235807860262009	0.433770014556041	0.439592430858806	0	0	0	0	0.352256186317322	0.349344978165939	0	0.679767103347889	0	0.372634643377001	0.436681222707424	0	0.114992721979622	0.218340611353712	0.393013100436681	1.31441048034935	1.79039301310044	0.241630276564774	0.326055312954876	0.656477438136827	0	0.698689956331878
1248067	Bacteria_71	Ribosomal_L4	PF00573.22	0.877828054298643	0.453996983408748	0	1.32126696832579	0.214177978883861	0.227752639517345	0.0196078431372549	0	0	0	0	0.907993966817496	0	0	0	0.455505279034691	0.906485671191554	0.906485671191554	0.395173453996983	0.730015082956259	0.838612368024133	0.959276018099548	0	2.15082956259427	0.907993966817496	1.22775263951735	3.43589743589744	0	1.23981900452489
1248068	Bacteria_71	Ribosomal_L23	PF00276.20	0.0681003584229391	0	0	0.598566308243728	0	0.734767025089606	2.68458781362007	1.06451612903226	1.83154121863799	0	0	0.519713261648746	0.537634408602151	0.125448028673835	0.541218637992832	0.544802867383513	3.09677419354839	0	0.304659498207885	0.720430107526882	0	4.03584229390681	0	2.41935483870968	0	0.881720430107527	4.59856630824373	0	1.06810035842294
1248069	Bacteria_71	Ribosomal_L2	PF00181.23	0.0454545454545454	0	0	0.476689976689977	0	0.843822843822844	0.555944055944056	0.34965034965035	0.440559440559441	0.167832167832168	0	0.965034965034965	0.264568764568765	0.292540792540793	0.604895104895105	0.947552447552448	1.03846153846154	0.701631701631702	0.728438228438228	0.644522144522145	1.34382284382284	1.25058275058275	0.624708624708625	3.52097902097902	0.998834498834499	0.0780885780885781	3.54545454545455	0.34965034965035	1.96153846153846
1248070	Bacteria_71	Ribosomal_S19	PF00203.21	1.31914893617021	0.531914893617021	0.907801418439716	0	0	0	3.73758865248227	0	1.12765957446809	0.535460992907801	0	0	0.75886524822695	0	0.98936170212766	1.0177304964539	0	0	0.411347517730496	0	1.13475177304965	1.06737588652482	1.53191489361702	1.36524822695035	0.652482269503546	1.81560283687943	1.51063829787234	0.531914893617021	0.407801418439716
1248071	Bacteria_71	Ribosomal_L22	PF00237.19	0.836158192090395	1.72598870056497	0.0790960451977401	0	1.04802259887006	0.423728813559322	0	0.612994350282486	0.556497175141243	0.209039548022599	0	0.663841807909605	0.853107344632768	0	1.81920903954802	3.1045197740113	0	0.203389830508475	0.80225988700565	0.423728813559322	0	1.27683615819209	0.757062146892655	2.47457627118644	0	0.867231638418079	3.39830508474576	0.426553672316384	0.69774011299435
1248072	Bacteria_71	Ribosomal_S3_C	PF00189.20	0.836182336182336	2.74643874643875	0	0.213675213675214	0.747863247863248	0.212250712250712	0	0.116809116809117	0.403133903133903	0.747863247863248	0.43019943019943	1.77635327635328	0.121082621082621	0	0.534188034188034	1.83618233618234	0.202279202279202	0.323361823361823	0.180911680911681	0.752136752136752	3.01424501424501	2.32478632478632	1.53561253561254	1.88603988603989	0.777777777777778	3.6994301994302	1.98860398860399	0.287749287749288	0.0170940170940171
1248073	Bacteria_71	Ribosomal_L16	PF00252.18	0.569047619047619	1.19285714285714	0.335714285714286	0.35952380952381	0	0.361904761904762	0.847619047619048	1.8452380952381	1.0452380952381	0	0.664285714285714	0	0.45	0	0.357142857142857	0.226190476190476	0.35952380952381	0.669047619047619	0.357142857142857	0.976190476190476	0.847619047619048	0.985714285714286	1.07857142857143	0.633333333333333	0.75	0.897619047619048	1.43333333333333	1.03571428571429	0
1248074	Bacteria_71	Ribosomal_L29	PF00831.23	2.37619047619048	0	1.60952380952381	0	0	0.566666666666667	2.43333333333333	0.471428571428571	0	0	0	0	0	0	0.719047619047619	0.904761904761905	0	0	0	0	1.63333333333333	0	0.719047619047619	2.91904761904762	0.719047619047619	2.53809523809524	0.10952380952381	0.595238095238095	0
1248075	Bacteria_71	Ribosomal_S17	PF00366.20	0.476190476190476	0.315018315018315	0.0989010989010989	1.04029304029304	0	0	1.37728937728938	0	0	0.450549450549451	0	0.523809523809524	0	0	0.857142857142857	0	0.765567765567766	0	0.824175824175824	0	0.285714285714286	0	1.1025641025641	3.01098901098901	0	2.19413919413919	1.81318681318681	0	0
1248076	Bacteria_71	Ribosomal_L14	PF00238.19	0	1.09819121447028	0.777777777777778	0.423772609819121	0	0	1.29974160206718	0	0.627906976744186	0.44702842377261	0	1.30490956072351	0.498708010335917	0	0.940568475452196	0.062015503875969	0.227390180878553	0.746770025839793	0.175710594315245	1.28423772609819	0.633074935400517	0.260981912144703	0	3.62532299741602	0.777777777777778	0.669250645994832	2.98966408268734	0.108527131782946	0
1248077	Bacteria_71	ribosomal_L24	PF17136.4	0.540540540540541	0.498498498498498	0.957957957957958	0.399399399399399	0.444444444444444	0	0	0.897897897897898	0.18018018018018	1.0990990990991	0	0.750750750750751	0.327327327327327	0	0	1.27627627627628	0	0.90990990990991	1.78078078078078	0.138138138138138	0.105105105105105	2.29129129129129	0	0.306306306306306	0.453453453453453	1.66966966966967	2.40840840840841	1.64264264264264	1.21021021021021
1248078	Bacteria_71	Ribosomal_L5	PF00281.19	0.225538971807629	0.250414593698176	0.928689883913764	0.0116086235489221	0	0	0.998341625207297	0	0	0.872305140961857	0	0	0	0.495854063018242	2.49751243781095	1.49419568822554	1.19071310116086	0.754560530679934	0.500829187396352	2.3681592039801	0.437810945273632	3.82752902155887	0.497512437810945	0.248756218905473	0.247097844112769	0.500829187396352	3.07628524046434	1.00663349917081	1.31011608623549
1290518	Bacteria_71	RBFA	PF02033.18	0	0.449404761904762	0	0	0	0	0	0	0	0	0	0	0	0	0	0	0	0	0	0	0.806547619047619	0.449404761904762	0	0	0	0	0	0.160714285714286	0
1304483	Bacteria_71	RuvX	PF03652.15	0	0	0	0	0	0	0	0.283950617283951	0	0	0	0.62962962962963	0	0	0.37037037037037	1.25925925925926	0.246913580246914	0	0	0.0172839506172839	1.35308641975309	0.545679012345679	0.37283950617284	0	0	1.21481481481481	4.49135802469136	0	0.0345679012345679
