gene_callers_id	source	gene_name	gene_hmm_id	WAM_ALR	WAM_CCR	WAM_IPI	WAM_MAR	WAM_MYS	WAM_PBL	WAM_PJN	WAM_PPR	WAM_PST	WAM_ROL	WAM_SCR	WAM_SGN	WAM_SIS	WAM_TWN	WAR_ALR	WAR_CCR	WAR_IPI	WAR_MAR	WAR_MYS	WAR_PBL	WAR_PJN	WAR_PPR	WAR_PSK	WAR_PST	WAR_RNW	WAR_ROL	WAR_SCR	WAR_SGL	WAR_SIS
220264	Bacteria_71	SecG	PF03840.14	2.23529411764706	0	0	4.01120448179272	0.0672268907563025	0.30812324929972	0	2.48739495798319	0	0.450980392156863	1	0.00280112044817927	0	4.28011204481793	0	0	0	0.879551820728291	0.420168067226891	0.840336134453782	0.955182072829132	0	0	0	1.22689075630252	0	0.843137254901961	1.04201680672269	0
220268	Bacteria_71	AICARFT_IMPCHas	PF01808.18	0	0.457273320287019	0.37573385518591	2.21069797782127	0.264840182648402	2.68166992824527	0.590345727332029	1.59360730593607	0.590345727332029	0	0.175472928897586	0.874103065883888	0	3.35551206784083	0	0.194390084801044	0.196999347684279	0.3235485975212	0.392694063926941	0.688845401174168	0.19634703196347	0.196999347684279	0.0287018917155903	0.991519895629485	0.339204174820613	0	0.0091324200913242	0.393998695368558	0.245923026744945
332015	Bacteria_71	Ribosomal_L27	PF01016.19	0	0	0	3.86590038314176	0.904214559386973	1.4176245210728	1.53256704980843	4.81226053639847	0.505747126436782	0	0	0.0153256704980843	0	7.08812260536398	0.0306513409961686	0.0153256704980843	0	0	0.0919540229885058	0	0	0.701149425287356	0	0	0	0	2.75095785440613	0	0
332016	Bacteria_71	Ribosomal_L21p	PF00829.21	0.543478260869565	0.0615942028985507	0	3.04166666666667	0.744565217391304	2.81702898550725	2.06340579710145	2.92210144927536	0.278985507246377	0.559782608695652	0	0	0	5.45108695652174	0.954710144927536	0.516304347826087	0	0	0.476449275362319	0.965579710144928	0.541666666666667	0.527173913043478	0	0.545289855072464	0	0	0	0.545289855072464	0
549224	Bacteria_71	ADK	PF00406.22	0.635253054101222	0	0.479930191972077	0.732984293193717	0.630017452006981	0.799301919720768	1.68935427574171	1.98778359511344	0.886561954624782	0	0	0.525305410122164	0	7.30890052356021	0	0.171029668411867	0	0.596858638743455	0.49738219895288	0	0.527050610820244	0	0.340314136125654	1.33856893542757	0.413612565445026	0.527050610820244	0.43804537521815	1.16055846422339	0
635047	Bacteria_71	TsaE	PF02367.17	0.467136150234742	0	0	0.530516431924883	0.962441314553991	0	0	3.87089201877934	0	0.375586854460094	0	1.65258215962441	0	2.59389671361502	0	0.178403755868545	0	0.370892018779343	1.41784037558685	0.401408450704225	0	0.354460093896714	0	0.502347417840376	0.220657276995305	0	0.699530516431925	0	0
638516	Bacteria_71	Chorismate_synt	PF01264.21	0	0.285174693106704	0	1.43437204910293	1.13125590179415	1.19735599622285	1.56090651558074	1.86685552407932	0.285174693106704	0	0.767705382436261	0.728045325779037	0	3.79981114258735	0	0.154863078375826	0	0.142587346553352	0	0.284230406043437	0.717658168083097	0.712936732766761	0.285174693106704	0	0.251180358829084	0.28328611898017	0.284230406043437	0.775259678942398	0.127478753541076
659050	Bacteria_71	RBFA	PF02033.18	0	0.707379134860051	0.508905852417303	1.33587786259542	0	2.22900763358779	0	2.81424936386768	0	0	0.620865139949109	1.34860050890585	0.279898218829517	2.03562340966921	0	0	0	0	0	1.87022900763359	0	0	0.379134860050891	1.33078880407125	0.170483460559796	0.763358778625954	0.987277353689568	0.872773536895674	0
676539	Bacteria_71	RNA_pol_Rpb6	PF01192.22	0	0	0	1.8960244648318	0	1.90214067278287	0.767584097859327	4.47706422018349	0.954128440366972	0.431192660550459	0.46177370030581	0.119266055045872	0	5.10703363914373	0	0	0	0	1.33639143730887	1.14984709480122	1.84403669724771	0.837920489296636	0	1.6605504587156	0	0	0.761467889908257	1.80122324159021	0.159021406727829
694655	Bacteria_71	PGK	PF00162.19	0	0	0	1.64619883040936	2.62865497076023	0.880116959064328	1.6140350877193	1.53508771929825	0.754385964912281	0	0	1.10526315789474	0	5.59356725146199	0.763157894736842	0	0	0	0	0.353801169590643	0	0	0	2.4327485380117	0	0.792397660818713	0.795321637426901	0	0.0994152046783626
694671	Bacteria_71	ATP-synt_A	PF00119.20	1.051890941073	0	0.266490765171504	3.5452946350044	0.531222515391381	1.28935795954266	0.263852242744063	2.19876868953386	1.94459102902375	0	0.26297273526825	0.210202286719437	0	6.41160949868074	0.619173262972735	0	0.26561125769569	0.318381706244503	0.518029903254178	0.464379947229551	0.460861917326297	0.660510114335972	0	0.643799472295514	1.02374670184697	0.140721196130167	1.02726473175022	0.948988566402814	0.884784520668426
694674	Bacteria_71	OSCP	PF00213.18	0	0	0	2.47962962962963	0.281481481481481	0.864814814814815	1.43703703703704	1.48888888888889	0.262962962962963	0	0	0.722222222222222	0	4.92222222222222	0.27962962962963	0	0	0	0	0.214814814814815	0.251851851851852	0.462962962962963	0.559259259259259	0.555555555555556	1.47962962962963	0	1.08703703703704	0.553703703703704	0.351851851851852
694676	Bacteria_71	ATP-synt	PF00231.19	0.348327566320646	1.12226066897347	0.346020761245675	1.57324106113033	1.46943483275663	1.45098039215686	0.750865051903114	1.93656286043829	1.38062283737024	0.184544405997693	0	0.424452133794694	0	8.38292964244521	0.220299884659746	0	0.348327566320646	1.2560553633218	0	1.52595155709343	0.693194925028835	0.417531718569781	0	2.56055363321799	0	0	1.7116493656286	0.522491349480969	0
11754	Bacteria_71	UPF0054	PF02130.17	0.414414414414414	1.43243243243243	0.626126126126126	3.01801801801802	0.36036036036036	1.53153153153153	1.79279279279279	2.79504504504505	1.02702702702703	0	0	0	0.36036036036036	8.88288288288288	0.177927927927928	0	0	0.34009009009009	0.84009009009009	0.995495495495496	0	0.418918918918919	0	0.481981981981982	0.655405405405405	0.0337837837837838	1.03603603603604	1.35810810810811	0.673423423423423
87452	Bacteria_71	Ribosomal_S16	PF00886.19	0.900497512437811	0	0	4.6832504145937	1.92371475953565	0.980099502487562	1.10945273631841	2.04975124378109	0.250414593698176	0	0.250414593698176	0.429519071310116	0	3.66169154228856	0	0	0	0.718076285240464	0.248756218905473	0.980099502487562	0	0.0796019900497512	0	0.202321724709784	0.767827529021559	0	0.555555555555556	2.29850746268657	0
1460580	Bacteria_71	RsfS	PF02410.15	0	0	0	2.13648293963255	0.792650918635171	0	0	1.59055118110236	0.792650918635171	0	0.115485564304462	0.78740157480315	0	5.97900262467192	0	0.540682414698163	0	0	0	1.61679790026247	0	0	0	0	0	0.784776902887139	0	1.7007874015748	0
1478677	Bacteria_71	SecE	PF00584.20	0	0	0.134408602150538	1.23655913978495	0	2.0752688172043	0.473118279569892	1.83333333333333	0.0161290322580645	0	0	0	0.736559139784946	13.1774193548387	0	0	0	0	0	1.16129032258065	1.23655913978495	0.0806451612903226	0	1.46774193548387	1.15591397849462	0	2.14516129032258	0	0
1478680	Bacteria_71	Ribosomal_L1	PF00687.21	0.423188405797101	0	0.184057971014493	1.90869565217391	2.17391304347826	3.04782608695652	0.434782608695652	2.94492753623188	0.126086956521739	0.268115942028986	0.0753623188405797	0.43768115942029	0	7.31304347826087	0	0	0	0	0.436231884057971	0.436231884057971	0	1.5695652173913	0.328985507246377	0.817391304347826	1.0231884057971	0.436231884057971	0.527536231884058	0.873913043478261	0
1478712	Bacteria_71	Ribosomal_L28	PF00830.19	0.438818565400844	0	0	0.637130801687764	1.05485232067511	3.80168776371308	2.69198312236287	2.35443037974684	1.31645569620253	0	0	0.637130801687764	0	1.58649789029536	0	0	0	0	0	0.687763713080169	0.219409282700422	0	0	2.70042194092827	0	0	0.940928270042194	0	0.637130801687764
1519800	Bacteria_71	Ham1p_like	PF01725.16	0.503472222222222	0	0	1.71354166666667	0.192708333333333	0	0.522569444444444	2.72395833333333	0.503472222222222	0.300347222222222	0.0572916666666667	0	0	5.234375	0.522569444444444	0	0	0.524305555555556	0	2.17361111111111	0	0	0	0.809027777777778	0.864583333333333	0	0.951388888888889	0.739583333333333	0
1519807	Bacteria_71	Ribosomal_S6	PF01250.17	0.181547619047619	0	0	1.66071428571429	0.898809523809524	0.892857142857143	0.226190476190476	0.964285714285714	0.449404761904762	0	0	0	0	3.63690476190476	0	0	0.660714285714286	0.764880952380952	0	0.678571428571429	0	0.898809523809524	0	0.883928571428571	3.69047619047619	0	0.857142857142857	0	0
1519809	Bacteria_71	Ribosomal_L9_C	PF03948.14	2.04635761589404	0	0	2.86092715231788	0.854304635761589	3.13907284768212	0	3.03532008830022	0.567328918322296	0	0.353200883002208	0	0	4.83443708609272	0.565121412803532	0	0	1.10154525386313	0.666666666666667	0.799116997792494	0.333333333333333	0	0	0	1.66666666666667	0.613686534216336	0	0.975717439293598	0
1519821	Bacteria_71	Ribosomal_L19	PF01245.20	0	0	0.13960113960114	0.43019943019943	0	0.484330484330484	1.14245014245014	0.903133903133903	0.0598290598290598	0	0	1.87749287749288	0	4.28205128205128	0	0.0997150997150997	0	0.0512820512820513	0	0.418803418803419	0.62962962962963	0	0	0	0.646723646723647	0	0.655270655270655	0	0
1519822	Bacteria_71	tRNA_m1G_MT	PF01746.21	0	0.217327459618209	0.270190895741557	4.215859030837	0.370044052863436	1.29074889867841	0.480176211453745	2.45521292217327	0.308370044052863	0.443465491923642	0.402349486049927	0.972099853157122	0	5.20998531571219	0.441997063142438	0.441997063142438	0	0.31424375917768	0	0.365638766519824	0.217327459618209	0.883994126284875	0	2.03230543318649	0	0	0.317180616740088	0	0
1621505	Bacteria_71	RuvX	PF03652.15	1.46715328467153	0	0	1.62043795620438	0.671532846715328	1.90267639902676	1.48418491484185	2.61070559610706	0.372262773722628	0	0	0.29683698296837	0	3.26034063260341	0	0	0	1.59610705596107	0	0.557177615571776	0	0.732360097323601	0	0	0.732360097323601	0.367396593673966	2.68126520681265	0.367396593673966	0
897178	Bacteria_71	Adenylsucc_synt	PF00709.21	0.233411397345824	0.486338797814208	0	3.03512880562061	0.300546448087432	1.74863387978142	0.185011709601874	2.53395784543326	0.631537861046058	0	0	0.753317720530835	0	5.69945355191257	0.235753317720531	0	0.213114754098361	0.377829820452771	0.767369242779079	0	0.355971896955504	1.26854020296643	0.183450429352069	0.588602654176425	0.672131147540984	0	1.04605776736924	0.827478532396565	0
1020943	Bacteria_71	IPPT	PF01715.17	0.216022889842632	0.431330472103004	0.363376251788269	1.82188841201717	0.573676680972818	0.969957081545064	0.950643776824034	2.32331902718169	0.357653791130186	0.155937052932761	0	0.412017167381974	0	4.41058655221745	0.431330472103004	0	0	0.608726752503577	0.2689556509299	1.47567954220315	0.431330472103004	0	0.061516452074392	0.626609442060086	1.05221745350501	0.215307582260372	0.204577968526466	0.646638054363376	0
1020949	Bacteria_71	SmpB	PF01668.18	0.0151515151515152	0	0	1.03896103896104	1.68614718614719	0.692640692640693	0.435064935064935	2.08225108225108	0	0	0	0	0	3.91125541125541	0.601731601731602	0	0	0.285714285714286	0	0	0.359307359307359	0	0.647186147186147	0	0.0303030303030303	0	0.638528138528139	0.497835497835498	0
1024380	Bacteria_71	YajC	PF02699.15	0.0141843971631206	0	0.294326241134752	1.28014184397163	0.49645390070922	1.89007092198582	1.47872340425532	1.6063829787234	0.343971631205674	0	0	0.851063829787234	0	6.69148936170213	0	0	0	0	0	0.347517730496454	0.620567375886525	0.74468085106383	0.163120567375887	2.35460992907801	0	0	0	0.0141843971631206	0
1024396	Bacteria_71	GrpE	PF01025.19	0	0.480874316939891	0	0.280510018214936	0.36247723132969	0.652094717668488	0.233151183970856	3.48633879781421	0.548269581056466	0	0	0.548269581056466	0.00546448087431694	4.43169398907104	0	0	0	0	0.593806921675774	0	0.799635701275046	0	0	0.697632058287796	0	0	0.63023679417122	1.07650273224044	0
731813	Bacteria_71	Ribosomal_L35p	PF01632.19	0	0	0	5.58080808080808	2.07575757575758	4.17171717171717	0.984848484848485	0.237373737373737	0	0.333333333333333	0	0	0	8.26262626262626	1.35858585858586	0	0	1.65151515151515	0.863636363636364	3	1.17171717171717	0	0	0	0	1.64646464646465	0	1.1969696969697	0
731814	Bacteria_71	Ribosomal_L20	PF00453.18	0	0	0	1.49565217391304	0.820289855072464	2.04927536231884	0.43768115942029	2.65797101449275	0.750724637681159	0.43768115942029	0	0.0927536231884058	0	7.33333333333333	0.872463768115942	0.87536231884058	0.32463768115942	0.0289855072463768	1.19130434782609	0	0	0	0	0.434782608695652	0	0	0.594202898550725	0	0
839426	Bacteria_71	Ribosom_S12_S23	PF00164.25	0	1.03030303030303	0.922077922077922	3.58874458874459	0.909090909090909	4.17316017316017	1.1991341991342	3.53246753246753	1.09090909090909	0	0	0.640692640692641	0	5.92207792207792	0	0	0	1.01298701298701	0	1.49350649350649	1.07792207792208	0.909090909090909	0	1.1991341991342	0.316017316017316	0.835497835497836	0.658008658008658	0.0995670995670996	1.6017316017316
839427	Bacteria_71	Ribosomal_S7	PF00177.21	0	0.123689727463312	0.509433962264151	1.68553459119497	0.0691823899371069	1.63731656184486	1.17610062893082	3.15094339622642	1.74423480083857	0	0	1.45911949685535	0	4.42138364779874	0	0	0	0.423480083857442	0	0.272536687631027	0.079664570230608	0	0	2.59329140461216	1.26415094339623	0.079664570230608	0.348008385744235	1.22641509433962	0.918238993710692
839429	Bacteria_71	Ribosomal_S10	PF00338.22	0	0	1.02614379084967	0	0	0	0	1.21895424836601	0.490196078431373	0	0	0.297385620915033	0	4.8562091503268	0	0	0	2.61764705882353	0.970588235294118	0.352941176470588	0	0.284313725490196	0	0.509803921568627	1.81699346405229	0.92156862745098	0	0.0849673202614379	0
839430	Bacteria_71	Ribosomal_L3	PF00297.22	0	0	0.388349514563107	1.16990291262136	0.48705501618123	0.495145631067961	0.409385113268608	2.30744336569579	0.252427184466019	0.398058252427184	0.48705501618123	0.940129449838188	0.161812297734628	4.88673139158576	0.158576051779935	0	0	0	0.0258899676375405	0.302588996763754	0	0.621359223300971	0	1.07443365695793	0	0.436893203883495	0.469255663430421	0.0145631067961165	0.401294498381877
839431	Bacteria_71	Ribosomal_L4	PF00573.22	0.764612954186414	0	0.475513428120063	2.00473933649289	0.472353870458136	1.90205371248025	0.18957345971564	2.02685624012638	0	0	0	0.336492890995261	0.320695102685624	7.1042654028436	0	0	0	0.477093206951027	0	0.0868878357030016	0.477093206951027	0.947867298578199	0	2.89415481832543	0.472353870458136	0.522906793048973	0.0205371248025276	0.93522906793049	0.559241706161137
839432	Bacteria_71	Ribosomal_L23	PF00276.20	0.388316151202749	0	0	1.11340206185567	0	0.0206185567010309	2.01030927835051	0.838487972508591	0.123711340206186	0	0	0.292096219931271	0	5.89690721649485	0	0	0	0.34020618556701	0	0.666666666666667	0	0.611683848797251	0	0.670103092783505	0.896907216494845	0.264604810996564	0	0.975945017182131	0.487972508591065
839433	Bacteria_71	Ribosomal_L2	PF00181.23	0.0375757575757576	0.911515151515152	0	1.4	1.09212121212121	1.56242424242424	0.784242424242424	2.02424242424242	0.635151515151515	0.364848484848485	0.724848484848485	0.227878787878788	0.364848484848485	3.43757575757576	0	0	0	1.71030303030303	0	0.282424242424242	0.664242424242424	0.859393939393939	0.773333333333333	1.58060606060606	0.84969696969697	0.625454545454545	0.183030303030303	0.652121212121212	0.372121212121212
839434	Bacteria_71	Ribosomal_S19	PF00203.21	0.942652329749104	1.0752688172043	0	1.2831541218638	0	5.32616487455197	0.498207885304659	2.63082437275986	2.7168458781362	0	1.02508960573477	1.27240143369176	0	4.37275985663082	0	0	0	1.06810035842294	0	0.354838709677419	0.175627240143369	0	0.924731182795699	0	1.15412186379928	0	0.541218637992832	2.27598566308244	0.967741935483871
839435	Bacteria_71	Ribosomal_L22	PF00237.19	0.0911270983213429	0.3621103117506	1.4220623501199	1.48920863309353	0.62589928057554	3.30215827338129	1.08393285371703	1.67625899280576	1.02398081534772	0.717026378896882	0.0119904076738609	0.570743405275779	0	7.26139088729017	0	0	0	0.60431654676259	0	0	0	0	0.18705035971223	0	0.601918465227818	0	1.02637889688249	0.724220623501199	0.203836930455636
839436	Bacteria_71	Ribosomal_S3_C	PF00189.20	0.39521800281294	0	0.855133614627286	3.25457102672293	0.472573839662447	1.64697609001406	1.59634317862166	3.44866385372714	0.0168776371308017	0.423347398030942	0	0.715893108298172	0	4.63150492264416	0	0	0	0.849507735583685	0	0.981715893108298	0.810126582278481	0.552742616033755	0.308016877637131	0.135021097046413	0.323488045007032	0.421940928270042	1.44725738396624	1.23488045007032	0.371308016877637
839437	Bacteria_71	Ribosomal_L16	PF00252.18	1.32151300236407	0.212765957446809	0	2.35224586288416	2.60520094562648	1.66666666666667	1.43735224586288	2.30496453900709	0.548463356973995	0	0	0.770685579196217	0.713947990543735	3.01182033096927	0	0.276595744680851	0	0.300236406619385	0	0.754137115839243	0.016548463356974	0.456264775413712	0	1.74468085106383	0	0.541371158392435	0.0401891252955083	0.0212765957446809	1.35460992907801
839438	Bacteria_71	Ribosomal_L29	PF00831.23	0	0.255208333333333	0.96875	1.09375	0.463541666666667	1.859375	0	0.984375	0	0	0	0.677083333333333	0	4.703125	0	0.552083333333333	0	0.0625	0	0.645833333333333	0.786458333333333	0	0	0.671875	0	0.307291666666667	0	1.56770833333333	1.56770833333333
839439	Bacteria_71	Ribosomal_S17	PF00366.20	0	0.786821705426357	1.81007751937985	0.802325581395349	1.98062015503876	3.77906976744186	0	1.12790697674419	0.0232558139534884	0	0	2.87596899224806	0	4.56589147286822	0	0.205426356589147	0	0.534883720930233	0	0	0.585271317829457	1.68992248062015	0.310077519379845	1.97286821705426	0.728682170542636	0	1.03875968992248	0	0.585271317829457
839440	Bacteria_71	Ribosomal_L14	PF00238.19	0	0.552845528455285	1.36314363143631	1.31436314363144	2.40650406504065	0.563685636856369	0	2.20325203252033	0.623306233062331	0	0	2.02981029810298	0	8.73712737127371	0	0	0	0	0	0	1.34146341463415	2.05691056910569	0.905149051490515	0.598915989159892	1.10569105691057	0	0.718157181571816	1.73983739837398	0
839441	Bacteria_71	ribosomal_L24	PF17136.4	0	1.06349206349206	0.0507936507936508	2.50793650793651	5.26349206349206	2.5047619047619	0	3.42539682539683	1.94603174603175	0	0	0.479365079365079	0	6.05079365079365	0	0	0	0.926984126984127	0.393650793650794	0	0.888888888888889	0	0.561904761904762	0	0	0	2.29206349206349	0	0.584126984126984
839442	Bacteria_71	Ribosomal_L5	PF00281.19	0.547101449275362	0	0	2.48188405797101	1.46014492753623	1.43659420289855	0.818840579710145	2.97644927536232	1.52173913043478	0.541666666666667	0	0.547101449275362	0	5.48369565217391	0	0	0	1.08514492753623	0.0471014492753623	0.547101449275362	0	0.543478260869565	0	0.545289855072464	0.545289855072464	0	1.05253623188406	0	0.920289855072464
839444	Bacteria_71	Ribosomal_S8	PF00410.19	0	0	0.213032581453634	2.83959899749373	0	0.56390977443609	0.756892230576441	3.60902255639098	1.11278195488722	0	0.541353383458647	0.756892230576441	0.481203007518797	6.90726817042607	0	0	0	1.51378446115288	0.3734335839599	0.528822055137845	1.51378446115288	0	0	0.130325814536341	0.75187969924812	0	0.0075187969924812	0	0
839445	Bacteria_71	Ribosomal_L6	PF00347.23	0	0	0.856353591160221	1.65377532228361	0	0.685082872928177	1.13259668508287	3.47145488029466	0.920810313075506	0	0	0	0	6.64825046040516	0	0	0	0	0	0.957642725598527	0	0.775322283609576	0	2.61325966850829	0	0	1.62062615101289	0.554327808471455	0
839446	Bacteria_71	Ribosomal_L18p	PF00861.22	0	0.951977401129944	0	1.27683615819209	0	2.99717514124294	0.740112994350282	0.720338983050847	0	0	0	0.138418079096045	0	4.74011299435028	0.426553672316384	0	0	0.271186440677966	0	0.336158192090395	0	0.471751412429379	0	0	0	0	1.69209039548023	0	0
839449	Bacteria_71	Ribosomal_L27A	PF00828.19	0.550335570469799	0	0	0.639821029082774	3.21252796420582	0.854586129753915	0.527964205816555	2.35346756152125	1.42953020134228	0	0	0.718120805369127	0	3.92170022371365	0	0	0	2.38926174496644	0.395973154362416	1.44742729306488	0.648769574944072	0.96420581655481	0	0.675615212527964	1.0089485458613	0	1.00447427293065	0	0
839450	Bacteria_71	SecY	PF00344.20	0.615327380952381	0.453869047619048	0.224702380952381	3.0796130952381	0.449404761904762	1.46056547619048	0.645833333333333	2.63988095238095	0.639136904761905	0.305059523809524	0	1.2328869047619	0.224702380952381	6.26860119047619	0	0.224702380952381	0	1.16369047619048	0.438988095238095	0.247767857142857	0.177827380952381	0.285714285714286	0.673363095238095	1.14880952380952	0.561011904761905	0.223958333333333	0.121279761904762	0.142113095238095	0.788690476190476
839451	Bacteria_71	eIF-1a	PF01176.19	1.32407407407407	0.666666666666667	0.689814814814815	4.5	1.07407407407407	1.96759259259259	0.625	8.24074074074074	0	0.324074074074074	0	0.0555555555555556	0	5.69907407407407	0	0	0	0.273148148148148	0	1.62037037037037	0.541666666666667	0.782407407407407	0	1.81018518518519	0	0	0.62037037037037	0.925925925925926	1.09722222222222
839452	Bacteria_71	Ribosomal_S13	PF00416.22	0.184	0.802666666666667	0.253333333333333	1.576	1.26133333333333	2.37066666666667	0.514666666666667	1.58933333333333	1.60266666666667	0.00533333333333333	0	1.20266666666667	0	6.872	0	0	0	2.02933333333333	0	0.8	0.138666666666667	3.38666666666667	0	0	1.20533333333333	0	0	1.2	0
839453	Bacteria_71	Ribosomal_S11	PF00411.19	0.183206106870229	0	0	0	0.743002544529262	1.35368956743003	0.262086513994911	3.55979643765903	1.22900763358779	0	0	0	0	6.88040712468193	0.768447837150127	0	0	0.938931297709924	0.534351145038168	0.384223918575064	0.73027989821883	0	0.0330788804071247	1.05089058524173	0.381679389312977	0	0.541984732824427	0.765903307888041	0
839455	Bacteria_71	RNA_pol_L	PF01193.24	0	0.584088620342397	0	1.32628398791541	1.24773413897281	1.20644511581067	0.304128902316213	1.28700906344411	0.639476334340383	0.304128902316213	0.261832829808661	1.31319234642497	0	4.67170191339376	0.201409869083585	0	0.299093655589124	0.303121852970796	0.312185297079557	0.368580060422961	0.241691842900302	0.503524672708963	0.598187311178248	0.504531722054381	1.51863041289023	0	0.576032225579053	0.894259818731118	0
839456	Bacteria_71	Ribosomal_L17	PF01196.19	0.486312399355878	0	0.478260869565217	1.88888888888889	0.798711755233494	1.52818035426731	0.483091787439614	3.21417069243156	0	0	0.0531400966183575	0.465378421900161	0	4.14653784219002	0	0.00805152979066022	0	0.479871175523349	0.463768115942029	0.112721417069243	0	0	0	0.904991948470209	0.476650563607085	0	1.59581320450886	0	0
839864	Bacteria_71	RRF	PF01765.19	0.900900900900901	0.502702702702703	0	0.61981981981982	0.0072072072072072	3.90810810810811	1.93333333333333	4.6018018018018	0.544144144144144	0	0	1.36756756756757	0.227027027027027	4.3963963963964	0	0	0.544144144144144	1.07927927927928	0	0	0.544144144144144	0.965765765765766	0	0.763963963963964	0.700900900900901	0.544144144144144	0.535135135135135	1.42162162162162	0.931531531531532
839866	Bacteria_71	EF_TS	PF00889.19	0	0.403636363636364	0.0775757575757576	1.40363636363636	1.49818181818182	2.68969696969697	1.68242424242424	1.7430303030303	0.967272727272727	0	0	0.695757575757576	0.112727272727273	5.42060606060606	0.603636363636364	0	0	0	0	1.44363636363636	0.00242424242424242	0.429090909090909	0	0.732121212121212	0.683636363636364	0	0.364848484848485	0.179393939393939	0
839867	Bacteria_71	Ribosomal_S2	PF00318.20	0	0	0.397563676633444	1.8859357696567	0.299003322259136	0.747508305647841	0.718715393133998	1.75968992248062	0.791805094130676	0	0	0.787375415282392	0	4.12070874861573	0.0863787375415282	0	0.334440753045404	0	0.20265780730897	0.63233665559247	0.798449612403101	0.334440753045404	0	0.668881506090808	0.183831672203765	0	0.276854928017719	2.1063122923588	0.968992248062015
839868	Bacteria_71	Ribosomal_S9	PF00380.19	0	0	0	5.62273901808785	0.695090439276486	2.93798449612403	0.906976744186046	3.45219638242894	0	1.10077519379845	0	0	0	8.97157622739018	0.0904392764857881	0	0	0	0	0	0	0.881136950904393	0	0.563307493540052	1.75452196382429	0	1.00258397932817	1.61498708010336	0
839869	Bacteria_71	Ribosomal_L13	PF00572.18	0	0	0.581140350877193	6.12938596491228	1.11184210526316	1.08552631578947	0.480263157894737	3.46491228070175	0	0.385964912280702	0	0	0	6.57894736842105	0.583333333333333	0	0	0.331140350877193	0.660087719298246	0	0	1.07894736842105	0	0.331140350877193	1.91228070175439	0	1.23245614035088	0.758771929824561	0.258771929824561
397828	Bacteria_71	RecO_C	PF02565.15	0.527050610820244	0.102966841186736	0.724258289703316	3.1064572425829	2.0977312390925	2.98429319371728	1.10994764397906	2.97207678883072	0.111692844677138	1.57417102966841	0	1.31762652705061	0	6.72774869109948	0.261780104712042	0	0	0.8760907504363	0.471204188481675	0.450261780104712	0	0.525305410122164	0	0.951134380453752	0.603839441535777	0	0.263525305410122	0.525305410122164	0
420862	Bacteria_71	Ribosomal_S15	PF00312.22	0	0.562962962962963	0	2.64444444444444	0.0666666666666667	0.440740740740741	0	0.559259259259259	0	0	0	0.277777777777778	0	8.80740740740741	0	0.77037037037037	0.811111111111111	0.177777777777778	0.955555555555556	0.281481481481481	1.08518518518519	0.881481481481482	0.562962962962963	0	0	0	1.1962962962963	0	0.866666666666667
454493	Bacteria_71	tRNA-synt_1d	PF00750.19	0.369248035914703	0.421997755331089	0.398989898989899	3.21492704826038	0.544332210998878	2.45622895622896	0.5662177328844	4.4023569023569	1.30022446689113	0	0.278900112233446	0.595398428731762	0	6.31874298540965	0.0589225589225589	0	0	0.338945005611672	0.168350168350168	0.748035914702581	0.168911335578002	1.01571268237935	0	1.30527497194164	0.745791245791246	0.901234567901235	0.318181818181818	0.759820426487093	0.0375982042648709
475343	Bacteria_71	Ribosomal_L32p	PF01783.23	0.892307692307692	0	0	1.2	1.52307692307692	2.25128205128205	0.882051282051282	1.75897435897436	0	0	0	0.615384615384615	0.764102564102564	8.31794871794872	0	0	0.774358974358974	0.0256410256410256	0	0.456410256410256	0.487179487179487	1.62051282051282	0	4.55897435897436	0	0.774358974358974	0.707692307692308	0.102564102564103	0
1256083	Bacteria_71	Ribosomal_S20p	PF01649.18	0	0	0	1.76587301587302	1.59126984126984	0	1.18650793650794	1.45634920634921	1.13888888888889	0	0	0	0	6.48015873015873	0.73015873015873	0	0.365079365079365	0	0	0.69047619047619	0	1.68650793650794	0	0	0	0	0	0.396825396825397	0
1366019	Bacteria_71	Ribonuclease_P	PF00825.18	0	0	0	3.44266666666667	0.709333333333333	2.81066666666667	0.709333333333333	2.56266666666667	0	0	0.394666666666667	0.738666666666667	0	5.32	0	0.101333333333333	0	0	0	0.754666666666667	0.282666666666667	0	0	0.746666666666667	1.35733333333333	0	0.589333333333333	0.746666666666667	0
