gene_callers_id	source	gene_name	gene_hmm_id	WAM_ALR	WAM_CCR	WAM_IPI	WAM_MAR	WAM_MYS	WAM_PBL	WAM_PJN	WAM_PPR	WAM_PST	WAM_ROL	WAM_SCR	WAM_SGN	WAM_SIS	WAM_TWN	WAR_ALR	WAR_CCR	WAR_IPI	WAR_MAR	WAR_MYS	WAR_PBL	WAR_PJN	WAR_PPR	WAR_PSK	WAR_PST	WAR_RNW	WAR_ROL	WAR_SCR	WAR_SGL	WAR_SIS
1123750	Bacteria_71	Ribosomal_L32p	PF01783.23	0	0	0	0	2.32795698924731	0	1.56989247311828	0	0	0.795698924731183	0	0	51.1021505376344	0	0	0	0	0	0	0	0	0	0	0	0	0	0	0	0
1135889	Bacteria_71	Ribosomal_S10	PF00338.22	0	0	0.226537216828479	0	1.43042071197411	0.0647249190938511	1.75080906148867	0	0	0	0	0	50.1391585760518	0	0	0	0	0	0	0	0.737864077669903	0	0	0	0	0	0	0	0
1135890	Bacteria_71	Ribosomal_L3	PF00297.22	0	0	0	0	0.0918635170603674	0.473753280839895	0.964566929133858	0	0	0.393700787401575	0.988188976377953	0.39501312335958	45.4855643044619	0	0	0	0	0	0	0	0	0	0	0	0	0	0	0	0
1135891	Bacteria_71	Ribosomal_L4	PF00573.22	0	0	0	0	0.977346278317152	0	1.27184466019417	0	0	0	0.726537216828479	0	33.8851132686084	0	0	0	0	0	0	0	0.425566343042071	0	0	0	0	0	0	0	0
1135892	Bacteria_71	Ribosomal_L23	PF00276.20	0	0	0	0	0.908256880733945	0	1.8868501529052	0	0	0	0	0	47.0336391437309	0	0	0	0	0	0.46177370030581	0	0.122324159021407	0	0	0	0	0	0	0	0
1135893	Bacteria_71	Ribosomal_L2	PF00181.23	0	0.260340632603406	0	0	0.367396593673966	0	1.2287104622871	0	0	0	0.284671532846715	0	45.7019464720195	0	0	0	0	0	0.180048661800487	0	0.0145985401459854	0	0	0	0	0	0	0	0
1135894	Bacteria_71	Ribosomal_S19	PF00203.21	0	0	0	0	1.06159420289855	0	0.394927536231884	0	0	0	0.155797101449275	0	54.4528985507246	0	0	0	0	0	0	0	2.27536231884058	0	0	0	0	0	0.427536231884058	0	0
1135895	Bacteria_71	Ribosomal_L22	PF00237.19	0	0	0	0	0.396325459317585	0	0.837270341207349	0	0	0	0.325459317585302	0	42.8871391076115	0	0	0	0	0	0	0	0.559055118110236	0	0	0	0	0	0.062992125984252	0	0
1135896	Bacteria_71	Ribosomal_S3_C	PF00189.20	0	0	0	0	0.864091559370529	0	0.666666666666667	0	0	0	0.805436337625179	0	42.6480686695279	0	0	0	0	0	0.317596566523605	0	0.432045779685265	0	0	0	0	0	0.432045779685265	0	0
1135897	Bacteria_71	Ribosomal_L16	PF00252.18	0.442857142857143	0	0	0	0.357142857142857	0	1.40238095238095	0	0	0	0.00476190476190476	0	42.0119047619048	0	0	0	0	0	0.121428571428571	0	0	0	0	0	0	0	0	0	0
1135898	Bacteria_71	Ribosomal_L29	PF00831.23	0.483091787439614	0	0	0	0.652173913043478	0	2.83091787439614	0	0	0	0	0	43.3961352657005	0	0	0	0	0	0	0	0	0	0	0	0	0	0	0	0
1135899	Bacteria_71	Ribosomal_S17	PF00366.20	0	0	0	0	0.625	0	0	0	0	0	0.05	0	45.9375	0	0	0	0	0	0	0	0	0	0	0	0	0	0	0	0
1135900	Bacteria_71	Ribosomal_L14	PF00238.19	0	0	0	0	0	0	0.53929539295393	0	0	0	0.737127371273713	0	55.8970189701897	0	0	0	0	0	0	0	0	0	0	0	0	0	0.498644986449864	0	0
1135901	Bacteria_71	ribosomal_L24	PF17136.4	0	0	0	0	0	0	0.33015873015873	0	0	0	0	0	35.1047619047619	0	0	0	0	0	0	0	0	0	0	0	0	0	0.377777777777778	0	0
1135902	Bacteria_71	Ribosomal_L5	PF00281.19	0	0	0.968864468864469	0	0.793040293040293	0	1.1007326007326	0	0	0	0.712454212454212	0	42.6153846153846	0	0	0	0	0	0	0	0	0	0	0	0	0	0	0	0
1135904	Bacteria_71	Ribosomal_S8	PF00410.19	0	0	0.0551378446115288	0	0.378446115288221	0	0.378446115288221	0.117794486215539	0	0	0.230576441102757	0	36.3609022556391	0	0	0	0	0	0	0	0	0	0	0	0	0	1.32080200501253	0	0
1135905	Bacteria_71	Ribosomal_L6	PF00347.23	0	0	1.01123595505618	0	1.23782771535581	0	1.75468164794007	0	0	0	0.217228464419476	0	46.6966292134831	0	0.561797752808989	0	0	0	0	0	0	0	0	0	0	0	0.102996254681648	0	0
1135906	Bacteria_71	Ribosomal_L18p	PF00861.22	0	0	0	0	1.24517906336088	0	1.08539944903581	0	0	0	0.360881542699725	0	42.3168044077135	0	0	0	0	0	0	0	0	0	0	0	0	0	0	0	0
1135909	Bacteria_71	Ribosomal_L27A	PF00828.19	0	0	0	0	0.639065817409766	0	1.27388535031847	0	0	0	0.233545647558386	0	29.2526539278132	0	0.639065817409766	0	0	0	0	0	0	0	0	0	0	0	0	0	0
1135910	Bacteria_71	SecY	PF00344.20	0	0	0	0	0.77752808988764	0	0	0	0	0.452434456928839	0.565543071161049	0	43.0389513108614	0	0	0	0	0	0.895131086142322	0	0.226217228464419	0	0	0	0	0	0	0	0
1135911	Bacteria_71	ADK	PF00406.22	0	0	0.528070175438596	0	1.29473684210526	0	0	0	0	0.573684210526316	0	0	41.5666666666667	0	0	0	0	0	0.0228070175438597	0	0	0	0	0	0	0	0	0	0
1135912	Bacteria_71	Ribosomal_S13	PF00416.22	0	0	0	0.818428184281843	0	0	0.157181571815718	0	0	0	0	0	45.2357723577236	0	0	0	0	0	0	0	0	0	0	0	0	0	0	0	0
1135913	Bacteria_71	Ribosomal_S11	PF00411.19	0	0	0	0	0.0151515151515152	0	0.570707070707071	0	0	0	0	0	45.0782828282828	0	0	0	0	0	0.381313131313131	0	0.762626262626263	0	0	0	0	0	0	0	0
1135914	Bacteria_71	RNA_pol_L	PF01193.24	0	0.295968534906588	0.591937069813176	0	0.770894788593904	0	0.805309734513274	0	0	0	0.102261553588987	0	48.7817109144543	0	0	0	0	0	0.0904621435594887	0	0	0	0	0	0	0.00589970501474926	0	0	0
1135915	Bacteria_71	Ribosomal_L17	PF01196.19	0	0	0	0	0.604597701149425	0	0.15632183908046	0	0	0.694252873563218	0.406896551724138	0	43.7747126436782	0	0	0	0	0	0	0	0	0	0	0	0	0.639080459770115	0	0	0
1433246	Bacteria_71	Ribosomal_L21p	PF00829.21	0	0	0.531468531468531	0	1.34032634032634	0	1.97202797202797	0	0	0	0	0	53.8857808857809	0	0	0	0	0	0	0	0.0303030303030303	0	0	0	0	0	0.186480186480186	0	0
1433247	Bacteria_71	Ribosomal_L27	PF01016.19	0	0	0.225925925925926	0	0.381481481481481	0	0.166666666666667	0	0	0	0	0	44.3777777777778	0	0	0	0	0	0	0	0	0	0	0	0	0	0	0	0
1433252	Bacteria_71	RsfS	PF02410.15	0	0.144144144144144	0	0	0.671171171171171	0	0	0	0	0.0495495495495495	0.261261261261261	0	38.8468468468469	0	0	0	0	0	0.68018018018018	0	0	0	0	0	0.0990990990990991	0	0	0	0
1433259	Bacteria_71	ATP-synt	PF00231.19	0	0	0	0	1.36045197740113	0	0.341242937853107	0	0.338983050847458	0	0.8	0	57.8689265536723	0	0	0	0	0	0.193220338983051	0	0.207909604519774	0	0	0	0	0	0	0	0
1433261	Bacteria_71	OSCP	PF00213.18	0	0	0.567567567567568	0	0.763963963963964	0	0.313513513513514	0	0	0	0.500900900900901	0	47.5567567567568	0	0	0	0	0	0	0	0	0	0	0	0	0	0.533333333333333	0	0
1433282	Bacteria_71	Ribosomal_L19	PF01245.20	0	0	0.805333333333333	0	0.832	0	2.25066666666667	0	0	0	0	0	47.8026666666667	0	0	0	0	0	0.117333333333333	0	0	0	0	0	0	0	0	0	0
1433283	Bacteria_71	tRNA_m1G_MT	PF01746.21	0	0	0	0	1.42276422764228	0	0.612466124661247	0	0	0	0.451219512195122	0	57.159891598916	0	0	0	0	0	0	0	0	0	0	0	0	0	0	0	0
1433285	Bacteria_71	Ribosomal_S16	PF00886.19	0	0	0.0514705882352941	0	0	0	0.963235294117647	0	0	0	0.137254901960784	0	57.1838235294118	0	0	0	0	0	0	0	0.740196078431373	0	0	0	0	0	0	0.370098039215686	0
1464194	Bacteria_71	Adenylsucc_synt	PF00709.21	0	0	0	0	0	0	0	0.0782608695652174	0	0	0	0	39.7855072463768	0	0.185507246376812	0	0	0	0	0	0	0	0	0	0	0	0	0.347826086956522	0
1609640	Bacteria_71	Ribosomal_L28	PF00830.19	0	1.05614035087719	0.389473684210526	0	1.05263157894737	0	0	0.821052631578947	0	0	0.842105263157895	0	54.5228070175439	0	0	0	0	0	0	0	0	0	0	0	0	0	0	0	0
1662037	Bacteria_71	SecE	PF00584.20	0	0	0	0	0.333333333333333	0	2.29292929292929	0	0	0	0	0	35.0555555555556	0	0	0	0	0	0.934343434343434	0	0	0	0	0	0	0	0	0	0
1662040	Bacteria_71	Ribosomal_L1	PF00687.21	0	0	1.29004329004329	0	0.782106782106782	0	0.878787878787879	0	0	0	0.489177489177489	0	39.4285714285714	0	0	0	0	0	0	0	0	0	0	0	0	0	0	0	0
1662045	Bacteria_71	Ribosom_S12_S23	PF00164.25	0	0	0	0	0.747311827956989	0	0.723118279569892	0	0	0	0	0	54.7123655913978	0	0	0	0	0	0.838709677419355	0	0	0	0	0	0	0	0	0.602150537634409	0
1662046	Bacteria_71	Ribosomal_S7	PF00177.21	0	0.320594479830149	0.318471337579618	0	1.26751592356688	0	0.318471337579618	0	0	0	0.318471337579618	0	55.0297239915074	0	0	0	0	0	0	0	0.133757961783439	0	0	0	0	0	0	0.140127388535032	0
712268	Bacteria_71	Ham1p_like	PF01725.16	0	0	0.279461279461279	0	0.446127946127946	0	2.39393939393939	0	0	0	0.473063973063973	0	46.8114478114478	0	0	0	0	0	0.44949494949495	0	0.383838383838384	0.240740740740741	0	0	0	0.254208754208754	0	0	0
712272	Bacteria_71	GrpE	PF01025.19	0.824829931972789	0	0	0	1.70068027210884	0	1.39795918367347	0	0	0	0.409863945578231	0	50.4897959183673	0	0.396258503401361	0	0	0	0.26530612244898	0	0.372448979591837	0	0	0	0.370748299319728	0	0	0	0
712292	Bacteria_71	UPF0054	PF02130.17	0	0	0.686507936507937	0	0.829365079365079	0	0.134920634920635	0	0	0.339285714285714	0.267857142857143	0	43.0753968253968	0	0	0	0	0	0	0	1.20634920634921	0	0	0	0	0	0	0	0
712301	Bacteria_71	RBFA	PF02033.18	0	0	0	0	0.328671328671329	0	0.62004662004662	0	0	0	0	0	52.8927738927739	0	0	0	0	0	0.86013986013986	0	0	0	0	0	0	0	0	0	0
712303	Bacteria_71	Ribosomal_S15	PF00312.22	0	0	0	0	1.56666666666667	0	1.47037037037037	0	0	0	0	0	50.3296296296296	0	0	0	0	0	0	0	0	0	0	0	0	0	0	0	0
712317	Bacteria_71	Ribosomal_S20p	PF01649.18	0	0	0	0	0.48689138576779	0.584269662921348	0.610486891385768	0	0	0	0.707865168539326	0	77.4906367041199	0	0	0	0	0	0	0	0	0	0	0	0	0	0	0	0
717684	Bacteria_71	Pept_tRNA_hydro	PF01195.19	0	0	0	0	1.19376026272578	0	0	0	0	0	0.711001642036125	0	42.0574712643678	0	0	0	0	0	0.247947454844007	0	0.233169129720854	0	0	0	0	0	0.272577996715928	0	0
742632	Bacteria_71	Ribonuclease_P	PF00825.18	0.537037037037037	0	0	0	1.11640211640212	0	1.21164021164021	0	0	0.439153439153439	1.17460317460317	0	49.1243386243386	0	0	0	0	0	0	0	0.0132275132275132	0	0	0	0	0	0	0	0
742775	Bacteria_71	eIF-1a	PF01176.19	0	0	0	0	1.33333333333333	0	1.20547945205479	0	0	1.3013698630137	0.452054794520548	0	55.5707762557078	0	0	0	0	0	0	0	0	0	0	0	0	0	0	0	0
773345	Bacteria_71	SecG	PF03840.14	0	0	0	0	0.903030303030303	0	0	0	0	0	0.451515151515152	0	25.3666666666667	0	0	0	0	0	0	0	0	0	0	0	0	0	0	0	0
773420	Bacteria_71	tRNA-synt_1d	PF00750.19	0	0.170634920634921	0	0	0.374149659863946	0	0.837301587301587	0	0	0	0.42687074829932	0	35.4353741496599	0	0	0	0	0	0	0	0.195011337868481	0	0	0	0	0	0	0	0
773433	Bacteria_71	YajC	PF02699.15	0	0	0	0	0.483974358974359	0	0	0	0	0	0.483974358974359	0	35.7628205128205	0	0	0.868589743589744	0	0	0	0	0.0384615384615385	0	0	0.333333333333333	0	0	0	0	0
773479	Bacteria_71	Ribosomal_S9	PF00380.19	0	0	0	0	1.90707070707071	0	0	0	0	0	0	0	28.1131313131313	0	0	0	0	0	0	0	0.458585858585859	0	0	0	0	0	0	0	0
773480	Bacteria_71	Ribosomal_L13	PF00572.18	0	0	0	0	0.574786324786325	0	0	0	0	0	0	0	37.3675213675214	0	0	0	0	0	0	0	1.27136752136752	0	0	0	0	0	0	0	0
773501	Bacteria_71	RRF	PF01765.19	0	0	0	0	0	0	0.526881720430108	0	0	0	0	0	28.3100358422939	0	0	0	0	0	0	0	0	0	0	0	0	0	0	0	0
773503	Bacteria_71	EF_TS	PF00889.19	0	0	0	0	0.90770901194354	0	0.773072747014115	0	0	0	0.981541802388708	0	29.0010857763301	0	0	0	0	0	0.149837133550489	0	0.165038002171553	0	0	0	0	0	0	0	0
773504	Bacteria_71	Ribosomal_S2	PF00318.20	0.266666666666667	0	0	0	0.135849056603774	0	0.39496855345912	0	0	0	0.755974842767296	0	31.9735849056604	0	0	0	0	0	0.792452830188679	0	0	0	0	0	0	0	0	0	0
773513	Bacteria_71	RecO_C	PF02565.15	0	0	0	0	0	0	0.824561403508772	0	0	0	0.973009446693657	0	37.2240215924426	0	0.209176788124157	0	0	0	0.643724696356275	0	0	0	0	0	0	0	0	0	0.0350877192982456
773521	Bacteria_71	RNA_pol_Rpb6	PF01192.22	0	0	0	0	0	0	0.135714285714286	0	0	0	0	0	29.5809523809524	0	0	0	0	0	0	0	0	0	0	0	0	0	0	0	0
773525	Bacteria_71	SmpB	PF01668.18	0	0	0	0	0	0	0	0	0	0.232905982905983	0	0	30.2051282051282	0	0	0	0	0	0	0	0	0	0	0	0	0	0	0	0
773553	Bacteria_71	RuvX	PF03652.15	0	0.0928270042194093	0	0	0	0	0.459915611814346	0	0	0.345991561181435	0.213080168776371	0	31.457805907173	0	0	0	0	0	0	0	0	0	0	0	0	0	0.388185654008439	0	0
773585	Bacteria_71	Ribosomal_S6	PF01250.17	0	0	0	0.741293532338308	0.76865671641791	0	0.631840796019901	0	0	0	0	0	40.5	0	0.825870646766169	0	0	0	0.482587064676617	0	0.375621890547264	0	0	0	0	0	0.701492537313433	0	0
773587	Bacteria_71	Ribosomal_L9_C	PF03948.14	0	0	0	0	0.532994923857868	0	0.983079526226734	0	0	0	0	0	32.8934010152284	0	0.16751269035533	0	0	0	0.407783417935702	0	0.385786802030457	0	0	0	0	0	0	0	0
773670	Bacteria_71	IPPT	PF01715.17	0	0	0	0	0	0	0.53125	0	0	0	0.24375	0	31.1979166666667	0	0.314583333333333	0	0	0	0	0	0.629166666666667	0	0	0	0	0	0	0	0
773688	Bacteria_71	PGK	PF00162.19	0	0.248333333333333	0	0	0.724166666666667	0	0.49	0.330833333333333	0	0	0	0	29.6966666666667	0	0.0516666666666667	0	0	0	0	0	0	0	0	0	0	0	0	0	0
773863	Bacteria_71	Chorismate_synt	PF01264.21	0	0	0	0	0.549771689497717	0.551598173515982	0.665753424657534	0	0	0	0.550684931506849	0	36.0913242009132	0	0	0	0	0	0.476712328767123	0	0.351598173515982	0	0	0	0	0.280365296803653	0	0	0
773896	Bacteria_71	AICARFT_IMPCHas	PF01808.18	0.186868686868687	0.150252525252525	0.157828282828283	0	0.380681818181818	0.184343434343434	0.190656565656566	0	0	0	0.189393939393939	0	40.8743686868687	0	0	0	0	0	0	0	0	0	0	0	0	0	0	0	0
773902	Bacteria_71	ATP-synt_A	PF00119.20	0	0	0	0	0.204301075268817	0	0.208333333333333	0	0	0	0.202956989247312	0	43.9811827956989	0	0	0.600806451612903	0	0	0	0	0	0	0	0	0	0	0	0	0
773938	Bacteria_71	Exonuc_VII_L	PF02601.15	0	0	0	0	0.209902370990237	0	0.209902370990237	0	0	0	0.366806136680614	0	29.1569037656904	0	0	0	0	0	0	0	0.840306834030683	0	0	0	0	0	0	0	0
773981	Bacteria_71	Ribosomal_L20	PF00453.18	0	0	0.299435028248588	0	1.50847457627119	0	0.387005649717514	0	0	0	0	0	43.2966101694915	0	0	0	0	0	0.0508474576271186	0	0	0	0	0	0	0	0	0	0
773982	Bacteria_71	Ribosomal_L35p	PF01632.19	0	0	0	0	2.02525252525253	0	0	0	0	0	0	0	47.989898989899	0	0	0	0	0	1.08080808080808	0	0	0	0	0	0	0	0	0	0
774046	Bacteria_71	TsaE	PF02367.17	0	0	0	0	0.226190476190476	0.339285714285714	0.597222222222222	0	0	0	0	0	38.0674603174603	0	0	0	0	0	0.56547619047619	0	0	0	0	0	0	0	0	0	0
393291	Bacteria_71	Adenylsucc_synt	PF00709.21	0	0	0.551282051282051	0	1.01648351648352	0	0.71978021978022	0	0	0	0	0	38.0045787545788	0	0	0	0	0	0.141941391941392	0	0.553113553113553	0	0	0	0	0	0	0.271062271062271	0
