gene_callers_id	source	gene_name	gene_hmm_id	WAM_ALR	WAM_CCR	WAM_IPI	WAM_MAR	WAM_MYS	WAM_PBL	WAM_PJN	WAM_PPR	WAM_PST	WAM_ROL	WAM_SCR	WAM_SGN	WAM_SIS	WAM_TWN	WAR_ALR	WAR_CCR	WAR_IPI	WAR_MAR	WAR_MYS	WAR_PBL	WAR_PJN	WAR_PPR	WAR_PSK	WAR_PST	WAR_RNW	WAR_ROL	WAR_SCR	WAR_SGL	WAR_SIS
1190677	Bacteria_71	UPF0054	PF02130.17	0.391025641025641	1.38301282051282	0	0.0176282051282051	0	0.480769230769231	0.620192307692308	0	0	0	0	0.924679487179487	0	0.770833333333333	0	0.434294871794872	0	0.447115384615385	0	0.565705128205128	0.482371794871795	0.408653846153846	0.445512820512821	1.79807692307692	0.25	0	0.546474358974359	0.721153846153846	0
538740	Bacteria_71	Ribonuclease_P	PF00825.18	0	0.762626262626263	0	0	0.242424242424242	0	0	0.962121212121212	0	0	0.762626262626263	0	0	0.095959595959596	0	1.14141414141414	0	0.53030303030303	0	0.406565656565657	0	0.454545454545455	0	0.318181818181818	0.76010101010101	0	0	0	0
667321	Bacteria_71	Ribosomal_L1	PF00687.21	0	1.26553672316384	0	0	0	0.627118644067797	0.425141242937853	0.425141242937853	0.423728813559322	0	0.128531073446328	0.956214689265537	0	0	0	0	0.0833333333333333	0	0	0.265536723163842	0.48728813559322	0.201977401129944	0	0.403954802259887	1.35169491525424	0	0.850282485875706	0	0
696944	Bacteria_71	tRNA_m1G_MT	PF01746.21	0	1.03017832647462	0	0	0	0	0.412894375857339	0.842249657064472	0	0	0.491083676268861	0.618655692729767	0	0.687242798353909	0	0.817558299039781	0	0	0	0.0548696844993141	0	0.412894375857339	0.825788751714678	0.676268861454047	0.412894375857339	0	0.207133058984911	0	0
20375	Bacteria_71	Ribosomal_S20p	PF01649.18	0	1.42619047619048	0.0880952380952381	0.895238095238095	0	0.245238095238095	1.03095238095238	1.46428571428571	0.707142857142857	0	0.676190476190476	0.0119047619047619	0	0.502380952380952	0	0	0	0.326190476190476	0	0.673809523809524	0	0	0	0	0.211904761904762	0	0.233333333333333	1.43809523809524	0
152855	Bacteria_71	IPPT	PF01715.17	0	0.192307692307692	0	0	0.383333333333333	0.00641025641025641	0	0.338461538461538	0.387179487179487	0	0.196153846153846	0.387179487179487	0	0	0	0.193589743589744	0	0	0	0.192307692307692	0.21025641025641	0	0	1.53846153846154	0.57948717948718	0	0.387179487179487	0.387179487179487	0
1453391	Bacteria_71	RBFA	PF02033.18	0	0.723404255319149	0	0.1725768321513	0	0	0	1.01418439716312	1.55555555555556	0	0	0.210401891252955	0	0.234042553191489	0	0	0	0	0	0	0.300236406619385	0	0	0	0.75177304964539	0	1.21040189125296	0.41371158392435	0
1517301	Bacteria_71	Adenylsucc_synt	PF00709.21	0	0.282828282828283	0.127104377104377	0	0	0.577441077441077	0.0791245791245791	0.191919191919192	0.348484848484849	0	0	1.44444444444444	0	0.507575757575758	0	0	0	0.253367003367003	0	0	0.762626262626263	0.756734006734007	0.254208754208754	0.792929292929293	0.400673400673401	0.17003367003367	0.978114478114478	0.508417508417508	0
1571706	Bacteria_71	RuvX	PF03652.15	0	0.3125	0	0	0	0	0.629166666666667	1.49583333333333	0	0	0	0.404166666666667	0	0	0	0	0	0.479166666666667	0.314583333333333	0.5625	0	0.583333333333333	0	0	3.26041666666667	0	1.49375	0	0
1581807	Bacteria_71	Ribosomal_S6	PF01250.17	0	0.0758807588075881	0	0	0	0	0.994579945799458	0	0	0	0	1.51761517615176	0	0.447154471544715	0	0.818428184281843	0	1.23035230352304	0	0.0975609756097561	1.59891598915989	0	0	1.9349593495935	0.230352303523035	0	0.560975609756098	0	0
1645683	Bacteria_71	Ribosomal_L20	PF00453.18	0	0	0	0	0	0	0	0.767241379310345	0	0	0	0	0	0	0	0	0	0.433908045977011	0	0.586206896551724	0.477011494252874	0	0	1.50574712643678	1.98850574712644	0	0.0603448275862069	0.850574712643678	0
1645684	Bacteria_71	Ribosomal_L35p	PF01632.19	0	1.03535353535354	0	0	0	0	0	0.974747474747475	0	0	0	0	0	0	0	0	0	0	0	0.272727272727273	1.64141414141414	0	0	0.792929292929293	1.01010101010101	0	0.863636363636364	0	0
1720419	Bacteria_71	ATP-synt_A	PF00119.20	0	0.492455418381344	0	0.0576131687242798	0	0.326474622770919	0.417009602194787	0.397805212620027	1.13854595336077	0	0	0.720164609053498	0	0	0	0	0	0	0	0.297668038408779	0.414266117969822	0.204389574759945	0.215363511659808	0.677640603566529	0	0.0315500685871056	0.414266117969822	0.268861454046639	0
1729144	Bacteria_71	Ribosomal_S2	PF00318.20	0	0.497222222222222	0.318055555555556	0	0.133333333333333	0	0.419444444444444	0.136111111111111	0.275	0	0	0.209722222222222	0	0.15	0.540277777777778	0.276388888888889	0	0	0	0	0.834722222222222	0	0	0.559722222222222	1.46388888888889	0.418055555555556	0	0	0
1755081	Bacteria_71	EF_TS	PF00889.19	0.732600732600733	0.527472527472527	0	0	0.490842490842491	0.538461538461538	0	0	0.476190476190476	0	0	0	0	0	0.523809523809524	0	0	1.69230769230769	0	1.21611721611722	0	0.0476190476190476	0	3.15018315018315	0	0.545787545787546	0.549450549450549	0	0
1755082	Bacteria_71	EF_TS	PF00889.19	0.132768361581921	0	0	0	0.169491525423729	0.847457627118644	0	0	0.310734463276836	0	0	0.42090395480226	0	0	0	0	0	0	0	0	0	0.661016949152542	0	1.93785310734463	0	0.38135593220339	0	0	0
1023492	Bacteria_71	SmpB	PF01668.18	0	0.210843373493976	0.303212851405622	0	0	0	0.120481927710843	1.3714859437751	0.508032128514056	0	0.299196787148594	0.495983935742972	0	0	0	0	0	0.84136546184739	0	0.184738955823293	0.829317269076305	0.41566265060241	0	0.00200803212851405	1.1425702811245	0	0.540160642570281	0.520080321285141	0.0100401606425703
1026904	Bacteria_71	Ribosomal_L5	PF00281.19	0	0.724074074074074	0	0	0	0.557407407407407	0.285185185185185	0	0.27962962962963	0	0	1.08148148148148	0	0	0	1.67777777777778	0	0	0	0	0.481481481481481	2.45	0	0.185185185185185	1.28148148148148	0	0.835185185185185	0.605555555555556	0
1026905	Bacteria_71	ribosomal_L24	PF17136.4	0	1.3249299719888	0	0	0	0.0672268907563025	0.977591036414566	0.787114845938375	0.677871148459384	0	0	1.8515406162465	0	0.42296918767507	0.719887955182073	0	0	0	0.0644257703081232	0.42296918767507	0.753501400560224	0.677871148459384	0	0.677871148459384	0	0	1.66946778711485	0	0
1026906	Bacteria_71	Ribosomal_L14	PF00238.19	0	1.26229508196721	0	0.573770491803279	0	0.754098360655738	0.816939890710383	1.66393442622951	0.565573770491803	0	0	0	0	0.412568306010929	2.15300546448087	0	0	0	1.16939890710383	0.226775956284153	0.0819672131147541	0.180327868852459	0	0.489071038251366	0	0	0.445355191256831	0	0
1026907	Bacteria_71	Ribosomal_S17	PF00366.20	0	0.247191011235955	0	1.67415730337079	0	0	0	1.1310861423221	0	0	0	0	0	0.629213483146067	0	0	0	0	0	0.827715355805243	0.9812734082397	1.08614232209738	0.0561797752808989	0.602996254681648	1.17977528089888	0	1.04119850187266	0.786516853932584	0
1026908	Bacteria_71	Ribosomal_L29	PF00831.23	0	1.36190476190476	0	0.676190476190476	0	0	0	0	0.0666666666666667	0	0	1.11428571428571	0	0.476190476190476	0	0.276190476190476	0	0	0	0.714285714285714	3.44285714285714	0	0.895238095238095	0	1.20952380952381	0	0.60952380952381	2.30952380952381	0
1026909	Bacteria_71	Ribosomal_L16	PF00252.18	0	2.92827004219409	0	0.632911392405063	0	0.162447257383966	0	1.11392405063291	0.959915611814346	0	0.175105485232068	0	0.314345991561181	0.613924050632911	0.168776371308017	0.508438818565401	0	0.470464135021097	0.0337552742616034	0	0.590717299578059	0.839662447257384	0.753164556962025	0	0	0	1.08860759493671	1.01476793248945	0
1026910	Bacteria_71	Ribosomal_S3_C	PF00189.20	0.669398907103825	2.09699453551913	0	0.872950819672131	0.822404371584699	0.284153005464481	0.796448087431694	0.991803278688525	0.64344262295082	0	0.275956284153005	1.18715846994536	0.206284153005464	0	0.258196721311475	0.390710382513661	0	0.812841530054645	0.367486338797814	0.825136612021858	1.50136612021858	0.146174863387978	0.00683060109289617	0	0.82103825136612	0.204918032786885	0.938524590163934	1.13524590163934	0
1026911	Bacteria_71	Ribosomal_L22	PF00237.19	0.213114754098361	0.153005464480874	0	0.663934426229508	0	0	0	2.74590163934426	0	0.822404371584699	0	0.704918032786885	0	0	0	0	0.256830601092896	0.087431693989071	0	2.30054644808743	0.475409836065574	1.15300546448087	0.666666666666667	0.822404371584699	2.3224043715847	0	1.58743169398907	1.10109289617486	0
1026912	Bacteria_71	Ribosomal_S19	PF00203.21	0	0.449275362318841	0	0.934782608695652	0	0	0	1.78623188405797	0	0	0	1.6268115942029	0	0	0.126811594202899	0	0.192028985507246	0	0	0.996376811594203	0	0.311594202898551	0	0.547101449275362	0.952898550724638	0	0.815217391304348	0	0
1033039	Bacteria_71	RRF	PF01765.19	0	0.595628415300546	0	0.29143897996357	0	0	0.247723132969035	0.260473588342441	0	0	0.943533697632058	0.562841530054645	0.309653916211293	0	0	0.766848816029144	0	1.06921675774135	0	0.701275045537341	0.763205828779599	0.285974499089253	0	0.510018214936248	0	0	0.950819672131148	0.550091074681239	0
782524	Bacteria_71	Ribosom_S12_S23	PF00164.25	0	0.805333333333333	0	0	0	1.008	0	0	0	0	0	0.221333333333333	0	0	0	0	0	0.616	0	0.8	0.00266666666666666	0	0.48	0	2.29066666666667	0.101333333333333	1.30666666666667	0	0
782525	Bacteria_71	Ribosomal_S7	PF00177.21	0	0.545647558386412	0	0.320594479830149	0.320594479830149	0.320594479830149	0.851380042462845	0.479830148619958	0.639065817409766	0	0	0	0	0	0	0	0.607218683651805	0	0	0	0.322717622080679	0	0	0.360934182590234	0.694267515923567	0.239915074309979	2.04883227176221	0	0
782888	Bacteria_71	Ribosomal_L21p	PF00829.21	0	0.402666666666667	0	0	0	0	0.261333333333333	0.474666666666667	0.802666666666667	0.733333333333333	0.408	0	0	0	0	0.413333333333333	0	0	0	0	0	0.0453333333333333	0	0.181333333333333	1.37066666666667	0	0.453333333333333	0	0
782889	Bacteria_71	Ribosomal_L27	PF01016.19	0	0.988888888888889	0	0	0	0	0	1.27407407407407	0.614814814814815	0	1.05555555555556	1.52592592592593	0	1.11851851851852	0	0.385185185185185	0	0	0	1	0.803703703703704	0	0	1.07407407407407	0.225925925925926	0	0	0	0
869400	Bacteria_71	Ham1p_like	PF01725.16	0	0.919191919191919	0.252525252525253	0.942760942760943	0	0	0.427609427609428	0.929292929292929	0.464646464646465	0	0	1.47811447811448	0	0.00168350168350168	0	0	0	0	1.26599326599327	0.895622895622896	0.722222222222222	0.508417508417508	0.335016835016835	0.442760942760943	0.755892255892256	0	1.06565656565657	0	0
399454	Bacteria_71	Ribosomal_L19	PF01245.20	0.0787878787878788	0.16969696969697	0	0.395959595959596	0	0	0	1.31515151515152	0	0	0.355555555555556	0	0.0161616161616162	0.0727272727272727	0	0.61010101010101	0	0	0	1.81818181818182	0	0.61010101010101	0	0.363636363636364	0.270707070707071	0.260606060606061	0.915151515151515	0.197979797979798	0
431032	Bacteria_71	Exonuc_VII_L	PF02601.15	0	0.26283724978242	0	0	0	0	0.65361183637946	1.0443864229765	0.563098346388164	0	0.522193211488251	0.261096605744125	0	0	0	0	0	0	0	0.785900783289817	0.26283724978242	0.26283724978242	0	0	1.40121845082681	0.149695387293299	0.374238468233246	0.192341166231506	0
437105	Bacteria_71	AICARFT_IMPCHas	PF01808.18	0	0.773861967694567	0	0.220998531571219	0.11086637298091	0	0.219530102790015	0.600587371512482	0	0	0	0.227606461086637	0	0.884728340675477	0	0	0	0.584434654919236	0.220264317180617	0.883994126284875	0.659324522760646	0.550660792951542	0	0.535976505139501	0.219530102790015	0.441997063142438	0.913362701908957	0.660058737151248	0
478954	Bacteria_71	Ribosomal_S15	PF00312.22	0	0	0	0	0	0	0.422222222222222	0.9	0.62962962962963	0	0	0	0	0.811111111111111	0	0	0	0	0	0	0.314814814814815	0	0	0	0.811111111111111	0	0.188888888888889	0.122222222222222	0
1285271	Bacteria_71	Ribosomal_L9_C	PF03948.14	0	0.65359477124183	0	0.300653594771242	0	0.655773420479303	0.328976034858388	0.281045751633987	0.662309368191721	0	0	0.655773420479303	0	0	0	0.209150326797386	0	0	0	1.03703703703704	0.655773420479303	0.328976034858388	0	2.17429193899782	2.06535947712418	0	0	0	0
