gene_callers_id	source	gene_name	gene_hmm_id	WAM_ALR	WAM_CCR	WAM_IPI	WAM_MAR	WAM_MYS	WAM_PBL	WAM_PJN	WAM_PPR	WAM_PST	WAM_ROL	WAM_SCR	WAM_SGN	WAM_SIS	WAM_TWN	WAR_ALR	WAR_CCR	WAR_IPI	WAR_MAR	WAR_MYS	WAR_PBL	WAR_PJN	WAR_PPR	WAR_PSK	WAR_PST	WAR_RNW	WAR_ROL	WAR_SCR	WAR_SGL	WAR_SIS
1071587	Bacteria_71	RBFA	PF02033.18	0	0	0.74937343358396	1.55889724310777	0.706766917293233	0.037593984962406	0.383458646616541	0.0852130325814536	1.03759398496241	0.671679197994987	0	3.3734335839599	0	0.285714285714286	0.385964912280702	0	1.11278195488722	1.26817042606516	0.0852130325814536	0.398496240601504	1.10526315789474	0.37593984962406	0.962406015037594	2.14786967418546	0	0	0	2.13533834586466	0.383458646616541
1071599	Bacteria_71	RNA_pol_Rpb6	PF01192.22	0.844632768361582	0.096045197740113	0.754237288135593	0.853107344632768	0.514124293785311	0.112994350282486	1.08757062146893	0.666666666666667	1.31073446327684	0.324858757062147	0	0.768361581920904	0	0.853107344632768	2.77966101694915	0	0	1.69774011299435	0.0621468926553672	0.418079096045198	1.51129943502825	0	0.974576271186441	4.53954802259887	1.70338983050847	0.632768361581921	0.361581920903955	2.53954802259887	1.54237288135593
1071608	Bacteria_71	RecO_C	PF02565.15	0.87012987012987	0.225108225108225	0.927849927849928	2.78210678210678	0.163059163059163	1.56277056277056	1.21356421356421	0.434343434343434	0.800865800865801	0.189033189033189	0.844155844155844	2.17748917748918	0.434343434343434	0.432900432900433	0.432900432900433	0	0.216450216450216	1.36796536796537	0.431457431457431	1.69119769119769	1.02308802308802	0	1.93795093795094	0.864357864357864	0.432900432900433	0.87012987012987	0.434343434343434	0.97979797979798	0.463203463203463
1092149	Bacteria_71	Adenylsucc_synt	PF00709.21	1.01778808971384	0.233565351894818	0	1.2861562258314	0.178654292343387	0.293116782675947	0.607888631090487	0.845320959010054	0.699922660479505	0.233565351894818	0.37277648878577	0.579273008507347	0	0.931941221964424	1	0.233565351894818	1.01314771848415	0.897138437741686	0.824439288476411	0.463263727764888	1.35576179427688	0	0.819798917246713	1.47795823665893	1.62180974477958	1.14230471771075	0.140757927300851	0.481825212683681	0.465583913379737
1092153	Bacteria_71	SecG	PF03840.14	0.669398907103825	1.06830601092896	0	2.08469945355191	0.538251366120219	0	0.494535519125683	0.377049180327869	0	0	0	1.48087431693989	0.344262295081967	3.22677595628415	0	0	0.825136612021858	1.52459016393443	0	0	0.617486338797814	0	0	1.34972677595628	0	0	0	0.00273224043715847	0.262295081967213
185290	Bacteria_71	Ribosomal_L19	PF01245.20	1.17948717948718	0.348717948717949	0.417948717948718	0.733333333333333	0	0.874358974358974	0.984615384615385	0.387179487179487	0	0.374358974358974	0	0.646153846153846	0.520512820512821	0.492307692307692	0	0	0.151282051282051	0.376923076923077	0	0.751282051282051	1.53846153846154	0.269230769230769	1.96666666666667	1.54358974358974	0	0	1.01282051282051	0	0
185291	Bacteria_71	tRNA_m1G_MT	PF01746.21	2.67046894803549	0.0253485424588086	0.140684410646388	0.983523447401774	0.271229404309252	1.18631178707224	0.761723700887199	0.0342205323193916	0	0.936628643852978	0.344740177439797	0	0.0215462610899873	0.67807351077313	0.803548795944233	0	0.453738910012674	0.288973384030418	0.370088719898606	0	0.743979721166033	0.636248415716096	0.898605830164765	1.56020278833967	1.1787072243346	0.76425855513308	0.191381495564005	0.192648922686946	0.674271229404309
207449	Bacteria_71	Ribosomal_S7	PF00177.21	1.04458598726115	1.57749469214437	0	1.35668789808917	0.305732484076433	1.24628450106157	1.58386411889597	0	0.573248407643312	0.573248407643312	0	1.88322717622081	0	1.80467091295117	2.08917197452229	0	0	1.01273885350318	0.547770700636943	2.96390658174098	0	0.375796178343949	0.997876857749469	1.88110403397028	0.927813163481953	0.0127388535031847	0.416135881104034	0.619957537154989	1.10403397027601
207450	Bacteria_71	Ribosom_S12_S23	PF00164.25	0.556451612903226	0	0	1.30645161290323	1.27688172043011	1.04569892473118	4.09408602150538	0.505376344086022	0	0.811827956989247	0	1.36559139784946	0.666666666666667	3.12365591397849	1.13440860215054	0	0	1.32795698924731	0.0860215053763441	0.0967741935483871	0.693548387096774	0	0.239247311827957	3.11021505376344	0.411290322580645	1.0752688172043	1.79838709677419	0.650537634408602	2.23387096774194
281938	Bacteria_71	Ribosomal_L35p	PF01632.19	3.87562189054726	0	0.597014925373134	0	0.432835820895522	0	1.21393034825871	0.383084577114428	0	0	0	1.4726368159204	0.0199004975124378	4.46268656716418	0	0	2.24378109452736	1.72139303482587	0	0.502487562189055	1.24378109452736	0	1.0547263681592	0	2.4228855721393	0.751243781094527	2.22388059701493	1.14925373134328	0.522388059701492
281939	Bacteria_71	Ribosomal_L20	PF00453.18	2.8595041322314	0.710743801652893	0.046831955922865	0.432506887052342	0.352617079889807	0	2.48209366391185	0.0192837465564738	0	1.65564738292011	0.0192837465564738	1.08815426997245	0	2.65013774104683	0.0192837465564738	0	0.457300275482094	1.14876033057851	0.826446280991736	0.482093663911846	0.534435261707989	0	0.608815426997245	0.820936639118457	0.515151515151515	1.07162534435262	0.487603305785124	0.831955922865014	0.46831955922865
294176	Bacteria_71	eIF-1a	PF01176.19	0.712328767123288	0.091324200913242	1.15068493150685	0.155251141552511	0.374429223744292	0.876712328767123	0.525114155251142	0.529680365296804	0	0	0	1.0365296803653	0.958904109589041	5.15068493150685	1.48858447488584	0	0	0.0776255707762557	3.78995433789954	0	3.36073059360731	1.23287671232877	0.146118721461187	0.940639269406393	1.32876712328767	0.908675799086758	0	1.71232876712329	1.61187214611872
297661	Bacteria_71	Pept_tRNA_hydro	PF01195.19	0.822603719599428	0.0858369098712446	0	0	0.861230329041488	0.743919885550787	2.07296137339056	0.238912732474964	0.204577968526466	0.25035765379113	0	0.55793991416309	0.410586552217453	0.771101573676681	0.168812589413448	0.440629470672389	0.432045779685265	1.72532188841202	0.430615164520744	0.526466380543634	0.0143061516452074	0	0.569384835479256	0.811158798283262	0.502145922746781	0.861230329041488	0.0886981402002861	0	0.542203147353362
337432	Bacteria_71	Ribosomal_L28	PF00830.19	0.979381443298969	0	0.518900343642612	0.74914089347079	0	2.06872852233677	0	1.27147766323024	0	0.542955326460481	0	0	0.549828178694158	2.14432989690722	1.15120274914089	0.608247422680412	0	0.65979381443299	4.3573883161512	3.2680412371134	0	0	0	0.618556701030928	0	1.24398625429553	0.144329896907216	0.305841924398625	0.721649484536082
639073	Bacteria_71	Ribosomal_S16	PF00886.19	1.8082788671024	0.387799564270152	0	0.984749455337691	0.559912854030501	1.77342047930283	1.59477124183007	1.31372549019608	1.94989106753813	0	0	1.21786492374728	0	0.675381263616558	0.00435729847494553	0	2.10893246187364	1.85838779956427	0	0.416122004357298	0.710239651416122	0	1.89542483660131	1.30283224400871	0.0413943355119826	0.812636165577342	0	1.69281045751634	0.4880174291939
21741	Bacteria_71	Chorismate_synt	PF01264.21	0.544715447154472	0.272809394760614	0	1.8003613369467	0.560072267389341	0.543812104787715	1.08581752484192	1.17344173441734	0.596205962059621	0	0	1.05149051490515	0.545618789521229	2.1093044263776	1.08943089430894	0.580849141824752	0.272809394760614	0.818428184281843	1.12646793134598	1.0650406504065	0.253839205058717	0.270099367660343	0.535682023486902	1.28816621499548	1.14543812104788	1.08852755194219	1.0903342366757	0.312556458897922	1.70280036133695
30221	Bacteria_71	UPF0054	PF02130.17	0.792415169660679	1.17564870259481	0.602794411177645	0.229540918163673	0.912175648702595	1.1936127744511	1.45508982035928	0	1.04790419161677	0.602794411177645	0	0.958083832335329	0	1.5748502994012	2.15568862275449	0	1.06786427145709	0.882235528942116	0.602794411177645	1.27744510978044	0.806387225548902	0.0818363273453094	0.966067864271457	1.20359281437126	1.07984031936128	0.107784431137725	0.602794411177645	1.25149700598802	1.52894211576846
50124	Bacteria_71	GrpE	PF01025.19	1.8499127399651	0.675392670157068	1.05061082024433	1.20244328097731	0.919720767888307	0.195462478184991	0.553228621291449	0.668411867364747	0.617801047120419	0.205933682373473	0.417102966841187	1.67888307155323	0	2.43804537521815	0.547993019197208	0.527050610820244	0	0.909249563699826	0.321116928446771	1.05410122164049	0.682373472949389	0	1.46073298429319	1.20593368237347	1.10820244328098	3.10296684118674	0.549738219895288	2.10296684118674	0.858638743455497
50127	Bacteria_71	Ham1p_like	PF01725.16	0	0	0	1.37272727272727	0.996969696969697	0	0	0	0	0.412121212121212	0	0	0	0.0121212121212121	0	0	0	0.0242424242424242	0	0.363636363636364	0.915151515151515	0	0	0	0.287878787878788	0	0	0.457575757575758	0.845454545454545
119281	Bacteria_71	Ribosomal_L1	PF00687.21	0.742489270386266	0	0.427753934191702	0.241773962804006	0.659513590844063	1.14306151645207	0.424892703862661	0.57653791130186	0.982832618025751	0.341917024320458	0.214592274678112	0.417739628040057	0.430615164520744	1.98283261802575	0.648068669527897	0	0.889842632331903	0.563662374821173	0.430615164520744	0.783977110157368	1.15021459227468	0.646638054363376	0.4620886981402	1.66094420600858	1.3862660944206	0.626609442060086	0.430615164520744	1.96423462088698	0.525035765379113
119284	Bacteria_71	SecE	PF00584.20	1.64646464646465	0.191919191919192	0	2.54040404040404	0.378787878787879	0.909090909090909	1.94444444444444	1.2979797979798	0.0555555555555556	1.23737373737374	0	0	0.555555555555556	2.09090909090909	1.56565656565657	0	0	0.0555555555555556	1.01515151515152	1.65656565656566	0.858585858585859	0	1.06565656565657	0.0252525252525252	0.611111111111111	2.35858585858586	0	0	0.494949494949495
159081	Bacteria_71	AICARFT_IMPCHas	PF01808.18	1.03647798742138	0.388050314465409	0.189937106918239	1.20691823899371	0.506918238993711	1.05849056603774	1.08867924528302	0.951572327044025	1.65471698113208	0.183018867924528	0.189308176100629	1.77106918238994	0.10377358490566	2.13459119496855	0.79622641509434	0	0.189937106918239	0.754088050314465	0.60125786163522	0.271698113207547	0.888679245283019	0.379874213836478	1.12955974842767	1.61509433962264	0.471069182389937	0.572327044025157	0.428301886792453	0.947169811320755	1.07421383647799
1427858	Bacteria_71	Ribosomal_L17	PF01196.19	1.43971631205674	2.13002364066194	2.26713947990544	1.81796690307329	0.529550827423168	1.31678486997636	1.13238770685579	0.654846335697399	2.21276595744681	0.434988179669031	0	1.27659574468085	0	2.85342789598109	0.569739952718676	0.711583924349882	0	0.210401891252955	0	0.156028368794326	1.61229314420804	0	0.475177304964539	2.28841607565012	1.27659574468085	1.67375886524823	0.99290780141844	0.685579196217494	0.919621749408983
1427859	Bacteria_71	RNA_pol_L	PF01193.24	1.01973684210526	1.19736842105263	0.982456140350877	0.703947368421053	0	1.96052631578947	0.844298245614035	0.660087719298246	1.54824561403509	1.30482456140351	0	1.1469298245614	0	1.26315789473684	0.331140350877193	0	0	2.96929824561404	0	0.157894736842105	0.81140350877193	2.23026315789474	0.456140350877193	0	0.662280701754386	1.54824561403509	0.991228070175439	0.583333333333333	0.331140350877193
1446958	Bacteria_71	YajC	PF02699.15	1.28771929824561	1.0140350877193	0	1.80350877192982	0	0	0.0947368421052632	1.05964912280702	0	2.02456140350877	0	1.04561403508772	1.88771929824561	1.87368421052632	3.1719298245614	0	0	0	0	1.04561403508772	0.407017543859649	0	0.705263157894737	0.529824561403509	0	0.526315789473684	0	0.526315789473684	0
1460653	Bacteria_71	RNA_pol_L	PF01193.24	1.64024390243902	0	0.286585365853659	0.640243902439024	0.304878048780488	0.835365853658537	0.589430894308943	0	1.09756097560976	0.607723577235772	0.851626016260163	0.896341463414634	0.613821138211382	1.00609756097561	2.96341463414634	0.199186991869919	1.42886178861789	0.304878048780488	1.40040650406504	1.15853658536585	2.33739837398374	0	0.617886178861789	0.920731707317073	0.556910569105691	0	0.609756097560976	1.19512195121951	1.42479674796748
1460654	Bacteria_71	Ribosomal_S11	PF00411.19	2.31043256997455	1.22137404580153	1.12213740458015	1.49872773536896	0.358778625954198	3.37404580152672	1.02544529262087	0	1.06870229007634	0	0	1.70737913486005	0	1.77862595419847	0.32824427480916	0.974554707379135	0.786259541984733	1.61577608142494	0.78117048346056	1.02035623409669	2.99236641221374	0	1	1.28498727735369	1.43765903307888	2.27480916030534	0.765903307888041	1.53180661577608	1.42239185750636
1460655	Bacteria_71	Ribosomal_S13	PF00416.22	3.1869918699187	1.76422764227642	0.292682926829268	0.615176151761518	0.176151761517615	1.01084010840108	1.65040650406504	0	1.0840108401084	0	0	0.691056910569106	0	2.64769647696477	0	0.56639566395664	0.303523035230352	0.582655826558266	0	0.962059620596206	0.517615176151762	0	0.886178861788618	1.88346883468835	2.09485094850949	0	0.520325203252033	1.63143631436314	0
1460656	Bacteria_71	ADK	PF00406.22	0.466049382716049	0.927469135802469	0.231481481481481	1.05555555555556	0.37962962962963	0.697530864197531	1.17592592592593	0.462962962962963	0.859567901234568	0.516975308641975	0	0.483024691358025	0	1.39660493827161	0.929012345679012	0	0.530864197530864	0.83641975308642	0.851851851851852	0.92283950617284	0.703703703703704	0	0.646604938271605	0.725308641975309	1.22993827160494	1.56172839506173	1.05246913580247	0.442901234567901	0.603395061728395
1460657	Bacteria_71	SecY	PF00344.20	0.428046989720999	0.337738619676946	0.331130690161527	1.49118942731278	0.267254038179148	1.90234948604993	1.81864904552129	0.221732745961821	0.231277533039648	0.221732745961821	0	0.945668135095448	0.443465491923642	1.40602055800294	0.822320117474302	0.129221732745962	0.630690161527166	0.174008810572687	0.486784140969163	0.881057268722467	1.01321585903084	0.220264317180617	0.44273127753304	1.47136563876652	1.93392070484581	0.631424375917768	0.0814977973568282	1.59765051395007	1.16152716593245
1460658	Bacteria_71	Ribosomal_L27A	PF00828.19	0.908902691511387	1.16356107660455	0.409937888198758	0.0559006211180124	0	1.34368530020704	1.78674948240166	0.0227743271221532	0.577639751552795	0	0.221532091097308	0.979296066252588	0	0.552795031055901	1.22567287784679	0.668737060041408	0.271221532091097	0.954451345755694	0	1.09937888198758	0.979296066252588	0.623188405797101	0.695652173913043	1.82815734989648	0.958592132505176	1.04554865424431	0.91304347826087	1.48861283643892	1.87577639751553
1569650	Bacteria_71	Ribosomal_S6	PF01250.17	0.776859504132231	0	1.05234159779614	0.826446280991736	1.11845730027548	1.53719008264463	0	0	2.28374655647383	0	0.0192837465564738	0.517906336088154	0	2.39118457300275	1.13223140495868	0	0	0.765840220385675	0.341597796143251	0.752066115702479	0	0	2.01101928374656	1.52617079889807	0.457300275482094	0.793388429752066	0.0137741046831956	0.823691460055096	0
1569652	Bacteria_71	Ribosomal_L9_C	PF03948.14	2.16108452950558	0.594896331738437	0	0.125996810207337	0.0430622009569378	0.971291866028708	0.912280701754386	0.251993620414673	0	0	0	0.700159489633174	0.124401913875598	1.50558213716108	0.0637958532695375	0	0.481658692185008	1.18341307814992	0	0.473684210526316	0	0	0.990430622009569	2.84688995215311	0.754385964912281	0.341307814992026	0	0.239234449760766	0.818181818181818
1660432	Bacteria_71	RsfS	PF02410.15	0.857843137254902	0	0	1.61274509803922	0	0	1.44362745098039	1.1078431372549	0.497549019607843	0.370098039215686	0.220588235294118	1.24754901960784	0	1.24754901960784	1.81862745098039	0	0	0	0	1.01225490196078	1.93872549019608	0.610294117647059	0.473039215686274	2.22058823529412	0.428921568627451	2.19852941176471	0.933823529411765	1.38970588235294	0.595588235294118
1674765	Bacteria_71	Ribosomal_L27	PF01016.19	0	0.166666666666667	0	0	0.12962962962963	0	1.65925925925926	1.3037037037037	0.559259259259259	0	0.559259259259259	2.07777777777778	0.72962962962963	1.27777777777778	1.45925925925926	0.540740740740741	0.155555555555556	0	0.0925925925925926	1.18888888888889	1.3037037037037	0	0	1.32962962962963	0	1.05925925925926	1.63333333333333	0	1.57777777777778
1674766	Bacteria_71	Ribosomal_L21p	PF00829.21	1.18914728682171	0.53953488372093	0	0.637209302325581	0.421705426356589	0.525581395348837	1.85426356589147	1.21395348837209	1.05426356589147	0.868217054263566	0	0.345736434108527	1.11627906976744	1.44806201550388	0.88062015503876	0	0	0.289922480620155	0	0.468217054263566	0.584496124031008	0.468217054263566	0.355038759689922	1.71007751937984	0	2.0077519379845	1.22325581395349	1.22635658914729	2.85891472868217
1020482	Bacteria_71	Ribosomal_L32p	PF01783.23	0.903381642512077	1.2463768115942	0.0628019323671498	0.932367149758454	0	1.29468599033816	0.570048309178744	0	0	0.729468599033816	0	0.207729468599034	0.357487922705314	0.391304347826087	0	0	0.859903381642512	0.729468599033816	1.90821256038647	0	0.782608695652174	0	1.23188405797101	0.729468599033816	0.507246376811594	3.72463768115942	0.599033816425121	0.753623188405797	1.20772946859903
713459	Bacteria_71	tRNA-synt_1d	PF00750.19	0.36101083032491	0.0661853188929001	0.932611311672684	0.446450060168472	0.181708784596871	1.63417569193742	0.806257521058965	0.137184115523466	0.363417569193742	0.724428399518652	0.362214199759326	0	0.862815884476534	0.362214199759326	1.01805054151625	0	1.2057761732852	0.359807460890493	0.363417569193742	0.908543922984356	0.363417569193742	0	1.03249097472924	1.77496991576414	0.706377858002407	0.908543922984356	0.540312876052948	2.16486161251504	0.322503008423586
736523	Bacteria_71	Ribosomal_S15	PF00312.22	2.17037037037037	0.0407407407407407	2.15185185185185	0.674074074074074	0	2.14814814814815	0	1.04074074074074	0	0	0	0.559259259259259	1.32962962962963	3.84814814814815	0.903703703703704	0	0	0.259259259259259	0.259259259259259	1.52962962962963	2.13703703703704	0.922222222222222	1.81851851851852	2.34444444444444	1.68148148148148	0.918518518518518	1.48888888888889	0.348148148148148	2.24814814814815
782617	Bacteria_71	Ribosomal_L2	PF00181.23	0.997627520759193	0.631079478054567	0.893238434163701	0.812574139976275	0.500593119810202	1.0699881376038	1.62633451957295	0.627520759193357	0.963226571767497	0.536180308422301	0	1.24555160142349	0.479240806642942	1.74021352313167	1.38315539739027	0.347568208778173	0.0759193357058126	1.0723606168446	0.37485172004745	0.536180308422301	1.47924080664294	0.3570581257414	0.3570581257414	1.42111506524318	0.338078291814947	0.71055753262159	0.3570581257414	1.81613285883749	1.55753262158956
782618	Bacteria_71	Ribosomal_S19	PF00203.21	2.72401433691756	0.451612903225806	1.42652329749104	2.27956989247312	0	0	2.53405017921147	0.415770609318996	0.154121863799283	0.537634408602151	0	0.956989247311828	0	2.64516129032258	1.70967741935484	0	0.810035842293907	0	1.59139784946237	2.34408602150538	1.24731182795699	0.218637992831541	1.22939068100358	0.412186379928315	1.32258064516129	0.516129032258065	0	0.261648745519713	0.3584229390681
782619	Bacteria_71	Ribosomal_L22	PF00237.19	0	1.30708661417323	0.517060367454068	2.74278215223097	0	1.51181102362205	0.396325459317585	0.469816272965879	1.60892388451444	0.79002624671916	0	0.362204724409449	0	2.13648293963255	0.965879265091864	0	1.26246719160105	0.79002624671916	0	1.82152230971129	0	0.624671916010499	0.272965879265092	1.76640419947507	1.58005249343832	1.35958005249344	2.50656167979003	0.548556430446194	0.522309711286089
782620	Bacteria_71	Ribosomal_S3_C	PF00189.20	0.793785310734463	1.39689265536723	0.844632768361582	0.851694915254237	0.425141242937853	0.303672316384181	2.12570621468927	1.27824858757062	1.3771186440678	0	0	1.08474576271186	0.475988700564972	3.48587570621469	0.738700564971751	0.426553672316384	1.74717514124294	0.425141242937853	0.422316384180791	0.425141242937853	0.0988700564971752	0.0353107344632768	1.27401129943503	1.84463276836158	0.672316384180791	0.587570621468927	1.59745762711864	1.81779661016949	0.850282485875706
782621	Bacteria_71	Ribosomal_L16	PF00252.18	0.741545893719807	0.565217391304348	0	1.08937198067633	0	0.91304347826087	1.61594202898551	0.381642512077295	0.521739130434783	0	0	0.85024154589372	0.613526570048309	1.7536231884058	0.355072463768116	0	0.756038647342995	0	0.342995169082126	0.111111111111111	1.1304347826087	1.4975845410628	0.729468599033816	1.10386473429952	0.871980676328502	0.536231884057971	0	2.63526570048309	0.364734299516908
803977	Bacteria_71	ATP-synt_A	PF00119.20	1.11111111111111	0	0.746031746031746	1.03703703703704	0.396825396825397	0.399470899470899	1.93121693121693	0.0793650793650794	0.191798941798942	0	0.130952380952381	0.698412698412698	0.607142857142857	0.703703703703704	0.593915343915344	0	0.935185185185185	0	0.223544973544974	0.685185185185185	0.849206349206349	0.534391534391534	0.648148148148148	0.256613756613757	0.502645502645503	0	0.332010582010582	0.866402116402116	1.56084656084656
386118	Bacteria_71	Ribosomal_L29	PF00831.23	1.43295019157088	0.444444444444444	1.72030651340996	1.18773946360153	0	1.08429118773946	0	0.0229885057471264	1.49425287356322	0.0229885057471264	0	1.11877394636015	0	0.992337164750958	0.252873563218391	0	0	1.82375478927203	0	0	0	0	2.39846743295019	0.0229885057471264	0.9272030651341	0	0.578544061302682	0.574712643678161	0.590038314176245
386119	Bacteria_71	Ribosomal_S17	PF00366.20	1.31168831168831	0	0.649350649350649	0.545454545454545	1.10822510822511	1.18181818181818	0	0.948051948051948	1.004329004329	0.571428571428571	0	1.25541125541126	0	0.636363636363636	1.27272727272727	0	0	0.255411255411255	0	0	0	0	3.20779220779221	0.108225108225108	0	0.242424242424242	0.748917748917749	0.632034632034632	0.770562770562771
386120	Bacteria_71	Ribosomal_L14	PF00238.19	0.0975609756097561	0	0.642276422764228	0.818428184281843	0.314363143631436	0.661246612466125	0.249322493224932	1.24119241192412	0.5420054200542	0.40650406504065	0	1.90243902439024	0.479674796747967	0.604336043360434	0	0	0	0	1.14092140921409	0	0.292682926829268	0	0.628726287262873	0.165311653116531	0.867208672086721	1.30081300813008	1.7289972899729	0	0.970189701897019
386121	Bacteria_71	ribosomal_L24	PF17136.4	1.69871794871795	0	0	0	0.483974358974359	0.189102564102564	3.6025641025641	0.362179487179487	0.314102564102564	0.368589743589744	0	1.12179487179487	0.445512820512821	1.82371794871795	0	0	0	0.144230769230769	1.43269230769231	0.958333333333333	0.990384615384615	0	0.532051282051282	1.8974358974359	2.38141025641026	0.817307692307692	0.852564102564103	1.14423076923077	2.74679487179487
386122	Bacteria_71	Ribosomal_L5	PF00281.19	1.41489361702128	0	0.170212765957447	1.06914893617021	0	0	1.66312056737589	0.622340425531915	0	0.368794326241135	0	0.0265957446808511	1.05496453900709	2.07446808510638	1.06560283687943	0	0	1.6968085106383	0.0159574468085106	0.0159574468085106	1.41312056737589	0.535460992907801	0.673758865248227	1.94503546099291	1.12234042553191	2.27659574468085	0.0868794326241135	0.49113475177305	1.68085106382979
386124	Bacteria_71	Ribosomal_S8	PF00410.19	1.34605597964377	0	0.857506361323155	1.97201017811705	0.994910941475827	0.786259541984733	0	0	0.885496183206107	0.0534351145038168	0.0229007633587786	1.58269720101781	0.198473282442748	3.19847328244275	0.737913486005089	0	1.70992366412214	0.0381679389312977	0	2.5089058524173	0.888040712468193	0.760814249363868	1.53180661577608	2.55725190839695	0.0432569974554707	1.52671755725191	0.753180661577608	4.38422391857506	1.23918575063613
386125	Bacteria_71	Ribosomal_L6	PF00347.23	1.02247191011236	0.563670411985019	0.196629213483146	1.25280898876405	1.00749063670412	0.915730337078652	0.280898876404494	0.284644194756554	1.54494382022472	0	1.07865168539326	0.589887640449438	1.50374531835206	0.882022471910112	0.299625468164794	0	0	1.08239700374532	0.561797752808989	2	0.318352059925094	0	1.44943820224719	1.00561797752809	0.563670411985019	1.05430711610487	1.08239700374532	0	1.51310861423221
386126	Bacteria_71	Ribosomal_L18p	PF00861.22	0.286111111111111	0	0.0194444444444444	0.608333333333333	0.830555555555556	0	2.00833333333333	0.708333333333333	1.07777777777778	0	0.838888888888889	1.49166666666667	0	0.511111111111111	0.425	1.67222222222222	0	0.236111111111111	0	0.791666666666667	0.538888888888889	0	0.697222222222222	3.96388888888889	0	0.883333333333333	0	0.958333333333333	0.0138888888888889
438064	Bacteria_71	Ribosomal_S20p	PF01649.18	0	0	0.678030303030303	0	0	0.734848484848485	0	0.924242424242424	0.689393939393939	0	0.568181818181818	1.45454545454545	0.628787878787879	2.61742424242424	0.128787878787879	0	1.10984848484848	0	0	0.439393939393939	0.829545454545455	0	0	0.897727272727273	0	1.48484848484848	0	1.01893939393939	0.371212121212121
1230739	Bacteria_71	OSCP	PF00213.18	0.841354723707665	0.0837789661319073	0.269162210338681	1.09982174688057	2.15864527629234	1.07486631016043	1.15686274509804	0	0.404634581105169	0.153297682709447	0.522281639928699	1.68449197860963	0	1.6096256684492	0.532976827094474	0	0.269162210338681	2.79500891265597	0.536541889483066	0.397504456327986	1.07486631016043	0	1.22281639928699	0.918003565062389	1.16577540106952	1.33689839572193	1.06595365418895	0.755793226381462	0.306595365418895
1230741	Bacteria_71	ATP-synt	PF00231.19	1.51826484018265	0.344748858447489	0	0.26027397260274	0.688356164383562	2.00570776255708	1.18721461187215	0.625570776255708	0.664383561643836	0.166666666666667	0	1.53196347031963	0.361872146118721	2.89041095890411	0.753424657534247	0	0.949771689497717	2.23287671232877	0	1.20205479452055	0.932648401826484	0.182648401826484	1.21803652968037	3.25	1.19292237442922	0.514840182648402	0.245433789954338	1.03995433789954	1.67465753424658
1240542	Bacteria_71	SmpB	PF01668.18	1.15992292870906	1.01156069364162	0.581888246628131	0	0.581888246628131	0.00385356454720616	0.639691714836224	0.506743737957611	0.998073217726397	0	0	0.0539499036608863	0	0.271676300578035	0.579961464354528	1.15221579961464	0.0905587668593449	0.0269749518304432	0	0.500963391136802	0.992292870905588	0.258188824662813	1.84778420038536	1.16377649325626	0.853564547206166	0.641618497109827	0	1.38535645472062	0.579961464354528
1323042	Bacteria_71	Exonuc_VII_L	PF02601.15	1.41537467700258	0.584625322997416	0.67764857881137	1.59560723514212	0	0.327519379844961	1.13178294573643	1.02454780361757	0.677002583979328	0.396640826873385	0.175710594315245	0.776485788113695	0	0.857235142118863	1.7015503875969	0	0.18733850129199	0.195090439276486	0.39405684754522	1.25258397932817	0.10594315245478	0.208656330749354	0.779069767441861	1.16860465116279	1.57428940568475	0.619509043927649	1.12467700258398	1.34173126614987	1.81589147286822
