gene_callers_id	source	gene_name	gene_hmm_id	WAM_ALR	WAM_CCR	WAM_IPI	WAM_MAR	WAM_MYS	WAM_PBL	WAM_PJN	WAM_PPR	WAM_PST	WAM_ROL	WAM_SCR	WAM_SGN	WAM_SIS	WAM_TWN	WAR_ALR	WAR_CCR	WAR_IPI	WAR_MAR	WAR_MYS	WAR_PBL	WAR_PJN	WAR_PPR	WAR_PSK	WAR_PST	WAR_RNW	WAR_ROL	WAR_SCR	WAR_SGL	WAR_SIS
1115367	Bacteria_71	IPPT	PF01715.17	0	0	0.562248995983936	0	0	0	0.303212851405622	0	0.365461847389558	0	0	0	0.604417670682731	0	0.911646586345382	0	0	0	0.301204819277108	0	0.590361445783133	0	0	0.604417670682731	0	0.604417670682731	0	0.606425702811245	0
1148496	Bacteria_71	RuvX	PF03652.15	0.282485875706215	0	0.333333333333333	0	0	0	0.338983050847458	0	0.265536723163842	0	0	0	0	0	0.787193973634652	0	0	0	0.661016949152542	0	0.284369114877589	0	0.674199623352166	2.05838041431262	0.376647834274953	0.566854990583804	0.412429378531073	0.566854990583804	1.28436911487759
1174307	Bacteria_71	Ribosomal_L3	PF00297.22	0.333333333333333	0	0.915151515151515	0	0	0	0	0	0	0.76969696969697	0	0	0.966666666666667	0	0.872727272727273	0	0	0	0	0	0	0.915151515151515	0	0.915151515151515	0	2.17272727272727	0	0	0.887878787878788
1174308	Bacteria_71	Ribosomal_L4	PF00573.22	0.124031007751938	0	0.00930232558139534	0	0	0.291472868217054	0	0	0.572093023255814	0.463565891472868	0	0.466666666666667	0.291472868217054	0	0.443410852713178	0.195348837209302	0.465116279069767	0	0.283720930232558	0	0.69922480620155	0	0.218604651162791	0.350387596899225	0	1.69612403100775	0	0.893023255813953	0.317829457364341
1174309	Bacteria_71	Ribosomal_L23	PF00276.20	0	0	0.73394495412844	0	0	0.235474006116208	0	0	1.41284403669725	0	0	0.636085626911315	0	0	0.458715596330275	0	0	0	0.250764525993884	0	0.458715596330275	0	0.403669724770642	0.773700305810398	0	0	0	0	0
1174310	Bacteria_71	Ribosomal_L2	PF00181.23	0	0	0	0	0	0	0.204918032786885	0	0.41120218579235	0	0	0	0	0.409836065573771	1.43852459016393	0	0.412568306010929	0.41120218579235	0.398907103825137	0	0	0	0.206284153005464	1.32786885245902	0	0	0	0	0.390710382513661
1214915	Bacteria_71	Ribosomal_L16	PF00252.18	0	0	0	0	0	0	0	0	0	0	0	0	0	0	0	0	0.978142076502732	0	0	0	0	0	0	0.60655737704918	1.60655737704918	0	0	0	0
1214916	Bacteria_71	Ribosomal_L29	PF00831.23	0	0	0	0	0	0	0.0684931506849315	0	0	0	0	0	0	0	0.602739726027397	0	0.0365296803652968	0	0	0.0958904109589041	0.45662100456621	0.579908675799087	0	0.534246575342466	0	1.27397260273973	0	0	0
1214917	Bacteria_71	Ribosomal_S17	PF00366.20	0	0	0.97411003236246	0	0	0	1.79288025889968	0	0	0.440129449838188	0	0	0	0	0	0	0.660194174757282	0	0	0.799352750809062	0.961165048543689	0.488673139158576	0	1.48220064724919	0.970873786407767	0.588996763754045	0	0.550161812297735	0
1214918	Bacteria_71	Ribosomal_L14	PF00238.19	0	0	1.02981029810298	0.815718157181572	0	0	0.013550135501355	0	0	0.40650406504065	0	0	0	0	0	0	0.273712737127371	0	0	0	0.311653116531165	0	0	0.300813008130081	0	0.333333333333333	0	0.365853658536585	0
1214919	Bacteria_71	Ribosomal_L5	PF00281.19	0	0	0.031578947368421	0	0	0	0.510526315789474	0	0	0.150877192982456	0	0	0	0	0.529824561403509	0	0.298245614035088	0	0.417543859649123	0	0.526315789473684	0	0.528070175438596	0.263157894736842	0	0.792982456140351	0	0	0
1214920	Bacteria_71	Ribosomal_S8	PF00410.19	0.744949494949495	0	0.73989898989899	0	0	0	0.179292929292929	0	0	0.143939393939394	0	0	0	0	1.52020202020202	0	0	0	0.603535353535353	0	0	0	0	0.707070707070707	0	0.46969696969697	0	0	0
1221576	Bacteria_71	Ribosomal_L21p	PF00829.21	0	0	2.73397435897436	0	0	0	1.57692307692308	0.163461538461538	0.746794871794872	0.483974358974359	0	0	0	0	0.480769230769231	0	0	0	0	0	0	0	0.53525641025641	0.108974358974359	0	0	0	0	0.961538461538462
267667	Bacteria_71	Chorismate_synt	PF01264.21	0	0.26140350877193	0.66140350877193	0	0.264912280701754	0	0	0	0.421052631578947	0.264912280701754	0	0	0	0	0.526315789473684	0.0289473684210526	0.91140350877193	0	0.669298245614035	0.52719298245614	0.716666666666667	0	0.257894736842105	1.74035087719298	0	0.989473684210526	0	0.528947368421053	0.397368421052632
348193	Bacteria_71	Ribosomal_S2	PF00318.20	0	0	0	0	0	0	0	0	0.565543071161049	0	0	1.02621722846442	0	0	0	0	0	0.322097378277154	0.786516853932584	0	0	0	0	2.25093632958801	0	0	0	0	0
348977	Bacteria_71	ATP-synt	PF00231.19	0.317620650953984	0	0	0	0	0	0.0448933782267116	0	0.674523007856341	0.00673400673400673	0	1.69023569023569	0	0	0	0	0.675645342312009	0.122334455667789	0.335578002244669	0.222222222222222	0.780022446689113	0	0.371492704826038	2.22895622895623	0	0.560044893378227	0	0.169472502805836	0.337822671156005
530426	Bacteria_71	Ribosomal_S13	PF00416.22	0	0	0.286458333333333	0	0	0	0.572916666666667	0	0	0.0625	0	0	0	0	0.786458333333333	0	0.729166666666667	0	0	0	0.565104166666667	0	1.36458333333333	1.78125	0	1.04427083333333	0	0	0
530427	Bacteria_71	Ribosomal_S11	PF00411.19	0.393229166666667	0	0	0	0	0.859375	0	0	0	0	0	0.739583333333333	0	0	1.16927083333333	0	0	0.408854166666667	0	0	1.5625	0	0.4609375	0	0	0	0	0	0.765625
530428	Bacteria_71	RNA_pol_L	PF01193.24	1.13602391629297	0	0	0	0	0.213751868460389	0	0	0.899850523168909	0.778774289985052	0	0	0	0	0.647234678624813	0	0.448430493273543	0.118086696562033	0	0	1.96860986547085	0	0.449925261584454	0.225710014947683	0	0.901345291479821	0.224215246636771	0	0
544791	Bacteria_71	RRF	PF01765.19	0	0	0.0691489361702128	0	0	0	0.166666666666667	0	0.382978723404255	0	0	0	0	0	0.108156028368794	0	0.267730496453901	1.02836879432624	0	0	0.801418439716312	0	0.388297872340426	0.131205673758865	0.533687943262411	0.705673758865248	0.526595744680851	0	1.0709219858156
554829	Bacteria_71	TsaE	PF02367.17	0	0	0	0	0	0	0	0	0.188405797101449	0.857971014492754	0	1.38840579710145	0.43768115942029	0	0.869565217391304	0	0	0	0	0	0	0	0.171014492753623	0	0	0.52463768115942	0	0	0.434782608695652
659320	Bacteria_71	Ribosomal_L1	PF00687.21	0.191740412979351	0	0.445427728613569	0	0	0	0	0	0.668141592920354	0.20353982300885	0	0	0	0	0.244837758112094	0	0.687315634218289	0.443952802359882	0	0.755162241887906	1.20648967551622	0	0	1.43215339233038	0.445427728613569	0.443952802359882	0	0	1.20796460176991
71677	Bacteria_71	Ribosomal_S15	PF00312.22	0.47037037037037	0	0	0	0	0	1.51111111111111	0	0.0185185185185185	0	0	0	0	0	0	0	0.659259259259259	0.0333333333333333	0.0444444444444444	0	2.83333333333333	0	0.555555555555556	0.955555555555556	0.462962962962963	1.25555555555556	0	0	3.16666666666667
82715	Bacteria_71	Ribosom_S12_S23	PF00164.25	0	0	0.796747967479675	0	0	1.43089430894309	0	0	0.597560975609756	0	0	0	0	0	0	0	0.239837398373984	0.613821138211382	0	0	0	0	0	2.93089430894309	0	2.39837398373984	0	0.613821138211382	0
82716	Bacteria_71	Ribosomal_S7	PF00177.21	0.320594479830149	0	0	0	0	0.089171974522293	0	0	1.92356687898089	0	0	0	1.28237791932059	0	0	0	0.299363057324841	0	0.507430997876858	0	0.923566878980892	0	0.959660297239915	0.86411889596603	0	0	0	0.320594479830149	0.639065817409766
1456920	Bacteria_71	RsfS	PF02410.15	0.198412698412698	0	0.759259259259259	0	0	0	0.0634920634920635	0	0.396825396825397	0	0	0	0	0.399470899470899	0.264550264550265	0	0.608465608465608	0	0.396825396825397	0	0.739417989417989	0	0	0.399470899470899	0.396825396825397	1.16402116402116	0	0	0.751322751322751
1461374	Bacteria_71	tRNA-synt_1d	PF00750.19	0.50346565847511	0.189666036546944	0.00441083805923125	0.378071833648393	0.285444234404537	0	0.386893509766856	0	0.565847511027095	0.189666036546944	0	0.190296156269691	0.467548834278513	0	1.01890359168242	0	0	0.380592312539382	0	0.189666036546944	0.219911783238815	0	0.00441083805923125	0.378701953371141	0.189666036546944	0	0.189666036546944	0.189035916824197	0.80718336483932
1487865	Bacteria_71	Ribosomal_L35p	PF01632.19	0.833333333333333	0	0	0	0	0	0	0	0	0	0	0	0	0	0.965686274509804	0	0	0	0	0	3.21078431372549	0	0	0	0	2.44117647058824	0	0	0
1487866	Bacteria_71	Ribosomal_L20	PF00453.18	0	0	0.291316526610644	0	0	0	0.728291316526611	0	0.638655462184874	0	0.705882352941177	0	0	0	0.0448179271708683	0	0	0	0.803921568627451	0	0.394957983193277	0	0	0.946778711484594	0	0.282913165266106	0	0.761904761904762	0.436974789915966
1494489	Bacteria_71	OSCP	PF00213.18	0	0	0	0	0	0.358851674641148	0.148325358851675	0	0	0.856459330143541	0	0	0.963317384370016	0	1.92822966507177	0	0.251993620414673	0.350877192982456	0.448165869218501	0	0.481658692185008	0	0	0.701754385964912	0	0.481658692185008	0	0.303030303030303	0.942583732057416
1572964	Bacteria_71	Ribosomal_L17	PF01196.19	0.00896860986547085	0.449925261584454	0	0	0.304932735426009	0	0	0	0.449925261584454	0	0	0	0	0	0	0	0	0	0	0	0	0	1.16292974588939	1.53662182361734	0.22272047832586	0.883408071748879	0	0	0.579970104633782
1640765	Bacteria_71	Exonuc_VII_L	PF02601.15	0.182266009852217	0	0.400656814449918	0	0	0	0	0.673234811165846	0	0.134646962233169	0	0	0.489326765188834	0	0.553366174055829	0	0.495894909688013	0	0	0	0.495894909688013	0	0	1.48440065681445	0	0.733990147783251	0	0	0
1726351	Bacteria_71	YajC	PF02699.15	0	0	0	0	0	0	0	0	0	0	0	0	0	0	0	0	0	0.594202898550725	0	0.770531400966184	0.140096618357488	0	1.79227053140097	1.7536231884058	0	0	0	0.0289855072463768	0.311594202898551
1726866	Bacteria_71	PGK	PF00162.19	0	0	0	0	0	0	0.541218637992832	0	0	0	0	0	0.53584229390681	0	0.664874551971326	0	0.270609318996416	0.265232974910394	1.83512544802867	0.268817204301075	0.331541218637993	1.0752688172043	0	0.408602150537634	0	0.537634408602151	0	0	0
932151	Bacteria_71	Ribosomal_S20p	PF01649.18	0	0	0	0	0	0	0	0	0	0	0	0	0	0	0	0	0	0	0	0	0	0	0	0.197916666666667	0	0	0	0	0
971355	Bacteria_71	SecG	PF03840.14	0	0	0.44949494949495	0	1.52188552188552	0	0.508417508417508	0	0	0	0	0	0	0	0.506734006734007	0	0.407407407407407	0	0	0.676767676767677	0	0	0.900673400673401	0.843434343434343	0	1.02020202020202	0.164983164983165	0.301346801346801	0.252525252525253
996488	Bacteria_71	Ribosomal_L28	PF00830.19	0.747126436781609	0	1.28352490421456	0	0.754789272030651	0	1.62452107279693	0	0	0	0	0	0	0	1.34099616858238	0	0	0	0	0	1.32567049808429	0	0.547892720306513	1.05747126436782	0	0	0	0.578544061302682	0
1039003	Bacteria_71	Adenylsucc_synt	PF00709.21	0	0	0.373297002724796	0.272479564032698	0	0.274296094459582	0.228882833787466	0	0.548592188919164	0.54677565849228	0	0	0.272479564032698	0	0.398728428701181	0.27338782924614	0.544959128065395	0.211625794732062	0.32425068119891	0	0.957311534968211	0	1.094459582198	0.831062670299727	0	1.01544050862852	0	0	0.411444141689373
1051224	Bacteria_71	SmpB	PF01668.18	0	0	0	0.198795180722892	0	0	0.606425702811245	0	0.604417670682731	0	0	0	0.124497991967871	0.602409638554217	0.309236947791165	0	0.562248995983936	0	0.0763052208835341	0.317269076305221	0	0	0.321285140562249	1.38353413654618	0	0.210843373493976	0	0.453815261044177	0.602409638554217
742557	Bacteria_71	Ribosomal_S2	PF00318.20	0	0	0.710144927536232	0	0	0	0.304347826086957	0	0	0	0	0	0	0	0.710144927536232	0	0	0	0.495169082125604	0	0	0	0.352657004830918	2.55072463768116	0	1.44927536231884	0	0	0.364734299516908
742558	Bacteria_71	EF_TS	PF00889.19	0	0.367521367521367	0.614163614163614	0.367521367521367	0	0	0.443223443223443	0	0.601953601953602	0.00122100122100122	0	0	0.307692307692308	0	0.735042735042735	0	0	0	0.721611721611722	0.367521367521367	1.09157509157509	0	0	1.46520146520147	0.367521367521367	0.368742368742369	0	0	0.857142857142857
768452	Bacteria_71	ribosomal_L24	PF17136.4	0	0	0.0172413793103448	0	0	0	0.623563218390805	0	0.637931034482759	0	0	0	0	0	0	0	0	0.862068965517241	0.701149425287356	0	0	0	0.442528735632184	0.666666666666667	0.304597701149425	1.05747126436782	0	0	0
824081	Bacteria_71	TsaE	PF02367.17	0	0	0	0	0	0	0	0	1.27651515151515	0	0	0	0.00757575757575757	0	0	0	0	1.14015151515152	0.856060606060606	0	0	0	0.352272727272727	0	0	0.397727272727273	0	0	0
829172	Bacteria_71	Ribosomal_S19	PF00203.21	0	0	0	0	0	0	0	0	3.14814814814815	0	0	0	0	0	0.825925925925926	0	0	0	0	0.192592592592593	0.111111111111111	0	0.440740740740741	0.0740740740740741	0	0	0	0	1.52962962962963
829173	Bacteria_71	Ribosomal_L22	PF00237.19	0	0	0	0.864942528735632	0	0	1.23850574712644	0	0.0402298850574713	0	0	0	0	0	0	0	0	0	0	1.44827586206897	0.801724137931034	0	0.477011494252874	1.43965517241379	0	0	0	0	0.92816091954023
829174	Bacteria_71	Ribosomal_S3_C	PF00189.20	0.430615164520744	0	0	0	0	0	0.443490701001431	0	0	0.429184549356223	0	0.430615164520744	0	0	0.430615164520744	0	0.430615164520744	0	0.286123032904149	0.183118741058655	0.563662374821173	0	0.613733905579399	1.63233190271817	0	0.861230329041488	0	0.426323319027182	0.938483547925608
829175	Bacteria_71	Ribosomal_L16	PF00252.18	0	0	0	0	0	0	0.962962962962963	0	0	0	0	0	0	0	0.303703703703704	0	0	0	0.555555555555556	0	0	0	1.24444444444444	0.681481481481481	0.555555555555556	0	0.540740740740741	0	1.11851851851852
495885	Bacteria_71	eIF-1a	PF01176.19	1.04566210045662	0	0	0	0.324200913242009	0	0	0	0	0	0	0.977168949771689	0	0	0.200913242009132	0	0	0	0.757990867579909	0	1	0	0	1.53424657534247	0	0.547945205479452	0	0	1.57534246575342
1342792	Bacteria_71	UPF0054	PF02130.17	0.415977961432507	0	1.05785123966942	0	0.415977961432507	0	0.181818181818182	0	0.831955922865014	0	0	0.710743801652893	0	0	0.415977961432507	0	0	0	0.236914600550964	0	0.820936639118457	0	0.203856749311295	0	0	0	0	0	0.831955922865014
1362799	Bacteria_71	Ribosomal_L18p	PF00861.22	0	0	0	0	0	0	0	0	1.18039215686275	0.129411764705882	0	0	0	0	0.650980392156863	0	0	0	0	0.215686274509804	1.02352941176471	0	0.411764705882353	0	0.619607843137255	0.466666666666667	0	0	0
1362801	Bacteria_71	Ribosomal_L27A	PF00828.19	0	0	0.0894308943089431	0	0	0.369918699186992	0.0142276422764228	0	0.16260162601626	0	0	0	0.0955284552845528	0	0.166666666666667	0	0.563008130081301	0	0.304878048780488	0	0	0	0	0.611788617886179	0	0	0	0	0.930894308943089
1362802	Bacteria_71	SecY	PF00344.20	0.242718446601942	0.48462783171521	0.487864077669903	0	0	0.118932038834951	0.144012944983819	0	0.364886731391586	0.160194174757282	0.122168284789644	0.00485436893203883	0.243527508090615	0	0.531553398058252	0	0.841423948220065	0	0.55663430420712	0	0	0	0	1.22734627831715	0	1.16666666666667	0	0	0.0833333333333333
1402378	Bacteria_71	ATP-synt_A	PF00119.20	0.368794326241135	0	0.488475177304965	0.13031914893617	0	0	0.265070921985816	0	0	0.265957446808511	0	0	0	0.266843971631206	1.18794326241135	0	0	0	0.0540780141843972	0	0.0975177304964539	0.266843971631206	0.711879432624113	1.71542553191489	0	0.267730496453901	0	0.267730496453901	0.265957446808511
