gene_callers_id	source	gene_name	gene_hmm_id	WAM_ALR	WAM_CCR	WAM_IPI	WAM_MAR	WAM_MYS	WAM_PBL	WAM_PJN	WAM_PPR	WAM_PST	WAM_ROL	WAM_SCR	WAM_SGN	WAM_SIS	WAM_TWN	WAR_ALR	WAR_CCR	WAR_IPI	WAR_MAR	WAR_MYS	WAR_PBL	WAR_PJN	WAR_PPR	WAR_PSK	WAR_PST	WAR_RNW	WAR_ROL	WAR_SCR	WAR_SGL	WAR_SIS
1191477	Bacteria_71	ATP-synt_A	PF00119.20	0.782569631626235	0.406109613656783	0	5.05480682839173	1.89487870619946	3.39802336028751	1.08265947888589	2.97843665768194	2.62623539982031	0.964959568733154	2.43216531895777	1.08445642407907	0	2.78346810422282	0	0.542677448337826	0	0.376460017969452	0.531895777178796	0.990116801437556	0.271338724168913	0.542677448337826	0.270440251572327	0.19047619047619	0.221922731356694	0	0.362982929020665	0.271338724168913	0
221005	Bacteria_71	AICARFT_IMPCHas	PF01808.18	0.432471264367816	1.07974137931034	0	4.39583333333333	2.27298850574713	4.28304597701149	0.647988505747126	5.13577586206897	3.26652298850575	0.311781609195402	2.05603448275862	0.558189655172414	0	3.95689655172414	0	0.641522988505747	0	0.405172413793103	0	0.648706896551724	0	0.917385057471264	0.216954022988506	0.457614942528736	0.216954022988506	0.216235632183908	1.12212643678161	0	0
299735	Bacteria_71	RRF	PF01765.19	0	0.693627450980392	0	4.29656862745098	1.73039215686275	0.166666666666667	0.622549019607843	1.47549019607843	2.63970588235294	0.732843137254902	2.42401960784314	1.85049019607843	0	1.39460784313725	0	0	0	0	0	0	0	0	0.125	0.708333333333333	1.3406862745098	0	2.11029411764706	0	0
343180	Bacteria_71	Ribosomal_S16	PF00886.19	0	2.15503875968992	0	8.13953488372093	0.968992248062015	4.25581395348837	2.34883720930233	8.09302325581395	4.72868217054264	0	3.93798449612403	0	0	7.55813953488372	0	0	0	0	0	0	0	1.89147286821705	0	0	0	0.426356589147287	2.13178294573643	0	0
610821	Bacteria_71	AICARFT_IMPCHas	PF01808.18	0.432270916334661	1.36520584329349	0	7.44488711819389	1.41102257636122	3.08764940239044	1.14873837981408	3.33864541832669	1.13213811420983	0.52257636122178	1.58499335989376	0.784196547144754	0	3.00265604249668	0	0.182602921646746	0	0.426958831341301	0	0.266932270916335	0	0.916334661354582	0.363877822045153	0.743027888446215	0	0	2.98140770252324	0.100265604249668	0
37188	Bacteria_71	SecG	PF03840.14	0	1.44722222222222	0	3.19722222222222	2.41111111111111	1.59166666666667	0.436111111111111	0.663888888888889	0	0	0.1	0	0	0.736111111111111	0	0.1	0	0	0	0	0	0.344444444444444	0	0.819444444444444	0	0	0.719444444444444	0.855555555555556	0
53385	Bacteria_71	RsfS	PF02410.15	0.405913978494624	0	0.806451612903226	4.89247311827957	0.809139784946237	3.48387096774194	0.922043010752688	0.505376344086022	0	0.42741935483871	1.36021505376344	0	0	0	0	0.317204301075269	0	0.809139784946237	0	0	0	0.0483870967741935	0	0.669354838709677	0.634408602150538	0	0.763440860215054	0	0
1437690	Bacteria_71	ATP-synt	PF00231.19	0.130952380952381	0	0	3.42857142857143	1.01190476190476	1.16666666666667	1.39285714285714	5.98809523809524	0	0	0.785714285714286	0	0	0	0	0	0.392857142857143	0	0	0.619047619047619	0	0.404761904761905	0	0	0	0	0	0	0
1473270	Bacteria_71	RecO_C	PF02565.15	0.551622418879056	0.259587020648968	0	5.82743362831858	0.871681415929204	2.07227138643068	1.59882005899705	3.34955752212389	0	0.887905604719764	0.442477876106195	0	0.222713864306785	2.43215339233038	0	0.738938053097345	0	0.442477876106195	0	0.179941002949853	0	0.445427728613569	0	1.76548672566372	0.274336283185841	0	1.023598820059	0	0
1492830	Bacteria_71	Ribosomal_S20p	PF01649.18	0	0	0	3.38888888888889	2.37301587301587	0.0753968253968254	0	0	0	0.599206349206349	0.988095238095238	0	0	2.26190476190476	0	0	0	0	0	0.166666666666667	0	0	0	0	0	0	1.36111111111111	0	0
1531741	Bacteria_71	IPPT	PF01715.17	0.166112956810631	0	0.334440753045404	2.96899224806202	1.25581395348837	0.819490586932447	1.0343300110742	0.937984496124031	0.0509413067552602	0.332225913621262	0	0	0	1.27021040974529	0	0.0730897009966777	0	0.333333333333333	0	0	0	0	0	0.552602436323367	0.138427464008859	0	0.918050941306755	0.332225913621262	0
1592950	Bacteria_71	RNA_pol_L	PF01193.24	0.434038267875126	1.18126888217523	0	3.04128902316213	1.87411883182276	0.501510574018127	1.09969788519637	1.00604229607251	1.27089627391742	0.303121852970796	0.911379657603223	1.02920443101712	0	2.4662638469285	0	0	0	0	0	0.473313192346425	0.302114803625378	0.303121852970796	0	0	0.152064451158107	0	0.250755287009063	0	0
1592952	Bacteria_71	Ribosomal_S11	PF00411.19	0	0	0	2.02798982188295	3.46564885496183	0.725190839694656	0.152671755725191	0	1.27480916030534	0	0.221374045801527	0.768447837150127	0	0.651399491094148	0	0	0	0.753180661577608	0.758269720101781	0	0	0	0	0.768447837150127	0	0	0.768447837150127	0.720101781170484	0
1592953	Bacteria_71	Ribosomal_S13	PF00416.22	0	0.798941798941799	0	1.5978835978836	0.91005291005291	1.95767195767196	0	0.566137566137566	1.3015873015873	0	0.544973544973545	0.597883597883598	0	0.828042328042328	0	0	0	1.26190476190476	0	0.195767195767196	0	0.394179894179894	0	0	0	0	0.399470899470899	0.0211640211640212	0
1592954	Bacteria_71	eIF-1a	PF01176.19	0	0	0.805555555555556	6.66666666666667	0.759259259259259	2.55092592592593	1.39814814814815	1.77777777777778	1.31481481481481	0	2.36574074074074	0.24537037037037	0	2.24074074074074	0	0	0	0.768518518518518	0.782407407407407	0.087962962962963	0.939814814814815	0.699074074074074	0	0	0	0	0.949074074074074	0	0
1592955	Bacteria_71	SecY	PF00344.20	0.533778767631774	0	0.223459539717892	4.10838901262064	1.66889383815887	1.42761692650334	0.448403860430586	0.804008908685969	0.943578322197476	0.246473645137342	0.512249443207127	0.547884187082405	0	2.09651076466221	0	0	0	0.335560504825538	0.297698589458055	0.44543429844098	0.29547141796585	0.118782479584261	0.224201930215293	0.670378619153675	0.446919079435783	0	1.37119524870082	0.22271714922049	0
1592956	Bacteria_71	Ribosomal_L27A	PF00828.19	0.382222222222222	1.33777777777778	0.671111111111111	2.38888888888889	1.57333333333333	0.664444444444444	0.513333333333333	1.46	0.237777777777778	0.666666666666667	1.26222222222222	0.364444444444444	0	0.682222222222222	0	1.47555555555556	0	1.11555555555556	0	0	0.333333333333333	0	0	0	0.788888888888889	0	1.86222222222222	0	0
916340	Bacteria_71	RBFA	PF02033.18	0.508333333333333	0	0.208333333333333	2.525	2.54444444444444	0.522222222222222	1.58888888888889	0	0.716666666666667	0	2.45555555555556	0	0	1.72222222222222	0	0	0	0	0	0	0.483333333333333	0.205555555555556	0	0.475	0	0	0.652777777777778	0	0
924294	Bacteria_71	ATP-synt	PF00231.19	0	1.88095238095238	0	5.73809523809524	0	4.45238095238095	0	3.47619047619048	2.71428571428571	0.357142857142857	0.130952380952381	0	0.178571428571429	1.48809523809524	0	0	0	0	0	0	0	0.0476190476190476	0	0.916666666666667	0	0.55952380952381	1	0	0
930654	Bacteria_71	Ham1p_like	PF01725.16	0	1.25719120135364	0	2.92724196277496	1.11505922165821	1.57698815566836	0.749576988155668	0.505922165820643	0.912013536379019	0	1.16412859560068	0.839255499153976	0	0.548223350253807	0	0	0	0.509306260575296	0	0	0.27072758037225	0	0	0	0.065989847715736	0	1.61590524534687	0	0
1044835	Bacteria_71	Ribonuclease_P	PF00825.18	0	0.208994708994709	0.767195767195767	1.56613756613757	0.478835978835979	2.01851851851852	2.3042328042328	2.38888888888889	1.05026455026455	0.94973544973545	0.388888888888889	0	0	2.00529100529101	0	0.798941798941799	0	0.431216931216931	0.476190476190476	0.105820105820106	0.555555555555556	0.761904761904762	0	0	0.666666666666667	0	0.727513227513228	0	0
744308	Bacteria_71	YajC	PF02699.15	0	0	0	3.63921568627451	0.462745098039216	0.23921568627451	0	1.03921568627451	0.686274509803922	0	1.71764705882353	0	0	0.415686274509804	0	0.592156862745098	0	0	0	1.1843137254902	0	0	0	0.298039215686275	0	0	0.592156862745098	0	0
397341	Bacteria_71	Adenylsucc_synt	PF00709.21	0	0	0	0.741293532338308	1.33333333333333	0.805970149253731	0	1.47761194029851	0	0	0.621890547263682	0	0	1.20398009950249	0	0	0	0	0	0	0	0	0	0	0	0	0	0	0
464440	Bacteria_71	Ribosomal_S15	PF00312.22	1.25185185185185	2.17407407407407	0	8.64074074074074	6.61851851851852	9.23333333333333	2.32222222222222	2.55185185185185	5.62222222222222	0.977777777777778	6.42592592592593	1.35925925925926	0.455555555555556	6.04444444444444	0	0.607407407407407	0	0	0	1.11851851851852	1.21111111111111	2.32962962962963	0.440740740740741	0.944444444444444	1.51111111111111	0	4.40740740740741	0.9	0
1364914	Bacteria_71	Ribosomal_S20p	PF01649.18	0.801587301587302	0	0	4.23809523809524	1.36111111111111	1.54365079365079	0	0	1.63095238095238	0	1.1031746031746	1.48809523809524	0	0.853174603174603	0	0	0	0	0	0	0	0	0	1.19047619047619	0.369047619047619	0	0.904761904761905	0	0
1399723	Bacteria_71	ATP-synt	PF00231.19	0.673684210526316	0.209356725146199	0	3.65497076023392	0.883040935672515	1.05497076023392	0.486549707602339	1.32046783625731	1.09356725146199	0.31812865497076	0.36374269005848	0	0	2.58713450292398	0	0	0	0.352046783625731	0	0.176608187134503	0.349707602339181	0.546198830409357	0.323976608187135	0.705263157894737	0.353216374269006	0	1.41754385964912	0.673684210526316	0
