gene_callers_id	source	gene_name	gene_hmm_id	WAM_ALR	WAM_CCR	WAM_IPI	WAM_MAR	WAM_MYS	WAM_PBL	WAM_PJN	WAM_PPR	WAM_PST	WAM_ROL	WAM_SCR	WAM_SGN	WAM_SIS	WAM_TWN	WAR_ALR	WAR_CCR	WAR_IPI	WAR_MAR	WAR_MYS	WAR_PBL	WAR_PJN	WAR_PPR	WAR_PSK	WAR_PST	WAR_RNW	WAR_ROL	WAR_SCR	WAR_SGL	WAR_SIS
1072096	Bacteria_71	AICARFT_IMPCHas	PF01808.18	1.21212121212121	0.30674087816945	1.22077922077922	0.371675943104515	0.65182436611008	0.559059987631416	0.595547309833024	0	0.72108843537415	0.74582560296846	0.137909709338281	1.22820037105751	0.121212121212121	0.740878169449598	1.10946196660482	0.186765615337044	1.39641311069882	0.931354359925788	1.02164502164502	1.11873840445269	2.24056895485467	0	0.670995670995671	2.22387136672851	0.37291280148423	0.907854050711194	0.444032158317873	0.863327149041435	1.0674087816945
1073306	Bacteria_71	SecG	PF03840.14	0.797178130511464	1.06172839506173	1.67019400352734	0	1.55908289241623	0	0.712522045855379	1.48500881834215	1.05996472663139	0	0	0.989417989417989	0	0.530864197530864	3.00529100529101	0	1.85714285714286	0.761904761904762	1.05996472663139	0.929453262786596	0.693121693121693	0.275132275132275	0.0652557319223986	2.06172839506173	0	3.34038800705467	0.694885361552028	0.393298059964727	0.532627865961199
1073309	Bacteria_71	RNA_pol_Rpb6	PF01192.22	1.11355311355311	0	2.2967032967033	0	0.714285714285714	0	1.01098901098901	0.63003663003663	0.505494505494505	1.42857142857143	0	0.802197802197802	0.0586080586080586	0.611721611721612	0	0	0.406593406593407	1.87912087912088	0.652014652014652	1.0952380952381	0	0	0.776556776556777	2.02197802197802	0	2.52014652014652	0.0256410256410256	1.28937728937729	1.58241758241758
1120322	Bacteria_71	Ribosomal_S16	PF00886.19	1.08108108108108	0.504504504504504	1.19144144144144	0.668918918918919	1.43468468468468	0	3.04279279279279	1.40765765765766	1.01801801801802	0.34009009009009	0	0.682432432432432	0.671171171171171	0.966216216216216	0.882882882882883	0	0.585585585585586	0.126126126126126	1.08783783783784	1.10810810810811	1.81081081081081	0	0.376126126126126	1.07207207207207	0.801801801801802	1.56756756756757	0.666666666666667	0.731981981981982	0.34009009009009
1120323	Bacteria_71	tRNA_m1G_MT	PF01746.21	0.726638772663877	0.421199442119944	0.421199442119944	0	1.01255230125523	0.421199442119944	1.22733612273361	2.38214783821478	1.49511854951185	0	0	1.63179916317992	0	0.769874476987448	0.843793584379358	0	1.27615062761506	0.184100418410042	1.03068340306834	0.842398884239888	0.842398884239888	0.421199442119944	0.596931659693166	1.67224546722455	1.50348675034868	2.39609483960948	0.421199442119944	1.4741980474198	0.419804741980474
1120324	Bacteria_71	Ribosomal_L19	PF01245.20	1.31920903954802	0.584745762711864	0.759887005649718	0	0.587570621468927	0.542372881355932	0.200564971751412	0	0.666666666666667	0	0	0	0	1.13841807909605	0.850282485875706	0	0.73728813559322	0.0988700564971752	0.666666666666667	0	1.75423728813559	0	0.971751412429379	1.78248587570621	0.943502824858757	0.0254237288135593	0	0.426553672316384	0
1179564	Bacteria_71	Ribosomal_L28	PF00830.19	2.6780303030303	0.253787878787879	0.299242424242424	0	0.329545454545455	0	0.352272727272727	0	1.48863636363636	0	0	0.768939393939394	0	0.541666666666667	1.36742424242424	0.878787878787879	0.337121212121212	1.66287878787879	3.56818181818182	0	0.920454545454545	0	0	1.16666666666667	0.375	2.23484848484848	0.571969696969697	0.140151515151515	1.75378787878788
203498	Bacteria_71	Ribosomal_L3	PF00297.22	0.877729257641921	0.176128093158661	2.38573508005822	0	0.557496360989811	0.219796215429403	0.190684133915575	0.404657933042213	1.19650655021834	0	0	0.438136826783115	0	1.74818049490539	1.51819505094614	0	0.00727802037845706	0.433770014556041	0.655021834061135	1.68267831149927	0.209606986899563	0	0.291120815138282	1.60698689956332	0	1.24308588064047	1.05385735080058	0	0.438136826783115
203499	Bacteria_71	Ribosomal_S10	PF00338.22	1.63230240549828	0.714776632302406	0.103092783505155	0	0.518900343642612	0	0.70446735395189	0	0	0.103092783505155	0	0.257731958762887	0	0.216494845360825	0.237113402061856	0	0.542955326460481	0.0756013745704467	0.831615120274914	0.910652920962199	1.14089347079038	0	3.32646048109966	0.945017182130584	1.90721649484536	2.43642611683849	0.948453608247423	0	0.0893470790378007
207401	Bacteria_71	RBFA	PF02033.18	0	0	1.26904761904762	0.0666666666666667	0.0142857142857143	0	0.378571428571429	1.75714285714286	1.60952380952381	0	0	2.00714285714286	0	1.96428571428571	1.18095238095238	0	1.54047619047619	0.152380952380952	0.626190476190476	0.714285714285714	0.602380952380952	0.647619047619048	0.461904761904762	3.2	1.43571428571429	2.37142857142857	0	0.714285714285714	0
233374	Bacteria_71	SmpB	PF01668.18	1.18518518518519	0.608465608465608	0.846560846560847	0	0.78042328042328	1.22486772486772	0.798941798941799	0.28042328042328	0.333333333333333	0	0	0	0.793650793650794	0	0.597883597883598	0	0.796296296296296	0.552910052910053	0.632275132275132	0	2.11904761904762	0.740740740740741	0.439153439153439	1.22222222222222	0.555555555555556	0.73015873015873	0	0.232804232804233	0.492063492063492
251561	Bacteria_71	RsfS	PF02410.15	0.203155818540434	0.29585798816568	1.0414201183432	0	0	0	0.98422090729783	1.15581854043392	2.465483234714	0	0	2.07297830374753	0.593688362919132	0.631163708086785	0.132149901380671	0	0.990138067061144	0.211045364891519	0.595660749506903	0.719921104536489	1.39842209072978	0	0.652859960552268	2.71005917159763	0	0.808678500986193	0.595660749506903	1.18343195266272	0.856015779092702
251562	Bacteria_71	tRNA-synt_1d	PF00750.19	0.595959595959596	0.325757575757576	0.663636363636364	0.152525252525253	0.962626262626263	0.150505050505051	0.968181818181818	0.656060606060606	1.97525252525253	0	0	0.763636363636364	0.152525252525253	0.354545454545455	0.733333333333333	0.204545454545455	0.798484848484848	0.457070707070707	1.51868686868687	0.387373737373737	0.83989898989899	0	1.06818181818182	1.46111111111111	1.12828282828283	0.978787878787879	0.478787878787879	0.455555555555556	1.03989898989899
300263	Bacteria_71	Ribonuclease_P	PF00825.18	2.60583941605839	0.472019464720195	0.732360097323601	0	0.515815085158151	0.367396593673966	0	0	0	0	0	0	0	0.384428223844282	1.01459854014599	0	1.8029197080292	0	0.576642335766423	0	1.0316301703163	0	1.53041362530414	2.72019464720195	0	0	0.727493917274939	0	0.347931873479319
563761	Bacteria_71	Ribosomal_S15	PF00312.22	0	0	0	0	0	0.57037037037037	0.177777777777778	0	0.874074074074074	0	0	0.596296296296296	0	0	1.27407407407407	0	0.933333333333333	0	1.17407407407407	0.0185185185185185	3.35185185185185	0	1.66666666666667	1.64444444444444	1.94814814814815	1.74444444444444	0	0.855555555555556	0
581540	Bacteria_71	RecO_C	PF02565.15	1.55424836601307	0.641830065359477	0.920261437908497	0.363398692810458	0.393464052287582	0	1.60522875816993	0.394771241830065	0.318954248366013	1.04705882352941	0	0.986928104575163	0	0.392156862745098	1.34901960784314	0	0.162091503267974	0.313725490196078	0.628758169934641	0.581699346405229	1.4797385620915	0.196078431372549	0.390849673202614	2.3281045751634	1.12679738562092	0.784313725490196	0	0	0.337254901960784
638103	Bacteria_71	Ribosomal_L1	PF00687.21	1.17551622418879	0.156342182890855	1.14306784660767	0	0.445427728613569	0.443952802359882	0.457227138643068	0.592920353982301	0	0	0	2.06489675516224	0	1.8834808259587	1.07522123893805	0.442477876106195	0.442477876106195	0.535398230088496	0.523598820058997	0.215339233038348	1.78318584070796	0	0.441002949852507	1.0117994100295	0.389380530973451	1.21386430678466	0.355457227138643	0.834808259587021	1.30678466076696
652990	Bacteria_71	Ribosomal_L4	PF00573.22	1.15841584158416	0	1.58580858085809	0.884488448844885	0.498349834983498	0	1.01485148514851	0	0.498349834983498	0	0	0	0	0	0.995049504950495	0	0.298679867986799	0	0	0.496699669966997	1.28547854785479	0.993399339933993	1.3960396039604	1.23927392739274	1.49009900990099	0	0.496699669966997	0	0
652991	Bacteria_71	Ribosomal_L23	PF00276.20	0.401234567901235	0	0.567901234567901	0	0.358024691358025	0	0.604938271604938	0.466049382716049	0	0	0	0.466049382716049	0	0	1.57098765432099	0	0.373456790123457	2.04320987654321	0.740740740740741	0	0.425925925925926	0	0.987654320987654	0	0	1.19444444444444	0	0	0
652992	Bacteria_71	Ribosomal_L2	PF00181.23	0.858974358974359	0.488344988344988	1.11421911421911	0	0.773892773892774	0	0.347319347319347	0.526806526806527	0.527972027972028	0	0	1.24125874125874	0.703962703962704	0.63986013986014	1.86946386946387	0	0.473193473193473	0.358974358974359	0.67948717948718	0	1.7960372960373	0.312354312354312	1.28088578088578	0	0.782051282051282	0.815850815850816	0.289044289044289	0.494172494172494	0.173659673659674
652993	Bacteria_71	Ribosomal_S19	PF00203.21	0.707407407407407	0.559259259259259	0.307407407407407	0.344444444444444	0.711111111111111	0	0.0296296296296296	0	0.325925925925926	0.533333333333333	0	1.24814814814815	0	0.388888888888889	0	0	0	0.12962962962963	0	0	2	0	0	0.922222222222222	0.711111111111111	1.22222222222222	0	0.381481481481481	0.259259259259259
652994	Bacteria_71	Ribosomal_L22	PF00237.19	0	0.669444444444444	0	1.79444444444444	0.191666666666667	0	1.45277777777778	0	2.04166666666667	0.697222222222222	0	1.01666666666667	0	0	0.158333333333333	0	0.830555555555556	0.911111111111111	0	0	0.819444444444444	0	0	2.90555555555556	0.547222222222222	0	0.811111111111111	0.838888888888889	0
652995	Bacteria_71	Ribosomal_S3_C	PF00189.20	2.22925457102672	1.45007032348804	0.70042194092827	0.212376933895921	0.368495077355837	0.334739803094233	1.92264416315049	0.855133614627286	1.69057665260197	0.524613220815752	0	0.250351617440225	0.644163150492264	0.423347398030942	0.230661040787623	0	0.517580872011252	0.731364275668073	1.69338959212377	0.80028129395218	0.423347398030942	0	1.13080168776371	2.60196905766526	0.940928270042194	0.547116736990155	0.423347398030942	0.980309423347398	0.0731364275668073
652996	Bacteria_71	Ribosomal_L16	PF00252.18	0	0.369304556354916	1.15107913669065	0	0.215827338129496	0	1.00239808153477	0.3621103117506	1.96642685851319	0.824940047961631	0.3621103117506	0.534772182254197	1.91606714628297	0	0.342925659472422	0	0.705035971223022	0.726618705035971	2.02877697841727	0	0	0.436450839328537	0.678657074340528	1.07913669064748	0.3621103117506	0.721822541966427	0	1.14868105515588	0.71462829736211
652997	Bacteria_71	Ribosomal_L29	PF00831.23	0	0.308457711442786	0	0	1.72139303482587	0	2.16417910447761	0.472636815920398	0.213930348258706	0.0945273631840796	0.751243781094527	0	0	0	0.0696517412935323	0	1.17412935323383	0	0.845771144278607	1.18407960199005	0.054726368159204	1.04477611940298	0	1.07462686567164	1	2.86069651741294	0	3.34328358208955	0
652998	Bacteria_71	Ribosomal_S17	PF00366.20	0.206060606060606	0	0.712121212121212	0.551515151515152	1.0030303030303	0	0.163636363636364	1.21818181818182	1.82424242424242	1.00909090909091	0	0.633333333333333	1.54242424242424	0.709090909090909	0	0	0.424242424242424	0.978787878787879	0	0.63030303030303	2.07272727272727	0	0.672727272727273	0.8	0.721212121212121	1.84545454545455	0	0	0
652999	Bacteria_71	Ribosomal_L14	PF00238.19	0.409214092140921	0.859078590785908	0.644986449864499	0	0.016260162601626	0	0.813008130081301	2.96205962059621	0	1.12466124661247	0	0.813008130081301	0	0.43360433604336	0.688346883468835	0	0.696476964769648	0.707317073170732	0.983739837398374	0	0	1.22764227642276	0	1.8780487804878	0	1.34959349593496	0.883468834688347	0.626016260162602	1.34959349593496
653000	Bacteria_71	ribosomal_L24	PF17136.4	1.05982905982906	0.458689458689459	1.30769230769231	0	0	0	0.646723646723647	0.125356125356125	2.2962962962963	1.28205128205128	0	0.336182336182336	0.0227920227920228	0.982905982905983	0.421652421652422	0	0.641025641025641	0	1.25641025641026	1.32763532763533	3.32763532763533	0.424501424501425	0.689458689458689	1.16524216524217	0.814814814814815	1.26780626780627	0	0.698005698005698	0
653001	Bacteria_71	Ribosomal_L5	PF00281.19	0.793402777777778	0.501736111111111	2.73958333333333	0	1.43402777777778	0	1.12152777777778	0.296875	0.994791666666667	0.234375	0	0.527777777777778	0.442708333333333	1.18055555555556	0	0	0.826388888888889	0.519097222222222	0.847222222222222	0.260416666666667	2.76215277777778	0	0.666666666666667	0.925347222222222	0	1.97048611111111	1.02430555555556	1.22395833333333	1.02256944444444
653002	Bacteria_71	Ribosomal_S8	PF00410.19	2.05764411027569	0	0.754385964912281	1.50877192982456	1.48872180451128	0	1.16541353383459	0	1.7719298245614	0	0	0.338345864661654	0	0.754385964912281	1.23809523809524	1.42606516290727	0.75187969924812	0.786967418546366	0.842105263157895	0.137844611528822	0.298245614035088	0	0.892230576441103	0.817042606516291	0.724310776942356	0	0.378446115288221	1.78696741854637	0.19047619047619
653003	Bacteria_71	Ribosomal_L6	PF00347.23	0.551282051282051	0.551282051282051	0	0.322344322344322	0.137362637362637	0	1.14835164835165	0	0.368131868131868	0.404761904761905	0	0.192307692307692	0	1.06043956043956	2.2014652014652	0	1.1043956043956	0.441391941391941	0.168498168498169	0	2.23992673992674	0	1.2032967032967	2.72527472527473	0	0.353479853479854	0.553113553113553	1.3974358974359	0.531135531135531
653004	Bacteria_71	Ribosomal_L18p	PF00861.22	0.32520325203252	0.037940379403794	0.628726287262873	0	1.08672086720867	0	1.17073170731707	0.395663956639566	0.696476964769648	0	0	2.22222222222222	0	0	0.235772357723577	0	1.75609756097561	0	0	0.322493224932249	0.758807588075881	0	2.1029810298103	1.39566395663957	1.31436314363144	0.636856368563686	0	0.143631436314363	0
653006	Bacteria_71	Ribosomal_L27A	PF00828.19	0.604417670682731	0	0.979919678714859	0	0	0	1.67670682730924	0.51004016064257	0.606425702811245	0	0	0.311244979919679	0.594377510040161	0	0	0	1.05020080321285	1.11044176706827	1.25502008032129	0	1.84939759036145	0	0.530120481927711	1.3855421686747	0.604417670682731	2.64658634538153	0.849397590361446	0.600401606425703	0.407630522088353
653007	Bacteria_71	SecY	PF00344.20	1.11756272401434	1.0494623655914	0.658781362007168	0	0.432258064516129	0.203584229390681	0.618637992831541	0.457347670250896	0.118279569892473	1.21218637992832	0	0.863082437275986	0.216487455197133	0.431541218637993	1.06523297491039	0	0.797849462365591	0	0.645161290322581	0.216487455197133	0.977777777777778	0	0	0.482437275985663	0.736200716845878	0.407168458781362	0.864516129032258	0.182078853046595	0.50752688172043
679410	Bacteria_71	Ribosomal_S20p	PF01649.18	2.25757575757576	0.742424242424242	2.47727272727273	0	0	0	1.25378787878788	0.674242424242424	1.10984848484848	0	0	0	0	1.14015151515152	3.71590909090909	0	0.515151515151515	0.310606060606061	0.647727272727273	0	0.484848484848485	0.0416666666666667	0.632575757575758	2.48484848484848	0.5	1.10227272727273	0.587121212121212	1.85227272727273	1.06060606060606
1495433	Bacteria_71	IPPT	PF01715.17	1.05402650356779	0.45361875637105	0.819571865443425	0.460754332313965	0.527013251783894	0	1.72273190621814	0.91743119266055	0.7217125382263	0	0	1.14882772680938	0.304791029561672	1.21100917431193	1.73700305810398	0	0.855249745158002	0	0.82670744138634	0.307849133537207	2.96636085626911	0	0	2.927624872579	2.49745158002039	1.53007135575943	1.06625891946993	0.458715596330275	0.306829765545362
1513782	Bacteria_71	YajC	PF02699.15	0	0	2.04	0	0.402666666666667	0	1.392	0	0.424	0	0	1.72	0.810666666666667	1.512	2.384	0	1.20533333333333	0	1.49066666666667	0	0.794666666666667	0	0.381333333333333	0.4	0	1.95466666666667	0.634666666666667	0.504	0
1569467	Bacteria_71	UPF0054	PF02130.17	1.15723270440252	0.584905660377358	0	0	1.86163522012579	0	2.35639412997904	0	0.668763102725367	0	0	1.58071278825996	0	0.633123689727463	0.861635220125786	0	3.28301886792453	0.387840670859539	1.81341719077568	0	2.15094339622642	0	0.90146750524109	2.44444444444444	0.633123689727463	0.50104821802935	0.80293501048218	0.570230607966457	1.32494758909853
1589486	Bacteria_71	Ham1p_like	PF01725.16	0	1.24552845528455	1.0390243902439	0.422764227642277	1.25691056910569	0	1.46829268292683	0	0.510569105691057	0.422764227642277	0	0	0.289430894308943	1.61463414634146	0.278048780487805	0	0.660162601626016	0	1.04552845528455	1.25691056910569	1.69756097560976	0	1.12682926829268	3.20813008130081	0.978861788617886	1.05691056910569	0	1.9479674796748	0.240650406504065
1692274	Bacteria_71	Ribosomal_S13	PF00416.22	0.697916666666667	0	1.8359375	0	0.565104166666667	0	1.80208333333333	1.51041666666667	0.393229166666667	0.778645833333333	0	0	0	0.5546875	2.64583333333333	0.393229166666667	2.19791666666667	0.393229166666667	0	0	0.9765625	1.109375	0.78125	2.37239583333333	2.5703125	0.786458333333333	0	0	2.11197916666667
1692275	Bacteria_71	Ribosomal_S11	PF00411.19	0.0104166666666667	0	1.94010416666667	0	0.00260416666666666	0.71875	1.01822916666667	0.760416666666667	0.393229166666667	0	0	0.747395833333333	0	0.611979166666667	1.04166666666667	0.869791666666667	0.1640625	0.346354166666667	0	0.390625	1.03385416666667	1.01302083333333	0	1.421875	0.333333333333333	1.90364583333333	0	0	0.984375
1692276	Bacteria_71	RNA_pol_L	PF01193.24	0	0.609090909090909	0.73030303030303	0.264646464646465	0.216161616161616	0.393939393939394	1.28888888888889	0.677777777777778	0.374747474747475	0.414141414141414	1.14343434343434	0.344444444444444	0	0.657575757575758	0.951515151515152	0.196969696969697	0.997979797979798	0	1.0050505050505	0.901010101010101	1.31111111111111	0.406060606060606	0.672727272727273	1.98686868686869	0.46969696969697	0.301010101010101	0	0.145454545454545	0.887878787878788
1692277	Bacteria_71	Ribosomal_L17	PF01196.19	0	0.0642201834862385	0	0.443425076452599	0.568807339449541	0	1.22782874617737	0.868501529051988	1.12538226299694	1.26452599388379	0	0.986238532110092	0	0.284403669724771	1.42354740061162	0.0611620795107034	0.743119266055046	0	0.296636085626911	1.06269113149847	1.33333333333333	0	1.25993883792049	1.77981651376147	1.5045871559633	2.22018348623853	0	0	1.32262996941896
1703358	Bacteria_71	Chorismate_synt	PF01264.21	0	0.241987179487179	0.905448717948718	0.241987179487179	0.241987179487179	0.241987179487179	0.980769230769231	0.611378205128205	1.0088141025641	0.241185897435897	0	0.231570512820513	0	0.0552884615384615	0.693910256410256	0	0.443910256410256	0.924679487179487	1.13301282051282	1.25961538461538	1.20753205128205	0.330929487179487	0.723557692307692	1.53846153846154	0.963942307692308	1.28205128205128	0.623397435897436	0.37900641025641	0.725160256410256
1718736	Bacteria_71	Ribosomal_L9_C	PF03948.14	0.837037037037037	0.805555555555556	1.73148148148148	0	0.825925925925926	0	1.09259259259259	0.857407407407407	2.47592592592593	0.542592592592593	0	1.55555555555556	0.557407407407407	0.757407407407407	0.0148148148148148	0	1.71296296296296	0	0	0.568518518518519	1.58888888888889	0.559259259259259	0.553703703703704	0.992592592592593	0.557407407407407	0.275925925925926	0	0.95	0.838888888888889
1718738	Bacteria_71	Ribosomal_S6	PF01250.17	0.675615212527964	0	0.997762863534676	0.152125279642058	1.01565995525727	0	1.46308724832215	1.16778523489933	0.375838926174497	0	0	0.348993288590604	0.570469798657718	0.337807606263982	0.331096196868009	0	1.48322147651007	0.702460850111857	0.353467561521253	0	1.59284116331096	0.317673378076063	0	2.52348993288591	1.58836689038031	0.899328859060403	0	0	1.67337807606264
1718739	Bacteria_71	Pept_tRNA_hydro	PF01195.19	0.254385964912281	0.350877192982456	0	0	0.857894736842105	0	2.50877192982456	0.129824561403509	2.24210526315789	0	0	1.33684210526316	0	0.517543859649123	0.256140350877193	0	1.30701754385965	0	0.817543859649123	0	1.22105263157895	0.507017543859649	0.52280701754386	1.29473684210526	0.559649122807018	0.97719298245614	0.245614035087719	0.682456140350877	0.543859649122807
1720560	Bacteria_71	TsaE	PF02367.17	0.276729559748428	0	0.276729559748428	0	0	0	0.633123689727463	0	0	0.19916142557652	0	1.87631027253669	0	0.612159329140461	0.905660377358491	0	0.949685534591195	0.513626834381551	1.52620545073375	0	2.38364779874214	0.631027253668763	0.693920335429769	1.25786163522013	0	1.20335429769392	0	1.12997903563941	1.0062893081761
1756393	Bacteria_71	GrpE	PF01025.19	0	0.503367003367003	0.986531986531986	0	0.186868686868687	0.252525252525253	0.427609427609428	0.311447811447811	0.432659932659933	0.67003367003367	0	0.112794612794613	0.508417508417508	0	0.68013468013468	0	0	0.390572390572391	1.26262626262626	1.01178451178451	0.883838383838384	0	0.301346801346801	2.06060606060606	0.848484848484849	2.60774410774411	0.321548821548822	0.664983164983165	0.254208754208754
900875	Bacteria_71	Ribosomal_L20	PF00453.18	0	1.10840108401084	0.425474254742547	0	0.910569105691057	0.281842818428184	1.62872628726287	0.680216802168022	0.699186991869919	0.021680216802168	0	1.19241192411924	1.14905149051491	0.520325203252033	1.53658536585366	0	0.815718157181572	0	1.24932249322493	0.0731707317073171	1.93224932249322	0.409214092140921	0.813008130081301	0.547425474254743	0	0.921409214092141	0.116531165311653	1.16531165311653	1.5230352303523
953290	Bacteria_71	Ribosomal_L13	PF00572.18	0.695175438596491	0.405701754385965	0.668859649122807	0.263157894736842	1.26315789473684	0.157894736842105	1.32236842105263	0	3.14035087719298	0.677631578947368	0	0	0	0.75219298245614	1.04605263157895	0.0679824561403509	1.37280701754386	0	2.66447368421053	0.660087719298246	0.223684210526316	1.50657894736842	0.826754385964912	2.78070175438596	0.833333333333333	1.12061403508772	0.971491228070175	0.546052631578947	0
953291	Bacteria_71	Ribosomal_S9	PF00380.19	1.78743961352657	0	0.763285024154589	0	1.20772946859903	2.04347826086957	1.71497584541063	0.613526570048309	1.28260869565217	0.589371980676328	0	0	0.618357487922705	0.504830917874396	1.41304347826087	0	0.635265700483092	0	0.954106280193237	1.02415458937198	2.10144927536232	0	0.722222222222222	2.70048309178744	1.30193236714976	1.41545893719807	0	0	0.502415458937198
972731	Bacteria_71	Ribosomal_S7	PF00177.21	0	0.406779661016949	0.0847457627118644	0	1.48022598870056	0	0	0	0	0	0	0	0	0	0	0	0.593220338983051	0.0621468926553672	0	0	0.497175141242938	0	0	0.180790960451977	0.259887005649718	0.259887005649718	0	0	0.11864406779661
995938	Bacteria_71	SecE	PF00584.20	0.774774774774775	0	0.436936936936937	0.574324324324324	0.47972972972973	2.02702702702703	1.21621621621622	0.0608108108108108	2.52702702702703	0.68018018018018	0	0.650900900900901	0	1.04954954954955	0.263513513513513	0	3.17567567567568	0	0.68018018018018	0	2.27027027027027	0	0.68018018018018	1.02252252252252	0.786036036036036	0.0743243243243243	0	0.650900900900901	2.63288288288288
1023401	Bacteria_71	Ribosomal_L27	PF01016.19	2.12301587301587	0	0.634920634920635	0	0	0	1.48809523809524	0.432539682539683	0.0992063492063492	0	0	0.718253968253968	0	0.861111111111111	1.15079365079365	0	1.50396825396825	0	0.0119047619047619	0.599206349206349	0.599206349206349	0	0	1.38888888888889	0.492063492063492	0.920634920634921	0	0.543650793650794	0.904761904761905
1033173	Bacteria_71	ADK	PF00406.22	1.64397905759162	0.746945898778359	0	1.01570680628272	0.525305410122164	0.183246073298429	0.769633507853403	1.33333333333333	0.523560209424084	0	0	0	1.05410122164049	1.43106457242583	0.745200698080279	0	0.474694589877836	0.520069808027923	0.202443280977312	1.04712041884817	0	0.352530541012216	0.987783595113438	1.27574171029668	0	1.24607329842932	0	1.04712041884817	0.366492146596859
1041855	Bacteria_71	Ribosomal_L21p	PF00829.21	0	1.69871794871795	1.36538461538462	0.483974358974359	0.301282051282051	0	0.294871794871795	0.516025641025641	1.08012820512821	2.86858974358974	0	1.47435897435897	0	0.733974358974359	0	0	0	0	1.19230769230769	0	1.53846153846154	1.69871794871795	0.881410256410256	1.69230769230769	1.62820512820513	2.89102564102564	0.698717948717949	0.891025641025641	3.22435897435897
711321	Bacteria_71	ATP-synt	PF00231.19	0.671125975473802	0.400222965440357	0.540691192865106	0.142697881828317	1.00557413600892	0	0.41917502787068	0.560758082497213	0.47603121516165	0	0	1.09810479375697	0.673355629877369	0.336677814938684	1.84057971014493	0.335562987736901	0.758082497212932	0	0.704570791527313	0.125975473801561	0.280936454849498	0	0.595317725752508	2.22073578595318	0.813823857302118	0	0	0.775919732441472	0.642140468227425
711323	Bacteria_71	OSCP	PF00213.18	0.239234449760766	0.610845295055821	1.41307814992026	0	0.838915470494418	0.228070175438596	0.701754385964912	0	1.19776714513557	0.738437001594896	0	0.732057416267943	0	0.743221690590112	1.69377990430622	0	0.641148325358852	1.21850079744817	0.547049441786284	0.835725677830941	1.6762360446571	0.620414673046252	0	0.909090909090909	0.548644338118022	1.52153110047847	0	0.48006379585327	0.385964912280702
711326	Bacteria_71	ATP-synt_A	PF00119.20	0.517647058823529	0.0882352941176471	0.856862745098039	0.509803921568627	0.243137254901961	0	0	0	0	0	0	1.6	0	0	0.809803921568627	0	0.590196078431373	0.592156862745098	1.32352941176471	0.231372549019608	0.990196078431373	0.586274509803922	0.590196078431373	2.0078431372549	0.592156862745098	0.382352941176471	0	0.0176470588235294	1.64705882352941
711327	Bacteria_71	ATP-synt_A	PF00119.20	0.1	0	0.333333333333333	0.590196078431373	1.17647058823529	0	2.67254901960784	1.77450980392157	1.28235294117647	0	0.590196078431373	0	0	2.06666666666667	0.309803921568627	0.592156862745098	0.66078431372549	0.390196078431373	0.588235294117647	0	1.74705882352941	0	0	1.03921568627451	0	0.764705882352941	0	0.264705882352941	0
732846	Bacteria_71	RuvX	PF03652.15	0	0.883809523809524	1.31047619047619	0	0.573333333333333	0.525714285714286	0.853333333333333	0.184761904761905	1.12190476190476	0	0	0	0	0.432380952380952	1.18666666666667	0	2.27809523809524	0.0514285714285714	0.285714285714286	0.859047619047619	1.88380952380952	0	0.47047619047619	1.35047619047619	0.510476190476191	1.23238095238095	0.48	0.380952380952381	0.575238095238095
362179	Bacteria_71	ADK	PF00406.22	0.413698630136986	0.137899543378995	0.412785388127854	0	0.51324200913242	0.189954337899543	0.421917808219178	1.25662100456621	1.01369863013699	0.264840182648402	0	0.422831050228311	0	0	0.559817351598173	0	0.274885844748858	0.274885844748858	1.68127853881279	0	1.03013698630137	0	0.337899543378995	1.61095890410959	1.51050228310502	0.26027397260274	0.244748858447489	0	0.954337899543379
383129	Bacteria_71	PGK	PF00162.19	0.475	0.249166666666667	1.19833333333333	0	1.04833333333333	0.305833333333333	0.9675	0.8775	0.503333333333333	0.374166666666667	0	0.884166666666667	0.235	0.485833333333333	0.795	0	0.250833333333333	0	1.22166666666667	0	2.32083333333333	0.165833333333333	0	0.651666666666667	0.251666666666667	1.51916666666667	0.499166666666667	0.231666666666667	0.901666666666667
1310193	Bacteria_71	Exonuc_VII_L	PF02601.15	1.55336617405583	0.304597701149425	0.74055829228243	0.226600985221675	0.566502463054187	0.247126436781609	1.11083743842365	0	1.01149425287356	0.229064039408867	0	0.789819376026273	0.280788177339901	0.61576354679803	2.12233169129721	0	1.09031198686371	0.495894909688013	0.801313628899836	0.791461412151067	0.401477832512315	0.743021346469622	0.427750410509031	2.1247947454844	2.08456486042693	1.68390804597701	0.490147783251232	0.247126436781609	0.990968801313629
1374366	Bacteria_71	Adenylsucc_synt	PF00709.21	0.251256281407035	0	1.56951423785595	0	0.991624790619766	0	2.41373534338358	0.631490787269682	1.55946398659966	0.0402010050251256	0	0.0686767169179229	0	0.867671691792295	0.780569514237856	0	1.26968174204355	0	0.649916247906198	0	1.61809045226131	0	0.601340033500838	0.505862646566164	0	0.0938023450586265	0	0.443886097152429	0
1374367	Bacteria_71	Adenylsucc_synt	PF00709.21	0	0	0.920168067226891	0	0.533613445378151	0	0.565826330532213	0.929971988795518	0.521008403361345	0.760504201680672	0	0.564425770308123	0	0.802521008403361	1.1750700280112	0	1.13445378151261	0.833333333333333	0	0.420168067226891	0.684873949579832	0	0.735294117647059	0.187675070028011	0.42156862745098	3.45658263305322	1.26890756302521	0.53921568627451	0
