gene_callers_id	source	gene_name	gene_hmm_id	WAM_ALR	WAM_CCR	WAM_IPI	WAM_MAR	WAM_MYS	WAM_PBL	WAM_PJN	WAM_PPR	WAM_PST	WAM_ROL	WAM_SCR	WAM_SGN	WAM_SIS	WAM_TWN	WAR_ALR	WAR_CCR	WAR_IPI	WAR_MAR	WAR_MYS	WAR_PBL	WAR_PJN	WAR_PPR	WAR_PSK	WAR_PST	WAR_RNW	WAR_ROL	WAR_SCR	WAR_SGL	WAR_SIS
1056665	Bacteria_71	SecG	PF03840.14	0.394557823129252	0	0	0	0	0.414965986394558	0.23469387755102	0	0.663265306122449	0	0	0.0612244897959184	0.513605442176871	0	0	0	0.802721088435374	0	0	0.282312925170068	1.02380952380952	0	0	5.11224489795918	0	0	1.08503401360544	0	0
1127491	Bacteria_71	Ribosomal_L28	PF00830.19	0.637130801687764	1.23206751054852	0	0.624472573839662	0	0.358649789029536	0	0	0	0	0	2.08438818565401	0	0	0	0.464135021097046	0	0	0	0.265822784810127	0.426160337552743	0.776371308016878	0	0	1.06329113924051	0.337552742616034	0.548523206751055	1.27004219409283	0
1162887	Bacteria_71	RsfS	PF02410.15	0.0134408602150538	0.258064516129032	0	0	0	0	0	0.510752688172043	0	0	0	0	0.389784946236559	0	0	0.771505376344086	0.811827956989247	1.14516129032258	0.295698924731183	2.48655913978495	0.811827956989247	0	0	0.306451612903226	0.663978494623656	0	0.809139784946237	0	0.220430107526882
1179729	Bacteria_71	RNA_pol_Rpb6	PF01192.22	0	0	0.752293577981651	0	0	0.532110091743119	0.036697247706422	0	0.978593272171254	0	0	0	0	0	0	0	0	1.40672782874618	0	0.694189602446483	0.923547400611621	0	0.568807339449541	0.577981651376147	0.81039755351682	0	0.0336391437308868	0.801223241590214	0
271236	Bacteria_71	Adenylsucc_synt	PF00709.21	0	0.512755102040816	0.255102040816327	0.482142857142857	0	0.103741496598639	0.937925170068027	0	0.511904761904762	0.256802721088435	0	0	0	0	0.256802721088435	0	0.255952380952381	1.12329931972789	0.0467687074829932	0.687074829931973	1.17431972789116	0	0	0.767857142857143	1.28146258503401	0	0.14030612244898	0.178571428571429	0
318166	Bacteria_71	Pept_tRNA_hydro	PF01195.19	0	0	0	1.18196457326892	0.386473429951691	0.331723027375201	1.68599033816425	0	0.925925925925926	0	0.555555555555556	1.38164251207729	0	0	0.483091787439614	0	0	0	0	0.363929146537842	0	0.859903381642512	0	0.99194847020934	0.971014492753623	0	0.260869565217391	0	0
320585	Bacteria_71	Ham1p_like	PF01725.16	0	0.517182130584192	0	0.257731958762887	0	0.00859106529209622	0.259450171821306	0	0.268041237113402	0	0.986254295532646	0.5	0	0	0	0.515463917525773	0	0	0.302405498281787	0.939862542955326	0	0	0	1.0893470790378	0.778350515463918	0	0.664948453608247	0.420962199312715	0
333662	Bacteria_71	Ham1p_like	PF01725.16	0	0	0	0	0	0	0	0	0.715151515151515	0.109090909090909	0	0.284848484848485	0	0	0	0	0	0	0	0.915151515151515	0.666666666666667	0	0	0.824242424242424	0	0	0	0	0
595571	Bacteria_71	RBFA	PF02033.18	0	0.71969696969697	0.19949494949495	0.146464646464646	0	0	0.381313131313131	0.694444444444444	0.694444444444444	0	0	1.48737373737374	0	0	0	0	0	0.588383838383838	0	0.419191919191919	0	0	0	0.189393939393939	0	0	0.873737373737374	0.381313131313131	0
666738	Bacteria_71	Chorismate_synt	PF01264.21	0	0.809925093632959	0	0.917602996254682	0	0	0	0	0	0	0	0.519662921348315	0.048689138576779	0	0	0.962546816479401	0.143258426966292	1.3623595505618	0	1.35393258426966	0.279962546816479	0	0.0823970037453183	1.09456928838951	0.531835205992509	0.282771535580524	0.615168539325843	0.847378277153558	0
672774	Bacteria_71	OSCP	PF00213.18	0	0	0	0.699186991869919	0	0	0	0	0	0	0	0.804878048780488	0	0	0	0	0	0	0	0	0	0	0	0	0	0	0	0	0
688997	Bacteria_71	ribosomal_L24	PF17136.4	0	0.330188679245283	0	0.89622641509434	0	0	0	0.110062893081761	1.27358490566038	0.949685534591195	0.0974842767295598	0	0	0	0	0	0.50314465408805	0.60377358490566	0	0.927672955974843	0	0.468553459119497	0.861635220125786	0.361635220125786	0.713836477987421	0	0	0	0
688998	Bacteria_71	Ribosomal_L5	PF00281.19	0	0.809782608695652	0	0	0	0	0.168478260869565	0.483695652173913	0.442028985507246	0.00181159420289855	0.385869565217391	0.545289855072464	0	0	0	0	0.257246376811594	0.748188405797101	0	1.11775362318841	1.0054347826087	0	0	0	0.686594202898551	0	0	0	0
689000	Bacteria_71	Ribosomal_S8	PF00410.19	0	0.0902777777777778	0	0	0	0	1.27777777777778	0.256944444444444	0	0	0.597222222222222	0	0	0	0	0	0	0	0	0.395833333333333	0	2.72916666666667	0	0.368055555555556	0.6875	0	0	0	0
689001	Bacteria_71	Ribosomal_L6	PF00347.23	0	0.733333333333333	0.371171171171171	2.14234234234234	0.511711711711712	0.540540540540541	0.544144144144144	0	0.0900900900900901	0	0	1.01261261261261	0	0.544144144144144	0	0	0	0.255855855855856	0	0.908108108108108	2.45225225225225	0.286486486486487	0	0.14954954954955	0	0	0	0	0.542342342342342
689002	Bacteria_71	Ribosomal_L18p	PF00861.22	0	0.771186440677966	0	0	0	0	0.700564971751412	0	0.615819209039548	0	0	0	0	0.76271186440678	0	1.14689265536723	0	0.353107344632768	0.853107344632768	1.58474576271186	0	0	0	0.446327683615819	0.793785310734463	0.0423728813559322	0	0	0
689005	Bacteria_71	Ribosomal_L27A	PF00828.19	0	0.814317673378076	0	0	0	0.675615212527964	2.11633109619687	0.302013422818792	0	0.615212527964206	0	0	0	0	0	0.0850111856823266	0.10738255033557	0.939597315436242	0.391498881431767	0.8165548098434	0.217002237136465	0.337807606263982	0	0	0.606263982102908	0.675615212527964	0	0.552572706935123	0.919463087248322
689006	Bacteria_71	SecY	PF00344.20	0.803131991051454	1.55108128262491	0	0.253542132736764	0.225205070842655	0.224459358687547	0.724832214765101	0.292319164802386	0.674869500372856	0.62565249813572	0	0	0	0	0.225205070842655	0.62938105891126	0.156599552572707	0.683818046234154	0	1.11334824757644	0.549589858314691	0.450410141685309	0.450410141685309	1.47501864280388	0.447427293064877	0.0850111856823266	1.33184190902312	2.40641312453393	0.351976137211037
689007	Bacteria_71	eIF-1a	PF01176.19	0.575342465753425	0.817351598173516	0	2.2283105022831	0.205479452054795	0	3.21461187214612	0.757990867579909	0.785388127853881	0	0.205479452054795	0	0.205479452054795	0	0	0.949771689497717	0	2.85388127853881	0	0.73972602739726	0.748858447488584	0	0	2.36529680365297	0	0.840182648401826	0.100456621004566	0	0
689009	Bacteria_71	Ribosomal_S13	PF00416.22	0	0.792	0	0.4	0.130666666666667	0	0.301333333333333	0	0	0	0.485333333333333	0.530666666666667	0.424	0	0	0	0	0.76	0	0.0426666666666667	1.90933333333333	0	0	0.845333333333333	1.136	1.328	0.088	3.696	0
689010	Bacteria_71	Ribosomal_S11	PF00411.19	0.0542635658914729	0.767441860465116	0.116279069767442	0	0	0	0.496124031007752	0	0	0.762273901808786	0.571059431524548	1.23772609819121	0.509043927648579	0.390180878552972	0	0.614987080103359	0	0.390180878552972	0	1.35142118863049	0.754521963824289	1.56072351421189	0	0	0.377260981912145	0.922480620155039	0.645994832041344	1.81912144702842	0.777777777777778
689012	Bacteria_71	RNA_pol_L	PF01193.24	0	2.55387713997986	0.552870090634441	0	0	0.575025176233635	0.529707955689829	0.504531722054381	0.958710976837865	0	0	1.15206445115811	0	0.304128902316213	0	0.304128902316213	0	0.520644511581068	0	0.521651560926485	1.8821752265861	0.3202416918429	0.0382678751258812	1.2134944612286	0.604229607250755	0.606243705941591	0.705941591137966	0.923464249748238	0.152064451158107
689013	Bacteria_71	Ribosomal_L17	PF01196.19	0	0.397727272727273	0.653409090909091	0	0	0.606060606060606	0.138257575757576	0.168560606060606	0.742424242424242	0	0	0.388257575757576	0	0	0	0	0	0.28219696969697	0	1.97348484848485	0.78219696969697	0.517045454545455	0.482954545454545	0.965909090909091	0	0.568181818181818	0.071969696969697	0	0.285984848484849
33875	Bacteria_71	IPPT	PF01715.17	0	0.18796992481203	0	1.50751879699248	0	0	0.18922305764411	0	0	0.756892230576441	0	0.738095238095238	0	0.328320802005013	0	0	0	0.754385964912281	0.378446115288221	0.491228070175439	0.239348370927318	0.230576441102757	0.738095238095238	0.24812030075188	0.738095238095238	0.378446115288221	0.378446115288221	0.897243107769424	0
57168	Bacteria_71	Ribosomal_L2	PF00181.23	0.0972818311874106	0.290414878397711	0	0.270386266094421	0	0.334763948497854	0.811158798283262	0	0.432045779685265	0	0	0.782546494992847	0	0	0	0	0.432045779685265	0	0	0.432045779685265	1.50500715307582	0	0	0.831187410586552	0.852646638054363	0.430615164520744	0	1.22460658082976	1.0758226037196
57169	Bacteria_71	Ribosomal_L23	PF00276.20	0.735294117647059	0.290849673202614	0	1.30392156862745	0	0	1.02941176470588	0	0	0	0	0.160130718954248	0	0	0	0	0	0.986928104575163	0	0.934640522875817	1.35294117647059	0.0816993464052288	0	1.45424836601307	1.10457516339869	0	0	1.76143790849673	0.983660130718954
57170	Bacteria_71	Ribosomal_L4	PF00573.22	0.473684210526316	0.650717703349282	0	0.48006379585327	0	0.0558213716108453	0.955342902711324	0	0.0637958532695375	0	0	1.20574162679426	0	0	0	0	0.481658692185008	1.19617224880383	0	1.93141945773525	1.22488038277512	0.913875598086124	0	0	0.379585326953748	0	0	0.727272727272727	0.481658692185008
57171	Bacteria_71	Ribosomal_L3	PF00297.22	0.416260162601626	0.809756097560976	0.0764227642276423	0.245528455284553	0	0.92520325203252	0.48780487804878	0	0.424390243902439	0	0	0.110569105691057	0	0.978861788617886	0.491056910569106	0.982113821138211	0	0.377235772357724	0	0.908943089430894	0.48780487804878	0.982113821138211	0	0.930081300813008	0.489430894308943	0	0	0.969105691056911	0
57172	Bacteria_71	Ribosomal_S10	PF00338.22	0	0	0.57843137254902	0.493464052287582	0	0.388888888888889	0	0	0	0	0	0	0	0	0	0	0	0.911764705882353	0	2.40849673202614	1.7483660130719	0	0	0	0	0	0	1.35294117647059	0.163398692810458
1450488	Bacteria_71	Ribosomal_S2	PF00318.20	0.251666666666667	0.948333333333333	0	0.0783333333333333	0	0	0	0.503333333333333	0	0	0	0.2	0	0	0	0	0	0.493333333333333	0	1.735	0.485	0	0	1.00333333333333	0.151666666666667	0	0.29	0	0
1450489	Bacteria_71	Ribosomal_S9	PF00380.19	0	0	0	0.418604651162791	0	1.45219638242894	0	0.13953488372093	0	0	0	0.452196382428941	0	0.633074935400517	0	0	0	2.24806201550388	0	0.780361757105943	0.527131782945736	1.41343669250646	0	0.0568475452196382	0.34625322997416	1.07751937984496	0.744186046511628	1.96124031007752	0
1450490	Bacteria_71	Ribosomal_L13	PF00572.18	0	0.539473684210526	0	0	0	0.0153508771929825	0	0.532894736842105	0.600877192982456	0	0	0.146929824561404	0	0.114035087719298	0	0	0	0.708333333333333	0.646929824561403	0	0.960526315789474	0.662280701754386	0.662280701754386	0.967105263157895	0.662280701754386	0.177631578947368	0.526315789473684	0.769736842105263	0.660087719298246
1460445	Bacteria_71	AICARFT_IMPCHas	PF01808.18	0	0.261713520749665	0.293172690763052	0.787817938420348	0.202141900937082	1.49263721552878	0	0.201472556894244	0	0	0	0.807228915662651	0	0	0.605756358768407	0.175368139223561	0.201472556894244	0.514725568942436	0	1.33668005354752	0	0.201472556894244	0.202141900937082	0.604417670682731	0.404283801874163	0.605756358768407	0.403614457831325	0.550870147255689	0.202141900937082
1462495	Bacteria_71	RNA_pol_Rpb6	PF01192.22	0	0.395061728395062	0.907407407407407	0	0	0.932098765432099	0.654320987654321	0	0	0	0	1.06481481481481	0	0.462962962962963	0	0	0	2.15432098765432	0	1.52777777777778	0	0.0833333333333333	0	0	1.0679012345679	0	0	0.432098765432099	0
1522159	Bacteria_71	Ribonuclease_P	PF00825.18	0	0	0	0	0	0	0	0	0	0	0	0	0	0	0.579945799457995	0	0.585365853658537	3.60975609756098	1.63685636856369	0	0	0.666666666666667	0	1.16260162601626	1.21409214092141	0.449864498644986	0	0.46070460704607	0
1537651	Bacteria_71	SmpB	PF01668.18	0	1.59259259259259	0	0	0	0	2.72331154684096	0.328976034858388	0	0.357298474945534	0.596949891067538	0	0	0	0.557734204793028	0	0	1.83660130718954	0	1.44880174291939	1.22004357298475	0.875816993464052	0	0.806100217864924	1.05010893246187	0	0	0.328976034858388	0
1538659	Bacteria_71	Ribosomal_L20	PF00453.18	0	1.13793103448276	0.402298850574713	0	0	0	0.971264367816092	0	0	0	0	0	0	0	0	0.672413793103448	0	0.224137931034483	0.988505747126437	0.307471264367816	0.71264367816092	0	0	0	0	0	0	0.864942528735632	0
1538660	Bacteria_71	Ribosomal_L35p	PF01632.19	0	1.43939393939394	0	0	0	0	0.171717171717172	0	0	0	0	0	0	0	0	0	0	0	0	1.93434343434343	1.13131313131313	0	0	0	0.762626262626263	0	0	0	0
1555626	Bacteria_71	Ribosomal_L1	PF00687.21	0.770114942528736	1.29741379310345	0.277298850574713	0	0.42816091954023	0.100574712643678	1.4985632183908	1.50718390804598	0	0.433908045977011	0	1.81609195402299	0	0.432471264367816	0.0229885057471264	0.926724137931034	0.182471264367816	0.301724137931034	0.103448275862069	0	0.461206896551724	0.0229885057471264	0.193965517241379	0.254310344827586	0.330459770114943	1.25574712643678	0.204022988505747	0	0
1567003	Bacteria_71	Ribosomal_L32p	PF01783.23	0	0.708333333333333	0	0	0	1.52083333333333	0	0	0	0	0	0	0	0	0	0.34375	0	0.0885416666666667	0	1.46354166666667	0	0	0	1.35416666666667	0.598958333333333	0	0	0.03125	1.15104166666667
1575922	Bacteria_71	Pept_tRNA_hydro	PF01195.19	0.267730496453901	1.11702127659574	0	0.620567375886525	0	0.531914893617021	0.75886524822695	0.49290780141844	0	0	0.530141843971631	0.170212765957447	0	0.478723404255319	0	0.117021276595745	0.535460992907801	0	0	0.475177304964539	0	0.207446808510638	0	1.8031914893617	1.54964539007092	0	0.484042553191489	0.803191489361702	0.267730496453901
1604963	Bacteria_71	RBFA	PF02033.18	0.324324324324324	0.24024024024024	0	0.678678678678679	0.858858858858859	0.249249249249249	0	0	0.810810810810811	1.18018018018018	0	0.750750750750751	0.681681681681682	0	0	0.24024024024024	0.126126126126126	0.933933933933934	0	0.654654654654655	2.73873873873874	0	0	1.00600600600601	0.825825825825826	0	0.453453453453453	0.840840840840841	0
1680834	Bacteria_71	EF_TS	PF00889.19	0	0	0	0	0.50761421319797	1.01861252115059	0.255499153976311	0	0	0	0	0.385786802030457	0	0	0	0.509306260575296	0	0	0.392554991539763	0.609137055837564	0.0456852791878173	0	0.0219966159052453	0.509306260575296	1.48223350253807	1.03553299492386	0.509306260575296	0	0.461928934010152
1680836	Bacteria_71	RRF	PF01765.19	0	2	0	0.930851063829787	0	0	0.443262411347518	0.863475177304965	0.797872340425532	0.535460992907801	0	0.535460992907801	0	0.120567375886525	0	0	0	1.95035460992908	0	1.88297872340426	0	0	0	1.53723404255319	0.308510638297872	1.18439716312057	0.535460992907801	1.16843971631206	0
1046280	Bacteria_71	Ribosomal_L27	PF01016.19	0	1.26296296296296	0	0	0	0	0	1.11851851851852	1.38148148148148	0	0.407407407407407	0.248148148148148	0	0	0	0	0.285185185185185	1.92962962962963	0	0	0	0.322222222222222	0.225925925925926	0.82962962962963	0.796296296296296	0.662962962962963	0.0518518518518519	0.348148148148148	0
1046281	Bacteria_71	Ribosomal_L21p	PF00829.21	0.886731391585761	0.407766990291262	0	0	0	0	0	1.88996763754045	0.43042071197411	0	0.563106796116505	0.980582524271845	0	0	0	0	0	1.9126213592233	0	0	0	0	0.56957928802589	1.16504854368932	1.02912621359223	0.689320388349515	0.967637540453074	0.488673139158576	0
756728	Bacteria_71	Pept_tRNA_hydro	PF01195.19	1.25764895330113	0	0	0.180354267310789	0	0	0	0	0	0	0.0676328502415459	0	0.668276972624799	0	1.07729468599034	0	0	0	0	0	0	0	0.729468599033816	0.243156199677939	0.486312399355878	0	0	0.159420289855072	0
811884	Bacteria_71	ADK	PF00406.22	0.406631762652705	0.296684118673647	0	0	0	0.523560209424084	0.263525305410122	0.506108202443281	0	0	0	0	0	0	0	0	0	1.01396160558464	0	0.773123909249564	1.80279232111693	0.527050610820244	0	0.527050610820244	0.263525305410122	0.165794066317627	0.525305410122164	1.12041884816754	0.308900523560209
819554	Bacteria_71	IPPT	PF01715.17	0.395604395604396	0	0	0	0	0.13003663003663	0.827838827838828	0	0.54029304029304	0	0.276556776556777	0.401098901098901	0	0	0	0.501831501831502	0	0.553113553113553	0	0	0.551282051282051	0	0	1.15018315018315	0.144688644688645	0	0.419413919413919	0.0915750915750916	0
854701	Bacteria_71	TsaE	PF02367.17	0	0.65952380952381	0	0	0	1.16428571428571	0	0.719047619047619	0	0	0.55	1.19761904761905	0	0.719047619047619	0	0	0	0	0	0.185714285714286	0.35952380952381	0	0	0	1.09761904761905	0	1.26904761904762	0	0
420424	Bacteria_71	tRNA_m1G_MT	PF01746.21	0	0.799410029498525	0.395280235988201	0.653392330383481	0	1.83185840707965	0	0	1.94985250737463	0	0.873156342182891	0.941002949852507	0	0.389380530973451	0	0.151917404129794	0	0.079646017699115	0	0.227138643067847	1.36135693215339	0.408554572271386	0	0	0	0	1.06194690265487	0	0
420426	Bacteria_71	Ribosomal_L19	PF01245.20	0.581196581196581	0.786324786324786	0	0.826210826210826	0	1.29059829059829	0	0	0.173789173789174	0	0	0.834757834757835	0	0	0	0	0	0.638176638176638	0	0.740740740740741	0	1.63247863247863	0.558404558404558	0	0.692307692307692	0	0.0427350427350427	0.743589743589744	0
515247	Bacteria_71	Ribosom_S12_S23	PF00164.25	0.141025641025641	0	0	0	0	0	0.512820512820513	0	0	0	0	0	0	0	0.897435897435897	0	0	0	0	0	0	0	0	0.955128205128205	0.66025641025641	0	0	0.00641025641025641	0
