gene_callers_id	source	gene_name	gene_hmm_id	WAM_ALR	WAM_CCR	WAM_IPI	WAM_MAR	WAM_MYS	WAM_PBL	WAM_PJN	WAM_PPR	WAM_PST	WAM_ROL	WAM_SCR	WAM_SGN	WAM_SIS	WAM_TWN	WAR_ALR	WAR_CCR	WAR_IPI	WAR_MAR	WAR_MYS	WAR_PBL	WAR_PJN	WAR_PPR	WAR_PSK	WAR_PST	WAR_RNW	WAR_ROL	WAR_SCR	WAR_SGL	WAR_SIS
1092970	Bacteria_71	Ribosomal_S16	PF00886.19	0.185185185185185	0.951851851851852	1.17777777777778	0.925925925925926	0	0.188888888888889	0.122222222222222	0.67037037037037	2.35925925925926	0.622222222222222	0	0.555555555555556	0	0	0.0037037037037037	1.27777777777778	0	1.97037037037037	1.0037037037037	0.551851851851852	3.29259259259259	0	1.11481481481481	3.37037037037037	0	0.625925925925926	0.307407407407407	0	0.555555555555556
1092972	Bacteria_71	tRNA_m1G_MT	PF01746.21	2.09444444444444	0.830555555555556	0.325	0	0	0.838888888888889	0.238888888888889	0	1.46111111111111	0	0	0	0.418055555555556	0	2.24166666666667	0.127777777777778	0	0.886111111111111	1.03194444444444	1.08194444444444	0.326388888888889	0.155555555555556	0.209722222222222	2.57222222222222	0.419444444444444	1.55972222222222	1.99722222222222	0.904166666666667	1.57638888888889
1092973	Bacteria_71	Ribosomal_L19	PF01245.20	0.811827956989247	0.0188172043010753	0	0.559139784946237	0	0	0	0	0.346774193548387	0.32258064516129	0.803763440860215	0	0	0	1.59677419354839	0.811827956989247	1.61290322580645	0.983870967741936	0	2.41129032258065	1.47043010752688	0.639784946236559	0.809139784946237	2.31720430107527	0.360215053763441	0.206989247311828	2.1747311827957	1.20430107526882	0.731182795698925
1136780	Bacteria_71	RNA_pol_Rpb6	PF01192.22	1.45945945945946	0.783783783783784	1.83333333333333	0	0	0.896396396396396	1.16216216216216	0.0045045045045045	0	0	0	0	0	0	0.103603603603604	1.12162162162162	1.26576576576577	0	0	0.842342342342342	0	0	0	0	0.509009009009009	1.74774774774775	2.03153153153153	0.671171171171171	1.23423423423423
1136782	Bacteria_71	SmpB	PF01668.18	1.25416666666667	0	1.25833333333333	0	0.625	0.35625	0.627083333333333	0.40625	0	0	0	0.114583333333333	0.49375	0	1.8375	0	2.15625	0.370833333333333	0.260416666666667	0.647916666666667	1.55416666666667	0	0	0.270833333333333	0.629166666666667	0.322916666666667	0.61875	1.75625	0.702083333333333
1136783	Bacteria_71	Ribosomal_L28	PF00830.19	0	1.26666666666667	0	0	1.01960784313725	1.05882352941176	0.498039215686275	0.941176470588235	0	0.976470588235294	0	1.23137254901961	0.564705882352941	0.474509803921569	1.05490196078431	0	0.329411764705882	0	0.43921568627451	1.07843137254902	0.47843137254902	0	0	0.968627450980392	0.12156862745098	0.584313725490196	1.42745098039216	0.784313725490196	1.88235294117647
1188172	Bacteria_71	Ribosomal_L18p	PF00861.22	0	0.683060109289617	0	0.412568306010929	0.180327868852459	0	0.989071038251366	0.825136612021858	0	0	0	0.527322404371585	0	0	0	0.412568306010929	0	0.983606557377049	0.677595628415301	0.215846994535519	1.58743169398907	0	2.45901639344262	1.71311475409836	1.49726775956284	3.47540983606557	1.63661202185792	0.412568306010929	1.01912568306011
1188173	Bacteria_71	Ribosomal_L6	PF00347.23	0	0.568518518518519	0	0.835185185185185	0.268518518518519	0	0.012962962962963	0	0.511111111111111	0	0	0.557407407407407	0	0	2.73148148148148	0.27962962962963	0.557407407407407	0.366666666666667	1.37777777777778	0.553703703703704	1.12037037037037	0	0.172222222222222	1.5962962962963	0.892592592592593	0.574074074074074	0.222222222222222	0.87037037037037	0
1188174	Bacteria_71	Ribosomal_S8	PF00410.19	0.221354166666667	0	0.6875	0	0.786458333333333	0	0.578125	0	0.489583333333333	0	0	0	0	0	4.72916666666667	0	1.3359375	0	0.572916666666667	1.36458333333333	1.546875	0.783854166666667	0.518229166666667	2.328125	1.29947916666667	1.1328125	0	3.90364583333333	0.721354166666667
1188176	Bacteria_71	Ribosomal_L5	PF00281.19	0.237037037037037	0.342592592592593	0.424074074074074	0.590740740740741	0.27962962962963	0	0.561111111111111	0.261111111111111	0.664814814814815	0.555555555555556	0	0	0	0.259259259259259	2.32407407407407	0	0	0.0592592592592593	0	1.39444444444444	0	0.559259259259259	0.298148148148148	2.11481481481481	0.137037037037037	0	0.0703703703703704	1.19074074074074	0.137037037037037
1188177	Bacteria_71	ribosomal_L24	PF17136.4	0.881226053639847	1.9272030651341	1.727969348659	0.413793103448276	0	0	0.421455938697318	0.432950191570881	0	0	0	0.697318007662835	0	0.574712643678161	0.854406130268199	0.57088122605364	0	0.938697318007663	0	0.32183908045977	0	0	0.0574712643678161	1.27969348659004	0.781609195402299	0	0	0.865900383141762	0.919540229885058
1188178	Bacteria_71	Ribosomal_L14	PF00238.19	0.456284153005464	0.445355191256831	0.521857923497268	0.360655737704918	0	0	0.983606557377049	1.74043715846995	0.0765027322404372	0	0	1.92622950819672	0	0.270491803278689	3.60655737704918	0.407103825136612	0	0.180327868852459	0	0	1.23497267759563	0	0.76775956284153	2.58196721311475	0.770491803278688	1.39071038251366	0	0.322404371584699	0.469945355191257
1188179	Bacteria_71	Ribosomal_S17	PF00366.20	0.611721611721612	0	0	0.0732600732600733	0	0	1.84615384615385	0.681318681318681	0.923076923076923	0	0	0	0	0.58974358974359	3.08791208791209	0	0	1.23076923076923	1.10622710622711	1.24908424908425	1.10989010989011	0	1.0989010989011	0.428571428571429	0.945054945054945	0.545787545787546	0.608058608058608	0.600732600732601	0.564102564102564
1188180	Bacteria_71	Ribosomal_L29	PF00831.23	0.604761904761905	0	2.03809523809524	2.88095238095238	0	0	0	0	0	0	0	0	0	0	0	0.195238095238095	0.719047619047619	0.785714285714286	0	1.73333333333333	4.72380952380952	0	0.685714285714286	0.504761904761905	2.57142857142857	0	0.00952380952380952	0	0
1188181	Bacteria_71	Ribosomal_L16	PF00252.18	0.917989417989418	0	2.56878306878307	0.658730158730159	0	1.33597883597884	0.5	0	0.396825396825397	0	0	0	0	0.793650793650794	0.936507936507936	0.658730158730159	0.399470899470899	1.59259259259259	0.714285714285714	2.78835978835979	0.701058201058201	1.57936507936508	0.351851851851852	1.42857142857143	1.24867724867725	0.80952380952381	0	0	0
1188182	Bacteria_71	Ribosomal_S3_C	PF00189.20	0.645645645645646	1.87537537537538	1.74924924924925	0.100600600600601	0	0	0.510510510510511	0	0.142642642642643	0	0	0	0.696696696696697	0	1.7042042042042	0.803303303303303	1.56756756756757	0.959459459459459	0.701201201201201	0	1.69369369369369	0	0.957957957957958	2.01951951951952	1.44894894894895	0.810810810810811	0.342342342342342	0.0525525525525525	0
1188183	Bacteria_71	Ribosomal_L22	PF00237.19	0.776785714285714	0	0	0.636904761904762	0	0.12797619047619	0	0	0.443452380952381	0	0	0	0.660714285714286	0	0.738095238095238	0.178571428571429	1.57440476190476	2.1577380952381	0.717261904761905	0	0.395833333333333	0	0.452380952380952	1.60119047619048	0.520833333333333	3.05357142857143	1.98809523809524	0.75	1.05952380952381
1188184	Bacteria_71	Ribosomal_S19	PF00203.21	2.2831541218638	0.10752688172043	0	1.08243727598566	0	1.42652329749104	1.98924731182796	0	0.541218637992832	0	0	0	0	0	0	0	0.462365591397849	1.37992831541219	0.659498207885305	1.5663082437276	1.03584229390681	0	0.906810035842294	1.17562724014337	0	2.77777777777778	0	0.541218637992832	1.21863799283154
1188185	Bacteria_71	Ribosomal_L2	PF00181.23	0.949707602339181	0.658479532163743	0.353216374269006	0.352046783625731	0	0.513450292397661	1.2187134502924	0.352046783625731	0	0	0	1.05497076023392	0	0.353216374269006	1.37426900584795	0.352046783625731	1.3672514619883	1.08888888888889	0.162573099415205	1.55438596491228	1.62690058479532	0	0.704093567251462	1.71812865497076	0.201169590643275	1.9859649122807	0.880701754385965	0.529824561403509	0.569590643274854
1188186	Bacteria_71	Ribosomal_L23	PF00276.20	0.146953405017921	0	0	0	0	0	2.58064516129032	0	0.910394265232975	0.283154121863799	0	2.60215053763441	0	0	1.52688172043011	0	0	5.12186379928315	1.54838709677419	2.15770609318996	1.54121863799283	0	1.52688172043011	1.05017921146953	0.0609318996415771	0	0.537634408602151	0	0.896057347670251
1188187	Bacteria_71	Ribosomal_L4	PF00573.22	0.482371794871795	0.556089743589744	1.13141025641026	0.483974358974359	0.046474358974359	0	1.54166666666667	1.93429487179487	1.44711538461538	0.331730769230769	0	0.708333333333333	1.44391025641026	0.41025641025641	0.858974358974359	0.966346153846154	0.426282051282051	1.26282051282051	1.25480769230769	2.75480769230769	2.01282051282051	0	0	3.01442307692308	0.907051282051282	0.423076923076923	0.483974358974359	0	1.33974358974359
1188188	Bacteria_71	Ribosomal_L3	PF00297.22	0.528682170542636	0.584496124031008	0.471317829457364	0.903875968992248	0.384496124031008	0	1.23410852713178	0.362790697674419	0.663565891472868	0	0	2.16279069767442	0	0.0155038759689922	0.657364341085271	0.465116279069767	0.736434108527132	1.52248062015504	0.786046511627907	0.134883720930233	2.68062015503876	0.466666666666667	0	1.05891472868217	0.0232558139534884	0.488372093023256	0.89922480620155	0.187596899224806	0
1188189	Bacteria_71	Ribosomal_S10	PF00338.22	2.7378640776699	0	1.37216828478964	0.818770226537217	0.741100323624595	0	1.19741100323625	1.23624595469256	1.01941747572816	0	0	0.660194174757282	0	0.857605177993528	0.977346278317152	0	1.1747572815534	0.796116504854369	1.11650485436893	2.80582524271845	0.517799352750809	0	0.601941747572815	0	1.00647249190939	1.20711974110032	0	0.488673139158576	0.194174757281553
233048	Bacteria_71	PGK	PF00162.19	1.42641209228321	1.23389021479714	0.568814638027049	0.501193317422434	0.239459029435163	0	1.25377883850438	0	0.651551312649165	0	0.239459029435163	1.35958631662689	0.656324582338902	0.666666666666667	0.912490055688146	0.359586316626889	2.03739061256961	0.477326968973747	0.916467780429594	2.04455051710422	1.48130469371519	0.456642800318218	1.05091487669053	2.44391408114558	0.479713603818616	1.06682577565632	0.368337311058075	0.359586316626889	0.477326968973747
233050	Bacteria_71	SecG	PF03840.14	1.13369963369963	0.553113553113553	0.547619047619048	0.84981684981685	0	0	1.35714285714286	0.212454212454212	0.276556776556777	0	0	0	0	0.285714285714286	0.564102564102564	0	0.445054945054945	0.815018315018315	0.556776556776557	0.761904761904762	0.333333333333333	0.672161172161172	0.0183150183150183	2	0.551282051282051	0	0	0	1.08608058608059
306861	Bacteria_71	Exonuc_VII_L	PF02601.15	0.814814814814815	0.49519890260631	0.412208504801097	0.774348422496571	0.320301783264746	0.272290809327846	0.827160493827161	0.545267489711934	1.32373113854595	0.206447187928669	0	0.205761316872428	0.232510288065844	0.664609053497942	1.68175582990398	0.37997256515775	0.412894375857339	0.407407407407407	0.520576131687243	1.26611796982167	0.901234567901235	0.8559670781893	0.474622770919067	2.07270233196159	1.460219478738	0.62002743484225	0.676268861454047	0.916323731138546	0.246913580246914
324972	Bacteria_71	RRF	PF01765.19	2.38680926916221	0	0.803921568627451	0	0	0.789661319073084	0	0.493761140819964	0.491978609625668	0	0	0.540106951871658	0.536541889483066	0.499108734402852	1.05169340463458	0.140819964349376	0.561497326203209	0	0.74331550802139	2.09803921568627	1.3030303030303	0.994652406417112	0.229946524064171	1.71479500891266	1.29233511586453	1.34046345811052	0.625668449197861	0.529411764705882	0.265597147950089
528955	Bacteria_71	Ribosomal_L27A	PF00828.19	0.59958071278826	0	0	0.335429769392034	0.559748427672956	0.333333333333333	0.878406708595388	0	0	0.626834381551363	0	1.33752620545073	0.316561844863732	0.161425576519916	0.932914046121593	0	0.605870020964361	1.26415094339623	1.89517819706499	1.69811320754717	1.77777777777778	0	0.312368972746331	1.61844863731656	0.628930817610063	0.628930817610063	0.80083857442348	1.33752620545073	0
528956	Bacteria_71	SecY	PF00344.20	0.862660944206009	0.428469241773963	1.08226037195994	0.950643776824034	0.626609442060086	0.498569384835479	1.40701001430615	1.11301859799714	0.232474964234621	0	0	0.265379113018598	0.399856938483548	0.429899856938484	1.61158798283262	0.713876967095851	0.277539341917024	0	0.82689556509299	0.475679542203147	2.34406294706724	0.648068669527897	0.415593705293276	2.39127324749642	1.29399141630901	1.93204577968526	1.42703862660944	0.340486409155937	0.882689556509299
528959	Bacteria_71	Ribosomal_S13	PF00416.22	0	0	0.43801652892562	0.15702479338843	0	0	2.60055096418733	0.96969696969697	0	0	0.258953168044077	1.50413223140496	0	1.64187327823691	0	1.4931129476584	0.831955922865014	1.59779614325069	0.831955922865014	0.129476584022039	0.917355371900826	2.13774104683196	0	1.44077134986226	1.63911845730028	0.831955922865014	0.862258953168044	2.26721763085399	0
528960	Bacteria_71	Ribosomal_S11	PF00411.19	0.236842105263158	0	0.585964912280702	0.668421052631579	0	0.97719298245614	2.17368421052632	1.11754385964912	0	0	1.15263157894737	2.05263157894737	0	0	0	0.0192982456140351	0.471929824561404	1.05438596491228	0	0.847368421052632	0.378947368421053	0.878947368421053	0	1.61929824561404	0.719298245614035	0	0.308771929824561	0.410526315789474	0
528962	Bacteria_71	RNA_pol_L	PF01193.24	1.12031558185404	0.297830374753452	0.296844181459566	0	0	0.890532544378698	1.48323471400394	0.900394477317554	0.766272189349112	0.595660749506903	0	0.627218934911243	0.291913214990138	0.13905325443787	1.30966469428008	0.315581854043393	0	0.386587771203156	1.18639053254438	0.506903353057199	2.54339250493097	0	0.439842209072978	0.722879684418146	0.608481262327416	1.38067061143984	0.384615384615385	0.293885601577909	0.359960552268245
528963	Bacteria_71	Ribosomal_L17	PF01196.19	1.47222222222222	0.490196078431373	0	0.493464052287582	0	0	1.24019607843137	0.694444444444444	1.10457516339869	0.459150326797386	0	0.632352941176471	0	0.491830065359477	0.816993464052288	0.805555555555556	0	0.843137254901961	0	1.25816993464052	1.70751633986928	0	0.573529411764706	3.20588235294118	0.748366013071895	0.795751633986928	0	1.31699346405229	0.282679738562091
603348	Bacteria_71	tRNA-synt_1d	PF00750.19	0.620195065978199	0.172690763052209	0.864601262191624	0.349397590361446	0.253585771658061	0.187607573149742	0.172690763052209	0	0.955249569707401	0.516351118760757	0	0.885829030407344	0.172117039586919	0.388410786001147	1.34939759036145	0.00631095811818703	0.443488238668962	0.685599541021228	0.542742398164085	0.172117039586919	2.29432013769363	0.171543316121629	0.331612162937464	0.496844520940906	0.432587492828457	1.08089500860585	0.380952380952381	0.952380952380952	0.780837636259323
675212	Bacteria_71	Ribosomal_L35p	PF01632.19	0	0	1.48571428571429	0	0	0	0	0	0.695238095238095	0	0	0.1	0	1.17142857142857	1.64761904761905	0	0.0761904761904762	1.06190476190476	1.18095238095238	1.20952380952381	1.63809523809524	0	2.07619047619048	1.37142857142857	0.828571428571429	0.180952380952381	0	0	3.11428571428571
675213	Bacteria_71	Ribosomal_L20	PF00453.18	0	0	0.349726775956284	0	0	0	0.431693989071038	0	2.51912568306011	0	0.737704918032787	0.590163934426229	0	0	0.669398907103825	0.412568306010929	1.66393442622951	1.59836065573771	1.08743169398907	0	2.30874316939891	0	0.273224043715847	0.816939890710383	0.898907103825137	0.948087431693989	0	1.72404371584699	2.25136612021858
695488	Bacteria_71	ATP-synt_A	PF00119.20	1.1656314699793	0.301242236024845	0.311594202898551	0.632505175983437	0	0	1.15217391304348	0.0227743271221532	0	0	0	0.799171842650104	0.142857142857143	0.729813664596273	0.640786749482402	0.272256728778468	0.0838509316770186	0.505175983436853	0.156314699792961	1.71428571428571	1.86335403726708	0.311594202898551	0.30952380952381	0.601449275362319	0.455486542443064	1.43892339544513	0.240165631469979	0.631469979296066	0.466873706004141
695492	Bacteria_71	OSCP	PF00213.18	0.349862258953168	1.59504132231405	0.831955922865014	0	0	0.28099173553719	0	0.81267217630854	0.454545454545455	0	0	0.256198347107438	0	0	2.77961432506887	0.0606060606060606	2.51790633608815	0.198347107438017	0.666666666666667	1.46831955922865	1.90358126721763	2.14600550964187	0	0.658402203856749	0.889807162534435	0.399449035812672	0	1.56749311294766	0
695494	Bacteria_71	ATP-synt	PF00231.19	0.605721393034826	0.741293532338308	0.227611940298507	0.606965174129353	0	0.11318407960199	0.919154228855721	0.435323383084577	0.583333333333333	0.104477611940299	0	0	0	0	1.20522388059702	0.374378109452736	1.24502487562189	0.937810945273632	0.31592039800995	1.03980099502488	1.4452736318408	0.68407960199005	0.356965174129353	0.177860696517413	0.800995024875622	0.628109452736318	0.745024875621891	0.51865671641791	0.0858208955223881
26479	Bacteria_71	RuvX	PF03652.15	0.815347721822542	1.47002398081535	0	0	0	0	1.07913669064748	0	1.83693045563549	0	0	1.05755395683453	0.105515587529976	0	0.959232613908873	0	0	0.719424460431655	0.498800959232614	1.06714628297362	1.77458033573141	0.724220623501199	0.673860911270983	1.06235011990408	2.0863309352518	0.949640287769784	0	2.94484412470024	0.3621103117506
109537	Bacteria_71	Ribosomal_L27	PF01016.19	0	0	0	0.791164658634538	0	0	0.200803212851406	0	0.602409638554217	0.0763052208835341	0	0.803212851405622	0	0	0	1.19678714859438	0.690763052208835	0.0642570281124498	0	0	1.71887550200803	0.301204819277108	0	3.46586345381526	0.301204819277108	1.09236947791165	0.835341365461847	0.285140562248996	0
109538	Bacteria_71	Ribosomal_L21p	PF00829.21	0	0.474358974358974	0.419871794871795	0.884615384615385	0.96474358974359	0.647435897435897	1.64102564102564	0	1.25961538461538	0.865384615384615	0	1.18269230769231	0	0.762820512820513	0	0	0.243589743589744	1.28525641025641	0.75	0	1.75961538461538	0	0.490384615384615	2.30448717948718	0	0	0.25	0	0.201923076923077
139105	Bacteria_71	IPPT	PF01715.17	0.318518518518519	0.639153439153439	0.637037037037037	0	0	0.635978835978836	0.632804232804233	1.28571428571429	0.638095238095238	0.22962962962963	0	0.655026455026455	0.0592592592592593	0	0.922751322751323	0.68042328042328	0.722751322751323	0.0952380952380952	1.07619047619048	2.87407407407407	2.73227513227513	0.317460317460317	0.622222222222222	0.6	0.943915343915344	1.24867724867725	0.59047619047619	0.637037037037037	1.43280423280423
158505	Bacteria_71	Ribosomal_L32p	PF01783.23	0.0687830687830688	1.08465608465608	1.3968253968254	0.105820105820106	0.518518518518518	0.740740740740741	0	0.798941798941799	1.32275132275132	0	0	0	0.338624338624339	0	1.53439153439153	0	0	0.703703703703704	0	1.34391534391534	1.04232804232804	0	2.01058201058201	0.253968253968254	0.687830687830688	0.867724867724868	0.73015873015873	2.27513227513228	0.428571428571429
1467114	Bacteria_71	Chorismate_synt	PF01264.21	1.19298245614035	0	0.267056530214425	0.58869395711501	0.586744639376218	0	1.28460038986355	0.90448343079922	0.586744639376218	0	0	0	0	0.596491228070175	0.124756335282651	0	0.676413255360624	0.222222222222222	0.58869395711501	0	0.748538011695906	0.491228070175439	0.360623781676413	1.32943469785575	0.824561403508772	0	0	0.421052631578947	0.290448343079922
1544128	Bacteria_71	Ribosomal_S7	PF00177.21	0	1.88607594936709	0.672995780590717	0.953586497890295	0.59704641350211	0.409282700421941	0	0.987341772151899	2.16666666666667	0	1.0379746835443	1.16455696202532	0	0.635021097046414	2.44725738396624	0.194092827004219	0.635021097046414	0.810126582278481	0	0.191983122362869	1.69198312236287	0.430379746835443	0.871308016877637	1.42616033755274	0.643459915611814	1.24261603375527	0.438818565400844	0.0738396624472574	2.08016877637131
1544129	Bacteria_71	Ribosom_S12_S23	PF00164.25	0.333333333333333	1.28346456692913	0	0	0	0	1.23622047244094	0	2.06036745406824	0	0.181102362204724	0	0	0	0.404199475065617	0	0	1.25721784776903	1.42782152230971	0.784776902887139	1.01837270341207	0	0.10498687664042	0.538057742782152	0	1.50131233595801	0.511811023622047	1.93438320209974	1.27821522309711
1550634	Bacteria_71	SecE	PF00584.20	0	0	2	0	0	0	0	0	0	0	0	0	0	0	0	0	0	0	0	0.8	0	0	0	0	1	0	0	0	0
1670446	Bacteria_71	Ribosomal_S15	PF00312.22	0.972868217054264	0.27906976744186	0	0.751937984496124	0	0	0.507751937984496	0.701550387596899	1.10852713178295	0	0	0	0	0.527131782945736	3.04651162790698	0	1.05813953488372	1.67054263565891	0.810077519379845	1.06976744186047	0.534883720930233	2	2.01937984496124	1.2984496124031	0.395348837209302	0.744186046511628	0	2.27906976744186	0.585271317829457
1724165	Bacteria_71	eIF-1a	PF01176.19	0.723684210526316	0	3.61842105263158	0	0	0.118421052631579	0.192982456140351	0	2.14035087719298	0	0	1.7719298245614	0	1.32456140350877	1.08771929824561	0	1.28070175438596	1.60526315789474	1.34210526315789	1.24561403508772	0.600877192982456	0.706140350877193	1.27631578947368	1.91666666666667	1.0219298245614	0	0	0.298245614035088	0
1724169	Bacteria_71	Ribosomal_L9_C	PF03948.14	0.739130434782609	0	0.62111801242236	0.708074534161491	0.625258799171843	0.250517598343685	0.906832298136646	0	0	0.623188405797101	0	0.0869565217391304	0.438923395445135	0	0.501035196687371	0	0	0.623188405797101	0.62111801242236	1.11180124223602	0.412008281573499	0.592132505175983	0.345755693581781	1.22774327122153	0.494824016563147	1.24430641821946	0	0.759834368530021	0.225672877846791
1724171	Bacteria_71	Ribosomal_S6	PF01250.17	0.71304347826087	0.426086956521739	0	0.492753623188406	0	0	0.43768115942029	0	0.43768115942029	0	0	0.310144927536232	0	0.614492753623188	1.07826086956522	1.37391304347826	0	0.495652173913044	0.426086956521739	0.501449275362319	2.27536231884058	0.582608695652174	0.0115942028985507	1.12753623188406	1.86376811594203	0.568115942028986	0	0	0.339130434782609
1724172	Bacteria_71	Pept_tRNA_hydro	PF01195.19	0.503333333333333	0.311666666666667	0	0	0	0.356666666666667	0.251666666666667	0	0	0	0	0.256666666666667	0	0.46	0.503333333333333	0	0.503333333333333	0.508333333333333	0.726666666666667	0.808333333333333	1.975	0.445	1.33	1.72	1.35666666666667	0.86	0.501666666666667	1.00666666666667	0
905126	Bacteria_71	UPF0054	PF02130.17	0.583333333333333	0.643410852713178	1.25581395348837	0.292635658914729	0.670542635658915	0	0.38953488372093	1.3546511627907	0	0.511627906976744	0	1.14728682170543	0	0.583333333333333	1.02325581395349	0	0.290697674418605	2.66279069767442	0.819767441860465	0.699612403100775	1.62790697674419	0.536821705426357	2.03294573643411	0	0.441860465116279	0.831395348837209	0.558139534883721	1.02713178294574	0.290697674418605
905127	Bacteria_71	RecO_C	PF02565.15	1.90232558139535	0.550387596899225	0.125581395348837	0.689922480620155	0.372093023255814	0.468217054263566	1.06821705426357	0.232558139534884	1.07906976744186	0.151937984496124	0	0.862015503875969	0	0	1.01705426356589	0	0.466666666666667	1.37674418604651	0.269767441860465	0.897674418604651	1.01705426356589	0.027906976744186	0.151937984496124	0.272868217054264	0.313178294573643	0.125581395348837	0.0108527131782946	0.936434108527132	0
906465	Bacteria_71	Adenylsucc_synt	PF00709.21	0.922955974842767	1.32704402515723	0.374213836477987	0.237421383647799	0	0	0.215408805031447	0.616352201257862	0.429245283018868	0.148584905660377	0.0267295597484277	0.558176100628931	0.470911949685535	0.297169811320755	0.257075471698113	0	0.702830188679245	0.709905660377358	0.378930817610063	1.10298742138365	0.937893081761006	0.459119496855346	0.797955974842767	1.35927672955975	0.834905660377358	2.30896226415094	0.199685534591195	0.464622641509434	0.666666666666667
1001242	Bacteria_71	Ribosomal_L1	PF00687.21	0.370927318295739	0	0.471177944862155	0.37593984962406	0.0025062656641604	0	0.75187969924812	0	0.656641604010025	0	0	1.36842105263158	0.556390977443609	0.378446115288221	0.754385964912281	0	0	2.27568922305764	0.416040100250627	0	2.71679197994987	0	0.754385964912281	0.651629072681704	1.79197994987469	0.56140350877193	0.919799498746867	0.756892230576441	0.756892230576441
1001245	Bacteria_71	SecE	PF00584.20	2.87209302325581	0.930232558139535	0.686046511627907	0	0	0.127906976744186	0.813953488372093	0	0	0	0	2.81395348837209	0	0	0	0	1.17054263565891	0.585271317829457	0.903100775193798	0.86046511627907	0.875968992248062	0	0	3.55038759689922	2.84496124031008	0	2.33720930232558	1.93410852713178	0
708908	Bacteria_71	AICARFT_IMPCHas	PF01808.18	0.305220883534137	0.202141900937082	0.0682730923694779	0.402945113788487	0	0.117135207496653	0.202141900937082	0.202141900937082	0.207496653279786	0.201472556894244	0	0.0676037483266399	0	0.829317269076305	2.1144578313253	0	0.570281124497992	0.606425702811245	0.402945113788487	0.382195448460509	2.1338688085676	0	1.2710843373494	1.27041499330656	0.795180722891566	1.00937081659973	0.402275769745649	0.579651941097724	0.576305220883534
844780	Bacteria_71	RBFA	PF02033.18	0	1.53183520599251	0	0	0.722846441947566	0.50561797752809	1.87640449438202	0.438202247191011	0.599250936329588	0	0	0.49812734082397	0	0	1.88389513108614	0	0.524344569288389	0.430711610486891	0	2.17228464419476	0	3.16479400749064	0.198501872659176	2.67415730337079	0.805243445692884	3.38202247191011	0	0.745318352059925	0.348314606741573
364532	Bacteria_71	EF_TS	PF00889.19	1.19374247894103	0.287605294825511	0.581227436823105	0.36101083032491	0.471720818291215	0	1.57160048134777	0.0938628158844765	0.212996389891697	0	0.348977135980746	1.09386281588448	0.363417569193742	0.181708784596871	0	0.311672683513839	0.900120336943442	0.902527075812274	0.560770156438027	1.99518652226233	0.267148014440433	0.50661853188929	1.64019253910951	2.15282791817088	0.574007220216607	1.84596871239471	0	0.199759326113117	0
364533	Bacteria_71	Ribosomal_S2	PF00318.20	0.356973995271868	0.647754137115839	0.332151300236407	0.353427895981087	0.354609929078014	0.711583924349882	1.06737588652482	0	0.615839243498818	0.213947990543735	0	0.202127659574468	0.356973995271868	0.466903073286052	1.32624113475177	0	0.84160756501182	0.156028368794326	0.353427895981087	1.78014184397163	1.09456264775414	0.314420803782506	0.711583924349882	2.09456264775414	1.1903073286052	0.946808510638298	0.290780141843972	0	1.59456264775414
368756	Bacteria_71	RsfS	PF02410.15	1.29947916666667	0	0.684895833333333	0.106770833333333	0	0	0.0833333333333333	0.393229166666667	0.0572916666666667	0	0	0.200520833333333	0	2.15104166666667	1.57291666666667	1.25520833333333	0.684895833333333	1.59375	1.44791666666667	1.97916666666667	2.8203125	0.158854166666667	0.3671875	0.953125	0.776041666666667	0.760416666666667	1.09635416666667	1.36197916666667	0.666666666666667
382947	Bacteria_71	ADK	PF00406.22	0.813204508856683	0.00080515297906602	0.654589371980676	0.0732689210950081	0.241545893719807	0.85024154589372	0.852657004830918	0.424315619967794	0.969404186795491	0.353462157809984	0	0.215780998389694	0	0.549114331723027	1.25523349436393	0.154589371980676	1.20531400966184	0.243156199677939	0.484702093397746	0.533816425120773	1.06763285024155	0	0.855877616747182	0.87037037037037	0.414653784219002	0.651368760064412	1.08937198067633	1.12882447665056	1.03220611916264
386050	Bacteria_71	TsaE	PF02367.17	0.0432900432900433	0.324675324675325	0.242424242424242	0.649350649350649	0	0.16017316017316	0.653679653679654	0.543290043290043	1.43722943722944	0.653679653679654	0	0.593073593073593	0.0670995670995671	0.359307359307359	0.222943722943723	0.0692640692640693	0.32034632034632	0.70995670995671	0.941558441558442	1.15584415584416	1.4978354978355	1.01082251082251	1.32683982683983	1.45021645021645	0.279220779220779	3.18181818181818	0.132034632034632	0.571428571428571	1.03246753246753
523564	Bacteria_71	Ribosomal_S20p	PF01649.18	1.14015151515152	0.568181818181818	0	0	0.787878787878788	1.09848484848485	0	2.0530303030303	0	0.424242424242424	0	0.568181818181818	0	0	0.571969696969697	0	1.77272727272727	2.38257575757576	0	1.76136363636364	2.10606060606061	0	0.287878787878788	3.04545454545455	1.45075757575758	0.0795454545454545	1.16287878787879	0.829545454545455	2.50757575757576
1266875	Bacteria_71	YajC	PF02699.15	2.13276836158192	0.488700564971751	0.0395480225988701	0	0	0	0	0	0.994350282485876	0	0	0.748587570621469	0	1.37005649717514	0	0	1.59887005649718	0	0	1.00564971751412	1.34180790960452	0	1.3728813559322	1.59322033898305	1.46045197740113	0.870056497175141	1.1271186440678	0.974576271186441	0
1395931	Bacteria_71	Ribosomal_S9	PF00380.19	0	0.467171717171717	0.176767676767677	0	0.366161616161616	1.04292929292929	0.606060606060606	0.505050505050505	0.414141414141414	0	0	0	0	0.742424242424242	1.50757575757576	0	0	0	0.378787878787879	2.33333333333333	1.38888888888889	0.21969696969697	0	0.502525252525252	0	0	0	1.44191919191919	1.69191919191919
1395932	Bacteria_71	Ribosomal_L13	PF00572.18	0	0	0	0	0	0.804597701149425	1.33793103448276	0.110344827586207	0.174712643678161	0.629885057471264	0	1.20459770114943	0	0	1.80229885057471	0	0.689655172413793	0	0.55632183908046	4.00919540229885	1.79310344827586	1.11954022988506	0.940229885057471	0	0	0.167816091954023	0.0482758620689655	1.19310344827586	0.0758620689655172
