gene_callers_id	source	gene_name	gene_hmm_id	WAM_ALR	WAM_CCR	WAM_IPI	WAM_MAR	WAM_MYS	WAM_PBL	WAM_PJN	WAM_PPR	WAM_PST	WAM_ROL	WAM_SCR	WAM_SGN	WAM_SIS	WAM_TWN	WAR_ALR	WAR_CCR	WAR_IPI	WAR_MAR	WAR_MYS	WAR_PBL	WAR_PJN	WAR_PPR	WAR_PSK	WAR_PST	WAR_RNW	WAR_ROL	WAR_SCR	WAR_SGL	WAR_SIS
1110925	Bacteria_71	Adenylsucc_synt	PF00709.21	1.14888888888889	0	0	0.84962962962963	0	0	0.588888888888889	0	1.05703703703704	0.223703703703704	0.204444444444444	0.806666666666667	0.271851851851852	0.222962962962963	0.855555555555556	0	0.111851851851852	0.246666666666667	0	0.077037037037037	3.17037037037037	0.18	0.222222222222222	2.72074074074074	0.201481481481481	1.12148148148148	0.112592592592593	0.331111111111111	0.857037037037037
1228401	Bacteria_71	PGK	PF00162.19	0.699085619285121	0	0.125519534497091	0.13549459684123	0.251039068994181	0.124688279301746	1.25103906899418	0	1.33665835411471	0.251039068994181	0	0.291770573566085	0.500415627597672	0.251039068994181	0.935162094763092	0.2975893599335	0.144638403990025	0.56026600166251	0.499584372402328	0	1.86533665835411	0.501246882793017	1	2.22859517871987	0.125519534497091	0.697423108894431	0.376558603491272	0.351620947630923	0.251039068994181
186292	Bacteria_71	eIF-1a	PF01176.19	1.01351351351351	0	0.81981981981982	0.617117117117117	0	0	1.17117117117117	0	0.027027027027027	0	0	0.036036036036036	0	0	1.22522522522523	0	0	1.13513513513514	0	0	2.42342342342342	0	0	0.77027027027027	0	0	0	0	1.11711711711712
235958	Bacteria_71	Ribosomal_L27	PF01016.19	0	0	0	0	0	0	1.52777777777778	0.396825396825397	1.13492063492063	0	0	0	1.31746031746032	0	1.42857142857143	0	0	0	0.138888888888889	0	2.19444444444444	0	0	0.599206349206349	0	0	0.53968253968254	0	0.126984126984127
251879	Bacteria_71	SecG	PF03840.14	0.331417624521073	0.00191570881226053	0	0	0	0.547892720306513	0.25095785440613	0.0057471264367816	1.7816091954023	0	0	0.576628352490421	0.517241379310345	0	0.452107279693487	0	0	0	0	0	1.39655172413793	0	0.578544061302682	1.78352490421456	0.576628352490421	1.85823754789272	1.89080459770115	0.542145593869732	0
251883	Bacteria_71	RNA_pol_Rpb6	PF01192.22	0	0	0	0	0	0	1.04980842911877	0	0.773946360153257	0	0	0	0	0	0.666666666666667	0.448275862068966	0	0.360153256704981	0.559386973180077	0	3.71264367816092	0	0	0.64367816091954	0.60536398467433	0	0	1.08812260536398	0.942528735632184
275675	Bacteria_71	SecE	PF00584.20	0.508658008658009	0	0	0.270562770562771	0.199134199134199	0	2.24242424242424	0	0.991341991341991	0	0	0.896103896103896	0.341991341991342	0	0.651515151515151	0	0	0.443722943722944	0	0	3.27489177489177	0.348484848484849	0	3.02380952380952	0	0.653679653679654	0	0	0.54978354978355
275678	Bacteria_71	Ribosomal_L1	PF00687.21	0.193061840120664	0	0.693815987933635	0.455505279034691	0	0	0.524886877828054	0	0	0.368024132730015	0	0.722473604826546	0.455505279034691	0	0	0	0.452488687782805	1.13725490196078	0.265460030165913	0.82051282051282	0.996983408748115	0	0	1.44042232277526	1.32730015082956	0.383107088989442	0	0	0.450980392156863
281848	Bacteria_71	Ribosomal_L28	PF00830.19	0	0	0	0	0	0	0.348909657320872	0	1.37694704049844	0.0373831775700934	0	0	0	0	0.654205607476635	0	0.355140186915888	0	0.61993769470405	0	0.937694704049844	0	0	0.934579439252336	0	0.470404984423676	0	0	1.27725856697819
672077	Bacteria_71	Ribosomal_L9_C	PF03948.14	0.216572504708098	0	0	1.09981167608286	0	0	0.696798493408663	0	0.271186440677966	0.883239171374765	0	1.0376647834275	1.15065913370998	0	0.866290018832392	0	0.566854990583804	0.566854990583804	0.274952919020716	0.299435028248588	2.06403013182674	0	0	2.99623352165725	0	1.66854990583804	0.0696798493408663	0.568738229755179	0
672079	Bacteria_71	Ribosomal_S6	PF01250.17	0.136612021857924	0.409836065573771	0	1.28415300546448	0	0	0	0	1.60928961748634	0.10655737704918	0	0.251366120218579	0	0	0	0	0.133879781420765	0	0	0	3.07377049180328	0	0	2.62568306010929	0	0	0	0	0
672080	Bacteria_71	Pept_tRNA_hydro	PF01195.19	0.3584229390681	0.270609318996416	0	1.03046594982079	0	0.815412186379928	1.20071684587814	0	0.810035842293907	0.118279569892473	0	0.283154121863799	0	0	0.541218637992832	0.440860215053763	0	0	0	0.46415770609319	3.13978494623656	0	0	3.52688172043011	0	0.369175627240143	0	0.435483870967742	0.494623655913978
681173	Bacteria_71	AICARFT_IMPCHas	PF01808.18	0.538690476190476	0	0	0.125595238095238	0.179166666666667	0.346428571428571	1.00178571428571	0	2.07678571428571	0.628571428571429	0.295238095238095	0.264880952380952	0.374404761904762	0.178571428571429	1.14642857142857	0.158333333333333	0.358928571428571	0.35	0.239285714285714	0.275595238095238	3.32559523809524	0	0.179761904761905	1.50238095238095	0.520833333333333	0.923809523809524	0.371428571428571	0	0.357738095238095
681181	Bacteria_71	SmpB	PF01668.18	0	0	0	0.404214559386973	0	0	1.19348659003831	0	0.578544061302682	0	0.528735632183908	0.557471264367816	0.0057471264367816	0.116858237547893	0.390804597701149	0	0.545977011494253	0.293103448275862	0.576628352490421	0	1.24137931034483	1.13026819923372	0	2.59770114942529	0.637931034482759	0.28735632183908	0	0.377394636015326	0
57153	Bacteria_71	Ribosomal_L17	PF01196.19	0.792982456140351	0	0	0.97719298245614	0	0	0	0	0.642105263157895	0	0	0	0.0350877192982456	0	0.0473684210526316	0.524561403508772	0	0.715789473684211	0.433333333333333	1.5280701754386	2.40175438596491	0	0	2.31228070175439	0.263157894736842	1.03508771929825	0	0	0.470175438596491
57154	Bacteria_71	RNA_pol_L	PF01193.24	0.344927536231884	0	0.8743961352657	0.579710144927536	0	0	0.815458937198068	0	1.24057971014493	0.583574879227053	0	0.468599033816425	0.197101449275362	0	0.363285024154589	0	0.272463768115942	0	0	0.288888888888889	3.14782608695652	0.154589371980676	0	1.40869565217391	0	0.290821256038647	0.317874396135266	0.704347826086957	1.38550724637681
57155	Bacteria_71	Ribosomal_S11	PF00411.19	0	0	0	0	0	0.793650793650794	1.79365079365079	0	1.58994708994709	1.51058201058201	0	0.148148148148148	0.67989417989418	0	0.396825396825397	0	0.693121693121693	0	0.796296296296296	0.00264550264550264	2.18518518518519	0.214285714285714	0	0.992063492063492	0	0.391534391534392	1.3015873015873	0.798941798941799	0
57156	Bacteria_71	Ribosomal_S13	PF00416.22	0	0	0	0	0	0	0	0	0.565104166666667	0.786458333333333	0	0.783854166666667	0.09375	0	2.86197916666667	0	0.674479166666667	0.0677083333333333	0	0.184895833333333	2.68229166666667	0	0	0.833333333333333	0.671875	0.778645833333333	0	0.950520833333333	0.3046875
57158	Bacteria_71	ADK	PF00406.22	0.528070175438596	0	0.473684210526316	0	0	0	1.17894736842105	0	0.898245614035088	0	0	0.750877192982456	0.982456140350877	0	0	0	0.524561403508772	1.05438596491228	0	0	1.90175438596491	0	0	0.863157894736842	0.163157894736842	0.503508771929825	0.512280701754386	0	0.529824561403509
57159	Bacteria_71	SecY	PF00344.20	0.238619676945668	0.221732745961821	0.663729809104258	0	0	0	0.493392070484582	0	1.03303964757709	0	0	0.220998531571219	0	0.220264317180617	0	0	0.117474302496329	0.436123348017621	0.221732745961821	0.441997063142438	1.77019089574156	0	0.333333333333333	2.05800293685756	0.11086637298091	1.25624082232012	0.160058737151248	0.220998531571219	0
57160	Bacteria_71	Ribosomal_L27A	PF00828.19	1.19318181818182	0	0	0.232954545454545	0	0	0	0	0.517045454545455	0	0	0	0.568181818181818	0	0.564393939393939	0	0	0.568181818181818	0.285984848484849	0	2.50189393939394	0.568181818181818	0	2.14962121212121	0.0473484848484848	0.839015151515151	0	0	0
57162	Bacteria_71	Ribosomal_L18p	PF00861.22	0	0	0	0.0431034482758621	0	0	0	0.431034482758621	0	0	0	0	0	0	1.24712643678161	0	0	0	0	0	1.84770114942529	0	0.864942528735632	0	0	0.864942528735632	0	0.862068965517241	0
74812	Bacteria_71	Ribosomal_S9	PF00380.19	0	0.22360248447205	0	0.571428571428571	0	0.623188405797101	0.726708074534162	0	0	0.625258799171843	0	0	0	0	0.625258799171843	0	0.732919254658385	0.461697722567288	2.33747412008282	0	1.45755693581781	0.616977225672878	1.27950310559006	0.971014492753623	0.312629399585921	0.318840579710145	0	0	0
74813	Bacteria_71	Ribosomal_L13	PF00572.18	0	0.344748858447489	0	0.682648401826484	0	0	2.36073059360731	0	2.67579908675799	0.687214611872146	0.689497716894977	0	0	0	0	0	0	0.278538812785388	0.557077625570776	0	1.24885844748858	0	0	1.74200913242009	0	0.267123287671233	0.349315068493151	0.5662100456621	0
168109	Bacteria_71	Chorismate_synt	PF01264.21	0.456140350877193	0.528070175438596	0.513157894736842	0	0	0	1.0640350877193	0	1.24298245614035	0.715789473684211	0	0.0350877192982456	0.403508771929825	0	0.526315789473684	0	0	0.779824561403509	0.131578947368421	0	2.1359649122807	0	0	0.437719298245614	0.497368421052632	0.646491228070175	0.0421052631578947	0.526315789473684	0
1605771	Bacteria_71	TsaE	PF02367.17	0	0.0980392156862745	0	0.36078431372549	0	0	0	0	2.30980392156863	0.584313725490196	0.196078431372549	0	0.201960784313725	0.592156862745098	0.36078431372549	0	0.0980392156862745	1.16862745098039	0.350980392156863	0	1.62549019607843	0	0	2.34509803921569	0.335294117647059	0.711764705882353	0	0	0.609803921568628
1635652	Bacteria_71	Ribosomal_S20p	PF01649.18	0.89247311827957	0	0	0.014336917562724	0	0	0.46594982078853	1.1505376344086	2.54480286738351	0	0	0	0	0.243727598566308	0.10752688172043	0	0	0.111111111111111	0	0	3.42652329749104	0	0	3.40143369175627	0	0.978494623655914	0	0	0
1680581	Bacteria_71	Ribosomal_S10	PF00338.22	0.055045871559633	0.761467889908257	0	0.382262996941896	0	0	0.577981651376147	0	0.275229357798165	0	0.694189602446483	0	0.46177370030581	0	1.69113149847095	0	0.018348623853211	0.443425076452599	0.697247706422018	0.923547400611621	4.48623853211009	0	0.0305810397553517	2.73088685015291	0.458715596330275	1.10091743119266	0	0.73394495412844	1.7217125382263
1680582	Bacteria_71	Ribosomal_L3	PF00297.22	1.03550973654066	0	0	0.0870561282932417	0	0.558991981672394	1.3127147766323	0	0.210767468499427	0.172966781214204	0	0.345933562428408	0.319587628865979	0	0.200458190148912	0.345933562428408	0.0630011454753723	0.993127147766323	0	0	2.91523482245132	0	0.0847651775486827	1.35166093928981	0.722794959908362	0.462772050400916	0.957617411225659	0	0.172966781214204
1680583	Bacteria_71	Ribosomal_L4	PF00573.22	0.626016260162602	0	0.275067750677507	0	0	0.158536585365854	0.567750677506775	0	0.409214092140921	0.612466124661247	0.567750677506775	0	0	0	0.373983739837398	0	0	0.872628726287263	0	0	5.60433604336043	0	0.319783197831978	2.93631436314363	0.533875338753388	1.8130081300813	0.0975609756097561	0	0
1680584	Bacteria_71	Ribosomal_L23	PF00276.20	1.44859813084112	0	0.292834890965732	0	0	0	0	0	0	0	0.551401869158878	0	0.202492211838006	0	0.538940809968847	0.909657320872274	0	0	0.940809968847352	0	3.24299065420561	0	0	2.47663551401869	1.55451713395639	1.48909657320872	0	0	0
1680585	Bacteria_71	Ribosomal_L2	PF00181.23	0.516317016317016	0	0	0	0	0	0.350815850815851	0	1.27855477855478	0.0326340326340326	0	0	0.510489510489511	0	0.255244755244755	0.534965034965035	0	0.510489510489511	0	0	3.7972027972028	0.702797202797203	0	0.914918414918415	0	0.265734265734266	0.351981351981352	0.278554778554779	0
1680586	Bacteria_71	Ribosomal_S19	PF00203.21	0.820224719101124	0	1.03370786516854	0	0.883895131086142	0	0	0	0.655430711610487	1.55805243445693	0	0	0	0	1.04868913857678	0.277153558052434	1.04119850187266	0.367041198501873	0	0	3.21722846441948	0	0.902621722846442	5.22846441947566	0	0	0.0337078651685393	0	0
1680587	Bacteria_71	Ribosomal_L22	PF00237.19	0.785529715762274	0	0.0310077519379845	0	0	0.320413436692506	3.53488372093023	0	1.02067183462532	0.041343669250646	0	0	0	0.390180878552972	0.767441860465116	0	0.0155038759689922	0.0697674418604651	0.741602067183463	0	2.05684754521964	0.780361757105943	0.0361757105943152	1.65891472868217	0.777777777777778	0	0.731266149870801	0	0.780361757105943
1680588	Bacteria_71	Ribosomal_S3_C	PF00189.20	0	0	0.347701149425287	0	0	0	0.80316091954023	0	1.66954022988506	0.39367816091954	0	0	0	0.216954022988506	0.827586206896552	0.431034482758621	0	0.85632183908046	0.176724137931034	0	1.4683908045977	0.431034482758621	0	2.73850574712644	0	1.29022988505747	0	0	0.925287356321839
1680589	Bacteria_71	Ribosomal_L16	PF00252.18	0.601918465227818	0	0	0	0	0	0.275779376498801	0	1.41247002398082	0	0	0	0.258992805755396	0	3.22781774580336	0	0	1.64508393285372	1.29736211031175	0	1.38848920863309	0	0	3.58033573141487	0.633093525179856	1.17505995203837	0	0	2.50599520383693
1680590	Bacteria_71	Ribosomal_L29	PF00831.23	2.38152610441767	0	0	0.971887550200803	0	0	2.65863453815261	0	0.542168674698795	2.1285140562249	0.550200803212851	0	0.240963855421687	0	0.542168674698795	0	0	0.678714859437751	0.718875502008032	0	0	0	0	0.78714859437751	0	0.582329317269076	0	0	1.10843373493976
1680591	Bacteria_71	Ribosomal_S17	PF00366.20	0.384615384615385	0	0	0.615384615384615	0.774358974358974	0.166666666666667	0.964102564102564	0	0.976923076923077	0	0.330769230769231	0	0.766666666666667	0	0.31025641025641	0	0	0.438461538461538	0	0	2.04358974358974	0	0	2.95641025641026	0	0.133333333333333	0	0	0
1680592	Bacteria_71	Ribosomal_L14	PF00238.19	0	0	0	0.975609756097561	0	0.650406504065041	3.47154471544715	0	1.47154471544715	0.617886178861789	0	0.308943089430894	0	0	0	0	0	0.363143631436314	0	0	2.26287262872629	0	0	1.57994579945799	0	1.21138211382114	0	0	0
1680593	Bacteria_71	ribosomal_L24	PF17136.4	0	0	0.63963963963964	0	0	0	1.87987987987988	0	0	0.0540540540540541	0	0.564564564564565	0	0	0	0	0	0	0.525525525525526	0	4.3033033033033	0	0	0.591591591591592	0	0.222222222222222	0.906906906906907	0	0.453453453453453
1680594	Bacteria_71	Ribosomal_L5	PF00281.19	1.13333333333333	0	0.642028985507246	0	0	0	1.05217391304348	0	0.510144927536232	0.102898550724638	0	0	0	0	0.217391304347826	0	0.43768115942029	0	0.143478260869565	0	2.57391304347826	0.179710144927536	0	2.41449275362319	0.120289855072464	0.349275362318841	0	0.0260869565217391	0.652173913043478
1680595	Bacteria_71	Ribosomal_S8	PF00410.19	1.05050505050505	0	0	0	0.381313131313131	0	0.0328282828282828	0	1.22474747474747	0.328282828282828	0	0	0.666666666666667	0	0.411616161616162	0.159090909090909	0.391414141414141	0	0.176767676767677	0	0.76010101010101	0.0757575757575758	0	3.23484848484848	0.492424242424242	0.767676767676768	0	0.792929292929293	0.398989898989899
1680596	Bacteria_71	Ribosomal_L6	PF00347.23	0.549450549450549	0	0.547619047619048	0	0.274725274725275	0.551282051282051	0.996336996336996	0	0.549450549450549	0.485347985347985	0	0	0.388278388278388	0	0	0.285714285714286	0.276556776556777	1.03479853479853	0	0	1.30586080586081	0.553113553113553	0	1.52014652014652	0.787545787545788	0.551282051282051	0.412087912087912	0.551282051282051	0.00366300366300366
1680597	Bacteria_71	Ribosomal_L18p	PF00861.22	0	0	0	0	0	0	1.74853801169591	0	0	0	0	0	0	0	0	0	0	0.567251461988304	0	0	2.00584795321637	0	0	0.771929824561403	0	0.654970760233918	0	0	0
920241	Bacteria_71	Ribosomal_L19	PF01245.20	0	0	0.412568306010929	0	0.12568306010929	0	1.69398907103825	0.341530054644809	0.366120218579235	0	0.825136612021858	0.502732240437158	0.816939890710383	0	2.36065573770492	0.259562841530055	0	0	0.122950819672131	0	1.76229508196721	0	0	5.54918032786885	1.03005464480874	0	1.21311475409836	0.407103825136612	1.24590163934426
920242	Bacteria_71	tRNA_m1G_MT	PF01746.21	0.417704011065007	0	0.208852005532503	0.417704011065007	0.705394190871369	0	1.77455048409405	0	0.825726141078838	0	0.416320885200553	0.726141078838174	0	0	0.73582295988935	0	0	0	0	0.208852005532503	3.9640387275242	0	0.416320885200553	2.95159059474412	0.246196403872752	1.58782849239281	0.529737206085754	0.625172890733057	0
920243	Bacteria_71	Ribosomal_S16	PF00886.19	1.47238095238095	0.573333333333333	1.5752380952381	0	0	0	0.998095238095238	0	1.63809523809524	0.228571428571429	0	0.573333333333333	0.573333333333333	0	3.27238095238095	0	0.91047619047619	0.88	0	0.260952380952381	3.57714285714286	0	0	4.51047619047619	0	0.645714285714286	1.24571428571429	0.788571428571429	1.13142857142857
996459	Bacteria_71	RecO_C	PF02565.15	0.0888888888888889	0.37037037037037	0.185185185185185	0.37037037037037	0	0	1.21481481481481	0	1.48271604938272	1.43827160493827	0.471604938271605	0	0.37283950617284	0	1.38024691358025	0.203703703703704	0	0	0	0	2.40123456790123	0.311111111111111	0.837037037037037	2.50123456790123	0.108641975308642	0.062962962962963	0.371604938271605	0.358024691358025	0.616049382716049
996461	Bacteria_71	UPF0054	PF02130.17	2.29016786570743	0	0	0	0	0	0.822541966426859	0	0.3621103117506	0.486810551558753	0.693045563549161	0	1.41966426858513	0	0.570743405275779	0.654676258992806	0	0	0.103117505995204	1.33333333333333	2.25179856115108	0.0887290167865707	0	1.15587529976019	0.498800959232614	0.884892086330935	0.3621103117506	0.721822541966427	0.724220623501199
1000425	Bacteria_71	Ham1p_like	PF01725.16	0	0	0	0.793103448275862	0	0.494252873563218	0.944170771756979	0	0.963875205254516	0.247947454844007	0	0	0.0262725779967159	0	1.30213464696223	0	0.495894909688013	1.29064039408867	0	0.361247947454844	2.49589490968801	0.247947454844007	0.247947454844007	5.50903119868637	0.103448275862069	0.725779967159278	0.952380952380952	0	0.215106732348112
712407	Bacteria_71	Ribosomal_L20	PF00453.18	1.14666666666667	0	0.024	0	0.549333333333333	0	0.837333333333333	0	0.744	0	0	0	0.0506666666666667	0	0.176	0	0	0.269333333333333	0	0	4.13866666666667	0	0	0.690666666666667	0	1.224	0	0	0
712408	Bacteria_71	Ribosomal_L35p	PF01632.19	0.196078431372549	0	0	0	0	0.867647058823529	0.656862745098039	0.980392156862745	0.392156862745098	0	0	0	0	0	0.735294117647059	0	0	0	0	0	3.68137254901961	0	0	3.05392156862745	0	1.01470588235294	0	0	0
755840	Bacteria_71	RBFA	PF02033.18	1.16553287981859	0	0.102040816326531	1.64399092970522	0	0	1.53741496598639	0.684807256235828	1.37868480725624	0	0	0.675736961451247	0	0	0.879818594104308	0	0.297052154195011	1.34013605442177	0.27891156462585	0	0.700680272108844	0	0.036281179138322	3.21995464852608	1.54195011337868	1.13605442176871	1.45124716553288	0.369614512471655	0
490589	Bacteria_71	Ribosom_S12_S23	PF00164.25	0.705673758865248	0	0.531914893617021	0.0460992907801418	0	0	1.12056737588652	0.530141843971631	1.1436170212766	0	0.267730496453901	0.271276595744681	0.312056737588652	0	0	0	0	1.38475177304965	0.553191489361702	0.368794326241135	0	0	0	1.4468085106383	0.156028368794326	0.335106382978723	0	0	1.13475177304965
490590	Bacteria_71	Ribosomal_S7	PF00177.21	0.318471337579618	0	0	0.488322717622081	0	0	0.651804670912951	0	0	0.505307855626327	0	0	0.704883227176221	0	0.229299363057325	0	0	1.23142250530786	0	0.715498938428875	1.98089171974522	0	0	2.33545647558386	0	1.24203821656051	0	0.218683651804671	0.165605095541401
518699	Bacteria_71	Ribosomal_L21p	PF00829.21	0.433070866141732	0	0	0	0	0	0.220472440944882	0	0.674540682414698	1.00262467191601	0.695538057742782	0.0498687664041995	2.19685039370079	0.133858267716535	1.83202099737533	0	0	0	0.0498687664041995	0	3.98950131233596	0	0.792650918635171	2.9737532808399	0.272965879265092	0.015748031496063	0.78740157480315	0.146981627296588	0.551181102362205
1250777	Bacteria_71	Ribosomal_S15	PF00312.22	0	0	1.11481481481481	0	0	0	1.48518518518519	0.555555555555556	0	0	0	0.92962962962963	0.062962962962963	0	1.22962962962963	0	0.285185185185185	0	0	0	4.30740740740741	0	0	2.16666666666667	0	0	0	0	0
1250791	Bacteria_71	ATP-synt	PF00231.19	0.934065934065934	0	0	0.366300366300366	0.368742368742369	0	0.47008547008547	0	1.05372405372405	0.661782661782662	0.367521367521367	0.36019536019536	0.0854700854700855	0.161172161172161	1.47252747252747	0	0	0	0.368742368742369	0.367521367521367	2.22954822954823	0	0.1001221001221	2.13186813186813	0	0.976800976800977	0.725274725274725	0.367521367521367	0
1250793	Bacteria_71	OSCP	PF00213.18	1.15962441314554	0.41471048513302	0	0.499217527386541	0	0.469483568075117	1.26134585289515	0.103286384976526	0.723004694835681	0.740219092331768	0	0.471048513302034	0	0	0.225352112676056	0	0.170579029733959	0.658841940532081	0.471048513302034	0	2.58528951486698	0	0	2.23474178403756	0	0.799687010954617	0.552425665101721	0.605633802816901	0.15962441314554
1250796	Bacteria_71	ATP-synt_A	PF00119.20	0.603030303030303	0.212121212121212	0	0	0	0	0.843434343434343	0	0.162626262626263	0	0	0.304040404040404	0.335353535353535	0	0.305050505050505	0	0	0.00303030303030303	0.305050505050505	0	3.06767676767677	0.302020202020202	0	2.65050505050505	0	0.304040404040404	0.696969696969697	0.305050505050505	0.572727272727273
1269093	Bacteria_71	RRF	PF01765.19	0	0	0	0.547237076648841	0	0.253119429590018	0.590017825311943	1.06951871657754	0.0606060606060606	1.09982174688057	0.0784313725490196	0.404634581105169	0.557932263814617	0	0.832442067736185	0	0	1.15864527629234	0.089126559714795	0	3.59714795008913	0	0.427807486631016	0.424242424242424	0.269162210338681	0.475935828877005	0	0	1.44563279857397
1269095	Bacteria_71	EF_TS	PF00889.19	0.353356890459364	0	0.270906949352179	0.366313309776207	0	0	0.70906949352179	0.127208480565371	2.01295641931684	0.453474676089517	0	0.171967020023557	0.459363957597173	0	0.214369846878681	0	0.416961130742049	0.4075382803298	0	0.54416961130742	3.41578327444052	0.420494699646643	0	2.11778563015312	0.280329799764429	0.354534746760895	0.360424028268551	0	0.699646643109541
1269096	Bacteria_71	Ribosomal_S2	PF00318.20	0.606271777003484	0	0.70150987224158	0.356562137049942	0	0	1.01858304297329	0.224157955865273	0.959349593495935	0.0499419279907085	0.894308943089431	0.425087108013937	0.383275261324042	0	0.394889663182346	0.523809523809524	0.614401858304297	0.35075493612079	0.349593495934959	0.699186991869919	3.9465737514518	0.491289198606272	0.349593495934959	1.88037166085947	0.200929152148664	0.944250871080139	0.186991869918699	0.667828106852497	1.12078977932636
1280841	Bacteria_71	RuvX	PF03652.15	0	0	0.621399176954732	0	0	0	0	0	0	0	0.0925925925925926	0	0	0	2.04732510288066	0.349794238683128	0	0.176954732510288	0	0	2.86831275720165	0	0	0.576131687242798	0.479423868312757	0.351851851851852	0	0	0.244855967078189
1281626	Bacteria_71	Exonuc_VII_L	PF02601.15	0.436862745098039	0	0.471372549019608	0.709019607843137	0	0	0.72	0	1.6	0	0.469803921568627	0.433725490196078	0	0	0.767843137254902	0	0	0.353725490196078	0.169411764705882	0.0635294117647059	3.4956862745098	0.235294117647059	0.225098039215686	2.55137254901961	0.227450980392157	0.834509803921569	0	0.472156862745098	0.472941176470588
1317055	Bacteria_71	Ribonuclease_P	PF00825.18	0.58955223880597	0	0.447761194029851	0.455223880597015	0	0	0.0920398009950249	0	0.208955223880597	0	0	0	0.659203980099503	0	0	0	0	0.965174129353234	0	0	2.44776119402985	0	0	1.8407960199005	0	0.0398009950248756	0	0	0.475124378109453
1386001	Bacteria_71	tRNA-synt_1d	PF00750.19	0.389417989417989	0.476719576719577	0	0.831216931216931	0.232804232804233	0	1.19312169312169	0	0.536507936507936	0.255555555555556	0.158730158730159	0	0.15978835978836	0	0.767195767195767	0.307936507936508	0.158730158730159	0.31957671957672	0.176719576719577	0.15978835978836	1.94920634920635	0.0518518518518519	0	2.85873015873016	0.482539682539683	0.728042328042328	0.27989417989418	0.15978835978836	0.478306878306878
1386002	Bacteria_71	RsfS	PF02410.15	1.0050505050505	0	0	0.583333333333333	0.116161616161616	0	0.517676767676768	0	0.982323232323232	0	0.696969696969697	0	0.255050505050505	0	0	0	0	0.217171717171717	0	0.0454545454545454	4.76515151515152	0	0.343434343434343	2.03282828282828	0	0	1.5	0.712121212121212	0.578282828282828
