gene_callers_id	source	gene_name	gene_hmm_id	WAM_ALR	WAM_CCR	WAM_IPI	WAM_MAR	WAM_MYS	WAM_PBL	WAM_PJN	WAM_PPR	WAM_PST	WAM_ROL	WAM_SCR	WAM_SGN	WAM_SIS	WAM_TWN	WAR_ALR	WAR_CCR	WAR_IPI	WAR_MAR	WAR_MYS	WAR_PBL	WAR_PJN	WAR_PPR	WAR_PSK	WAR_PST	WAR_RNW	WAR_ROL	WAR_SCR	WAR_SGL	WAR_SIS
533249	Bacteria_71	ATP-synt_A	PF00119.20	0	0	0.2663139329806	6.47442680776014	0	0.532627865961199	0.265432098765432	0	0	0	0	0	0.225749559082892	4.27865961199295	0	0	0	0.2663139329806	0	0	0	0	0	0	0	0	0	0	0
672132	Bacteria_71	Ribosomal_S2	PF00318.20	0	0.379874213836478	0	2.83647798742138	0	0	0	0.376100628930818	0	0	0	0	0	3.43899371069182	0	0	0	1.06540880503145	0	0	0.379874213836478	0	0	0.020125786163522	0	0	0	0	0
672133	Bacteria_71	EF_TS	PF00889.19	0	0	0	4.89090909090909	0	0.0993939393939394	0	0	0	0	0	0.366060606060606	0	3.16606060606061	0	0	0	0	0	0	0	0	0	0.521212121212121	0	0	0	0.471515151515151	0
94189	Bacteria_71	tRNA-synt_1d	PF00750.19	0	0	0	4.5814455231931	0.64940668824164	0.0733549083063646	0	0	0.651564185544768	0.159654800431499	0.162891046386192	0.162891046386192	0	2.4638619201726	0	0	0	0	0	0	0	0	0	0	0.610571736785329	0	0	0	0
1490143	Bacteria_71	UPF0054	PF02130.17	0	0	0.642857142857143	2.67380952380952	0	0.00952380952380952	0.719047619047619	0.502380952380952	0	0	0	0	0	0.276190476190476	0	0	0	0	0	0	0	0	0	0.0285714285714286	1.13809523809524	0	0.15	0.823809523809524	0
1577651	Bacteria_71	Pept_tRNA_hydro	PF01195.19	0.2663139329806	0	0	7.65255731922399	0.241622574955908	0	0.530864197530864	0.532627865961199	2.05996472663139	0	0	1.02469135802469	0	4.4021164021164	0	0	0	0.410934744268078	0	0	0	0	0	0.252204585537919	1.66490299823633	0	0.46031746031746	0	0
1634600	Bacteria_71	PGK	PF00162.19	0	0	0	4.72948073701843	0	0.252931323283082	0.505025125628141	0	0	0	0.252093802345059	0	0	5.71189279731993	0	0	0	0.184254606365159	0	0	0	0	0	0	0	0	0	0.14572864321608	0
1694303	Bacteria_71	TsaE	PF02367.17	0	0	0	5.6557734204793	0	0	0	0	0	0	0	0	0	3.96732026143791	0	0	0	0	0	0	0	0	0	0	0	0	0	0	0
977242	Bacteria_71	Ham1p_like	PF01725.16	0	0	0	4.3869918699187	0	0.31869918699187	0	0.245528455284553	0	0	0	0	0	4.83252032520325	0	0	0	0	0	0	0	0	0.403252032520325	0.448780487804878	0	0	0	0	0
1040758	Bacteria_71	RNA_pol_L	PF01193.24	0.599194360523666	0.303121852970796	0	3.0392749244713	0	1.17522658610272	0	0.302114803625378	2.8821752265861	0	0	1.45317220543807	0	0.344410876132931	0	0	0	0	0	0	0	0	0	0	0.304128902316213	0	0	0	0.304128902316213
776724	Bacteria_71	YajC	PF02699.15	0	0.890070921985816	0	0.865248226950355	0	1.18085106382979	0	0	0	0	0	0	0	0	0	0	0	0.226950354609929	0	0	0	0.893617021276596	0	0	0	0	0	0.535460992907801	0
817993	Bacteria_71	Ribonuclease_P	PF00825.18	0	0.436213991769547	0	3.51440329218107	0.469135802469136	0	0.0946502057613169	0	0.621399176954732	0	0	0	0	1.32098765432099	0	0	0	0	0	0	0.707818930041152	0	0	0	0	0	0.300411522633745	0.156378600823045	0
848721	Bacteria_71	eIF-1a	PF01176.19	0	0	0	0	0	0	1.14965986394558	0	0	0	0	0	0	0	0	0	0	0	0	0	1.04761904761905	0	0	0	0	0	0	0	0
848722	Bacteria_71	SecY	PF00344.20	0	0	0	6.60380479735318	0	0.747725392886683	0.608767576509512	0	0.249793217535153	0	0	0.249793217535153	0	2.79321753515302	0	0	0	0.477253928866832	0	0	0.123242349048801	0	0	0	0	0	0	0	0
393689	Bacteria_71	Ribosomal_L23	PF00276.20	0	0	0	1.41237113402062	0	0.518900343642612	0	3.29553264604811	0	0	0.975945017182131	0	0	1.27491408934708	0	0	0	0	0	0	0	0	0	0	0	0	0	0.584192439862543	0
393690	Bacteria_71	Ribosomal_L2	PF00181.23	0	0.31021897810219	0	7.08880778588808	0	0.917274939172749	0	0.90632603406326	0.746958637469586	0	0.3661800486618	0.908759124087591	0	2.87591240875912	0	0	0	0	0	0.338199513381995	0	0	0	0	0	0	0	0	0
1243610	Bacteria_71	AICARFT_IMPCHas	PF01808.18	0.394771241830065	0	0	2.92941176470588	0	0.394771241830065	0	0	0.422222222222222	0	0	0.0627450980392157	0	2.53725490196078	0	0	0	0.298039215686275	0	0	0.287581699346405	0	0	0	0	0	0	0	0.393464052287582
1297024	Bacteria_71	Ribosomal_L5	PF00281.19	0	0	0	2.32608695652174	0	0.820652173913043	0	1.70289855072464	0	0	0	0.52536231884058	0	3.95471014492754	0.365942028985507	0.547101449275362	0	0	0	1.00724637681159	0	0	0	0	0	0	0	0	0
1297025	Bacteria_71	ribosomal_L24	PF17136.4	0	0	0	4.4952380952381	0	0.863492063492064	0	0.288888888888889	0	0	0	0	0	3.03809523809524	1.72380952380952	0	0	0	0	1.41587301587302	0	0	0	0	0	0	0	0	0
1302690	Bacteria_71	Ribosomal_L35p	PF01632.19	0	0	0	5.64646464646465	0	0	0.48989898989899	1.37373737373737	0	0	0	0	0	6.63131313131313	0	0	0	0	0	0	0	0	0	0	0	0	0	0	0
1302691	Bacteria_71	Ribosomal_L20	PF00453.18	0	0	0	1.33913043478261	0	0	0	1.73333333333333	0	0	0.782608695652174	0	0	7.53333333333333	0	0	0	0	0	0	0	0	0	0	0	0	0	0	0
