gene_callers_id	source	gene_name	gene_hmm_id	WAM_ALR	WAM_CCR	WAM_IPI	WAM_MAR	WAM_MYS	WAM_PBL	WAM_PJN	WAM_PPR	WAM_PST	WAM_ROL	WAM_SCR	WAM_SGN	WAM_SIS	WAM_TWN	WAR_ALR	WAR_CCR	WAR_IPI	WAR_MAR	WAR_MYS	WAR_PBL	WAR_PJN	WAR_PPR	WAR_PSK	WAR_PST	WAR_RNW	WAR_ROL	WAR_SCR	WAR_SGL	WAR_SIS
1189804	Bacteria_71	Ribosomal_S2	PF00318.20	0.422442244224423	0.12046204620462	0.592409240924092	0.498349834983498	0	0	0	0	0.0396039603960396	0	0.498349834983498	0.128712871287129	0	0	0.3003300330033	0.759075907590759	0	1.09405940594059	0	0.409240924092409	0	0.267326732673267	0	0.298679867986799	0	0	0	0	0.904290429042904
225972	Bacteria_71	Ribosomal_S10	PF00338.22	0.227272727272727	0	0	1.23636363636364	0	0	0.287878787878788	0	0	0	0	0	0	0.448484848484848	0.912121212121212	0	0.906060606060606	0	0.751515151515151	3.6030303030303	0	0	0	0.66969696969697	0	0	0	0	0.53030303030303
595031	Bacteria_71	AICARFT_IMPCHas	PF01808.18	0	0	0	0.282771535580524	0.194756554307116	0	0.281835205992509	0	0	0	0.281835205992509	0	0	0	0.281835205992509	0.282771535580524	0.282771535580524	0.565543071161049	0.717228464419476	0.515917602996255	0	0.281835205992509	0	1.40074906367041	0.282771535580524	0	0.281835205992509	0.519662921348315	0.836142322097378
621670	Bacteria_71	Ribosomal_L16	PF00252.18	0.555555555555556	0.985185185185185	0.255555555555556	0	0	0	0.559259259259259	0.27962962962963	0.837037037037037	0	0	0.464814814814815	0	0	0	0	0	0.335185185185185	0	0.637037037037037	0.559259259259259	0.775925925925926	0.237037037037037	1.7037037037037	0	1.21111111111111	0	0.212962962962963	0.087037037037037
661726	Bacteria_71	Adenylsucc_synt	PF00709.21	0	0	0.460536398467433	0	0	0.230651340996169	0.666666666666667	0	0.206896551724138	0	0.462068965517241	0.0781609195402299	0	0	0.439080459770115	0.231417624521073	0	0.230651340996169	0	0.181609195402299	1.54865900383142	0.330268199233716	0.69272030651341	0.462835249042146	0.298084291187739	0.660536398467433	0.00996168582375479	0.422222222222222	0.561685823754789
680371	Bacteria_71	Ribosomal_L14	PF00238.19	0	0	0.312684365781711	0	0	0	0	0	0	0	0	0	0	0	0.991150442477876	0.660766961651917	0.938053097345133	0.345132743362832	0.445427728613569	0.023598820058997	0	1.76106194690265	1.07374631268437	1.13864306784661	0	0	0	0.79646017699115	0.946902654867257
680374	Bacteria_71	Ribosomal_L5	PF00281.19	0.285984848484849	0	0.445075757575758	0	0	0	0.257575757575758	0	1.62310606060606	0	0.570075757575758	0	0	0	0	0.676136363636364	0.335227272727273	0.5	0.568181818181818	0	0.268939393939394	0.816287878787879	0.0227272727272727	1.4280303030303	0	0	0	0.376893939393939	0.276515151515151
680375	Bacteria_71	Ribosomal_S8	PF00410.19	0.123076923076923	0	0	0	0	0	0.482051282051282	0	0.707692307692308	0	0	0	0	0	1.0974358974359	0.212820512820513	0	0.88974358974359	1.43076923076923	0	0	0.158974358974359	0.51025641025641	0	0.771794871794872	0	0	0	2.05128205128205
680376	Bacteria_71	Ribosomal_L6	PF00347.23	0.446265938069217	0.550091074681239	0	0.0473588342440801	0	0	0.189435336976321	0	0.0309653916211293	0.548269581056466	0	0	0	0	1.05464480874317	0.466302367941712	0	1.35336976320583	0.0437158469945355	0	0.548269581056466	0.967213114754098	0.162112932604736	2.24590163934426	0	0.502732240437158	0.262295081967213	0.544626593806922	1.1384335154827
7319	Bacteria_71	Ham1p_like	PF01725.16	0.386666666666667	0	0	0.223703703703704	0	0	0	0	0.8	0	0	0.376296296296296	0	0	0.346666666666667	0.164444444444444	0.447407407407407	0	0	0	0.223703703703704	0.222222222222222	0	0.447407407407407	0.724444444444444	0.518518518518518	0.317037037037037	0.419259259259259	0
69679	Bacteria_71	AICARFT_IMPCHas	PF01808.18	0.285881663737551	0	0.0984182776801406	0.176918570591681	0.176918570591681	0	0.353251318101933	0	0.882249560632689	0	0.353251318101933	0	0	0	0.492677211482132	0.0714704159343878	0.461628588166374	0.777387229056825	0.210310486233158	0.424721734036321	1.32923257176333	0.634446397188049	0.350908025776216	1.03339191564148	0.619214997070885	0.353837141183363	0.364381956649092	0.372583479789104	0.593438781487991
1446423	Bacteria_71	ADK	PF00406.22	0.328682170542636	0	0.294573643410853	0.465116279069767	0	0	0	0	0	0	0.463565891472868	0	0	0	0	1.27131782945736	0	0	0.0248062015503876	1.26511627906977	0.466666666666667	0	1.02945736434109	0.466666666666667	0.468217054263566	0.410852713178295	0	0.465116279069767	0.232558139534884
1594951	Bacteria_71	Ribosomal_L4	PF00573.22	0	0	0.931899641577061	0.842293906810036	0	0	0	0	1.10035842293907	0	0	0	0	0	0	0	1.0752688172043	0	0	0.336917562724014	0	0	0	1.07168458781362	0	0	0	0	0.437275985663082
1594952	Bacteria_71	Ribosomal_L3	PF00297.22	0	0	0.0372549019607843	0.0627450980392157	0	0	0	0	0.432352941176471	0.295098039215686	0	0.127450980392157	0.592156862745098	0	0.296078431372549	0.319607843137255	0.295098039215686	0.296078431372549	0	0.497058823529412	0.500980392156863	0.296078431372549	0.58921568627451	1.18137254901961	0	0	0	0	1.57058823529412
1679167	Bacteria_71	eIF-1a	PF01176.19	1.07532956685499	0.2015065913371	0	0	0	0	0	0	1.13559322033898	0	0	0.318267419962335	0	0	0	0.566854990583804	0	0	0.849340866290019	0.474576271186441	0.506591337099812	0.564971751412429	0.470809792843691	2.40112994350282	0	0	0	0	0.566854990583804
1688930	Bacteria_71	PGK	PF00162.19	0.710795902285264	0.237982663514578	0.472813238770686	0.236406619385343	0	0	0.118991331757289	0	0.474389282899921	0.235618597320725	0.721828211189913	0	0	0	0.538219070133964	0	1.18439716312057	0.475965327029157	0	0.475965327029157	0.49645390070922	1.02048857368006	0.877068557919622	0.704491725768322	0	0.237194641449961	0.117415287628054	0.475177304964539	0.209613869188337
1688938	Bacteria_71	Exonuc_VII_L	PF02601.15	0.708754208754209	0	0	0	0.13047138047138	0	0.882154882154882	0	0.269360269360269	0	0	0	0	0	0.720538720538721	0.332491582491583	0.254208754208754	0.432659932659933	0.112794612794613	0.654882154882155	0	0	0.298821548821549	0.96969696969697	0.677609427609428	0.393097643097643	0.888047138047138	0	1.26346801346801
949905	Bacteria_71	Ribosomal_S10	PF00338.22	0.745454545454545	0.690909090909091	0	0	0	0	0.660606060606061	0.790909090909091	0	0.839393939393939	0	0	0	0	1.15757575757576	0.181818181818182	0	1.92424242424242	0	0	0	0.224242424242424	0.639393939393939	0.621212121212121	0.227272727272727	0	0	0.7	0.866666666666667
712954	Bacteria_71	Ribosomal_S17	PF00366.20	0.751243781094527	0	0	0	0	0	0	0	0.251243781094527	0	0	0	0	0	0	0	0	0.751243781094527	0.353233830845771	0.751243781094527	1.5	0.751243781094527	1.39800995024876	1.49751243781095	2.02487562189055	0.00497512437810945	0	0	0.373134328358209
712957	Bacteria_71	Ribosomal_L29	PF00831.23	1.39705882352941	0.0294117647058823	0.230392156862745	0	0	0	0	0	0	0	0	0.642156862745098	0	0	0	0.725490196078431	0	0	0.32843137254902	0.931372549019608	0.602941176470588	0.92156862745098	1.09313725490196	1.4656862745098	0	0	0	1.48039215686275	0
712958	Bacteria_71	Ribosomal_S3_C	PF00189.20	1.34678624813154	0.899850523168909	0	0	0	0	0	0	0	0	0.448430493273543	0.381165919282511	0	0	0.902840059790732	1.20627802690583	0.451420029895366	0.605381165919282	0.103139013452915	0.467862481315396	0.762331838565022	0.713004484304933	0.115097159940209	0.597907324364723	0	0.449925261584454	0	0.351270553064275	1.03587443946188
712959	Bacteria_71	Ribosomal_L22	PF00237.19	0.469135802469136	0	0	0	0	0	0	0	0.158730158730159	0	0	0.740740740740741	0	0	0.686067019400353	0.298059964726631	0	0.335097001763668	0.400352733686067	0	0.601410934744268	1.40917107583774	0.876543209876543	0.627865961199294	0	1.01940035273369	0	0.35626102292769	0.354497354497354
712960	Bacteria_71	Ribosomal_S19	PF00203.21	0	0	0.602409638554217	0.210843373493976	0	0	0	0	1.22489959839357	0	0	0.122489959839357	0	0	0.602409638554217	1.70481927710843	0.931726907630522	0.576305220883534	0.897590361445783	0.0100401606425703	0.606425702811245	0.801204819277108	1.18273092369478	0	0	0	0	0	0
712961	Bacteria_71	Ribosomal_L2	PF00181.23	0.377777777777778	0	1.55833333333333	0.255555555555556	0.4	0	0	0	0.618055555555556	0	0	0.416666666666667	0	0	1.01111111111111	0.0458333333333333	0.272222222222222	0.00555555555555555	0.416666666666667	0.8125	0.419444444444444	1.61666666666667	0.202777777777778	1.00694444444444	0	0.411111111111111	0.313888888888889	0	0.416666666666667
712962	Bacteria_71	Ribosomal_L23	PF00276.20	1.08058608058608	0.0952380952380952	0.256410256410256	0	0	0	0	0	0	0	0.490842490842491	0	0	0	0	0	0.208791208791209	0	0	0	0.0879120879120879	1.10622710622711	0.553113553113553	0.838827838827839	0.553113553113553	0	0.230769230769231	0	0.509157509157509
712963	Bacteria_71	Ribosomal_L4	PF00573.22	0.613821138211382	1.09756097560976	0.613821138211382	0	0	0	0	0	0	0	0.323170731707317	0	0	0	2.45121951219512	1.15853658536585	0.304878048780488	0.611788617886179	0	0.613821138211382	0.422764227642277	0.306910569105691	0	0.420731707317073	1.22967479674797	0.548780487804878	0	0	2.13008130081301
723374	Bacteria_71	Ribosomal_S13	PF00416.22	0	0	0	0	0	0	0.559139784946237	0	0	0.324731182795699	0	0	0	0	0.324731182795699	1.73118279569892	0	1.94838709677419	0.864516129032258	0.870967741935484	0.0150537634408602	0	0	0.778494623655914	0	0	1.12688172043011	0	2.76774193548387
723376	Bacteria_71	Ribosomal_S11	PF00411.19	0.393229166666667	1.53645833333333	1.05208333333333	0	0	0	0	0	0.0885416666666667	0	0	0	0	0	0.9765625	0.5	0.6015625	0.783854166666667	0	2.81510416666667	0.348958333333333	0	0.421875	0	0.541666666666667	0	0	0.385416666666667	1.5390625
723377	Bacteria_71	RNA_pol_L	PF01193.24	0	0.00107874865156418	1.13052858683927	0.323624595469256	0.325782092772384	0	0.0819848975188781	0.325782092772384	0.274002157497303	0	0	0	0.3042071197411	0	1.30097087378641	0.647249190938511	1.2588996763754	0.262135922330097	0	0.897518878101402	0.539374325782093	1.61812297734628	0	0.392664509169364	0.895361380798274	0.226537216828479	0	1.68500539374326	1.29234088457389
473548	Bacteria_71	GrpE	PF01025.19	1.01861252115059	0.121827411167513	0.341793570219966	0	0	0	0	0	0	0.165820642978003	0	0	0	0	1.01522842639594	0.927241962774958	0.3248730964467	0.255499153976311	0	0.126903553299492	0.873096446700508	0	0.509306260575296	1.02030456852792	0	0.981387478849408	0.0981387478849408	0	0
1310790	Bacteria_71	tRNA-synt_1d	PF00750.19	0.285984848484849	0.285037878787879	0.360795454545455	0.225378787878788	0	0	0	0	0	0.283143939393939	0	0.140151515151515	0	0	0.827651515151515	0.769886363636364	0	0	0	0.285037878787879	0	0.773674242424242	0	0.857007575757576	0.147727272727273	0.820075757575758	0	0	0.570075757575758
1339410	Bacteria_71	Chorismate_synt	PF01264.21	0	0	0.798941798941799	0	0	0.399470899470899	0.174603174603175	0	0	0	0	0	0	0	0.514550264550265	0	0	0	0.398148148148148	1.19047619047619	0.216931216931217	0.396825396825397	0.797619047619048	0	0.394179894179894	0	0	0.916666666666667	0.853174603174603
1344508	Bacteria_71	RNA_pol_Rpb6	PF01192.22	0.447058823529412	0	0	0	0	0	0	0	0.407843137254902	0	0	0	0	0	1.04313725490196	0	0	1.18039215686275	0	0.925490196078431	1.56470588235294	0.447058823529412	0	0	0	0	0	0	1.77254901960784
1363610	Bacteria_71	Ribosomal_S9	PF00380.19	0.537931034482759	0	0	0	0	0	1.23908045977012	0.43448275862069	0	0	0	0.337931034482759	0	0	0.259770114942529	0	0	1.18850574712644	0	1.30114942528736	2.42068965517241	0.714942528735632	0.468965517241379	0.351724137931034	0.342528735632184	0.588505747126437	0.0758620689655172	0.747126436781609	0.68735632183908
1363611	Bacteria_71	Ribosomal_L13	PF00572.18	0.148648648648649	0	0	0.718468468468468	0	0	0.68018018018018	0.25	0.342342342342342	0	0.68018018018018	0.349099099099099	0	0	1.09684684684685	0.65990990990991	0	0	0	0.677927927927928	0	1.28153153153153	0	0.425675675675676	0.34009009009009	1.55855855855856	1.09009009009009	0.335585585585586	0.722972972972973
1363612	Bacteria_71	Ribosomal_L27A	PF00828.19	0	0	0	0.663934426229508	0	0	0	0	1.0327868852459	0	0	0	0	0	0.822404371584699	0	0	1.76229508196721	0	0	0.710382513661202	0.409836065573771	0	0.412568306010929	0	0.978142076502732	0.519125683060109	0	2.02459016393443
