key	WAM_ALR	WAM_CCR	WAM_IPI	WAM_MAR	WAM_MYS	WAM_PBL	WAM_PJN	WAM_PPR	WAM_PST	WAM_ROL	WAM_SCR	WAM_SGN	WAM_SIS	WAM_TWN	WAR_ALR	WAR_CCR	WAR_IPI	WAR_MAR	WAR_MYS	WAR_PBL	WAR_PJN	WAR_PPR	WAR_PSK	WAR_PST	WAR_RNW	WAR_ROL	WAR_SCR	WAR_SGL	WAR_SIS
37857	4.91060606060606	3.6166666666666667	4.086363636363636	3.2363636363636363	2.074242424242424	2.9287878787878787	1.653030303030303	2.0348484848484847	2.9287878787878787	1.5045454545454546	2.1545454545454548	3.474242424242424	0.6515151515151515	3.3333333333333335	5.584848484848485	2.3772727272727274	1.7787878787878788	3.2893939393939395	2.065151515151515	2.3393939393939394	5.078787878787879	4.153030303030303	6.462121212121212	6.901515151515151	4.003030303030303	4.274242424242424	5.531818181818182	5.068181818181818	3.5863636363636364
37858	1.5323624595469256	1.6359223300970873	0.4886731391585761	0.9724919093851133	0.34627831715210355	0.610032362459547	2.7006472491909386	0.7766990291262136	0.8624595469255664	1.8155339805825244	0.511326860841424	0.9741100323624595	0.28802588996763756	2.7119741100323624	2.249190938511327	1.3171521035598706	0.9741100323624595	0.9029126213592233	1.1019417475728155	1.2184466019417475	0.872168284789644	2.0533980582524274	2.6375404530744335	2.134304207119741	1.4142394822006472	2.05663430420712	2.472491909385113	1.6245954692556634	2.2880258899676376
37859	0.2111111111111111	0.0	0.0	0.0	0.0	0.0	0.7277777777777777	0.8166666666666667	0.18333333333333332	0.0	0.0	0.0	0.0	0.5166666666666667	0.8388888888888889	0.2777777777777778	0.0	0.0	0.0	0.0	1.0055555555555555	0.0	0.0	0.0	0.0	0.0	0.7555555555555555	0.0	0.24444444444444444
567712	6.279132791327913	1.4715447154471544	2.2845528455284554	1.5392953929539295	1.4688346883468835	1.029810298102981	4.111111111111111	3.3604336043360434	4.075880758807588	1.4173441734417345	0.7073170731707317	6.967479674796748	0.9701897018970189	5.355013550135501	4.4986449864498645	0.7100271002710027	4.937669376693767	2.3712737127371275	1.1111111111111112	2.5365853658536586	2.02710027100271	2.6124661246612466	3.089430894308943	3.5447154471544717	1.5094850948509486	5.092140921409214	6.1924119241192415	2.0569105691056913	5.953929539295393
567716	2.664141414141414	0.9065656565656566	2.3156565656565657	2.494949494949495	2.5505050505050506	2.1893939393939394	2.957070707070707	0.1893939393939394	2.1237373737373737	2.525252525252525	1.02020202020202	4.583333333333333	1.0328282828282829	2.1136363636363638	4.376262626262626	2.0606060606060606	3.5883838383838382	3.856060606060606	2.553030303030303	2.1515151515151514	2.507575757575758	3.946969696969697	3.8434343434343434	3.1414141414141414	1.9242424242424243	8.70959595959596	6.33080808080808	5.23989898989899	4.2853535353535355
567717	3.4393939393939394	1.8996212121212122	1.6723484848484849	1.821969696969697	1.4848484848484849	0.05113636363636364	0.7708333333333334	2.522727272727273	1.2859848484848484	1.1401515151515151	0.4981060606060606	0.7310606060606061	0.4734848484848485	1.0075757575757576	2.1988636363636362	0.4166666666666667	0.22727272727272727	1.5132575757575757	1.1193181818181819	2.984848484848485	1.7102272727272727	4.837121212121212	2.4791666666666665	1.3617424242424243	2.4204545454545454	2.899621212121212	2.4242424242424243	3.0018939393939394	1.2821969696969697
567722	3.478129713423831	2.0565610859728505	3.015082956259427	1.607843137254902	1.3770739064856712	0.2684766214177979	1.6493212669683257	1.9321266968325792	2.652337858220211	2.1221719457013575	0.4238310708898944	3.1108597285067874	1.152337858220211	0.37631975867269984	3.4479638009049776	0.43665158371040724	0.6319758672699849	2.9894419306184012	2.730769230769231	1.3514328808446456	3.0784313725490198	1.4645550527903468	1.592760180995475	4.108597285067873	2.6749622926093513	3.80920060331825	2.5	2.0761689291101058	2.2790346907993966
567723	8.2296918767507	4.663865546218488	3.5294117647058822	0.7787114845938375	2.0672268907563027	1.5854341736694677	2.831932773109244	3.165266106442577	1.4005602240896358	0.8403361344537815	1.6470588235294117	3.9719887955182074	0.0028011204481792717	2.291316526610644	4.868347338935574	2.761904761904762	1.4817927170868348	2.8179271708683475	3.1260504201680672	4.675070028011205	1.0448179271708684	0.11204481792717087	3.4173669467787113	6.69467787114846	3.6666666666666665	1.9243697478991597	1.3025210084033614	4.417366946778712	5.081232492997199
567711	0.7837837837837838	0.26126126126126126	1.0	1.117117117117117	2.189189189189189	0.5585585585585585	3.2882882882882885	0.8018018018018018	0.5585585585585585	0.0	0.0	1.7837837837837838	0.9369369369369369	1.4144144144144144	0.14414414414414414	0.0	0.5765765765765766	0.8468468468468469	0.1981981981981982	0.6936936936936937	1.4054054054054055	1.117117117117117	2.3963963963963963	1.7927927927927927	0.8468468468468469	2.4594594594594597	1.1081081081081081	0.06306306306306306	1.063063063063063
1303176	1.4101694915254237	0.8790960451977401	1.3615819209039548	3.2813559322033896	0.3502824858757062	0.8180790960451978	1.6361581920903956	1.344632768361582	3.1062146892655367	0.8056497175141243	0.3943502824858757	2.297175141242938	1.1672316384180792	0.7909604519774012	2.415819209039548	0.8067796610169492	0.9661016949152542	2.087005649717514	1.5717514124293785	2.4338983050847456	4.126553672316384	2.3389830508474576	3.223728813559322	5.185310734463277	2.312994350282486	2.3412429378531074	2.144632768361582	2.431638418079096	2.6689265536723163
1099382	3.725824800910125	1.6973833902161548	1.4266211604095562	0.07167235494880546	1.1501706484641638	0.0	1.3617747440273038	0.7861205915813424	2.9169510807736065	0.12627986348122866	0.0	1.8623435722411832	0.658703071672355	0.6382252559726962	2.831626848691695	0.0011376564277588168	1.7918088737201365	1.5506257110352673	1.3708759954493743	0.9044368600682594	0.9726962457337884	2.591581342434585	1.7053469852104663	0.949943117178612	2.0079635949943118	1.193401592718999	2.0102389078498293	1.6154721274175199	4.313993174061434
267865	2.7672413793103448	1.117816091954023	0.8635057471264368	0.7212643678160919	0.3635057471264368	1.4626436781609196	1.8002873563218391	1.5517241379310345	1.478448275862069	0.7945402298850575	0.8922413793103449	2.3793103448275863	0.7916666666666666	0.7844827586206896	3.1408045977011496	0.22701149425287356	1.5948275862068966	0.853448275862069	1.1925287356321839	1.3218390804597702	0.28879310344827586	0.3706896551724138	1.25	2.235632183908046	0.5589080459770115	2.329022988505747	0.7988505747126436	2.7658045977011496	4.386494252873563
1425059	2.888888888888889	3.2861952861952863	3.3063973063973062	1.9023569023569022	0.9764309764309764	0.006734006734006734	1.7037037037037037	2.0976430976430978	1.8552188552188553	1.34006734006734	1.1683501683501682	2.5454545454545454	0.21212121212121213	6.922558922558922	3.4006734006734005	1.7912457912457913	1.1851851851851851	1.2188552188552189	2.5993265993265995	2.5925925925925926	2.01010101010101	2.255892255892256	2.548821548821549	3.3367003367003365	1.7205387205387206	2.814814814814815	4.171717171717172	2.814814814814815	3.9797979797979797
1425060	3.4691358024691357	1.4850088183421517	0.8395061728395061	0.36860670194003525	0.8395061728395061	0.6067019400352733	2.0088183421516757	2.486772486772487	2.873015873015873	1.3033509700176367	0.3897707231040564	4.932980599647267	0.15343915343915343	2.202821869488536	3.440917107583774	0.08994708994708994	2.670194003527337	2.54673721340388	3.0070546737213406	1.1957671957671958	2.1181657848324513	1.7671957671957672	1.2010582010582012	4.483245149911816	1.5502645502645502	3.037037037037037	1.7354497354497354	2.35978835978836	2.5149911816578485
1425061	5.108771929824561	1.792982456140351	1.2771929824561403	1.4385964912280702	3.0543859649122806	1.931578947368421	4.394736842105263	6.563157894736842	5.371929824561404	1.4526315789473685	1.9824561403508771	5.526315789473684	1.8421052631578947	4.7368421052631575	5.131578947368421	3.012280701754386	2.0842105263157893	3.0456140350877194	2.536842105263158	2.110526315789474	6.156140350877193	3.450877192982456	4.314035087719298	2.4859649122807017	6.226315789473684	4.847368421052631	5.754385964912281	2.6526315789473682	2.524561403508772
1425052	1.4269662921348314	0.0	1.554307116104869	2.0711610486891385	0.846441947565543	1.2584269662921348	4.681647940074907	0.947565543071161	2.6104868913857677	0.0	2.1123595505617976	1.6816479400749065	0.0	0.6142322097378277	1.550561797752809	3.1048689138576777	0.3146067415730337	0.6891385767790262	2.644194756554307	1.8614232209737829	2.662921348314607	2.2209737827715355	1.9101123595505618	4.378277153558052	2.059925093632959	1.3258426966292134	0.5205992509363296	1.4681647940074907	6.198501872659176
1425053	5.010416666666667	1.0520833333333333	0.8020833333333334	2.390625	2.7604166666666665	0.8333333333333334	3.875	1.5677083333333333	2.5052083333333335	0.0	0.265625	2.6927083333333335	2.046875	1.5104166666666667	2.734375	2.2864583333333335	2.875	5.010416666666667	3.3020833333333335	4.583333333333333	2.1354166666666665	0.875	3.1041666666666665	3.171875	2.4114583333333335	1.1822916666666667	0.40625	3.5416666666666665	3.4739583333333335
1425054	4.93719806763285	0.9879227053140096	1.714975845410628	3.101449275362319	1.4492753623188406	0.5048309178743962	3.1980676328502415	1.8405797101449275	2.251207729468599	1.4541062801932367	0.24154589371980675	2.367149758454106	3.157004830917874	1.5169082125603865	1.9951690821256038	2.0434782608695654	1.3719806763285025	1.6183574879227054	2.5845410628019323	2.8043478260869565	2.157004830917874	1.3309178743961352	2.285024154589372	1.6159420289855073	1.2536231884057971	2.3285024154589373	0.9806763285024155	3.601449275362319	3.8333333333333335
1425056	5.244837758112094	1.6932153392330382	3.7640117994100293	0.9469026548672567	5.321533923303835	0.7787610619469026	2.005899705014749	5.997050147492625	3.5988200589970503	1.4896755162241888	0.0	7.8023598820058995	1.3628318584070795	6.460176991150442	5.15929203539823	3.967551622418879	1.1091445427728615	2.144542772861357	2.03834808259587	3.9705014749262535	5.530973451327434	1.0235988200589972	5.07669616519174	3.6607669616519174	3.2831858407079646	4.353982300884955	5.035398230088496	2.495575221238938	6.404129793510324
1425057	6.445652173913044	2.217391304347826	7.0398550724637685	1.9456521739130435	4.844202898550725	0.06884057971014493	3.630434782608696	6.199275362318841	3.8079710144927534	0.8405797101449275	0.0	5.8731884057971016	0.532608695652174	5.130434782608695	6.760869565217392	2.5	2.181159420289855	2.9347826086956523	5.630434782608695	5.663043478260869	5.391304347826087	2.641304347826087	2.2644927536231885	5.449275362318841	3.289855072463768	6.938405797101449	12.05072463768116	3.7934782608695654	9.28623188405797
896581	3.787878787878788	0.351981351981352	1.0536130536130537	1.083916083916084	1.372960372960373	1.2214452214452214	3.8974358974358974	0.8344988344988346	4.286713286713287	0.34965034965034963	1.1072261072261071	3.34032634032634	0.0	0.7132867132867133	3.664335664335664	0.0675990675990676	2.013986013986014	3.7435897435897436	1.3682983682983683	3.184149184149184	2.097902097902098	1.167832167832168	0.682983682983683	9.405594405594405	2.0745920745920747	3.128205128205128	4.016317016317016	1.6107226107226107	3.722610722610723
896582	0.7684478371501272	1.5012722646310432	0.3842239185750636	0.9236641221374046	0.0	1.6641221374045803	2.5063613231552164	1.1348600508905853	2.4885496183206106	0.0	0.8091603053435115	3.6259541984732824	0.5750636132315522	0.9821882951653944	3.7557251908396947	0.0	2.5368956743002546	3.653944020356234	1.1424936386768447	3.508905852417303	2.1170483460559795	1.6539440203562341	0.7659033078880407	1.5674300254452926	2.791348600508906	4.798982188295166	2.1857506361323153	1.3460559796437659	1.6946564885496183
1334493	0.7001718213058419	0.8865979381443299	0.788659793814433	0.7396907216494846	1.5670103092783505	0.6812714776632303	2.024914089347079	0.9871134020618557	0.8908934707903781	0.5884879725085911	0.7757731958762887	1.1950171821305842	0.2542955326460481	1.0953608247422681	2.6941580756013748	0.4424398625429553	1.220790378006873	1.2903780068728523	0.5163230240549829	1.3015463917525774	1.359106529209622	0.3393470790378007	2.582474226804124	3.2663230240549828	0.5163230240549829	2.5369415807560136	0.6709621993127147	2.161512027491409	2.145189003436426
734225	3.868217054263566	2.3695090439276485	0.3875968992248062	2.2325581395348837	1.37984496124031	0.7777777777777778	2.6175710594315245	0.772609819121447	1.9147286821705427	2.7131782945736433	0.0	4.666666666666667	0.7803617571059431	0.7751937984496124	1.5555555555555556	0.06459948320413436	0.0	2.3824289405684755	1.8811369509043927	0.7209302325581395	0.5038759689922481	1.855297157622739	0.6795865633074936	1.6459948320413436	0.3875968992248062	2.242894056847545	1.8604651162790697	1.8888888888888888	0.7209302325581395
572927	5.8062015503875966	5.1434108527131785	1.496124031007752	1.5968992248062015	0.9534883720930233	0.31007751937984496	1.5426356589147288	5.5852713178294575	0.4728682170542636	1.7015503875968991	1.050387596899225	2.108527131782946	0.5503875968992248	1.0775193798449612	1.5387596899224807	4.5852713178294575	4.790697674418604	1.3643410852713178	3.046511627906977	2.8410852713178296	3.887596899224806	0.9186046511627907	3.9069767441860463	3.9263565891472867	1.4069767441860466	2.364341085271318	1.9031007751937985	2.7170542635658914	2.5697674418604652
995997	2.9723991507430996	4.704883227176221	0.6050955414012739	2.0870488322717624	3.7558386411889595	0.7537154989384289	2.683651804670913	3.5690021231422504	1.8471337579617835	1.5668789808917198	0.9341825902335457	4.794055201698514	0.8832271762208068	6.813163481953291	0.6178343949044586	1.3333333333333333	1.178343949044586	0.7919320594479831	2.8641188959660298	1.870488322717622	2.346072186836518	4.772823779193206	0.8428874734607219	3.5010615711252653	2.4140127388535033	3.2823779193205946	5.447983014861996	3.9278131634819533	3.5095541401273884
995998	8.061827956989248	5.336021505376344	3.85752688172043	3.997311827956989	1.596774193548387	0.40053763440860213	4.583333333333333	8.64247311827957	2.139784946236559	1.2903225806451613	4.112903225806452	5.854838709677419	1.5403225806451613	8.771505376344086	7.110215053763441	2.403225806451613	3.260752688172043	2.6236559139784945	2.8870967741935485	1.846774193548387	4.446236559139785	8.809139784946236	5.483870967741935	9.478494623655914	3.3091397849462365	9.725806451612904	8.260752688172044	3.5591397849462365	5.723118279569892
1119363	1.221105527638191	1.6080402010050252	0.8509212730318257	2.6683417085427137	0.9932998324958124	0.7805695142378559	2.0100502512562812	1.4489112227805696	2.1055276381909547	0.7688442211055276	1.1574539363484087	2.562814070351759	1.1658291457286432	0.6331658291457286	3.221105527638191	1.6113902847571189	2.0954773869346734	0.06030150753768844	1.4304857621440537	2.847571189279732	2.2311557788944723	1.2227805695142377	1.4907872696817421	1.3149078726968175	0.7705192629815746	3.056951423785595	2.423785594639866	3.658291457286432	0.8676716917922948
530822	3.0880048221820373	1.734779987944545	1.790235081374322	1.9614225437010246	1.1898734177215189	1.0867992766726944	1.9246534056660638	0.8450874020494273	1.629897528631706	0.5979505726341169	1.2965641952983724	2.130801687763713	0.5925256178420736	1.2296564195298372	2.4828209764918627	0.7329716696805304	1.5352622061482821	2.1681735985533455	1.2585895117540686	1.3592525617842073	1.8053044002411092	1.834840265220012	1.0928270042194093	3.779385171790235	1.4852320675105486	2.496081977094635	2.7643158529234477	0.8818565400843882	2.5220012055455094
