key	WAM_ALR	WAM_CCR	WAM_IPI	WAM_MAR	WAM_MYS	WAM_PBL	WAM_PJN	WAM_PPR	WAM_PST	WAM_ROL	WAM_SCR	WAM_SGN	WAM_SIS	WAM_TWN	WAR_ALR	WAR_CCR	WAR_IPI	WAR_MAR	WAR_MYS	WAR_PBL	WAR_PJN	WAR_PPR	WAR_PSK	WAR_PST	WAR_RNW	WAR_ROL	WAR_SCR	WAR_SGL	WAR_SIS
176222	0.0	0.3544600938967136	0.3544600938967136	3.967136150234742	2.2417840375586855	0.0	5.652582159624413	2.9976525821596245	0.7699530516431925	1.5469483568075117	7.117370892018779	0.0	9.870892018779342	0.0	0.0	0.0	0.0	0.0	0.0	0.0	1.6948356807511737	0.5305164319248826	0.0	0.4225352112676056	0.0	1.0446009389671362	1.908450704225352	0.6995305164319249	0.0
176232	0.0	2.713050314465409	1.4268867924528301	2.4064465408805034	3.2287735849056602	2.2547169811320753	9.470911949685535	3.4960691823899372	1.07625786163522	2.1320754716981134	13.015723270440251	0.7366352201257862	16.03616352201258	0.4740566037735849	0.0	0.9441823899371069	0.0	0.0	1.3011006289308176	0.419811320754717	2.066823899371069	0.9268867924528302	0.4748427672955975	0.17295597484276728	0.11871069182389937	0.0	3.675314465408805	0.0	0.0
623489	0.0	0.8184281842818428	1.5338753387533874	4.718157181571816	2.4607046070460705	2.8048780487804876	4.382113821138211	3.143631436314363	1.7398373983739837	1.3685636856368564	22.48238482384824	0.7262872628726287	15.509485094850948	0.0	0.0	0.5176151761517616	0.0	0.0	1.0731707317073171	0.0	1.1409214092140922	0.0	0.0	0.0	0.0	0.0	6.3441734417344176	0.2222222222222222	0.0
623490	0.0	0.8217054263565892	0.9031007751937985	1.6046511627906976	4.131782945736434	0.39147286821705424	7.503875968992248	3.294573643410853	0.6627906976744186	2.0775193798449614	12.829457364341085	1.4534883720930232	9.728682170542635	1.0852713178294573	0.0	0.0	0.2713178294573643	0.0	0.1434108527131783	0.0	0.2751937984496124	0.0	0.0	0.0	0.0	0.0	4.329457364341085	1.9689922480620154	0.0
623491	0.0	0.4358974358974359	0.7948717948717948	2.2153846153846155	3.9846153846153847	2.0923076923076924	4.369230769230769	1.0102564102564102	1.5179487179487179	1.7487179487179487	7.5025641025641026	1.2717948717948717	6.528205128205128	0.0	0.0	0.0	0.8153846153846154	0.0	3.0307692307692307	0.0	0.39487179487179486	0.5333333333333333	0.0	0.7743589743589744	0.0	0.0	3.917948717948718	0.010256410256410256	0.0
623492	0.0	1.3571428571428572	0.28809523809523807	0.6738095238095239	0.7595238095238095	2.2	0.7785714285714286	1.1666666666666667	0.4119047619047619	0.19047619047619047	2.0833333333333335	0.0	2.1095238095238096	0.0	0.0	0.39285714285714285	0.1357142857142857	0.0	1.1785714285714286	0.014285714285714285	0.0	0.8	0.0	0.0	0.0	0.016666666666666666	2.030952380952381	0.14761904761904762	0.0
623494	0.49135802469135803	0.6098765432098765	0.0	0.0	2.271604938271605	0.0	0.745679012345679	0.7358024691358025	0.3728395061728395	0.0	2.3234567901234566	0.0	0.6469135802469136	0.0	0.6691358024691358	0.0345679012345679	0.9061728395061729	0.0	0.0	0.0	0.0	2.2049382716049384	0.0	0.0	0.0	0.0	3.4	0.47901234567901235	0.0
623495	0.8745519713261649	0.17921146953405018	0.0	0.8315412186379928	0.8709677419354839	0.0	1.0681003584229392	1.0896057347670252	0.5376344086021505	0.0	3.003584229390681	0.0	0.12544802867383512	0.0	0.6666666666666666	1.0788530465949822	0.3942652329749104	0.0	0.0	0.0	0.0	1.863799283154122	0.12903225806451613	0.0	0.0	0.0	0.4265232974910394	0.5053763440860215	0.0
623467	0.1759415401911186	1.0933108487914558	0.6638560989319843	2.8920741989881957	4.408094435075886	0.7892074198988196	6.939853850477797	1.563237774030354	0.5941540191118606	2.232152894884767	12.01292861157954	0.3372681281618887	13.351320966835301	0.1697582911748173	0.08487914558740865	0.567734682405846	0.1675098369870714	0.1697582911748173	2.0359752670039346	0.02304665542439573	2.759415401911186	0.7200674536256324	0.1697582911748173	0.5295109612141653	0.163575042158516	0.0	1.7841483979763912	0.0	0.0
623476	0.7838541666666666	2.1380208333333335	0.2421875	3.4401041666666665	6.734375	0.7864583333333334	5.505208333333333	1.1588541666666667	0.0	2.265625	12.294270833333334	0.7135416666666666	12.385416666666666	0.0	0.0	0.0	0.0	0.0	0.8229166666666666	0.0	0.9401041666666666	0.0	0.0	0.0	0.7395833333333334	0.0	1.0	0.6067708333333334	0.0
623477	0.0	0.5386666666666666	0.0	1.8133333333333332	2.6373333333333333	0.7226666666666667	5.7973333333333334	0.952	1.296	3.016	7.152	0.06133333333333333	9.450666666666667	0.8053333333333333	0.0	0.544	0.0	0.0	0.8026666666666666	0.0	0.592	0.0	0.0	0.0	0.0026666666666666666	0.0	2.992	0.0	0.0
623479	0.14486326681448633	1.3865484109386548	1.082039911308204	2.7937915742793793	5.865484109386548	1.09830007390983	5.65779748706578	2.352549889135255	1.0591278640059127	1.5506282335550627	10.16629711751663	0.811529933481153	13.283074648928308	0.22172949002217296	0.0	0.6208425720620843	0.0	0.0	1.2719881744271988	0.0	0.8832224685883222	0.6659275683665927	0.0	0.44567627494456763	0.22320768662232077	0.0	2.0517368810051737	0.04951958610495196	0.04065040650406504
623484	0.0	0.6924493554327809	1.6077348066298343	2.4917127071823204	3.285451197053407	0.3351749539594843	5.9502762430939224	2.657458563535912	0.6335174953959485	0.8324125230202578	12.11049723756906	0.9686924493554327	11.78084714548803	0.0	0.0423572744014733	1.705340699815838	0.0	0.0	0.5948434622467772	0.0	3.1988950276243093	1.2412523020257826	0.0	0.0	0.0	0.0	0.44567219152854515	0.0	0.0
623485	0.0	1.6865671641791045	0.8980099502487562	2.4800995024875623	1.126865671641791	0.0	3.783582089552239	1.1840796019900497	1.0572139303482586	0.7512437810945274	16.261194029850746	0.5497512437810945	16.564676616915424	0.0	0.6492537313432836	0.8059701492537313	0.0	0.0	0.6716417910447762	0.0	0.9552238805970149	0.01990049751243781	0.0	0.0	0.0	0.0	2.4303482587064678	0.4626865671641791	0.0
1052006	0.6164874551971327	1.6164874551971327	0.0	2.4946236559139785	1.3870967741935485	0.5376344086021505	7.437275985663082	2.921146953405018	0.0	0.9605734767025089	7.340501792114695	0.0	12.161290322580646	0.0	0.0	0.41935483870967744	0.0	0.0	1.5340501792114696	0.27598566308243727	4.275985663082437	0.0	0.0	1.2078853046594982	0.0	0.2867383512544803	1.157706093189964	0.3763440860215054	0.0
1052007	0.7432098765432099	0.291358024691358	0.7407407407407407	1.9555555555555555	1.962962962962963	0.34074074074074073	6.745679012345679	2.619753086419753	0.1259259259259259	1.3876543209876544	10.158024691358024	0.0	7.5777777777777775	2.237037037037037	0.0	0.5333333333333333	0.0	0.04197530864197531	0.7876543209876543	0.19012345679012346	2.962962962962963	0.0	0.0	0.0	0.0	0.5185185185185185	2.3283950617283953	0.0	0.0
1052009	0.719047619047619	0.6857142857142857	0.3738095238095238	1.3071428571428572	3.5880952380952382	0.0761904761904762	6.007142857142857	0.7285714285714285	0.9404761904761905	2.1547619047619047	7.838095238095238	0.719047619047619	7.245238095238095	0.0	0.0	0.0	0.0	0.0	1.7547619047619047	0.0	2.426190476190476	0.0	0.0	1.0333333333333334	0.0	0.0	2.980952380952381	0.0	0.0
747980	0.38829151732377537	0.22939068100358423	1.3213859020310634	2.5902031063321385	3.884109916367981	0.8399044205495818	4.735961768219833	2.1254480286738353	2.057347670250896	1.7706093189964158	11.762246117084826	0.6678614097968937	11.075268817204302	0.0	0.0	0.5388291517323776	0.0	0.0	0.45041816009557945	0.0	2.0597371565113503	0.36081242532855434	0.0	0.0	0.0	0.0	1.4659498207885304	0.0	0.0
747981	0.6201550387596899	2.007751937984496	1.4935400516795865	5.945736434108527	3.2325581395348837	1.5607235142118863	5.134366925064599	4.708010335917312	1.669250645994832	0.6770025839793282	17.059431524547804	1.3695090439276485	13.894056847545219	0.0	0.0	3.356589147286822	0.0	0.0	0.0103359173126615	0.0	0.0	0.0	0.0	0.46770025839793283	0.5736434108527132	0.0	1.7829457364341086	0.6459948320413437	0.0
747982	0.0	1.9824561403508771	0.30043859649122806	3.4342105263157894	5.8881578947368425	2.723684210526316	8.298245614035087	1.4144736842105263	1.3157894736842106	0.44956140350877194	10.74561403508772	1.8201754385964912	10.447368421052632	0.0	0.0	0.8179824561403509	0.0	0.0	1.2960526315789473	0.0	1.844298245614035	1.8464912280701755	0.0	0.26535087719298245	0.17543859649122806	0.0	2.324561403508772	0.1337719298245614	0.0
474733	0.42695289206917114	1.6589147286821706	0.6869409660107334	4.288014311270126	5.5080500894454385	1.7561121049493142	9.808586762075134	4.127608825283244	1.8884913536076327	1.1949910554561718	15.732259988073942	0.4502087060226595	15.438878950506858	0.7054263565891473	0.0	0.02802623732856291	0.0	0.17889087656529518	1.257602862254025	0.17889087656529518	2.4633273703041145	0.4090638044126416	0.08228980322003578	0.1800834824090638	0.007155635062611807	0.0	2.9427549194991056	0.0	0.0
474735	0.0	2.042263122017723	1.4049079754601228	2.1370143149284253	4.130197682344922	0.9550102249488752	7.507839127471029	2.867075664621677	1.6659850034083163	1.7402862985685073	15.385139740967961	0.4110429447852761	15.972733469665984	0.7341513292433538	0.03067484662576687	0.4294478527607362	0.0	0.2058623040218132	0.9079754601226994	0.2058623040218132	2.758009543285617	0.20995228357191548	0.2058623040218132	0.4512610770279482	0.09134287661895024	0.0	2.605316973415133	0.20449897750511248	0.0
1079908	0.2935323383084577	0.87893864013267	0.0	2.842454394693201	2.9718076285240462	0.5008291873963516	6.202321724709784	2.097844112769486	0.5008291873963516	1.550580431177446	16.240464344941955	0.0	8.356550580431177	1.1459369817578773	1.087893864013267	0.3946932006633499	0.0	0.0	1.1376451077943615	0.0	1.9519071310116087	0.43781094527363185	0.0	0.2935323383084577	0.0	0.0	2.5207296849087895	0.0	0.42122719734660036
990948	0.0	1.7009345794392523	2.526479750778816	1.750778816199377	3.61993769470405	0.48598130841121495	4.769470404984424	3.3862928348909658	1.838006230529595	0.48286604361370716	5.866043613707165	0.0	15.040498442367602	0.470404984423676	0.0	0.0	0.0	0.0	1.5514018691588785	0.0	2.236760124610592	0.0	0.0	0.0	0.0	1.0311526479750779	1.7445482866043613	0.0	0.0
1731157	0.7706666666666667	2.136	0.0	3.832	3.3733333333333335	2.1413333333333333	6.218666666666667	6.082666666666666	0.7626666666666667	2.1493333333333333	8.330666666666668	1.2026666666666668	20.138666666666666	0.0	0.0	0.6453333333333333	0.0	0.0	1.744	0.0	1.704	0.5813333333333334	0.8053333333333333	0.058666666666666666	0.8026666666666666	0.0	2.5573333333333332	0.5013333333333333	0.0
1731158	0.0	0.16771488469601678	0.0	0.9119496855345912	3.981132075471698	2.20125786163522	3.970649895178197	2.056603773584906	2.0041928721174003	0.5807127882599581	13.40251572327044	0.2914046121593291	14.916142557651991	0.0	0.0	0.0	0.0	0.0	1.5849056603773586	0.17819706498951782	2.0733752620545074	0.6310272536687631	0.0	1.1656184486373165	0.25366876310272535	0.0	2.348008385744235	0.4947589098532495	0.0
1731161	0.4854368932038835	2.3042071197411005	1.220064724919094	2.762135922330097	4.352750809061488	0.8122977346278317	6.970873786407767	0.7297734627831716	1.3171521035598706	0.48705501618122976	13.483818770226538	0.8527508090614887	11.435275080906148	1.0889967637540454	0.0	0.9093851132686084	0.0	0.4886731391585761	0.4886731391585761	0.0	3.466019417475728	0.20388349514563106	0.0	0.22653721682847897	0.0	0.0	2.5954692556634305	0.0	0.0
1731162	0.044233807266982623	0.36018957345971564	1.1943127962085307	1.819905213270142	6.84044233807267	0.07898894154818326	3.140600315955766	0.5276461295418642	0.8325434439178515	0.9399684044233807	11.968404423380727	0.3791469194312796	12.766192733017377	0.36334913112164297	0.0	1.7156398104265402	0.0	0.0	0.4060031595576619	0.0	2.8372827804107423	0.0	0.0	0.0	0.0	0.0	1.2037914691943128	0.0	0.0
1731163	0.9278350515463918	3.8625429553264605	1.9450171821305842	2.3058419243986252	7.77319587628866	0.0	2.556701030927835	4.391752577319588	0.24398625429553264	1.0549828178694158	11.041237113402062	0.0	18.120274914089347	0.0	0.0	0.6701030927835051	0.7285223367697594	0.0	1.0378006872852235	0.0	0.8350515463917526	0.0	0.0	0.0	0.0	0.0	5.790378006872852	0.0	0.0
521330	0.11491628614916286	0.7579908675799086	0.5974124809741248	2.404109589041096	3.2168949771689497	0.4200913242009132	4.090563165905632	0.6301369863013698	0.5928462709284628	0.4284627092846271	10.766362252663622	0.22907153729071536	5.758751902587519	0.0	0.0	0.8028919330289194	0.0	0.11491628614916286	0.952054794520548	0.0	1.0342465753424657	0.4003044140030441	0.0	0.0	0.0	0.0	1.9863013698630136	0.22907153729071536	0.1506849315068493
69508	0.6289034132171387	1.1938997821350763	0.43427741466957154	2.6775599128540306	5.124183006535947	0.710239651416122	4.506899055918664	3.109658678286129	1.8830791575889616	1.4546114742193172	10.349310094408134	0.38852578068264343	9.578068264342773	0.21931735657225854	0.0	0.21931735657225854	0.0	0.2178649237472767	0.4045025417574437	0.0	2.2926652142338417	0.4095860566448802	0.07915758896151052	0.21713870733478577	0.0	0.0	2.6782861292665214	0.0	0.0
69517	0.0	0.5145299145299145	0.505982905982906	1.6	4.509401709401709	1.6188034188034188	6.001709401709402	1.65982905982906	1.9435897435897436	1.1196581196581197	8.285470085470086	0.5145299145299145	16.466666666666665	0.0	0.0	0.0	1.411965811965812	0.0	0.5162393162393163	0.0	1.9333333333333333	0.0	0.0	0.6478632478632479	0.0	0.0	0.7692307692307693	0.0	0.35555555555555557
176305	0.0	1.2782608695652173	1.808695652173913	3.353623188405797	3.2927536231884056	1.6608695652173913	5.369565217391305	2.7072463768115944	2.520289855072464	2.353623188405797	12.397101449275363	0.33043478260869563	12.691304347826087	0.0	0.0	0.4826086956521739	0.0	0.3710144927536232	1.1115942028985508	0.0	0.9521739130434783	0.7289855072463768	0.0	0.0	0.0	0.0	3.508695652173913	0.0	0.0
9112	0.4013333333333333	0.0	0.628	2.832	3.084	0.4	5.806666666666667	2.8453333333333335	0.0	1.0933333333333333	8.529333333333334	0.0	8.82	0.31866666666666665	0.0	0.4493333333333333	0.0	0.4013333333333333	0.3453333333333333	0.0	1.3853333333333333	1.0226666666666666	0.308	0.0	0.4026666666666667	0.0	1.2173333333333334	0.08	0.0
747993	0.20956719817767655	2.041002277904328	0.4328018223234624	2.689445709946849	3.8132118451025057	0.25436598329536825	6.913439635535307	2.1746393318147303	0.11161731207289294	2.776765375854214	14.555808656036447	0.3492786636294609	14.017463933181473	0.8352315869400152	0.08352315869400152	1.4996203492786637	0.0	0.2201974183750949	1.2581624905087319	0.0	2.7205770690964313	0.7691723614274867	0.0	0.3416856492027335	0.0	0.0	2.5770690964312832	0.0	0.0
909468	0.0	0.9925925925925926	0.45925925925925926	1.7259259259259259	2.751851851851852	2.1666666666666665	2.525925925925926	0.0	0.9111111111111111	1.3814814814814815	12.366666666666667	0.5222222222222223	13.2	0.8037037037037037	0.0	0.0	0.0	0.0	0.0	0.0	0.9111111111111111	1.0592592592592593	0.0	0.0	0.0	0.0	2.6259259259259258	0.5592592592592592	0.0
