key	WAM_ALR	WAM_CCR	WAM_IPI	WAM_MAR	WAM_MYS	WAM_PBL	WAM_PJN	WAM_PPR	WAM_PST	WAM_ROL	WAM_SCR	WAM_SGN	WAM_SIS	WAM_TWN	WAR_ALR	WAR_CCR	WAR_IPI	WAR_MAR	WAR_MYS	WAR_PBL	WAR_PJN	WAR_PPR	WAR_PSK	WAR_PST	WAR_RNW	WAR_ROL	WAR_SCR	WAR_SGL	WAR_SIS
1468801	0.0	2.077777777777778	0.0	0.27037037037037037	0.0	1.0555555555555556	0.25555555555555554	0.0	0.34074074074074073	0.0	0.25925925925925924	1.3925925925925926	0.0	0.7481481481481481	0.48148148148148145	2.411111111111111	0.0	1.1185185185185185	0.0	0.12222222222222222	0.11481481481481481	1.2259259259259259	0.0	0.7481481481481481	1.025925925925926	0.018518518518518517	2.7925925925925927	0.5925925925925926	0.7074074074074074
1702316	0.8939393939393939	0.804040404040404	0.22121212121212122	0.8656565656565657	0.30505050505050507	0.30303030303030304	0.7121212121212122	0.1202020202020202	0.0	0.0	0.0	0.6797979797979798	0.0	0.6090909090909091	0.0	0.6090909090909091	0.0	0.0	0.6090909090909091	0.7585858585858586	0.007070707070707071	0.7292929292929293	0.6454545454545455	0.0	0.0	0.0	0.907070707070707	0.0	0.30404040404040406
180848	0.7092198581560284	1.5319148936170213	0.0	0.7754137115839244	1.387706855791962	0.0	0.3546099290780142	0.0	0.2647754137115839	0.0	0.41371158392434987	0.0	0.0	0.0	0.0	0.9976359338061466	0.0	0.0	0.0	0.0	0.7943262411347518	2.3877068557919623	0.0	0.6288416075650118	1.470449172576832	0.0	1.016548463356974	1.243498817966903	0.0
165726	0.0	0.7020905923344948	0.17421602787456447	0.4535423925667828	0.19047619047619047	0.08188153310104529	0.08362369337979095	0.6997677119628339	0.1753774680603949	0.0	0.6765389082462253	0.6957026713124274	0.0	0.0	0.5249709639953543	0.6085946573751452	0.0	0.0	0.3153310104529617	0.34959349593495936	0.9018583042973287	0.959349593495935	0.4372822299651568	0.15389082462253195	0.8484320557491289	0.29094076655052264	1.221254355400697	0.1753774680603949	0.34843205574912894
1210938	0.0	0.2079207920792079	0.49834983498349833	0.7244224422442245	0.6072607260726073	0.33993399339933994	0.24752475247524752	0.0	0.0	0.0	0.0	0.995049504950495	0.0	0.8151815181518152	0.0	0.49834983498349833	0.0	0.0	0.9966996699669967	0.4966996699669967	0.9966996699669967	0.693069306930693	0.0	0.16006600660066006	0.0	0.0	0.7442244224422442	0.49834983498349833	0.49834983498349833
729088	0.9195011337868481	0.6632653061224489	0.0	0.40249433106575966	0.0	0.4954648526077097	0.6303854875283447	0.3412698412698413	0.3424036281179138	0.3412698412698413	0.0	0.7369614512471655	0.0	0.0	0.0	0.3786848072562358	0.0	0.0	0.0873015873015873	0.808390022675737	0.518140589569161	0.18027210884353742	0.0	0.4376417233560091	0.6065759637188208	0.1712018140589569	1.6258503401360545	0.0	0.0
132496	0.0	0.0	0.0	0.6910569105691057	0.0	0.0	0.0	0.0	0.5745257452574526	0.0	0.4092140921409214	0.0	0.0	0.0	0.0	0.7506775067750677	0.8184281842818428	0.0	0.6666666666666666	0.34959349593495936	0.0	0.8130081300813008	0.4037940379403794	0.5040650406504065	0.0	0.0	0.0	0.4065040650406504	0.0
132497	0.0	0.6463414634146342	0.0	0.0	0.0	3.2764227642276422	0.0	0.0	0.6138211382113821	0.0	0.0	0.0	0.0	0.0	0.0	1.6910569105691058	0.8739837398373984	0.0	0.967479674796748	0.6504065040650406	0.0	0.0	0.0	0.9634146341463414	1.7439024390243902	0.0	0.0	1.5528455284552845	0.0
132498	0.0	1.6481481481481481	0.0	0.0	0.0	0.37962962962962965	0.0	1.3009259259259258	0.0	0.0	0.0	0.6620370370370371	0.0	0.0	1.0	0.6435185185185185	0.28703703703703703	0.0	0.0	0.6990740740740741	0.0	0.8703703703703703	0.0	0.24074074074074073	2.0277777777777777	0.0	0.0	0.25	0.0
132499	0.7142857142857143	0.8714285714285714	0.0	1.4023809523809523	0.0	0.0	0.830952380952381	0.01904761904761905	1.207142857142857	0.0	0.05952380952380952	0.4238095238095238	0.0	0.0	1.1285714285714286	0.0	0.3595238095238095	0.5785714285714286	0.7071428571428572	0.3595238095238095	0.06428571428571428	0.4166666666666667	0.0	1.130952380952381	0.0	0.7166666666666667	1.0357142857142858	0.46190476190476193	0.7166666666666667
132491	0.0	1.8146067415730338	0.0	0.5655430711610487	0.31273408239700373	0.0	1.9812734082397003	0.17790262172284643	0.21348314606741572	0.28277153558052437	1.0074906367041199	0.10861423220973783	0.0	0.0	0.0	1.0786516853932584	1.1310861423220975	0.5599250936329588	0.0	0.5243445692883895	0.5655430711610487	0.48314606741573035	0.5636704119850188	0.28277153558052437	0.9456928838951311	0.0	4.217228464419476	0.5636704119850188	0.5655430711610487
132492	0.0	0.7443609022556391	0.0	0.0	0.3057644110275689	0.37593984962406013	0.8621553884711779	0.37593984962406013	0.681704260651629	0.0	0.8571428571428571	0.7443609022556391	0.0	0.0	0.0	0.6766917293233082	0.731829573934837	0.0	0.0	0.21804511278195488	0.7493734335839599	1.7844611528822054	0.0	2.50125313283208	0.7744360902255639	0.0	1.844611528822055	0.0	0.0
522035	0.0	0.851063829787234	0.2127659574468085	0.9333333333333333	0.36666666666666664	0.4276595744680851	0.4269503546099291	0.5588652482269504	0.8539007092198582	0.21418439716312057	0.8524822695035461	0.2475177304964539	0.0	0.20425531914893616	0.6141843971631206	0.8063829787234043	0.42624113475177305	0.47375886524822697	0.13049645390070921	1.0347517730496454	0.21347517730496454	0.775886524822695	0.37872340425531914	0.4347517730496454	1.0645390070921985	0.3702127659574468	0.7865248226950354	1.1198581560283687	0.21205673758865248
51616	0.0	0.8993288590604027	0.20879940343027592	0.0	0.0	0.18642803877703207	0.22520507084265473	0.3407904548844146	0.5824011931394482	0.22520507084265473	0.6733780760626398	0.6718866517524236	0.0	0.0	0.0	1.012677106636838	0.0	0.32662192393736017	0.20879940343027592	0.6353467561521253	0.45861297539149887	1.2222222222222223	0.13124533929903057	0.45041014168530946	0.0	0.3169276659209545	0.9448173005219985	0.668903803131991	0.0
1032810	0.0	2.2717622080679405	0.3524416135881104	0.0	0.0	0.70276008492569	1.9171974522292994	0.0	0.416135881104034	0.13588110403397027	0.0	0.7791932059447984	0.0	0.27388535031847133	0.42462845010615713	1.3333333333333333	0.3205944798301486	0.0	0.0	1.2845010615711252	0.6348195329087049	1.2590233545647558	0.28450106157112526	1.5180467091295118	0.0021231422505307855	0.6411889596602972	1.0084925690021231	0.3184713375796178	0.5966029723991507
1032811	0.0	1.8091397849462365	3.1666666666666665	0.6881720430107527	0.0	0.1827956989247312	0.4274193548387097	0.0	0.28225806451612906	0.3333333333333333	0.0	0.5456989247311828	0.0	0.0	0.239247311827957	0.5698924731182796	0.0	0.0	0.0	0.4731182795698925	0.22043010752688172	1.739247311827957	0.49193548387096775	0.8091397849462365	0.771505376344086	0.4032258064516129	0.5913978494623656	0.9274193548387096	1.032258064516129
1745647	0.0	0.0	0.0	0.35435435435435436	0.0	0.8228228228228228	1.5495495495495495	0.45345345345345345	0.7762762762762763	0.0	0.0	1.5405405405405406	0.0	0.0	0.4519519519519519	0.14114114114114115	0.524024024024024	0.7867867867867868	0.22672672672672672	0.45495495495495497	0.22522522522522523	0.0	0.45045045045045046	0.2912912912912913	0.0	0.9054054054054054	0.2072072072072072	0.0	0.45345345345345345
578627	0.0	0.0	0.0	0.0	0.0	0.37393162393162394	0.36752136752136755	0.0	0.0	0.0	1.6538461538461537	0.967948717948718	0.452991452991453	0.0	0.0	0.5512820512820513	0.0	0.0	0.06623931623931624	0.6196581196581197	0.0	0.5106837606837606	0.31837606837606836	0.0	1.358974358974359	0.32264957264957267	0.41025641025641024	0.47863247863247865	1.5427350427350428
1373452	0.0	0.35833333333333334	0.0	0.3547619047619048	0.0	0.16428571428571428	0.0	0.0	0.0	0.0	0.7178571428571429	1.0773809523809523	0.0	0.0	0.0	2.269047619047619	0.3595238095238095	0.0	0.32857142857142857	0.32976190476190476	0.22023809523809523	0.24642857142857144	0.6845238095238095	0.39880952380952384	0.0	0.0	0.0	0.35833333333333334	0.0
582452	0.0	0.0	0.15085158150851583	1.0705596107055961	0.0	0.732360097323601	0.0	0.0	0.0	0.40632603406326034	0.732360097323601	0.49878345498783455	0.0	0.0	0.36496350364963503	0.7907542579075426	0.0	0.0	0.36739659367396593	0.6253041362530414	0.4744525547445255	0.6861313868613139	0.0	0.0	1.289537712895377	1.9391727493917275	0.0	0.0	0.0
1381958	0.0	0.5984848484848485	0.0	0.0	0.7626262626262627	0.5151515151515151	0.6893939393939394	0.0	0.0	0.0	0.0	3.6085858585858586	0.0	0.2398989898989899	0.020202020202020204	0.3813131313131313	0.0	0.5833333333333334	0.20202020202020202	0.35353535353535354	0.18686868686868688	0.7272727272727273	0.0	1.0353535353535352	0.9646464646464646	0.0	0.3787878787878788	0.14898989898989898	0.0
1381959	0.0	0.0	0.0	0.0	0.0	0.6178861788617886	1.7181571815718157	0.0	0.0	0.0	0.0027100271002710027	0.6476964769647696	0.0	0.4715447154471545	0.0	0.1951219512195122	0.7804878048780488	0.17344173441734417	0.0	0.0	0.0	1.6205962059620596	0.0	0.7046070460704607	0.5121951219512195	0.0	0.0	0.5420054200542005	0.0
1381961	0.15844544095665172	1.444693572496263	0.11285500747384156	0.15022421524663676	0.0	0.42301943198804187	0.14798206278026907	0.5635276532137519	0.42301943198804187	0.0	0.6905829596412556	0.0	0.0	0.0	0.035127055306427506	1.2070254110612855	0.0	0.4342301943198804	0.09940209267563528	0.593423019431988	0.5440956651718983	0.8841554559043349	0.4499252615844544	0.3609865470852018	0.3131539611360239	0.2257100149476831	0.8647234678624813	0.2571001494768311	0.2085201793721973
357282	0.31645569620253167	0.3470464135021097	0.31856540084388185	0.0	0.0	0.3111814345991561	0.0770042194092827	0.10232067510548523	0.15822784810126583	0.0	0.7563291139240507	0.011603375527426161	0.31751054852320676	0.31751054852320676	0.0	2.0654008438818567	0.0	0.5010548523206751	0.0	1.0864978902953586	0.027426160337552744	0.0	0.0	0.4029535864978903	1.3132911392405062	0.8565400843881856	0.0	0.0	0.10232067510548523
134495	0.0	0.5478547854785478	0.0	1.16996699669967	0.0	0.6864686468646864	0.0	0.34983498349834985	0.49834983498349833	0.057755775577557754	0.0	1.0033003300330032	0.0	0.24917491749174916	0.0	0.06435643564356436	0.30363036303630364	0.0	0.2887788778877888	0.7871287128712872	2.01980198019802	1.0858085808580857	0.0	0.466996699669967	0.4636963696369637	0.0	1.0346534653465347	0.6996699669966997	0.0
615781	0.291497975708502	0.407557354925776	0.0	0.8137651821862348	0.0	0.6734143049932524	0.40620782726045884	0.407557354925776	0.0	0.0	0.407557354925776	0.6828609986504723	0.0	0.0	0.26855600539811064	1.8582995951417005	0.46963562753036436	0.0	0.31309041835357626	0.407557354925776	0.40620782726045884	1.564102564102564	0.398110661268556	0.0	0.6072874493927125	0.40620782726045884	0.40620782726045884	0.4048582995951417	0.0
856961	0.0	1.0975254730713246	0.2197962154294032	0.0	0.0	0.29112081513828236	0.6084425036390102	0.06550218340611354	0.7671033478893741	0.0	0.0	0.0	0.0	0.0	0.0	0.0	0.27510917030567683	0.31004366812227074	0.2925764192139738	0.12518195050946143	0.06404657933042213	0.47889374090247455	0.0	0.5342066957787481	0.9490538573508006	0.438136826783115	0.24890829694323144	0.2852983988355167	0.0
