key	WAM_ALR	WAM_CCR	WAM_IPI	WAM_MAR	WAM_MYS	WAM_PBL	WAM_PJN	WAM_PPR	WAM_PST	WAM_ROL	WAM_SCR	WAM_SGN	WAM_SIS	WAM_TWN	WAR_ALR	WAR_CCR	WAR_IPI	WAR_MAR	WAR_MYS	WAR_PBL	WAR_PJN	WAR_PPR	WAR_PSK	WAR_PST	WAR_RNW	WAR_ROL	WAR_SCR	WAR_SGL	WAR_SIS
1236741	0.6833333333333333	0.0	1.5484848484848486	0.0	0.0	0.0	0.4636363636363636	0.2409090909090909	0.6712121212121213	0.0	0.0	0.12272727272727273	0.8651515151515151	0.0	0.45606060606060606	1.1712121212121211	0.9136363636363637	0.3878787878787879	1.3666666666666667	0.30606060606060603	0.0	0.32727272727272727	1.0454545454545454	0.9303030303030303	0.0	0.0	0.9121212121212121	0.6818181818181818	2.7848484848484847
1122438	2.84180790960452	0.2288135593220339	3.019774011299435	2.7231638418079096	0.0	2.983050847457627	1.8644067796610169	1.1299435028248588	2.1129943502824857	1.3531073446327684	1.7881355932203389	1.7401129943502824	0.0	0.0	0.3559322033898305	4.669491525423729	1.8333333333333333	3.098870056497175	0.7824858757062146	5.265536723163842	3.610169491525424	2.84180790960452	2.0	0.0	2.169491525423729	1.6299435028248588	3.169491525423729	3.946327683615819	3.0677966101694913
1122445	0.00909090909090909	0.453030303030303	0.6848484848484848	0.2287878787878788	0.2287878787878788	0.18636363636363637	0.0	0.6856060606060606	0.4575757575757576	0.45606060606060606	0.6462121212121212	0.1159090909090909	0.22272727272727272	0.0	1.0272727272727273	0.8265151515151515	0.5189393939393939	0.8621212121212121	0.5340909090909091	1.8356060606060607	1.418939393939394	0.2265151515151515	0.6598484848484848	0.5189393939393939	0.5272727272727272	0.6416666666666667	0.4128787878787879	1.290151515151515	0.30757575757575756
1506366	0.0	0.0	1.5165165165165164	0.0	0.0	0.0	0.1981981981981982	0.0	0.44744744744744747	0.0	0.6096096096096096	0.23423423423423423	0.0	0.0	0.8168168168168168	0.5165165165165165	1.0360360360360361	2.1381381381381384	0.042042042042042045	1.6306306306306306	1.2492492492492493	0.11711711711711711	0.22522522522522523	0.9039039039039038	0.4624624624624625	0.11711711711711711	0.29429429429429427	0.5165165165165165	1.4924924924924925
1506360	0.6078431372549019	0.4539969834087481	0.0	0.14479638009049775	0.0	0.0	0.20512820512820512	0.10256410256410256	0.0	0.8144796380090498	0.0	0.45248868778280543	0.0	0.4494720965309201	0.24434389140271492	0.4555052790346908	1.9607843137254901	1.5369532428355959	0.6229260935143288	0.030165912518853696	1.83710407239819	0.08748114630467571	0.13273001508295626	0.6817496229260935	0.7812971342383107	0.39819004524886875	0.4555052790346908	0.4555052790346908	0.8340874811463047
1506365	0.0	0.0	3.053921568627451	0.0	1.0490196078431373	0.0	0.0	0.0	0.0	0.0	0.5049019607843137	2.4411764705882355	0.0	0.0	0.5490196078431373	0.5735294117647058	1.7647058823529411	0.23039215686274508	0.0	1.7107843137254901	1.1813725490196079	1.1666666666666667	1.0441176470588236	0.0	1.0	1.661764705882353	3.4362745098039214	2.200980392156863	0.4264705882352941
1291004	0.47327044025157233	0.47327044025157233	1.1619496855345912	0.0	0.0	0.1619496855345912	0.4009433962264151	0.6037735849056604	0.0	0.9465408805031447	0.23742138364779874	0.31761006289308175	0.0	0.0	0.0	0.41352201257861637	0.9292452830188679	0.0	0.8144654088050315	0.2830188679245283	0.8301886792452831	0.6257861635220126	0.8018867924528302	0.0	0.20440251572327045	1.279874213836478	0.5094339622641509	0.9465408805031447	0.18867924528301888
11365	1.298773690078038	0.49498327759197325	1.882943143812709	0.5752508361204013	0.3355629877369008	0.0	1.0055741360089185	0.0	0.4559643255295429	0.673355629877369	0.0	0.967670011148272	0.3366778149386845	0.0	0.9687848383500557	0.673355629877369	1.0089186176142697	0.5050167224080268	0.35785953177257523	0.33444816053511706	0.5730211817168339	0.4793756967670011	0.5328874024526199	0.6700111482720178	0.0	2.129319955406912	1.6789297658862876	0.24414715719063546	1.8372352285395763
11370	0.782312925170068	0.0	0.047619047619047616	0.0	0.0	0.0	0.23809523809523808	0.0	0.6326530612244898	0.2619047619047619	0.0	0.8979591836734694	0.0	0.0	0.0	0.8945578231292517	0.0	0.6122448979591837	0.9523809523809523	0.8027210884353742	0.5102040816326531	0.2925170068027211	0.9523809523809523	0.0	0.9727891156462585	0.0	0.8571428571428571	1.530612244897959	0.8027210884353742
11373	0.0	0.0	0.6521739130434783	0.15458937198067632	0.0	0.0	0.8792270531400966	0.05314009661835749	1.458937198067633	0.0	0.0	1.7922705314009661	0.0	0.0	0.0	2.845410628019324	2.0434782608695654	0.0	0.6135265700483091	1.077294685990338	0.7294685990338164	0.0	0.6280193236714976	1.4009661835748792	0.714975845410628	0.0	0.0	0.0	0.6618357487922706
551114	1.1004016064257027	0.20682730923694778	0.6345381526104418	0.3032128514056225	0.6054216867469879	0.0	0.5732931726907631	0.0	0.713855421686747	0.606425702811245	0.3032128514056225	1.1265060240963856	0.0	0.3032128514056225	1.1656626506024097	0.2791164658634538	1.5100401606425702	0.0	1.036144578313253	1.6566265060240963	0.8544176706827309	0.49698795180722893	0.9588353413654619	0.3032128514056225	0.0	0.5110441767068273	1.2650602409638554	0.4678714859437751	0.7530120481927711
1694566	1.0310077519379846	0.21705426356589147	0.45271317829457364	0.0	0.33488372093023255	0.0	0.27906976744186046	0.0	0.9364341085271318	0.0	0.3209302325581395	0.5891472868217055	0.4666666666666667	0.0	0.3767441860465116	2.0372093023255813	2.3689922480620154	0.3689922480620155	1.2372093023255815	1.2914728682170542	0.20155038759689922	0.0	0.18604651162790697	0.8170542635658915	0.45271317829457364	0.710077519379845	0.46511627906976744	0.4945736434108527	0.6604651162790698
399517	2.9371069182389937	0.0	0.3710691823899371	1.2348008385744236	1.6960167714884695	0.0	1.49895178197065	0.0	0.3584905660377358	0.0	0.0	0.44863731656184486	0.0	0.24109014675052412	0.6310272536687631	2.7358490566037736	1.8951781970649895	0.09853249475890985	0.0	0.389937106918239	1.4318658280922432	0.35639412997903563	1.0020964360587001	0.469601677148847	0.6310272536687631	2.1132075471698113	0.08176100628930817	2.1446540880503147	1.6582809224318658
399519	0.6666666666666666	1.6533333333333333	0.0	1.5866666666666667	1.8488888888888888	0.8311111111111111	0.0	0.6577777777777778	1.0	0.0	0.0	0.0	0.0	0.0	2.951111111111111	0.0	1.528888888888889	0.5955555555555555	0.7333333333333333	0.0	0.7111111111111111	0.0	2.1466666666666665	0.03111111111111111	1.0933333333333333	0.05333333333333334	0.24	0.39555555555555555	0.0
350335	1.1484071484071483	0.2331002331002331	0.23465423465423466	0.9362859362859363	0.23465423465423466	0.2338772338772339	0.16161616161616163	0.1452991452991453	0.26573426573426573	0.2338772338772339	0.3123543123543124	0.62004662004662	0.0	0.0	1.0963480963480963	1.8515928515928517	1.202020202020202	1.0497280497280497	1.066822066822067	0.9347319347319347	0.41414141414141414	1.2944832944832945	0.7948717948717948	0.8632478632478633	0.4467754467754468	0.2602952602952603	0.46386946386946387	0.23465423465423466	0.885003885003885
923081	0.0	0.3378076062639821	1.1700223713646531	0.29082774049217003	0.0	0.3512304250559284	1.7114093959731544	0.0	0.0738255033557047	0.6711409395973155	0.4742729306487696	0.6510067114093959	0.6711409395973155	0.0	0.0	3.87248322147651	0.0	0.0	1.3400447427293065	0.6308724832214765	0.06711409395973154	0.6935123042505593	0.6733780760626398	1.0604026845637584	0.5480984340044742	1.192393736017897	2.78076062639821	0.7472035794183445	0.5928411633109619
1484117	0.152	0.0	0.184	0.0	0.632	0.0	0.0	1.4506666666666668	0.6426666666666667	1.344	0.064	0.0	0.0	0.0	0.0	0.6586666666666666	0.8	0.9306666666666666	1.0293333333333334	0.592	0.018666666666666668	0.0	0.7786666666666666	0.7466666666666667	0.768	0.0	0.736	0.368	1.048
663362	0.8791593695271454	0.0	0.6322241681260946	0.36018680677174547	0.3432574430823117	0.43899591360186807	0.7898423817863398	0.0	0.3222416812609457	0.17104495037945125	0.053706946876824285	0.8318739054290718	0.17454757734967893	0.0	0.6152948044366608	1.1214244016345591	0.5271453590192644	0.3525977816695855	0.8645650904845301	0.7618213660245184	1.1395213076474022	0.7302977232924693	0.9381202568593111	0.7472270869819031	0.4658493870402802	0.5913601868067717	0.9696438995913602	1.1225919439579686	1.3543490951546993
663349	1.914338919925512	0.0	2.3854748603351954	0.46741154562383613	0.0	0.0	0.0	0.5623836126629422	0.21042830540037244	0.0	0.2737430167597765	0.0	0.0	0.0	0.0	1.0558659217877095	1.7597765363128492	0.18994413407821228	0.9646182495344506	0.4729981378026071	0.0	0.14152700186219738	0.2774674115456238	1.3426443202979517	0.0	0.553072625698324	0.0	1.5344506517690875	0.3463687150837989
1291010	1.738562091503268	0.47058823529411764	1.6383442265795207	0.0	0.0	0.0	0.6535947712418301	0.44880174291938996	0.6557734204793029	0.0	1.0021786492374727	0.2962962962962963	0.3355119825708061	0.0	0.0	1.962962962962963	0.4880174291938998	0.6557734204793029	0.9912854030501089	1.026143790849673	1.026143790849673	0.19172113289760348	0.2636165577342048	0.0	0.6535947712418301	2.084967320261438	1.8758169934640523	1.6296296296296295	2.8257080610021785
1291005	0.180131657690006	0.0	0.7528426092160383	0.35128665469778575	0.18073010173548773	0.0	0.2579293836026332	0.10173548773189707	0.09036505086774387	0.36744464392579296	0.18073010173548773	0.180131657690006	0.3608617594254937	0.17833632555356074	0.18073010173548773	0.4817474566128067	0.9916217833632556	0.36146020347097546	0.6110113704368642	0.22262118491921004	0.5679233991621784	0.03171753441053261	0.5679233991621784	0.36146020347097546	0.3327348892878516	0.6157989228007181	0.9293836026331538	0.7887492519449432	0.6086175942549371
1067473	1.5240740740740741	0.0	1.5037037037037038	0.32037037037037036	0.44814814814814813	0.0	0.9574074074074074	0.0	0.0	0.0	0.0	0.0	0.2796296296296296	0.0	0.0	0.6296296296296297	0.2962962962962963	0.8018518518518518	0.0	0.044444444444444446	0.0	0.03148148148148148	1.1111111111111112	0.5537037037037037	0.4462962962962963	0.5648148148148148	1.9277777777777778	0.9925925925925926	0.8962962962962963
1067485	2.0140350877192983	0.0	1.880701754385965	0.0	0.8771929824561403	1.3614035087719298	1.0456140350877192	0.256140350877193	2.3614035087719296	0.13333333333333333	0.631578947368421	0.18947368421052632	0.5403508771929825	0.0	0.0	0.0	1.5789473684210527	1.4596491228070176	0.0	0.0	1.7263157894736842	1.2771929824561403	0.0	0.0	0.5543859649122806	0.28771929824561404	0.0	0.28771929824561404	1.8350877192982455
450720	1.1615384615384616	0.7743589743589744	1.1615384615384616	0.0	0.0	0.0	0.0	0.39487179487179486	1.3384615384615384	0.0	0.0	0.0	0.6487179487179487	0.7717948717948718	1.2974358974358975	0.0	0.9564102564102565	0.7743589743589744	0.05384615384615385	0.41025641025641024	0.6743589743589744	0.0	0.18717948717948718	0.6205128205128205	0.982051282051282	1.458974358974359	1.8743589743589744	2.4641025641025642	0.26666666666666666
450723	0.8259803921568627	0.0	0.2426470588235294	0.0	0.0	0.0	0.36764705882352944	0.3553921568627451	0.0784313725490196	0.5294117647058824	0.0	1.3137254901960784	0.0	0.0	0.2426470588235294	0.0	1.017156862745098	0.9142156862745098	0.3700980392156863	1.196078431372549	0.0	0.23529411764705882	1.6495098039215685	0.0	0.28921568627450983	0.6004901960784313	2.8823529411764706	0.9534313725490197	0.7377450980392157
450724	0.40350877192982454	0.0	0.48370927318295737	0.0	0.0	0.0	0.0	0.37844611528822053	0.6791979949874687	0.19047619047619047	1.5112781954887218	1.699248120300752	0.0	0.0	0.44611528822055135	0.2656641604010025	0.44360902255639095	0.7694235588972431	1.8596491228070176	0.6491228070175439	0.3157894736842105	0.7518796992481203	1.7794486215538847	0.5739348370927319	0.0	1.0275689223057645	0.0	1.1954887218045114	0.19799498746867167
450725	1.75	0.0	0.0	0.0	0.875	0.0	0.0	0.0	1.693452380952381	0.0	0.0	0.4494047619047619	0.0	0.0	1.2708333333333333	0.0	0.15476190476190477	0.0	0.0	1.0	1.3214285714285714	0.0	0.0	0.22023809523809523	0.8660714285714286	0.125	1.2291666666666667	2.3273809523809526	0.21726190476190477
450711	0.29357798165137616	0.45616717635066256	1.2742099898063202	0.7344546381243628	0.3068297655453619	0.15392456676860347	0.5667686034658511	0.15341488277268095	0.0	0.3053007135575943	0.6100917431192661	0.3893985728848114	0.0	0.0	1.2823649337410805	1.2747196738022426	0.9174311926605505	0.3068297655453619	0.536697247706422	0.7466870540265036	0.8598369011213048	1.289500509683996	0.8955147808358818	1.0122324159021407	0.6309887869520897	0.38634046890927626	1.6799184505606524	1.1116207951070336	1.1106014271151885
450715	0.25193798449612403	0.0	1.6589147286821706	0.5813953488372093	0.5038759689922481	0.0	0.810077519379845	0.0	0.0	0.7325581395348837	0.0	0.0	0.0	0.0	0.0	3.0755813953488373	3.2790697674418605	0.04844961240310078	0.0	0.4166666666666667	0.07364341085271318	0.0	1.0930232558139534	0.4321705426356589	1.5155038759689923	0.26356589147286824	0.8585271317829457	0.6085271317829457	1.6434108527131783
450717	0.0	0.0	0.0	0.0	0.5757575757575758	0.0	1.0606060606060606	0.26515151515151514	0.9810606060606061	1.1553030303030303	0.0	0.0	0.0	0.0	1.4696969696969697	0.45454545454545453	0.7689393939393939	0.022727272727272728	0.0	0.13257575757575757	0.0	0.9621212121212122	0.0	0.6666666666666666	0.0	0.0	0.0	2.5757575757575757	1.0757575757575757
450719	0.5555555555555556	0.0	1.424074074074074	0.7981481481481482	0.0	0.0	0.5055555555555555	1.5555555555555556	0.8796296296296297	0.0	0.0	0.5055555555555555	0.5370370370370371	0.37037037037037035	0.524074074074074	0.11481481481481481	0.5111111111111111	0.9148148148148149	1.6444444444444444	0.4111111111111111	1.9944444444444445	0.48703703703703705	0.0	0.0	1.5037037037037038	1.4111111111111112	0.17777777777777778	0.2796296296296296	2.2333333333333334
1030008	0.0	0.0	1.9384615384615385	0.0	0.0	1.1076923076923078	2.98974358974359	0.0	0.1076923076923077	1.7435897435897436	0.7384615384615385	0.0	0.0	0.0	0.0	2.712820512820513	0.764102564102564	1.117948717948718	0.0	0.7128205128205128	2.8205128205128207	0.0	1.2769230769230768	0.0	0.0	0.0	1.3025641025641026	2.276923076923077	0.7743589743589744
1030010	0.548922056384743	0.24212271973466004	0.9187396351575456	1.4245439469320067	0.33001658374792703	0.42122719734660036	0.494195688225539	0.5008291873963516	0.24875621890547264	1.4908789386401327	0.0	0.9220563847429519	0.0	0.0	1.3532338308457712	1.0	0.49917081260364843	0.47761194029850745	0.8888888888888888	0.8938640132669984	1.1077943615257049	0.23880597014925373	0.0	0.6185737976782753	0.0	0.835820895522388	3.6782752902155886	1.2155887230514095	0.9867330016583747
1030011	0.052525252525252523	0.0	1.1636363636363636	1.0222222222222221	0.6101010101010101	0.0	0.0	0.0	0.298989898989899	0.22828282828282828	0.0	0.0	0.0	0.0	1.3555555555555556	0.8161616161616162	0.501010101010101	0.1494949494949495	1.7858585858585858	2.0484848484848484	0.4909090909090909	1.1616161616161615	0.6060606060606061	0.048484848484848485	0.0	1.3797979797979798	0.46464646464646464	0.17777777777777778	0.296969696969697
1030013	0.89272030651341	0.8199233716475096	0.3831417624521073	0.0	0.0	0.0	0.8505747126436781	0.0	0.3563218390804598	0.0	0.0	0.0	0.0	0.0	0.0	0.0	2.8659003831417627	0.0	1.8160919540229885	0.0	1.6781609195402298	0.36015325670498083	0.578544061302682	0.6360153256704981	2.2796934865900385	0.9425287356321839	2.2490421455938696	0.8544061302681992	3.21455938697318
1030014	1.4057471264367816	0.07126436781609195	0.34597701149425286	0.08735632183908046	1.5747126436781609	0.6931034482758621	0.1839080459770115	0.0	1.150574712643678	0.0	0.026436781609195402	0.3471264367816092	0.0	0.1632183908045977	0.8505747126436781	1.3436781609195403	1.4942528735632183	0.6080459770114942	0.7988505747126436	1.4367816091954022	0.0	0.8114942528735632	0.8816091954022989	1.267816091954023	0.6931034482758621	0.9390804597701149	2.831034482758621	1.5459770114942528	2.1816091954022987
1030015	0.9210526315789473	0.571150097465887	0.8810916179337231	0.07115009746588694	0.17251461988304093	0.0	0.04775828460038986	0.0	0.0847953216374269	1.1481481481481481	0.2699805068226121	0.4161793372319688	0.0	0.0	0.15886939571150097	0.030214424951267055	0.723196881091618	0.9044834307992202	1.138401559454191	1.2787524366471734	0.7992202729044834	0.7085769980506823	0.9210526315789473	0.9717348927875243	0.7641325536062378	0.5847953216374269	0.7514619883040936	1.706627680311891	1.7417153996101364
1700771	0.270935960591133	0.0	0.0	0.24630541871921183	0.7881773399014779	0.0	0.0	0.24466338259441708	0.24794745484400657	0.8144499178981938	0.0	0.0	0.36288998357963875	0.0	0.39901477832512317	0.3448275862068966	0.9819376026272578	0.052545155993431854	0.49589490968801314	0.49589490968801314	1.3579638752052545	0.7733990147783252	0.9310344827586207	0.4909688013136289	0.6420361247947455	0.986863711001642	1.7816091954022988	1.825944170771757	0.9917898193760263
1024817	0.8462783171521036	0.33980582524271846	1.668284789644013	0.4886731391585761	0.38996763754045305	1.0485436893203883	0.9741100323624595	1.6488673139158576	1.419093851132686	0.0	0.48705501618122976	0.24433656957928804	0.0	0.0	0.4886731391585761	2.177993527508091	2.4320388349514563	0.0	0.970873786407767	0.37216828478964403	0.48705501618122976	1.2750809061488673	0.8932038834951457	0.0	0.0	0.0	0.8932038834951457	1.5	0.3786407766990291
1383334	0.7670940170940171	0.0	0.4188034188034188	0.0	0.3995726495726496	0.6944444444444444	1.5598290598290598	0.4166666666666667	2.108974358974359	0.0	0.0	0.0	0.48717948717948717	0.0	0.5170940170940171	0.5427350427350427	3.126068376068376	0.6452991452991453	0.0	0.18803418803418803	0.0	1.2072649572649572	0.4935897435897436	1.5683760683760684	0.6452991452991453	0.7115384615384616	1.3376068376068375	2.3632478632478633	0.6431623931623932
1335539	0.0	0.0	0.0	0.0	0.0	0.0	0.0	0.0	0.0	0.0	0.5636856368563685	0.0	0.0	0.0	0.0	0.8157181571815718	0.0	0.6964769647696477	0.0	0.7506775067750677	0.0	0.0	0.0	0.21951219512195122	0.0	0.0	0.0	1.6368563685636857	0.5447154471544715
534369	1.2959770114942528	0.867816091954023	2.2270114942528734	0.6982758620689655	0.6379310344827587	0.0	0.8448275862068966	0.0	0.4339080459770115	0.0	0.0	0.0	0.0	0.0	0.4885057471264368	0.4339080459770115	1.382183908045977	0.0	0.8448275862068966	0.867816091954023	0.0	0.0	0.8505747126436781	0.8591954022988506	0.0	0.8419540229885057	2.0517241379310347	0.8448275862068966	1.089080459770115
127322	0.2132768361581921	0.0	0.0	0.1327683615819209	0.0	0.8516949152542372	0.0	0.4251412429378531	0.0	0.0	0.4251412429378531	0.0	0.0	0.0	0.268361581920904	0.7909604519774012	2.481638418079096	1.0847457627118644	0.2132768361581921	0.0	0.2711864406779661	0.4251412429378531	0.9166666666666666	0.346045197740113	0.4152542372881356	0.3870056497175141	0.03672316384180791	0.4745762711864407	0.5692090395480226
502142	0.33114035087719296	0.6929824561403509	1.9539473684210527	0.0	0.7785087719298246	0.6622807017543859	0.9605263157894737	0.42543859649122806	1.087719298245614	0.0	0.0	0.4934210526315789	0.0	0.0	0.05043859649122807	1.986842105263158	0.5921052631578947	1.4583333333333333	1.5460526315789473	1.7982456140350878	2.263157894736842	1.5285087719298245	0.37280701754385964	0.48903508771929827	0.6381578947368421	2.31140350877193	1.4210526315789473	0.9956140350877193	1.0833333333333333
1716160	0.46255506607929514	0.29466470876162504	1.0337738619676946	0.1478218306412139	0.1478218306412139	0.5903083700440529	0.14733235438081252	0.44248653940283894	0.5428291727851199	0.2540381791483113	0.29466470876162504	0.8879099363680861	0.14684287812041116	0.44248653940283894	0.461086637298091	1.1595692608908468	1.1478218306412138	0.5873715124816447	0.8056779246206559	0.6426823299069995	0.6510034263338228	0.5903083700440529	1.047479197258933	1.002447381302007	0.34165442976015664	0.7704356338717572	0.8683308859520313	1.2677435144395497	1.557513460597161
1716156	0.2866666666666667	0.0	1.45	0.9533333333333334	0.2866666666666667	0.0	2.11	0.0	0.47333333333333333	2.13	0.5	0.4866666666666667	0.0	0.20333333333333334	1.3033333333333332	0.48333333333333334	1.8233333333333333	0.7566666666666667	0.0	0.66	0.5533333333333333	0.5033333333333333	1.4633333333333334	0.0	2.026666666666667	1.1366666666666667	3.796666666666667	1.9	0.19333333333333333
1716157	0.729106628242075	0.13256484149855907	1.0547550432276658	0.3381364073006724	0.287223823246878	0.0	0.49375600384245916	0.5802113352545629	0.8674351585014409	0.5754082612872238	0.7079731027857828	0.0	0.5350624399615754	0.28914505283381364	0.5802113352545629	2.2046109510086453	1.9356388088376562	0.4956772334293948	0.7166186359269933	1.3890489913544668	0.11047070124879924	0.579250720461095	1.281460134486071	1.0595581171950048	0.6868395773294909	0.2881844380403458	1.1239193083573487	0.9798270893371758	0.6666666666666666
1716158	0.2854609929078014	0.0	1.8670212765957446	1.0141843971631206	0.0	0.5336879432624113	1.2943262411347518	0.26773049645390073	0.9875886524822695	0.8014184397163121	0.22695035460992907	0.012411347517730497	0.0	0.0	0.7978723404255319	1.326241134751773	1.75177304964539	1.0691489361702127	0.6968085106382979	0.8776595744680851	0.20212765957446807	0.1702127659574468	1.8794326241134751	1.225177304964539	0.26773049645390073	2.4875886524822697	0.5336879432624113	0.20212765957446807	1.175531914893617
1214389	0.21530758226037197	0.30758226037195996	0.3655221745350501	0.21530758226037197	0.21530758226037197	0.012875536480686695	0.21530758226037197	0.21530758226037197	0.8569384835479256	0.0	0.5436337625178826	0.43204577968526464	0.0	0.0	0.8605150214592274	0.4470672389127325	0.6824034334763949	0.15379113018597998	1.3247496423462088	0.6616595135908441	0.012875536480686695	0.7696709585121603	1.2804005722460658	0.1552217453505007	1.2360515021459229	0.48354792560801146	0.5371959942775394	0.6466380543633763	0.4928469241773963
1214390	0.3372093023255814	0.689922480620155	0.6744186046511628	0.0	0.6744186046511628	0.0	0.2248062015503876	0.0	0.0	0.0	0.32558139534883723	0.38372093023255816	0.0	0.0	0.0	1.7131782945736433	1.1162790697674418	0.0	0.5542635658914729	1.4534883720930232	0.3062015503875969	0.3372093023255814	0.42248062015503873	0.27906976744186046	0.05426356589147287	0.3643410852713178	2.1627906976744184	1.124031007751938	1.1550387596899225
82012	0.0	0.30404040404040406	0.1494949494949495	0.0	0.0	0.0	0.396969696969697	0.0	0.41515151515151516	0.0	0.0	0.4818181818181818	0.07575757575757576	0.0	0.403030303030303	0.7464646464646465	0.4262626262626263	0.5	0.0	0.06666666666666667	1.095959595959596	1.9262626262626263	0.602020202020202	0.29292929292929293	0.1505050505050505	0.30404040404040406	0.30505050505050507	0.30505050505050507	0.6060606060606061
609313	0.4074074074074074	0.3055555555555556	1.216931216931217	0.0	1.1904761904761905	0.3968253968253968	0.0	0.0	0.7962962962962963	0.4656084656084656	0.0	0.0	0.0	0.2275132275132275	0.7248677248677249	1.4695767195767195	0.44841269841269843	0.8095238095238095	0.39814814814814814	0.9775132275132276	0.0	0.794973544973545	0.798941798941799	0.4603174603174603	0.7962962962962963	0.4669312169312169	1.8015873015873016	1.1917989417989419	0.2777777777777778
114938	2.036111111111111	0.0	0.0	0.0	0.2111111111111111	0.06666666666666667	0.7444444444444445	0.41944444444444445	0.6611111111111111	0.0	1.163888888888889	0.8388888888888889	0.0	0.0	0.0	3.888888888888889	0.5777777777777777	0.6166666666666667	1.125	0.9777777777777777	0.5111111111111111	0.6805555555555556	2.8444444444444446	1.3444444444444446	0.0	0.0	0.6055555555555555	0.4166666666666667	0.0
990777	0.8754833720030936	0.037122969837587005	2.0703789636504255	0.7540603248259861	0.46635730858468677	0.11678267594740913	0.8530549110595514	0.34957463263727767	0.7339520494972931	0.46403712296983757	0.4671307037896365	0.42072699149265275	0.0	0.0	0.0	0.8638824439288476	0.4408352668213457	0.6303170920340294	1.065738592420727	0.4833720030935808	0.851508120649652	0.33101314771848417	2.1515854601701467	1.0386697602474864	1.165506573859242	1.7022428460943542	1.0928074245939676	0.7911832946635731	1.165506573859242
1695580	0.0	0.0	0.29901960784313725	0.05392156862745098	0.0	0.0	0.0	0.0	0.0	0.0	0.0	0.024509803921568627	0.0	0.0	0.0	0.7549019607843137	1.7205882352941178	1.3333333333333333	0.0	0.0	0.7401960784313726	0.0	0.0	0.05392156862745098	1.8333333333333333	0.0	0.0	0.5980392156862745	3.4313725490196076
1695581	0.6942528735632184	0.29195402298850576	0.5379310344827586	0.6528735632183909	0.0	0.0	0.0022988505747126436	0.0	0.0	0.0	0.0	0.49885057471264366	0.0	0.0	0.0	1.6183908045977011	0.38620689655172413	0.9241379310344827	0.6942528735632184	1.7149425287356321	0.0	0.0	1.3793103448275863	0.6551724137931034	0.5885057471264368	0.09195402298850575	0.0	0.0	0.6919540229885057
1695582	0.0	0.35991820040899797	0.0	0.0	0.0	0.6155419222903885	0.8139059304703476	0.0	0.6134969325153374	0.0	0.0	0.17177914110429449	0.0	0.0	0.0	1.2678936605316973	0.5398773006134969	0.689161554192229	0.0	1.0388548057259714	0.2740286298568507	0.0	0.0	0.0	0.40081799591002043	0.6871165644171779	0.0	0.35173824130879344	0.30879345603271985
1261337	0.4671916010498688	0.2615923009623797	1.1189851268591426	0.33070866141732286	0.26334208223972005	0.09536307961504811	1.3167104111986	0.13123359580052493	0.558180227471566	1.0271216097987752	0.0	0.26334208223972005	0.0	0.0	0.46019247594050744	1.3665791776027996	1.4479440069991252	0.9597550306211724	1.2834645669291338	0.4531933508311461	0.0	1.026246719160105	1.2747156605424321	0.0	0.4759405074365704	2.1233595800524934	1.2230971128608923	1.0078740157480315	0.8591426071741033
1261343	0.7705627705627706	0.18398268398268397	0.9004329004329005	0.12337662337662338	1.2207792207792207	0.0	0.49783549783549785	0.0	0.0	0.8398268398268398	0.07575757575757576	0.9783549783549783	0.0	1.9610389610389611	0.0	0.08658008658008658	1.0173160173160174	0.948051948051948	2.435064935064935	0.1277056277056277	0.2748917748917749	1.3398268398268398	0.5757575757575758	0.3181818181818182	0.6536796536796536	1.6645021645021645	2.212121212121212	1.9870129870129871	2.6515151515151514
1261345	1.5234375	0.0	2.2526041666666665	0.7838541666666666	0.0	0.0	1.90625	0.7864583333333334	0.7864583333333334	0.16666666666666666	0.3932291666666667	0.7864583333333334	0.0	0.0	0.2760416666666667	0.7786458333333334	0.625	0.0	1.875	1.8385416666666667	0.4244791666666667	1.2473958333333333	0.7317708333333334	0.6744791666666666	0.7864583333333334	0.8619791666666666	1.8854166666666667	1.5729166666666667	2.0859375
1344051	0.04618473895582329	0.0	2.961847389558233	0.08433734939759036	0.1285140562248996	0.30120481927710846	0.39357429718875503	0.012048192771084338	0.3032128514056225	0.2570281124497992	0.18072289156626506	0.014056224899598393	0.0	0.0	0.4718875502008032	1.2389558232931728	0.6044176706827309	0.0	0.13453815261044177	0.6566265060240963	1.2931726907630523	0.4759036144578313	1.536144578313253	0.5943775100401606	0.5682730923694779	0.0	0.0	0.4799196787148594	1.1546184738955823
141002	1.0217391304347827	0.0	0.6221532091097308	0.468944099378882	1.5890269151138716	0.30952380952380953	1.1200828157349896	0.0	0.17805383022774326	0.3105590062111801	0.6242236024844721	0.5248447204968945	0.0	0.0	0.6884057971014492	0.16563146997929606	1.9182194616977226	0.598343685300207	1.5973084886128364	0.31262939958592134	0.0	0.6511387163561076	1.3488612836438922	0.8726708074534162	0.6231884057971014	0.9596273291925466	0.3146997929606625	0.9658385093167702	0.9368530020703933
269032	0.538135593220339	0.2132768361581921	0.6348870056497176	0.21257062146892655	0.2980225988700565	0.211864406779661	0.3163841807909605	0.4286723163841808	0.0	0.23728813559322035	0.0	0.2563559322033898	0.21045197740112995	0.0	0.6984463276836158	1.0663841807909604	1.127824858757062	0.2132768361581921	0.4251412429378531	1.8615819209039548	0.07768361581920905	0.5317796610169492	0.7902542372881356	1.4555084745762712	0.1271186440677966	1.6822033898305084	0.4251412429378531	0.6384180790960452	0.9088983050847458
1095021	1.0545073375262055	0.0	0.4025157232704403	0.0	1.2641509433962264	0.6310272536687631	0.0020964360587002098	0.0	0.3165618448637317	0.0	0.6310272536687631	0.23060796645702306	0.5576519916142557	0.6331236897274634	1.0041928721174005	0.8616352201257862	1.8930817610062893	1.2662473794549267	1.450733752620545	0.6289308176100629	0.6729559748427673	0.7169811320754716	0.949685534591195	1.178197064989518	1.1383647798742138	0.7651991614255765	0.12159329140461216	0.0	0.6331236897274634
780136	0.0	0.0	0.43137254901960786	0.0	0.2235294117647059	0.0	0.0	0.0	1.184313725490196	0.7254901960784313	0.0	0.0	0.0	0.0	1.1254901960784314	1.1450980392156862	0.788235294117647	0.12549019607843137	0.8431372549019608	0.6313725490196078	0.0	0.49019607843137253	0.12941176470588237	0.7647058823529411	1.8352941176470587	0.3058823529411765	2.0431372549019606	0.11372549019607843	2.3333333333333335
623654	1.3468834688346885	0.8102981029810298	0.2926829268292683	0.5962059620596206	0.6720867208672087	0.0	0.8157181571815718	0.8184281842818428	1.3712737127371273	0.0	0.4092140921409214	0.7425474254742548	0.0	0.0	0.0	3.4607046070460705	0.13821138211382114	0.8888888888888888	1.951219512195122	0.3956639566395664	1.5718157181571815	1.1111111111111112	0.8102981029810298	1.5907859078590787	0.0	1.8834688346883468	1.165311653116531	1.5149051490514904	0.7588075880758808
577552	0.7709611451942741	0.6155419222903885	0.3006134969325153	0.6134969325153374	0.0	0.10429447852760736	1.0552147239263803	0.0	0.9038854805725971	1.247443762781186	0.3169734151329243	0.30879345603271985	0.0	0.4335378323108384	2.077709611451943	2.850715746421268	0.3047034764826176	0.8118609406952966	1.0552147239263803	1.721881390593047	2.226993865030675	0.7055214723926381	1.8588957055214723	1.2229038854805725	0.8261758691206544	0.11042944785276074	0.0	0.30879345603271985	0.12269938650306748
577553	2.2344827586206897	0.0	2.386206896551724	0.6896551724137931	0.0	0.0	0.37471264367816093	0.0	0.0	0.3448275862068966	0.0	0.0	0.0	0.3448275862068966	2.4229885057471265	4.128735632183908	0.6942528735632184	0.6873563218390805	1.8551724137931034	1.393103448275862	1.3149425287356322	0.6666666666666666	1.5195402298850575	0.013793103448275862	0.4827586206896552	2.9586206896551723	1.3402298850574712	0.993103448275862	2.4873563218390804
