key	WAM_ALR	WAM_CCR	WAM_IPI	WAM_MAR	WAM_MYS	WAM_PBL	WAM_PJN	WAM_PPR	WAM_PST	WAM_ROL	WAM_SCR	WAM_SGN	WAM_SIS	WAM_TWN	WAR_ALR	WAR_CCR	WAR_IPI	WAR_MAR	WAR_MYS	WAR_PBL	WAR_PJN	WAR_PPR	WAR_PSK	WAR_PST	WAR_RNW	WAR_ROL	WAR_SCR	WAR_SGL	WAR_SIS
792175	0.0	0.0	0.0	0.0	0.0	1.1080246913580247	0.0	0.3096707818930041	0.04938271604938271	2.1409465020576133	1.1131687242798354	0.0	0.31069958847736623	1.3847736625514404	0.0	0.0	0.0	0.0	0.0	0.0	0.0	0.0	0.0	0.0	0.0	0.0	0.0	0.0	0.0
808144	0.0	0.10871130309575235	0.1079913606911447	0.5428365730741541	0.1079913606911447	0.6393088552915767	0.10871130309575235	1.3448524118070555	0.0	6.4146868250539955	1.0359971202303815	0.0	0.6472282217422606	1.4910007199424047	0.0	0.0	0.0	0.0	0.17134629229661627	0.0	0.0	0.15982721382289417	0.0	0.0	0.0	0.0	0.0	0.012958963282937365	0.0
1606268	0.0	0.0	0.0	0.0	0.0	0.0	0.0	0.0	0.0	0.0	0.3111111111111111	0.0	0.0	0.0	0.0	0.0	0.0	0.0	0.0	0.0	0.0	0.0	0.0	0.0	0.0	0.0	0.0	0.0	0.0
626590	0.0	0.23255813953488372	0.0	0.0	0.0	0.6635658914728683	0.0	0.8542635658914729	0.0	5.303100775193799	0.6968992248062016	0.0	0.23410852713178296	0.5829457364341085	0.0	0.0	0.0	0.0	0.0	0.23333333333333334	0.0	0.0	0.0	0.0	0.0	0.0	0.0	0.0	0.0
1676442	0.0	0.0	0.0	0.775	0.0	0.3111111111111111	0.0	0.6305555555555555	0.0	6.552777777777778	0.8361111111111111	0.0	0.0	0.18333333333333332	0.0	0.0	0.0	0.0	0.0	0.0	0.0	0.0	0.0	0.0	0.0	0.0	0.5194444444444445	0.0	0.0
1676443	0.0	0.0	0.0	0.04868913857677903	0.0	0.8426966292134831	0.0	1.8108614232209739	0.0	6.904494382022472	1.4194756554307115	0.0	0.0	0.6985018726591761	0.0	0.0	0.0	0.0	0.0	0.0	0.0	0.0	0.0	0.0	0.0	0.0	0.17228464419475656	0.0	0.0
1676444	0.0	0.0	0.0	0.0	0.0	0.0	0.0	2.125	0.0	2.234375	0.3359375	0.0	0.0	0.0	0.0	0.0	0.0	0.0	0.0	0.3697916666666667	0.0	0.0	0.0	0.0	0.0	0.0	0.0	0.0	0.0
385819	0.0	0.0	0.0	0.8822355289421158	0.0	0.3013972055888224	0.0	0.4471057884231537	0.3013972055888224	3.9520958083832336	2.2095808383233533	0.0	0.0	0.4491017964071856	0.0	0.0	0.0	0.0	0.0	0.0	0.0	0.0	0.0	0.0	0.0	0.0	0.0	0.0	0.0
144476	0.0	0.0	0.0	0.450354609929078	0.5319148936170213	1.326241134751773	0.975177304964539	0.7021276595744681	0.5638297872340425	4.127659574468085	0.5	0.20567375886524822	0.0	2.6879432624113475	0.0	0.0	0.0	0.0	0.0	0.0	0.0	0.0	0.0	0.1524822695035461	0.0	0.0	0.0	0.0	0.0
144477	0.0	0.0	0.0	0.44881889763779526	0.0	0.800524934383202	0.0	0.8372703412073491	0.36220472440944884	4.490813648293964	0.015748031496062992	0.23622047244094488	0.16535433070866143	1.1574803149606299	0.0	0.0	0.0	0.0	0.0	0.7847769028871391	0.0	0.0	0.0	0.6719160104986877	0.0	0.0	0.0	0.0	0.0
144479	0.0	0.0	0.0	0.0	0.0	0.0	0.0	1.1161048689138577	0.2808988764044944	5.413857677902621	0.848314606741573	0.0	0.5337078651685393	0.6385767790262172	0.0	0.0	0.0	0.0	0.28277153558052437	0.0	0.0	0.0	0.0	0.0	0.0	0.0	0.0	0.0	0.0
1507062	0.0	0.0	0.0	0.0	0.0	0.49589490968801314	0.0	0.5467980295566502	0.0	4.1592775041050905	0.23645320197044334	0.0	0.0	0.1412151067323481	0.0	0.0	0.0	0.0	0.0	0.0	0.0	0.0	0.0	0.5238095238095238	0.0	0.0	0.0	0.0	0.0
1335394	0.0	0.0	0.0	0.0	0.0	0.7978395061728395	0.0	0.125	0.0	5.762345679012346	0.6311728395061729	0.0	0.2330246913580247	0.628858024691358	0.0	0.0	0.0	0.0	0.0	0.2330246913580247	0.0	0.0	0.0	0.0	0.0	0.0	0.0	0.12654320987654322	0.0
580488	0.0	0.0	0.0	0.0	0.0	0.059322033898305086	0.0	1.5677966101694916	0.0	3.3587570621468927	1.5084745762711864	0.0	0.6610169491525424	1.1327683615819208	0.0	0.0	0.0	0.0	0.0	0.0	0.0	0.0	0.0	0.0	0.0	0.0	0.0	0.0	0.0
1707989	0.0	0.0	0.0	0.0	0.0	1.134238310708899	0.0	0.5912518853695324	0.22699849170437406	5.606334841628959	0.25414781297134237	0.0	0.004524886877828055	0.4336349924585219	0.0	0.0	0.0	0.0	0.0	0.0	0.0	0.0	0.0	0.0	0.0	0.0	0.0	0.0	0.0
1657751	0.0	0.0	0.0	0.0	0.6056910569105691	0.0	0.0	0.0	0.0	2.491869918699187	0.0	0.0	0.0	0.0	0.0	0.0	0.0	0.0	0.0	0.0	0.0	0.0	0.0	0.0	0.0	0.0	0.0	0.0	0.0
1657755	0.4092140921409214	0.0	0.0	2.2113821138211383	0.27100271002710025	0.4092140921409214	0.8319783197831978	1.5257452574525745	0.018970189701897018	8.130081300813009	1.3035230352303524	0.0	0.4092140921409214	0.3224932249322493	0.0	0.0	0.0	0.0	0.7506775067750677	0.0	0.3224932249322493	0.0	0.0	0.0	0.0	0.0	0.0	0.0	0.0
1657756	0.0	0.0	0.0	0.0	0.0	0.0	0.0	2.857142857142857	0.0	10.147186147186147	0.0	0.0	0.0	0.0	0.0	0.0	0.0	0.0	0.0	0.0	0.0	0.0	0.0	0.6493506493506493	0.0	0.0	0.0	0.0	0.0
1657757	0.0	0.0	0.0	0.0	0.0	0.0	0.0	3.611940298507463	1.2935323383084578	6.343283582089552	0.0	0.0	0.0	0.0	0.0	0.0	0.0	0.0	0.0	0.0	0.0	0.0	0.0	0.746268656716418	0.0	0.0	0.0	0.0	0.0
689941	0.0	0.0	0.0	0.0	0.0	0.4594594594594595	0.0	0.0	0.4024024024024024	3.6681681681681684	0.22672672672672672	0.0	0.0	0.42042042042042044	0.0	0.0	0.0	0.0	0.0	0.0	0.0	0.0	0.0	0.0	0.0	0.0	0.0	0.0	0.0
1578441	0.0	0.0	0.0	1.0185185185185186	0.0	1.4555555555555555	0.0	0.14074074074074075	0.0	7.877777777777778	0.8185185185185185	0.0	0.0	0.7962962962962963	0.0	0.0	0.0	0.0	0.0	1.1185185185185185	0.0	0.0	0.0	0.4777777777777778	0.0	0.0	0.0	0.0	0.0
552000	0.0	0.0	0.0	0.0	0.0	0.4149377593360996	0.41770401106500693	0.690179806362379	0.0	6.54356846473029	1.3748271092669433	0.0	0.0	0.9128630705394191	0.0	0.0	0.0	0.0	0.0	0.0	0.0	0.0	0.0	0.0	0.0	0.0	0.0	0.0	0.0
551998	0.0	0.8148148148148148	0.0	0.0	0.0	2.1784511784511786	0.0	0.36363636363636365	0.30976430976430974	5.377104377104377	0.09427609427609428	0.0	0.0	2.259259259259259	0.0	0.0	0.0	0.0	0.5050505050505051	0.0	0.0	0.0	0.0	0.0	0.0	0.0	0.0	0.0	0.0
551999	0.24433656957928804	0.0	0.0	0.0	0.0	2.174757281553398	0.0	0.5614886731391586	0.34627831715210355	5.906148867313916	0.44983818770226536	0.0	0.24433656957928804	0.9789644012944984	0.0	0.24433656957928804	0.0	0.24271844660194175	0.0	0.0	0.24271844660194175	0.0	0.0	0.0	0.0	0.0	0.23948220064724918	0.0	0.0
638438	0.37212643678160917	0.0	0.0	0.0	0.0	1.1307471264367817	0.43103448275862066	0.8591954022988506	0.0	4.033045977011494	1.0732758620689655	0.0	0.21695402298850575	0.4324712643678161	0.0	0.0	0.0	0.0	0.0	0.0	0.0	0.0	0.0	0.0	0.0	0.0	0.0	0.0	0.0
662544	0.0	0.0	0.0	0.0	0.0	1.0312805474095796	0.0	0.002932551319648094	0.38220918866080156	5.453567937438905	1.4281524926686218	0.0	0.0	0.17595307917888564	0.0	0.0	0.0	0.0	0.0	0.0	0.0	0.0	0.0	0.5395894428152492	0.0	0.0	0.29521016617790813	0.0	0.0
662543	0.0	0.0	0.0	0.0	0.0	1.0869565217391304	0.0	1.0878623188405796	0.19293478260869565	5.361413043478261	1.664855072463768	0.0	0.0	0.654891304347826	0.0	0.0	0.0	0.0	0.0	0.0	0.0	0.0	0.0	0.0	0.0	0.0	0.0	0.0	0.0
170750	0.0	0.0	0.0	0.6572104018912529	0.0	1.2955082742316786	0.0	0.35224586288416077	1.0685579196217494	3.3853427895981087	0.4397163120567376	0.0	0.0	0.48226950354609927	0.0	0.0	0.0	0.0	0.0	0.0	0.0	0.0	0.0	0.7021276595744681	0.0	0.0	0.0	0.0	0.0
63550	0.0	0.0	0.0	0.0	0.0	0.7362637362637363	0.0	0.27106227106227104	0.0989010989010989	3.565934065934066	0.0	0.0	0.0	0.0	0.0	0.0	0.0	0.0	0.0	0.0	0.0	0.0	0.0	0.0	0.0	0.0	0.0	0.0	0.0
1609372	0.0	0.0	0.0	0.8244274809160306	0.0	0.0	0.0	1.3918575063613232	0.0	3.8066157760814248	0.030534351145038167	0.0	0.0	0.0	0.0	0.0	0.0	0.0	0.0	0.0	0.0	0.0	0.0	0.0	0.0	0.0	0.0	0.0	0.0
1609373	0.0	0.0	0.0	0.3035230352303523	0.0	0.0	0.0	0.8048780487804879	0.0	2.5501355013550135	2.341463414634146	0.0	0.0	0.4065040650406504	0.0	0.0	0.0	0.0	0.4065040650406504	0.0	0.0	0.0	0.0	0.8292682926829268	0.0	0.0	0.0	0.0	0.0
1609375	0.0	0.0	0.0	0.12014652014652015	0.0	0.6622710622710622	0.0	0.5377289377289377	0.22124542124542124	4.985347985347985	1.306959706959707	0.0	0.5421245421245421	0.3978021978021978	0.0	0.0	0.0	0.0	0.0	0.0	0.11428571428571428	0.0	0.0	0.0	0.0	0.0	0.0	0.0	0.0
1723534	0.0	0.0	0.0	0.0	0.0	1.2402597402597402	0.0	0.9761904761904762	0.0	3.79978354978355	0.6536796536796536	0.0	0.0	0.32575757575757575	0.0	0.0	0.0	0.0	0.0	0.0	0.0	0.0	0.0	0.0	0.0	0.0	0.0	0.0	0.0
1030357	0.0	0.033816425120772944	0.0	0.0	0.0	0.6537842190016103	0.0	2.536231884057971	0.0	7.291465378421901	0.2286634460547504	0.0	0.0	0.32689210950080516	0.0	0.0	0.0	0.0	0.0	0.0	0.0	0.0	0.0	0.0	0.0	0.0	0.0	0.0	0.0
9002	0.0	0.0	0.0	0.0	0.0	0.3924731182795699	0.0	0.0	0.0	2.6129032258064515	0.0	0.0	0.0	0.0	0.0	0.0	0.0	0.0	0.0	0.0	0.0	0.0	0.0	1.456989247311828	0.0	0.0	0.0	0.0	0.0
363728	0.0	0.0	0.0	0.1711229946524064	0.0	0.5365418894830659	0.0	1.071301247771836	0.0	4.103386809269162	1.5436720142602496	0.0	0.0	0.0071301247771836	0.0	0.0	0.0	0.0	0.0	1.0748663101604279	0.0	0.0	0.0	0.0	0.0	0.0	0.0	0.0	0.0
1204990	0.0	0.0	0.7225130890052356	1.5026178010471205	0.5078534031413613	0.9598603839441536	0.26352530541012215	1.4380453752181501	0.2513089005235602	6.029668411867365	0.4397905759162304	0.6788830715532286	0.493891797556719	1.6736474694589878	0.0	0.0	0.0	0.0	0.0	0.450261780104712	0.0	0.0	0.0	0.26352530541012215	0.0	0.0	0.0	0.0	0.0
1204991	0.0	0.0	0.012738853503184714	1.0169851380042463	0.0	1.118895966029724	0.0	0.14225053078556263	0.4033970276008493	3.1358811040339702	0.7197452229299363	0.3184713375796178	0.0	0.32908704883227174	0.0	0.0	0.0	0.0	0.0	0.0	0.0	0.0	0.0	0.692144373673036	0.0	0.0	0.0	0.0	0.0
281663	0.0	0.0	0.0	0.1984126984126984	0.0	0.39814814814814814	0.3955026455026455	1.1455026455026456	0.5291005291005291	5.564814814814815	1.257936507936508	0.0	0.0	1.306878306878307	0.0	0.0	0.0	0.0	0.0	0.04894179894179894	0.1984126984126984	0.0	0.0	0.0	0.0	0.0	0.0	0.0	0.0
