key	WAM_ALR	WAM_CCR	WAM_IPI	WAM_MAR	WAM_MYS	WAM_PBL	WAM_PJN	WAM_PPR	WAM_PST	WAM_ROL	WAM_SCR	WAM_SGN	WAM_SIS	WAM_TWN	WAR_ALR	WAR_CCR	WAR_IPI	WAR_MAR	WAR_MYS	WAR_PBL	WAR_PJN	WAR_PPR	WAR_PSK	WAR_PST	WAR_RNW	WAR_ROL	WAR_SCR	WAR_SGL	WAR_SIS
1588743	0.006993006993006993	2.466977466977467	0.11732711732711733	0.9324009324009324	0.6278166278166278	1.543900543900544	0.7793317793317793	0.8648018648018648	0.9067599067599068	0.0	3.4366744366744366	1.1693861693861693	0.0	0.0	0.0	8.938616938616939	0.4677544677544678	4.757575757575758	0.1414141414141414	2.1623931623931623	1.836052836052836	8.53069153069153	0.23465423465423466	3.386169386169386	2.198135198135198	0.0	5.83993783993784	0.8181818181818182	0.0
194873	0.43333333333333335	1.385	0.95	1.0233333333333334	0.45666666666666667	0.8433333333333334	0.675	0.5033333333333333	0.5016666666666667	0.0	3.473333333333333	0.41333333333333333	0.0	0.0	0.0	13.416666666666666	0.0	4.551666666666667	0.9016666666666666	4.168333333333333	3.325	9.633333333333333	0.0	0.61	2.8533333333333335	0.0	2.84	1.1033333333333333	0.0
238502	0.0	1.4832881662149955	0.26287262872628725	1.6666666666666667	0.0	1.923215898825655	2.1996386630532974	0.5456187895212286	1.2710027100271002	0.0	4.666666666666667	0.916892502258356	0.0	0.0	0.0	12.134598012646792	0.0	3.8491418247515807	0.2728093947606143	2.5591689250225835	1.3125564588979224	7.265582655826559	0.0	1.8130081300813008	2.010840108401084	0.0	6.339656729900632	1.089430894308943	0.0
238508	0.5136054421768708	1.1428571428571428	0.0	0.445578231292517	0.0	2.2006802721088436	1.534013605442177	0.0	0.0	0.0	1.9489795918367347	1.2891156462585034	0.0	0.0	1.0204081632653061	4.163265306122449	0.0	0.6258503401360545	0.38095238095238093	1.1054421768707483	1.1122448979591837	7.72108843537415	0.0	3.4081632653061225	6.285714285714286	0.0	7.275510204081633	0.6020408163265306	0.0
238511	0.0	1.6759045419553502	0.0	1.1262509622786758	0.2317167051578137	1.147036181678214	1.3410315627405696	0.7066974595842956	1.250192455735181	0.0	2.414164742109315	1.073133179368745	0.0	0.0	0.23017705927636645	9.110854503464203	0.0	2.775211701308699	0.0	2.2817551963048497	1.1131639722863742	8.742109314857583	0.05234795996920708	0.9438029253271748	2.1293302540415704	0.2178598922247883	4.394919168591224	1.4395688991531947	0.0
238519	0.0	1.9449838187702266	0.0	0.9514563106796117	0.0	0.0	1.1197411003236246	0.7330097087378641	1.5372168284789645	0.0	2.7475728155339807	1.22168284789644	0.0	0.0	0.0	6.9288025889967635	0.0	2.469255663430421	0.0	4.016181229773463	0.0	5.326860841423948	0.0	2.2572815533980584	1.948220064724919	0.0	5.305825242718447	0.7297734627831716	0.4368932038834951
238522	0.91	1.5233333333333334	5.183333333333334	1.1	2.256666666666667	0.42	2.973333333333333	2.1066666666666665	0.5	0.0	0.7633333333333333	3.7666666666666666	0.0	0.0	1.8333333333333333	1.3933333333333333	2.73	3.27	1.49	1.49	2.006666666666667	4.07	2.15	2.433333333333333	3.95	0.64	1.5133333333333334	3.43	1.4433333333333334
238523	1.7241379310344827	3.099616858237548	3.9272030651340994	0.421455938697318	1.5306513409961686	0.7969348659003831	2.9099616858237547	0.5977011494252874	1.6800766283524904	0.578544061302682	1.735632183908046	0.7605363984674329	0.0	0.0	0.6340996168582376	2.78544061302682	1.6455938697318007	4.145593869731801	1.9885057471264367	2.1954022988505746	2.4310344827586206	3.5421455938697317	1.5977011494252873	1.71455938697318	1.3045977011494252	0.28735632183908044	3.657088122605364	1.396551724137931	2.028735632183908
1617792	0.0	0.34334763948497854	0.0	0.4220314735336195	0.0	1.0100143061516451	1.5071530758226037	0.0	0.6072961373390557	0.017167381974248927	3.1008583690987126	0.6602288984263234	0.0	0.0	0.0	7.8004291845493565	0.0	2.908440629470672	0.5329041487839771	4.34549356223176	0.9070100143061517	6.198855507868384	0.21602288984263232	1.0464949928469243	2.8025751072961373	0.0	4.925608011444921	1.2889842632331903	0.0
1617793	0.4728682170542636	1.9651162790697674	0.0	0.0	0.0	0.05426356589147287	0.8449612403100775	0.0	1.7945736434108528	2.193798449612403	1.697674418604651	2.2170542635658914	0.0	0.0	0.0	7.732558139534884	0.0	6.174418604651163	0.0	1.1511627906976745	3.937984496124031	6.895348837209302	0.0	2.2713178294573644	4.678294573643411	0.0	9.046511627906977	0.2248062015503876	0.0
531615	0.0	0.18022328548644337	0.030303030303030304	1.1499202551834131	0.20095693779904306	0.0	0.9346092503987241	1.161084529505582	1.3189792663476874	0.0	3.6618819776714515	1.0111642743221692	0.0	0.0	0.0	7.51993620414673	0.0	2.3684210526315788	0.9473684210526315	3.277511961722488	0.9537480063795853	6.853269537480064	0.0	2.9330143540669855	3.0350877192982457	0.0	5.22488038277512	0.9505582137161085	0.0
581775	0.0	2.902222222222222	1.1466666666666667	0.96	1.0844444444444445	1.728888888888889	0.18666666666666668	0.0	0.88	0.0	5.711111111111111	2.5244444444444443	0.0	0.0	0.0	11.164444444444445	0.24444444444444444	4.982222222222222	0.0	5.377777777777778	1.8044444444444445	10.497777777777777	0.0	2.831111111111111	4.306666666666667	2.3644444444444446	5.551111111111111	0.5155555555555555	0.0
581776	0.0	1.4161073825503356	0.6711409395973155	0.3333333333333333	0.0	1.4228187919463087	0.5838926174496645	0.3333333333333333	1.225950782997763	0.0	6.149888143176733	2.568232662192394	0.0	0.0	0.0	5.467561521252796	0.668903803131991	1.7561521252796422	0.0	3.422818791946309	3.295302013422819	8.04026845637584	0.6733780760626398	1.3064876957494407	2.3266219239373602	0.0	5.96420581655481	0.6510067114093959	0.0
398867	0.0	2.2865497076023393	0.0	0.7134502923976608	1.0701754385964912	1.286549707602339	0.017543859649122806	1.124756335282651	1.087719298245614	0.0	2.074074074074074	1.4541910331384016	0.0	0.0	0.0	6.906432748538012	0.0	2.0682261208577	0.5497076023391813	4.245614035087719	1.165692007797271	6.2066276803118905	0.0	2.573099415204678	2.239766081871345	0.23976608187134502	5.331384015594542	0.935672514619883	0.0
398871	0.0	1.400611620795107	0.35575942915392456	1.13506625891947	0.15392456676860347	0.9969418960244648	1.8389398572884812	0.8353720693170235	1.0754332313965342	0.0	3.2579001019367992	1.8690112130479104	0.0	0.11518858307849134	0.0	9.612130479102957	0.0	4.151376146788991	0.6131498470948012	4.406218144750254	3.0295616717635068	10.892966360856269	0.7640163098878695	2.808868501529052	3.6314984709480123	0.0	6.655453618756371	1.754841997961264	0.0
398863	0.0	2.923076923076923	0.5948717948717949	0.0	0.0	2.2948717948717947	0.19487179487179487	0.3871794871794872	0.5230769230769231	0.0	3.4512820512820515	3.0256410256410255	0.0	0.0	0.7461538461538462	11.638461538461538	0.0	4.538461538461538	0.0	1.9487179487179487	2.112820512820513	8.7	1.1435897435897435	1.2512820512820513	4.971794871794872	0.0	5.48974358974359	1.6923076923076923	0.7435897435897436
398864	0.0	1.6814814814814816	0.0	0.6314814814814815	0.0	1.15	4.866666666666666	0.2777777777777778	1.4777777777777779	0.0	2.7888888888888888	0.5351851851851852	0.0	0.0	0.0	15.646296296296295	0.0	3.2055555555555557	0.0	2.911111111111111	2.5944444444444446	10.50925925925926	0.5592592592592592	0.5740740740740741	0.9962962962962963	0.0	2.7814814814814817	1.1611111111111112	0.0
398865	0.0	2.150537634408602	0.46236559139784944	0.3794162826420891	0.0	1.0368663594470047	1.6006144393241168	0.3348694316436252	1.5145929339477726	0.0	2.651305683563748	0.9877112135176651	0.0	0.0	0.0	9.367127496159755	0.0	4.513056835637481	0.5468509984639017	1.728110599078341	1.2549923195084485	8.357910906298002	0.0	0.7511520737327189	3.6927803379416284	0.0	7.2734254992319505	2.013824884792627	0.0
526663	0.7416666666666667	1.0472222222222223	0.7333333333333333	1.0638888888888889	0.7666666666666667	1.4416666666666667	1.7416666666666667	1.0611111111111111	1.65	0.0	4.45	0.6833333333333333	0.0	0.0	0.4027777777777778	3.7916666666666665	0.0	0.18888888888888888	0.7194444444444444	1.7777777777777777	2.6166666666666667	9.927777777777777	0.0	3.986111111111111	0.7277777777777777	0.0	7.616666666666666	0.0	0.0
526670	0.0	0.6037296037296037	0.0	1.7878787878787878	0.0	0.7692307692307693	0.02097902097902098	0.0	0.0	0.0	3.041958041958042	0.0	0.0	0.0	0.0	7.687645687645688	0.5944055944055944	3.6107226107226107	0.34965034965034963	2.5687645687645686	1.7762237762237763	7.766899766899767	0.0	1.3822843822843822	0.6503496503496503	0.0	2.501165501165501	0.7762237762237763	0.0
526671	0.0	1.2743221690590112	0.0	1.5087719298245614	0.0	1.773524720893142	1.5055821371610845	0.0	0.6810207336523126	0.0	2.81658692185008	0.24082934609250398	0.0	0.0	0.0	11.303030303030303	0.0	2.7830940988835726	1.036682615629984	3.6842105263157894	1.8915470494417863	7.6682615629984054	0.0	1.6427432216905902	0.7272727272727273	0.0	5.685805422647528	0.6172248803827751	0.0
320109	0.0	2.067073170731707	0.0	1.3414634146341464	0.0	0.7032520325203252	0.6971544715447154	0.2459349593495935	0.6138211382113821	0.0	1.7926829268292683	1.1199186991869918	0.0	0.0	0.0	4.573170731707317	0.6117886178861789	2.2540650406504064	0.0	2.7804878048780486	1.4004065040650406	7.926829268292683	0.0	1.16869918699187	0.9044715447154471	0.0	2.1991869918699187	0.0	0.5345528455284553
320110	0.0	1.768976897689769	0.0	0.22772277227722773	0.0	0.0	0.7788778877887789	0.5082508250825083	0.0	0.0	0.858085808580858	0.0	0.0	0.0	0.0	0.5874587458745875	0.0	1.0627062706270627	0.0	1.4356435643564356	0.6237623762376238	2.5082508250825084	0.0	0.801980198019802	0.7194719471947195	0.0	2.075907590759076	0.0	0.0
1086929	0.0	1.4073033707865168	0.0	1.8792134831460674	0.0	0.8370786516853933	1.4110486891385767	0.28277153558052437	0.8455056179775281	0.0	0.7865168539325843	0.8417602996254682	0.0	0.28277153558052437	0.0	5.681647940074907	0.0	3.348314606741573	0.2808988764044944	3.241573033707865	0.5646067415730337	7.198501872659176	0.2818352059925094	1.547752808988764	2.4176029962546814	0.0	3.9241573033707864	0.28277153558052437	0.0
740955	0.0	1.6278118609406953	0.0	1.116564417177914	0.0	2.2822085889570554	1.7893660531697342	0.25153374233128833	2.476482617586912	0.47648261758691207	2.7341513292433537	2.214723926380368	0.0	0.0	0.6482617586912065	10.574642126789366	0.0	3.6482617586912065	0.0	5.554192229038855	2.8752556237218814	10.560327198364009	0.6687116564417178	2.985685071574642	2.245398773006135	0.016359918200409	8.41922290388548	2.32719836400818	1.0674846625766872
740956	0.0	4.211494252873563	0.0	0.0	0.4850574712643678	0.9402298850574713	0.9701149425287356	1.0229885057471264	1.8022988505747126	0.16091954022988506	4.602298850574712	1.9770114942528736	0.0	0.0	0.6551724137931034	10.797701149425288	0.0	4.360919540229885	0.0	3.425287356321839	1.3862068965517242	7.972413793103448	0.0	4.135632183908046	2.6735632183908047	0.6344827586206897	5.726436781609196	1.1540229885057471	0.1839080459770115
740957	0.0	3.2401960784313726	0.5392156862745098	1.7598039215686274	1.6666666666666667	0.0	1.4215686274509804	2.3872549019607843	0.9411764705882353	0.0	2.4558823529411766	0.7156862745098039	0.0	0.0	0.0	9.392156862745098	0.0	2.372549019607843	0.11274509803921569	1.588235294117647	0.7352941176470589	9.392156862745098	0.0	1.2745098039215685	2.8480392156862746	0.7156862745098039	7.671568627450981	1.4019607843137254	0.0
271452	0.0	1.4794520547945205	0.0	0.37625570776255707	0.0	1.1013698630136985	0.915068493150685	0.24383561643835616	0.6922374429223744	0.0	4.960730593607306	0.8118721461187215	0.0	0.0	0.0	7.317808219178082	0.0	1.9744292237442922	0.41187214611872147	2.7187214611872146	0.8484018264840183	7.1406392694063925	0.0	1.3844748858447489	1.924200913242009	0.0	5.565296803652968	1.0027397260273974	0.0
895960	0.0	4.528	0.0	0.576	0.0	0.696	1.4	0.0	1.2106666666666666	0.0	3.0986666666666665	2.1466666666666665	0.0	0.0	0.0	9.493333333333334	0.0	3.2053333333333334	0.0	4.688	2.656	12.501333333333333	0.0	1.3173333333333332	2.3973333333333335	0.0	4.954666666666666	2.0	0.0
992615	0.0	1.280367231638418	0.2076271186440678	0.6377118644067796	0.0	1.3008474576271187	1.2937853107344632	0.4117231638418079	0.6313559322033898	0.0	2.205508474576271	0.9194915254237288	0.0	0.0	0.11299435028248588	8.310028248587571	0.2132768361581921	2.4477401129943503	0.2132768361581921	4.173022598870056	1.9526836158192091	7.053672316384181	0.0	0.6624293785310734	2.310734463276836	0.0	6.507062146892656	1.0084745762711864	0.0
654784	0.0	2.4364261168384878	0.0	1.429553264604811	0.0	2.3986254295532645	0.0	0.6941580756013745	0.5154639175257731	0.0	5.261168384879725	0.49140893470790376	0.0	0.0	0.0	6.175257731958763	0.0	1.2646048109965635	0.0	6.0034364261168385	2.584192439862543	10.0893470790378	0.0	3.127147766323024	2.5807560137457046	0.0	6.494845360824742	5.120274914089347	0.0
654786	0.07537688442211055	1.304857621440536	0.7303182579564489	0.9011725293132329	0.0	1.2629815745393635	1.6013400335008374	0.25125628140703515	1.085427135678392	0.0	2.676716917922948	1.4422110552763818	0.0	0.0	0.0	9.075376884422111	0.0	2.6381909547738696	0.0	3.053601340033501	2.7370184254606365	13.559463986599665	0.2814070351758794	2.47571189279732	3.241206030150754	0.0	5.023450586264657	4.214405360134004	0.23618090452261306
537870	0.0	0.7507122507122507	0.3433048433048433	0.9886039886039886	0.0	1.5954415954415955	0.7763532763532763	0.0	0.6823361823361823	0.0	3.6666666666666665	2.2364672364672367	0.0	0.0	0.0	8.292022792022792	0.0	3.368945868945869	0.707977207977208	3.269230769230769	2.1894586894586894	8.008547008547009	0.42592592592592593	3.2535612535612537	1.0541310541310542	0.0	4.6424501424501425	0.0	0.301994301994302
941469	0.0	0.0	1.2976190476190477	2.3452380952380953	0.0	0.9464285714285714	4.0773809523809526	0.0	0.7202380952380952	0.0	0.39285714285714285	1.7619047619047619	0.0	0.0	0.7261904761904762	12.553571428571429	0.0	2.7202380952380953	0.20833333333333334	3.8988095238095237	4.744047619047619	15.821428571428571	0.0	1.9464285714285714	1.6011904761904763	0.0	7.648809523809524	1.9107142857142858	0.0
941470	0.0	0.8333333333333334	0.4502923976608187	1.1871345029239766	0.4415204678362573	1.1140350877192982	3.3391812865497075	0.0	0.049707602339181284	0.0	1.894736842105263	2.219298245614035	0.0	0.0	0.038011695906432746	11.929824561403509	0.0	2.017543859649123	0.6988304093567251	5.87719298245614	1.760233918128655	7.076023391812866	0.0	1.935672514619883	0.7309941520467836	0.0	6.131578947368421	1.9502923976608186	0.0
941464	0.38310708898944196	1.971342383107089	0.0	1.3815987933634992	0.0	0.5143288084464555	1.8340874811463046	0.9019607843137255	1.2473604826546003	0.0	1.3092006033182504	1.4630467571644041	0.0	0.0	0.09954751131221719	6.372549019607843	0.4555052790346908	3.1085972850678734	0.0	4.96078431372549	1.1357466063348416	12.650075414781297	0.0	1.7360482654600302	0.4042232277526395	0.0	3.5007541478129713	1.885369532428356	0.0
773237	0.0	1.2884615384615385	0.0	0.6452991452991453	0.32264957264957267	1.8547008547008548	0.75	0.0	0.6239316239316239	0.0	2.5662393162393164	0.7329059829059829	0.0	0.0	0.0	8.235042735042734	0.0	3.282051282051282	0.0	2.702991452991453	1.2841880341880343	6.438034188034188	0.0	1.735042735042735	3.341880341880342	0.0	8.702991452991453	0.75	0.0
559040	0.0	1.4007936507936507	0.5978835978835979	1.187830687830688	0.0	0.3994708994708995	1.1944444444444444	0.9841269841269841	0.7804232804232805	0.0	2.6018518518518516	0.8386243386243386	0.0	0.0	0.0	5.345238095238095	0.0	4.427248677248677	0.593915343915344	2.894179894179894	1.4907407407407407	9.874338624338625	0.0	1.1865079365079365	2.4814814814814814	0.0	4.167989417989418	0.39814814814814814	0.39814814814814814
889530	0.0	0.524904214559387	0.5095785440613027	2.1264367816091956	0.0	1.103448275862069	1.8352490421455938	0.0	0.04597701149425287	0.0	0.9655172413793104	0.210727969348659	0.0	0.0	0.0	11.210727969348659	0.41379310344827586	3.942528735632184	0.0	3.7279693486590038	2.7701149425287355	11.835249042145595	0.0	0.07662835249042145	0.9003831417624522	0.0	4.869731800766283	0.5670498084291188	0.0
77999	0.0	0.5574074074074075	0.5222222222222223	3.1444444444444444	0.0	0.5574074074074075	0.3425925925925926	0.8185185185185185	0.5592592592592592	0.0	3.7203703703703703	0.5574074074074075	0.0	0.0	0.0	9.022222222222222	0.5574074074074075	5.105555555555555	0.48518518518518516	1.1537037037037037	2.8537037037037036	8.37962962962963	0.0	0.5574074074074075	3.1925925925925926	0.0	9.122222222222222	2.240740740740741	0.0
1256562	0.0	2.487437185929648	1.912897822445561	1.4807370184254607	0.0	3.8375209380234505	1.5125628140703518	0.0	2.6683417085427137	0.0	6.2462311557788945	0.8207705192629816	0.0	0.0	0.6398659966499163	11.76716917922948	0.1708542713567839	7.075376884422111	1.6046901172529313	3.1457286432160805	1.1474036850921272	8.911222780569513	1.5125628140703518	3.0686767169179228	5.767169179229481	0.0	5.723618090452261	0.8341708542713567	0.7018425460636516
1623598	0.45481927710843373	1.0190763052208835	0.3032128514056225	0.3142570281124498	0.0	0.6957831325301205	0.5843373493975904	0.5050200803212851	0.9236947791164659	0.0	3.1917670682730925	1.215863453815261	0.0	0.0	0.0	5.168674698795181	0.3032128514056225	2.7791164658634537	0.30220883534136544	3.816265060240964	2.567269076305221	9.683734939759036	0.2419678714859438	2.107429718875502	2.357429718875502	0.30220883534136544	5.173694779116466	0.38353413654618473	0.0
1035473	0.0	1.4408099688473521	0.0	0.4672897196261682	0.0	0.7897196261682243	1.6386292834890965	0.9049844236760125	0.0	0.0	1.5638629283489096	1.3224299065420562	0.0	0.0	0.2507788161993769	5.881619937694704	0.470404984423676	2.7616822429906542	0.40186915887850466	1.7242990654205608	2.2274143302180685	4.521806853582555	0.0	1.309968847352025	3.3271028037383177	0.0	1.9984423676012462	0.9080996884735203	0.0
1239533	0.0	2.5485714285714285	0.0	0.5752380952380952	0.0	1.2228571428571429	1.0495238095238095	0.0419047619047619	0.3076190476190476	0.0	2.822857142857143	2.14	0.0	0.0	0.5733333333333334	10.275238095238095	0.0	4.274285714285714	0.43142857142857144	5.932380952380952	2.9047619047619047	8.599047619047619	0.7123809523809523	2.117142857142857	2.297142857142857	0.0	7.183809523809524	1.260952380952381	0.2876190476190476
1196606	0.0	0.8196078431372549	0.0	0.0392156862745098	0.0	0.5019607843137255	2.6980392156862747	1.1764705882352942	0.0	0.6352941176470588	2.827450980392157	1.0745098039215686	0.0	0.0	0.403921568627451	10.788235294117648	0.0	3.3333333333333335	0.0	6.254901960784314	2.207843137254902	10.686274509803921	1.3607843137254902	1.3058823529411765	4.266666666666667	0.0	4.470588235294118	0.9921568627450981	0.0
362561	0.18073010173548773	0.9838420107719928	0.0	1.2621184919210053	0.0	0.5403949730700179	1.1202872531418313	0.10113704368641532	0.1424296828246559	0.0	2.5906642728904847	0.8821065230400957	0.0	0.0	0.0	6.773788150807899	0.0	4.384799521244764	0.0	1.9353680430879712	1.2196289646918013	6.236983842010772	0.0	1.229802513464991	2.7103530819868342	0.3339317773788151	6.045481747456613	0.805505685218432	0.6630760023937762
362562	0.0	0.47955974842767296	0.0	0.47327044025157233	0.0	1.3050314465408805	0.16352201257861634	0.4889937106918239	0.5440251572327044	0.0	2.709119496855346	0.42452830188679247	0.0	0.0	0.0	6.199685534591195	0.0	2.389937106918239	0.0	2.839622641509434	1.330188679245283	7.622641509433962	0.0	2.006289308176101	1.0581761006289307	0.2169811320754717	5.665094339622642	1.419811320754717	0.0
362556	0.0	1.298474945533769	0.05228758169934641	1.1764705882352942	0.0	2.2178649237472765	1.6971677559912854	0.04139433551198257	0.8387799564270153	0.0	4.278867102396514	1.056644880174292	0.0	0.0	0.19172113289760348	6.4226579520697165	0.0	2.9411764705882355	0.0	1.1851851851851851	1.4030501089324618	8.38562091503268	0.0	2.1089324618736383	2.2287581699346406	0.0	4.119825708061002	2.0501089324618738	0.0
1325111	0.0	1.7576435495898584	0.25279642058165547	1.3706189410887397	0.0	0.24384787472035793	1.865026099925429	1.0723340790454885	0.8963460104399702	0.0	3.547352721849366	1.3877703206562266	0.0	0.2244593586875466	0.0	8.439224459358687	0.0	1.0193885160328113	0.22371364653243847	2.0074571215510812	0.7829977628635347	7.568232662192393	0.3094705443698732	2.4161073825503356	1.8732289336316181	0.0	6.56972408650261	0.7598806860551827	0.0
965240	0.0	0.9703703703703703	0.0	0.03518518518518519	0.2796296296296296	2.3407407407407406	1.375925925925926	0.43148148148148147	0.0	0.0	3.5833333333333335	2.640740740740741	0.0	0.5592592592592592	0.0	11.422222222222222	0.0	1.124074074074074	0.0	5.559259259259259	3.22962962962963	9.440740740740742	0.0	0.5592592592592592	3.2	0.0	5.237037037037037	1.037037037037037	0.0
733722	0.0	2.4105263157894736	0.11578947368421053	0.0	0.0	2.210526315789474	1.5614035087719298	0.0	1.8912280701754387	0.0	1.2421052631578948	2.3403508771929826	0.0	0.0	1.0526315789473684	6.221052631578948	0.0	4.6456140350877195	0.0	6.470175438596491	3.1824561403508773	8.154385964912281	0.8982456140350877	2.375438596491228	2.4947368421052634	0.0	4.589473684210526	0.3508771929824561	0.0
1466962	0.0	2.6847826086956523	0.7536231884057971	0.7608695652173914	0.14130434782608695	1.2028985507246377	0.0	0.0	0.6195652173913043	0.0	2.4420289855072466	0.2572463768115942	0.0	0.0	0.0	6.818840579710145	3.2681159420289854	3.449275362318841	0.0	3.278985507246377	0.0	7.8478260869565215	0.0	4.141304347826087	1.9275362318840579	0.0	9.152173913043478	1.1231884057971016	0.0
1466963	0.0	3.7135416666666665	1.328125	2.1510416666666665	0.5729166666666666	2.1875	1.5729166666666667	0.0	0.8802083333333334	0.0	3.453125	1.5729166666666667	0.0	0.0	0.0	9.057291666666666	1.3125	1.9895833333333333	0.0	6.109375	0.0	6.239583333333333	0.0	3.3125	1.75	0.0	9.708333333333334	1.3072916666666667	0.0
810150	0.0	1.7135416666666667	0.6484375	1.6302083333333333	0.6848958333333334	1.5572916666666667	0.8203125	0.0	0.0	0.0	4.09375	0.3645833333333333	0.0	0.0	0.6953125	13.591145833333334	0.0	2.0208333333333335	0.0	2.796875	1.1380208333333333	8.328125	0.0	1.28125	2.90625	0.7265625	3.6796875	1.8984375	0.0
810152	0.0	2.9718614718614718	0.0	1.7857142857142858	0.2987012987012987	2.484848484848485	0.010822510822510822	0.0	1.4025974025974026	0.0	5.904761904761905	1.91991341991342	0.0	0.0	0.9783549783549783	8.904761904761905	0.05627705627705628	5.246753246753247	1.196969696969697	2.6774891774891776	2.738095238095238	8.186147186147187	0.0	3.9783549783549783	7.413419913419913	0.0	10.768398268398268	1.8766233766233766	0.3268398268398268
141400	0.0	0.0	0.0	0.48577235772357724	0.5894308943089431	0.06707317073170732	1.1666666666666667	0.0	0.014227642276422764	0.0	1.4898373983739837	0.0	0.0	0.0	0.0	2.5	0.0	0.6463414634146342	0.4065040650406504	2.3902439024390243	0.30691056910569103	3.8089430894308944	0.0	1.008130081300813	2.8739837398373984	0.0	2.9654471544715446	1.5304878048780488	0.0
141399	0.0	0.0	0.0	0.39933993399339934	0.0	0.8085808580858086	0.0	0.0	0.8514851485148515	0.0	0.9801980198019802	0.0	0.0	0.0	0.0	2.5115511551155114	0.0	3.1386138613861387	0.0	2.99009900990099	0.4521452145214521	4.207920792079208	0.0	0.0	1.495049504950495	0.0	1.448844884488449	0.49504950495049505	0.0
362983	0.0	1.4550264550264551	0.0	0.791005291005291	0.0	1.7857142857142858	0.5873015873015873	0.3994708994708995	0.3994708994708995	0.0	3.2063492063492065	1.5238095238095237	0.0	0.15608465608465608	0.0	8.518518518518519	0.0	6.248677248677248	0.0	5.582010582010582	1.2566137566137565	5.637566137566138	0.0	1.2433862433862435	3.5211640211640214	0.0	7.703703703703703	1.0687830687830688	0.0
764508	0.0	2.233731739707835	0.1460823373173971	2.090305444887118	0.24169986719787517	0.5298804780876494	1.0571049136786188	0.3944223107569721	0.9800796812749004	0.0	3.556440903054449	2.143426294820717	0.0	0.0	0.0	15.07569721115538	0.0	3.8273572377158036	0.0	3.857901726427623	1.598937583001328	10.391766268260293	0.0	2.058432934926959	3.811420982735724	0.0	10.02523240371846	2.057104913678619	0.0
278488	0.15673981191222572	0.8014629049111808	0.0	1.1964472309299896	0.15778474399164055	0.31347962382445144	0.5005224660397074	0.0	0.9456635318704284	0.0	2.6468129571577848	0.44932079414838033	0.0	0.0	0.0	9.61128526645768	0.0	3.77533960292581	0.3155694879832811	2.4148380355276906	0.6415882967607106	5.877742946708464	0.15778474399164055	1.8108672936259143	3.4430512016718913	0.3155694879832811	6.262277951933124	2.6530825496342736	0.15778474399164055
1003841	0.0	2.8713178294573645	0.0	2.7426356589147285	0.17984496124031008	0.9007751937984496	1.8325581395348838	0.23255813953488372	1.0806201550387597	0.4682170542635659	3.4263565891472867	1.6310077519379844	0.0	0.0	0.462015503875969	15.972093023255814	0.0	6.142635658914728	0.34108527131782945	3.9271317829457364	3.8465116279069766	7.813953488372093	0.0	3.007751937984496	1.806201550387597	0.0	7.9147286821705425	0.23255813953488372	0.0
1491901	0.0	1.0083857442348008	0.023060796645702306	3.1949685534591197	0.0	0.6268343815513627	0.40461215932914046	0.0	0.9035639412997903	0.0	2.29979035639413	0.6331236897274634	0.0	0.6310272536687631	0.0	8.637316561844864	0.0	4.209643605870021	0.0	3.4276729559748427	1.3962264150943395	6.459119496855346	0.0	2.5639412997903563	2.029350104821803	0.0	7.020964360587002	0.8930817610062893	0.0
399152	0.15252525252525254	1.0272727272727273	0.0	0.5676767676767677	0.0	0.3929292929292929	1.2191919191919192	0.30303030303030304	0.30505050505050507	0.0	1.4585858585858587	1.7535353535353535	0.0	0.30505050505050507	0.0	8.106060606060606	0.0	3.6232323232323234	0.5060606060606061	4.224242424242425	2.0282828282828285	6.347474747474747	0.0	0.6808080808080809	1.802020202020202	0.0	7.351515151515152	1.3797979797979798	0.30303030303030304
416151	0.0	1.0638722554890219	0.8822355289421158	1.908183632734531	0.0	0.0	0.011976047904191617	1.2035928143712575	0.0	0.0	3.3932135728542914	0.6307385229540918	0.0	0.0	0.5848303393213573	5.351297405189621	0.0	3.842315369261477	0.7544910179640718	4.7604790419161676	5.445109780439122	8.403193612774452	0.0	2.259481037924152	1.219560878243513	0.0	4.233532934131737	1.6447105788423153	0.3013972055888224
