key	WAM_ALR	WAM_CCR	WAM_IPI	WAM_MAR	WAM_MYS	WAM_PBL	WAM_PJN	WAM_PPR	WAM_PST	WAM_ROL	WAM_SCR	WAM_SGN	WAM_SIS	WAM_TWN	WAR_ALR	WAR_CCR	WAR_IPI	WAR_MAR	WAR_MYS	WAR_PBL	WAR_PJN	WAR_PPR	WAR_PSK	WAR_PST	WAR_RNW	WAR_ROL	WAR_SCR	WAR_SGL	WAR_SIS
18915	0.4415204678362573	0.31871345029239767	0.8377192982456141	0.5599415204678363	1.273391812865497	1.0423976608187135	1.5029239766081872	1.814327485380117	0.7675438596491229	0.5935672514619883	0.21929824561403508	0.868421052631579	0.0	2.5760233918128654	1.260233918128655	0.6593567251461988	0.1388888888888889	1.0453216374269005	0.6549707602339181	0.7748538011695907	0.8114035087719298	0.26900584795321636	1.6564327485380117	0.4415204678362573	0.8494152046783626	1.6461988304093567	1.412280701754386	0.0	0.9766081871345029
1071948	0.30201342281879195	1.651006711409396	0.8512304250559284	1.3165548098434003	0.2684563758389262	0.6599552572706935	0.843400447427293	0.6733780760626398	0.9675615212527964	0.674496644295302	0.33557046979865773	1.366890380313199	0.0	0.6733780760626398	2.3993288590604025	0.6700223713646533	0.0	0.0	2.023489932885906	0.5156599552572707	0.4272930648769575	0.3378076062639821	1.5861297539149888	0.5178970917225951	0.9105145413870246	1.5100671140939597	0.3366890380313199	0.7136465324384788	1.6208053691275168
745973	0.6009227220299884	0.4342560553633218	0.5224913494809689	0.4757785467128028	0.17128027681660898	0.17243367935409457	0.8483275663206459	1.3771626297577855	0.3344867358708189	0.5098039215686274	0.0	1.3379469434832756	0.6805074971164936	0.5184544405997693	1.4250288350634372	0.0	0.9850057670126874	0.17301038062283736	0.41753171856978083	0.48500576701268744	0.5720876585928489	0.660322952710496	1.2520184544405997	0.28027681660899656	0.2606689734717416	1.7981545559400232	0.6747404844290658	0.6787773933102653	0.6943483275663207
1113736	2.4444444444444446	0.0	0.25555555555555554	2.5555555555555554	0.5925925925925926	0.0	1.1185185185185185	1.488888888888889	1.625925925925926	1.1037037037037036	0.0	1.0740740740740742	0.7481481481481481	2.359259259259259	2.5037037037037035	2.3740740740740742	1.4925925925925927	0.0	1.325925925925926	0.8555555555555555	0.5592592592592592	1.5444444444444445	1.525925925925926	0.5592592592592592	1.7703703703703704	1.6111111111111112	1.9	0.0	1.2222222222222223
745991	1.0973333333333333	0.6026666666666667	0.0	0.20133333333333334	0.48933333333333334	0.0	0.7853333333333333	1.8433333333333333	0.7026666666666667	0.14333333333333334	0.0	0.8453333333333334	0.07133333333333333	1.464	1.9666666666666666	0.0	0.7026666666666667	0.802	0.796	0.6046666666666667	1.2026666666666668	0.5793333333333334	0.20066666666666666	1.246	0.20133333333333334	0.8433333333333334	1.2046666666666668	0.054	0.6033333333333334
1185764	1.0940594059405941	0.2739273927392739	1.7904290429042904	0.4389438943894389	0.8564356435643564	0.0	0.47029702970297027	1.268976897689769	0.11716171617161716	0.49834983498349833	0.523102310231023	0.7376237623762376	0.0	0.0	1.297029702970297	0.0	0.034653465346534656	0.0	1.2722772277227723	0.5511551155115512	0.24917491749174916	0.40594059405940597	0.0	0.7046204620462047	0.21947194719471946	0.9900990099009901	0.16831683168316833	0.40264026402640263	1.8267326732673268
1526141	1.2027972027972027	2.652680652680653	0.7016317016317016	1.2937062937062938	0.0	0.351981351981352	1.3962703962703962	0.5128205128205128	2.1351981351981353	0.0	0.6666666666666666	0.0	0.0	0.5361305361305362	1.055944055944056	0.4219114219114219	0.0	1.2564102564102564	0.6177156177156177	1.0582750582750582	0.12354312354312354	0.0	1.3752913752913754	2.4895104895104896	0.7132867132867133	1.508158508158508	1.0	0.0	1.7365967365967365
1526146	1.7232558139534884	0.23333333333333334	0.896124031007752	0.9093023255813953	0.23410852713178296	0.23410852713178296	1.1589147286821706	1.8077519379844962	0.9310077519379845	0.24573643410852714	0.23333333333333334	1.1651162790697673	0.23410852713178296	0.5930232558139535	1.1635658914728682	0.0	1.1666666666666667	0.6759689922480621	0.4372093023255814	0.8077519379844961	0.8790697674418605	0.8883720930232558	1.665891472868217	1.9426356589147287	1.286046511627907	1.544186046511628	1.0883720930232559	0.8217054263565892	0.7891472868217054
1008282	0.9359605911330049	0.06239737274220033	0.11494252873563218	4.060755336617405	0.5779967159277504	0.24466338259441708	0.7947454844006568	0.819376026272578	0.47783251231527096	0.8374384236453202	0.49589490968801314	1.90311986863711	0.458128078817734	0.5697865353037767	2.1494252873563218	0.0	3.308702791461412	0.3054187192118227	1.2315270935960592	0.5385878489326765	0.5599343185550082	0.8177339901477833	1.4827586206896552	0.7963875205254516	0.25779967159277506	0.48932676518883417	0.1839080459770115	0.5336617405582923	1.748768472906404
755406	2.8012519561815337	0.6384976525821596	0.4726134585289515	0.8732394366197183	1.0359937402190924	0.23630672926447574	0.0	1.001564945226917	0.621283255086072	0.6901408450704225	0.28482003129890454	0.7073552425665102	0.47104851330203446	1.4788732394366197	1.165884194053208	0.27073552425665104	1.4366197183098592	0.4726134585289515	1.3693270735524257	0.0	0.23630672926447574	0.2535211267605634	0.6885758998435054	1.244131455399061	0.0	1.3599374021909234	1.3035993740219092	0.6932707355242567	0.4726134585289515
755407	1.3203883495145632	1.7993527508090614	0.3511326860841424	1.5922330097087378	1.1877022653721683	0.07119741100323625	0.4886731391585761	1.8818770226537216	2.354368932038835	0.2022653721682848	0.44336569579288027	0.7459546925566343	0.9061488673139159	3.190938511326861	0.7330097087378641	0.0	1.3705501618122977	0.0	1.726537216828479	0.0	0.7524271844660194	0.0	1.396440129449838	1.843042071197411	0.0	0.4919093851132686	2.9190938511326863	0.4886731391585761	0.9741100323624595
755408	1.6233333333333333	0.5033333333333333	1.29	0.8466666666666667	1.5366666666666666	1.8533333333333333	0.09	0.0	1.5	0.6166666666666667	0.4666666666666667	3.33	0.17333333333333334	1.3166666666666667	1.7533333333333334	0.0	0.0	2.0233333333333334	0.9633333333333334	2.5033333333333334	0.13333333333333333	0.18666666666666668	1.47	0.0	0.0	0.4666666666666667	0.0	0.5066666666666667	0.89
755410	0.7032967032967034	0.1391941391941392	0.0	0.5677655677655677	0.0	0.10256410256410256	0.6886446886446886	0.2893772893772894	0.1391941391941392	0.5677655677655677	0.0	3.21978021978022	2.1794871794871793	0.0	0.46153846153846156	0.0	1.336996336996337	0.0	1.468864468864469	0.5531135531135531	1.2673992673992673	0.7032967032967034	0.6593406593406593	0.9963369963369964	2.6556776556776556	0.29304029304029305	0.0	0.5384615384615384	0.003663003663003663
755411	0.27927927927927926	0.7597597597597597	0.0	0.7537537537537538	1.7477477477477477	0.0	1.165165165165165	1.09009009009009	1.7747747747747749	0.6036036036036037	0.0	1.1891891891891893	0.0	0.0	0.7417417417417418	0.0	0.4894894894894895	0.0	3.2732732732732734	0.0	1.3303303303303304	0.45045045045045046	1.1081081081081081	0.4894894894894895	0.0	1.2372372372372373	0.16216216216216217	0.0	0.8678678678678678
755413	0.5289855072463768	0.0	0.5821256038647343	0.3695652173913043	0.0	0.0	0.0	0.0	1.1618357487922706	0.0	0.0	0.0	0.0	0.4927536231884058	3.5410628019323673	0.0	1.3743961352657006	0.15942028985507245	0.7125603864734299	0.0	0.01932367149758454	0.2753623188405797	0.0	0.3719806763285024	1.070048309178744	0.17149758454106281	0.0	1.4927536231884058	0.3864734299516908
755414	0.0	0.0	0.8512820512820513	1.7538461538461538	0.0	0.6051282051282051	1.8102564102564103	2.3743589743589744	0.0	0.6358974358974359	0.8051282051282052	0.0	0.0	0.0	4.317948717948718	0.0	0.0	0.0	0.9230769230769231	0.5641025641025641	0.558974358974359	0.0	0.0	0.0	0.8717948717948718	0.0	0.0	1.0	0.28205128205128205
755415	1.5232974910394266	1.075268817204301	1.2043010752688172	0.931899641577061	1.6200716845878136	0.4659498207885305	0.5412186379928315	1.6630824372759856	0.0	0.37992831541218636	0.25089605734767023	2.154121863799283	0.8064516129032258	1.082437275985663	0.9713261648745519	0.0	0.0	0.0	1.2473118279569892	1.0788530465949822	1.5483870967741935	1.0573476702508962	0.0	1.082437275985663	0.5448028673835126	1.2616487455197132	1.6272401433691757	0.3978494623655914	1.0788530465949822
755416	1.4552845528455285	0.0	0.0	2.4119241192411924	1.5799457994579946	0.0	0.0	2.227642276422764	0.0	0.33875338753387535	0.4092140921409214	3.1192411924119243	1.6070460704607046	0.4065040650406504	0.5176151761517616	0.0	1.1761517615176151	1.6368563685636857	0.27100271002710025	1.002710027100271	0.5365853658536586	1.948509485094851	0.9295392953929539	1.6205962059620596	1.062330623306233	2.997289972899729	0.5311653116531165	1.2872628726287263	0.35772357723577236
755420	0.3434343434343434	0.6818181818181818	1.6717171717171717	1.0176767676767677	0.7070707070707071	1.2373737373737375	0.0	0.0	1.3005050505050506	0.0	0.0	0.5631313131313131	0.7575757575757576	0.9040404040404041	2.5833333333333335	0.6742424242424242	0.35353535353535354	1.0328282828282829	0.3939393939393939	0.0	1.5681818181818181	0.0	0.012626262626262626	1.005050505050505	0.0	0.0	0.5631313131313131	0.09848484848484848	2.696969696969697
755421	2.6161048689138577	0.0	0.0	0.9026217228464419	1.395131086142322	1.5449438202247192	0.5749063670411985	1.3389513108614233	1.7397003745318351	0.5655430711610487	0.0	1.353932584269663	0.0	2.344569288389513	2.209737827715356	0.5636704119850188	0.7865168539325843	0.5617977528089888	1.649812734082397	1.0093632958801497	1.6104868913857677	0.0	0.5580524344569289	1.6629213483146068	1.6910112359550562	2.136704119850187	0.5636704119850188	1.2116104868913857	3.3801498127340825
755427	1.9215686274509804	0.6003016591251885	1.0196078431372548	0.4555052790346908	1.0211161387631975	0.6319758672699849	0.43514328808446456	1.189291101055807	1.2187028657616892	1.7677224736048265	0.22549019607843138	1.2549019607843137	0.05128205128205128	0.45701357466063347	0.2956259426847662	0.33031674208144796	1.555052790346908	0.7767722473604827	0.9079939668174962	0.07993966817496229	0.31598793363499245	0.557315233785822	0.975867269984917	1.134238310708899	1.7164404223227752	2.268476621417798	1.592760180995475	0.39894419306184015	1.7081447963800904
755428	1.8235294117647058	0.7787114845938375	0.1484593837535014	0.06722689075630252	2.123249299719888	0.07282913165266107	2.3753501400560224	2.053221288515406	0.22128851540616246	1.1484593837535013	0.0	0.3277310924369748	0.42296918767507	2.9971988795518207	0.11764705882352941	0.84593837535014	0.19047619047619047	0.0	0.4173669467787115	0.0	0.84593837535014	0.42296918767507	0.7871148459383753	1.4005602240896358	1.361344537815126	2.929971988795518	0.8599439775910365	1.535014005602241	1.4397759103641457
755429	0.8905109489051095	0.4282238442822384	0.6934306569343066	0.0	0.9075425790754258	0.0	1.7956204379562044	2.8856447688564475	0.7055961070559611	0.49148418491484186	0.0	1.2287104622871046	0.36739659367396593	1.927007299270073	0.732360097323601	0.0	1.0121654501216546	0.49635036496350365	1.6885644768856447	0.0	0.0	0.6958637469586375	1.0656934306569343	0.31630170316301703	1.3114355231143553	3.4257907542579074	0.5912408759124088	0.2798053527980535	0.6885644768856448
1456995	0.2719060523938573	0.0	0.964769647696477	0.3676603432700994	0.8148148148148148	0.5447154471544715	0.13369467028003612	1.4778681120144534	0.0	0.5356820234869015	0.2719060523938573	1.815718157181572	0.5311653116531165	0.5266485998193315	1.7452574525745257	0.2728093947606143	0.4859981933152665	0.6666666666666666	0.44986449864498645	0.4083107497741644	1.2764227642276422	1.0876242095754292	0.32429990966576333	1.7398373983739837	0.8157181571815718	0.993676603432701	1.089430894308943	0.35140018066847334	1.2710027100271002
1546477	0.7546666666666667	0.0	0.6266666666666667	0.8533333333333334	0.144	0.0	0.26844444444444443	0.5342222222222223	1.3982222222222223	0.0	0.0	0.9484444444444444	0.26844444444444443	0.8044444444444444	0.9413333333333334	1.3511111111111112	0.992	0.26844444444444443	0.6346666666666667	0.7306666666666667	0.39466666666666667	0.9848888888888889	0.5351111111111111	0.6231111111111111	0.8648888888888889	0.984	1.3537777777777777	0.0	0.43733333333333335
1254173	0.031746031746031744	0.30423280423280424	0.0	1.470899470899471	0.0	0.0	0.8941798941798942	1.9219576719576719	1.4986772486772486	0.3439153439153439	0.39814814814814814	1.2843915343915344	0.2328042328042328	0.0	1.7592592592592593	0.0	0.66005291005291	1.0582010582010581	0.19973544973544974	0.39814814814814814	0.0	0.6772486772486772	0.35978835978835977	0.8029100529100529	0.794973544973545	0.5806878306878307	0.7936507936507936	0.0	0.7711640211640212
702100	1.1746835443037975	0.6413502109704642	0.9713080168776371	0.8177215189873418	0.5088607594936709	0.7476793248945147	0.3670886075949367	1.3915611814345992	1.1164556962025316	1.1350210970464134	0.0	1.3763713080168776	0.5088607594936709	1.2320675105485233	1.3645569620253164	0.0	1.1080168776371309	1.0962025316455697	0.5940928270042194	0.5341772151898734	0.0	0.6143459915611814	0.0	0.7729957805907173	0.4059071729957806	1.5021097046413503	1.540084388185654	1.7172995780590716	1.3324894514767933
702101	1.1090487238979119	0.699922660479505	1.0239752513534417	0.3194122196442382	0.10518174787316319	0.11523588553750967	0.6720804331013148	1.6736272235112142	0.48491879350348027	1.9389017788089713	0.09590100541376644	2.183294663573086	0.12838360402165508	0.9737045630317092	0.7973704563031709	0.0	0.848414539829853	0.4725444702242846	0.5738592420726991	0.2776488785769528	1.048723897911833	0.14694508894044858	0.9311678267594741	0.47409126063418405	0.8205723124516628	2.1918020108275327	2.320185614849188	0.11600928074245939	1.959783449342614
1071911	0.6709401709401709	0.6367521367521367	0.6452991452991453	0.0	1.5683760683760684	0.0	1.2756410256410255	0.7735042735042735	0.6346153846153846	0.6452991452991453	1.893162393162393	1.0534188034188035	0.9102564102564102	1.4273504273504274	1.108974358974359	0.4807692307692308	1.7307692307692308	0.655982905982906	1.8247863247863247	1.9294871794871795	0.1346153846153846	3.072649572649573	0.967948717948718	0.0	0.7158119658119658	2.0277777777777777	1.3354700854700854	0.0	1.2884615384615385
1071912	0.34368530020703936	0.0	0.0	0.32298136645962733	0.9917184265010351	0.6252587991718427	1.1490683229813665	0.22981366459627328	1.8095238095238095	0.6376811594202898	0.7619047619047619	0.8530020703933747	1.0559006211180124	1.318840579710145	0.937888198757764	0.5403726708074534	0.7349896480331263	0.0	0.9585921325051759	0.13250517598343686	0.6231884057971014	1.7018633540372672	0.6231884057971014	1.0227743271221532	0.31262939958592134	2.012422360248447	0.6169772256728778	0.0	0.7681159420289855
1333518	1.1706896551724137	0.7798850574712644	1.4408045977011494	0.7994252873563218	0.4091954022988506	0.34597701149425286	0.7505747126436781	1.3839080459770114	0.8074712643678161	0.30919540229885056	0.13448275862068965	1.0931034482758621	0.42931034482758623	0.5201149425287356	0.496551724137931	0.33448275862068966	0.656896551724138	0.25	1.2126436781609196	0.4247126436781609	1.2632183908045977	0.0	1.1557471264367816	0.5287356321839081	0.6166666666666667	2.283333333333333	2.0120689655172415	0.9390804597701149	1.9298850574712643
653902	0.3090277777777778	1.7048611111111112	0.4583333333333333	0.6736111111111112	2.6180555555555554	0.0	0.5416666666666666	3.4618055555555554	1.2013888888888888	2.8194444444444446	1.0069444444444444	2.4791666666666665	0.0	1.2569444444444444	3.4479166666666665	0.0	0.23958333333333334	0.0	1.3194444444444444	1.7708333333333333	0.8958333333333334	0.6458333333333334	0.0	2.1458333333333335	0.5243055555555556	0.1527777777777778	1.7604166666666667	1.4027777777777777	0.0
815271	1.802547770700637	1.0912951167728238	0.5031847133757962	2.3630573248407645	1.585987261146497	1.2717622080679405	1.8407643312101911	0.6390658174097664	0.3205944798301486	0.832271762208068	0.0	1.1443736730360934	0.0	1.5414012738853504	1.4968152866242037	0.9065817409766455	1.0530785562632696	1.2993630573248407	1.2016985138004246	0.3184713375796178	0.9554140127388535	0.0	1.7791932059447984	0.044585987261146494	1.951167728237792	1.6029723991507432	0.5562632696390658	1.040339702760085	1.8874734607218684
815272	0.8	0.0	2.0933333333333333	2.008	1.3306666666666667	0.0	1.28	0.0	0.7066666666666667	1.2053333333333334	0.0	1.04	0.928	1.5173333333333334	1.5386666666666666	0.0	0.6426666666666667	0.0	0.0	0.8453333333333334	0.12266666666666666	0.4746666666666667	1.6106666666666667	0.0	0.7946666666666666	0.744	0.272	0.3973333333333333	0.3253333333333333
815277	0.7543103448275862	0.46839080459770116	0.0	1.214080459770115	0.33045977011494254	0.9353448275862069	2.0732758620689653	1.8333333333333333	0.4367816091954023	0.7370689655172413	0.0	1.9899425287356323	1.103448275862069	0.5387931034482759	2.189655172413793	0.10488505747126436	1.1091954022988506	0.07614942528735633	1.6235632183908046	0.21695402298850575	1.0603448275862069	0.492816091954023	1.1149425287356323	0.21695402298850575	0.3117816091954023	2.7772988505747125	1.8247126436781609	0.9525862068965517	1.5905172413793103
