key	WAM_ALR	WAM_CCR	WAM_IPI	WAM_MAR	WAM_MYS	WAM_PBL	WAM_PJN	WAM_PPR	WAM_PST	WAM_ROL	WAM_SCR	WAM_SGN	WAM_SIS	WAM_TWN	WAR_ALR	WAR_CCR	WAR_IPI	WAR_MAR	WAR_MYS	WAR_PBL	WAR_PJN	WAR_PPR	WAR_PSK	WAR_PST	WAR_RNW	WAR_ROL	WAR_SCR	WAR_SGL	WAR_SIS
675270	0.04311774461028192	0.5008291873963516	0.6832504145936982	0.0	1.2587064676616915	0.0	0.31840796019900497	1.4991708126036485	0.49917081260364843	0.0	0.0	2.2354892205638475	0.49917081260364843	0.5008291873963516	0.0	0.0	0.0	0.0	0.0	0.0	0.0	0.8623548922056384	0.0	1.0281923714759535	0.0	0.0	0.5008291873963516	0.0	0.2504145936981758
675271	1.34006734006734	1.0134680134680134	0.0	0.0	1.7138047138047139	0.0	0.5185185185185185	0.8821548821548821	2.191919191919192	0.0	0.30303030303030304	1.02020202020202	0.0	0.0	0.0	0.0	0.0	0.0	0.0	0.0	0.0	0.2962962962962963	0.0	0.0	0.0	0.4276094276094276	0.0	0.0	0.0
675269	0.4748427672955975	0.949685534591195	0.2358490566037736	0.0	1.5864779874213837	0.0	0.0	0.6352201257861635	0.7405660377358491	0.0	0.3757861635220126	0.1069182389937107	0.0	0.0	0.0	0.9198113207547169	0.0	0.0	0.0	0.0	0.7138364779874213	1.330188679245283	0.0	0.4276729559748428	0.39937106918238996	0.9465408805031447	0.949685534591195	0.0	0.23742138364779874
719337	0.49256900212314225	0.10615711252653928	0.0	0.0	1.2144373673036093	0.0	0.0	2.9936305732484074	0.6178343949044586	0.0	0.0	1.1698513800424628	0.0	0.0	0.0	0.0	0.0	0.0	0.0	0.0	0.0	0.0	0.21443736730360935	0.6411889596602972	0.8535031847133758	0.0	0.19532908704883228	0.0	0.26963906581740976
660297	0.0	0.0	0.0	0.0	0.9922480620155039	0.0	0.0	0.8023255813953488	0.0	0.0	0.0	1.7984496124031009	0.0	0.0	0.0	0.0	0.0	0.0	0.0	0.0	0.0	0.0	0.0	0.0	0.4728682170542636	0.0	0.313953488372093	0.0	0.0
154463	0.0	0.6974789915966386	0.0	0.0	0.0	0.0	0.8123249299719888	1.649859943977591	0.6190476190476191	0.0	0.0	1.1820728291316527	0.0	0.0	0.0	0.0	0.0	0.7254901960784313	0.0	0.8935574229691877	0.09803921568627451	0.5462184873949579	0.0	0.8431372549019608	0.42296918767507	0.43977591036414565	2.1064425770308124	0.5378151260504201	0.5462184873949579
154464	0.5230769230769231	0.6512820512820513	0.0	0.0	0.0	0.7717948717948718	0.6410256410256411	1.8512820512820514	1.6076923076923078	0.0	0.36666666666666664	0.45897435897435895	0.0	0.0	0.9564102564102565	0.9538461538461539	0.0	0.08461538461538462	0.0	0.2948717948717949	1.9256410256410257	0.717948717948718	0.0	0.0	0.38461538461538464	0.0	0.3974358974358974	0.6871794871794872	1.0205128205128204
823431	0.0	1.0424528301886793	0.0	0.39308176100628933	0.949685534591195	0.0	0.0	1.8553459119496856	1.3663522012578617	0.0	0.8443396226415094	0.46855345911949686	0.0	0.0	0.0	0.0	0.23742138364779874	0.0	0.0	0.4748427672955975	0.1320754716981132	0.9056603773584906	0.0	0.46855345911949686	0.0	0.0	1.0267295597484276	0.0	0.0
795884	0.0	0.0	1.344	0.0	0.4026666666666667	0.6533333333333333	0.0	0.5973333333333334	1.5306666666666666	0.23466666666666666	0.0	1.208	0.0	0.0	1.248	0.0	0.0	0.0	0.0	0.2693333333333333	0.0	0.07466666666666667	0.0	0.0	1.8453333333333333	0.8053333333333333	2.136	0.0	0.0
1253098	0.0	0.1415929203539823	0.0	0.0	1.3126843657817109	0.13864306784660768	0.0	0.22713864306784662	0.14454277286135694	0.0	0.6533923303834809	0.38495575221238937	0.08259587020648967	0.0	0.44542772861356933	0.0	0.0	0.0	0.2359882005899705	0.0	0.0	0.0	0.0	0.443952802359882	0.7728613569321534	0.0	0.4351032448377581	0.5427728613569321	0.0
1694877	0.0	0.3523809523809524	0.0	0.0	0.0	0.0	0.0	0.6333333333333333	1.3571428571428572	0.0	0.0	2.3214285714285716	0.7166666666666667	0.0	0.0	0.0	0.0	0.719047619047619	0.0	0.0	0.0	0.0	0.0	0.23333333333333334	0.4452380952380952	0.0	0.7285714285714285	0.15714285714285714	0.0
1065541	0.02528735632183908	0.01954022988505747	0.0	0.0	0.6448275862068965	0.3471264367816092	0.17011494252873563	1.5195402298850575	0.31494252873563217	0.34597701149425286	0.6908045977011494	0.7	0.3471264367816092	0.0	0.0	0.0	0.3471264367816092	0.0	0.2103448275862069	0.0	0.0	0.5505747126436782	0.0	0.6873563218390805	0.6942528735632184	0.6942528735632184	1.0367816091954023	0.0	0.34597701149425286
100172	0.0	0.0	0.034904013961605584	0.0	1.2862129144851657	0.0	0.4677137870855148	0.5357766143106457	1.050610820244328	0.4677137870855148	0.0	1.0488656195462478	0.0	0.0	0.5270506108202443	0.16230366492146597	0.0	0.0	0.020942408376963352	0.0	0.0	1.0523560209424083	0.0	0.5026178010471204	0.0	0.059336823734729496	0.0	0.0	0.0
1003350	0.19984387197501952	0.7447306791569087	0.46994535519125685	0.16237314597970337	1.0569867291178767	0.0	0.0	1.3208430913348945	0.7049180327868853	0.18579234972677597	0.23497267759562843	1.2982045277127245	0.0	0.11787665886026542	0.0	0.0	0.23575331772053085	0.4715066354410617	0.7072599531615925	0.117096018735363	0.4644808743169399	0.15690866510538642	0.0	0.9398907103825137	0.11787665886026542	0.23575331772053085	0.9414519906323185	0.0	0.0
204686	0.0	0.0	0.0	0.872093023255814	0.2926356589147287	0.5813953488372093	0.0	1.447674418604651	0.5658914728682171	0.0	0.4748062015503876	0.046511627906976744	0.0	0.0	0.0	0.0	0.0	0.5794573643410853	0.0	0.5155038759689923	0.2926356589147287	0.2054263565891473	0.0	0.29069767441860467	1.182170542635659	0.0	1.430232558139535	0.0	0.8624031007751938
1210332	0.0	0.0	0.0	0.0	1.5934959349593496	0.0	0.0	0.6138211382113821	0.6300813008130082	0.11788617886178862	0.30691056910569103	1.5345528455284554	0.0	0.0	0.0	1.2276422764227641	0.0	0.0	0.07926829268292683	0.0	0.0	0.0	0.0	1.170731707317073	0.0	0.6056910569105691	0.741869918699187	0.0	0.11178861788617886
443957	0.0	0.0	0.5555555555555556	0.5717592592592593	0.5300925925925926	0.0	0.6203703703703703	1.599537037037037	1.5763888888888888	0.45601851851851855	0.0	2.752314814814815	0.0	0.0	0.0	0.0	0.0	0.0	0.24537037037037038	0.0	0.0	0.3819444444444444	0.6851851851851852	0.3449074074074074	0.0	0.9699074074074074	1.1875	0.0	0.0
443958	0.0	0.0	0.0	0.0	0.2807017543859649	0.0	0.07602339181286549	1.2426900584795322	0.8888888888888888	0.0	0.6783625730994152	1.280701754385965	0.0	0.0	0.0	0.0	0.0	0.0	0.8713450292397661	0.0	0.8801169590643275	1.2690058479532165	0.0	0.43859649122807015	0.0	0.8421052631578947	0.07602339181286549	0.0	0.0
1499638	0.0	0.0	0.0	0.0	0.9357429718875502	0.0	0.0	3.004016064257028	0.0	0.0	0.0	0.0	0.0	0.0	0.0	0.0	1.1887550200803212	0.0	0.0	0.0	0.0	0.0	0.0	0.0	0.0	0.0	0.6947791164658634	0.0	0.0
697643	0.29605963791267303	0.32055378061767836	0.0	0.0	0.0	0.0	0.0	1.2470713525026624	0.32055378061767836	0.48242811501597443	1.2342917997870075	1.5708200212992545	0.0	0.0	0.0	0.630457933972311	0.3194888178913738	0.0	0.0	0.6389776357827476	0.0	0.0	0.0	0.0	0.0	0.32161874334398294	0.02875399361022364	0.0	0.0
1635036	0.0	0.5390835579514824	0.0	0.0	0.27044025157232704	0.0	0.27044025157232704	1.6037735849056605	0.2695417789757412	0.0	0.46271338724168914	0.26864330637915546	0.27133872416891286	0.0	0.5399820305480683	0.5157232704402516	0.0	0.0	0.27133872416891286	0.27133872416891286	0.0	0.0	0.2884097035040431	0.0	0.27133872416891286	0.9398023360287511	0.16891284815813118	0.0	0.5417789757412399
810486	0.0	0.6411075612353567	0.0	0.3865814696485623	0.8477103301384451	0.0	0.29073482428115016	2.2768903088391905	0.6986155484558041	0.0	1.1959531416400426	1.2119275825346112	0.4739084132055378	0.32055378061767836	0.6368477103301384	0.19488817891373802	0.0	0.0	0.0	0.30990415335463256	0.07880724174653887	0.4398296059637913	0.0	0.0	0.32161874334398294	0.0	0.31203407880724177	0.5899893503727369	0.3194888178913738
810487	0.2294072363356428	0.6635873749037722	0.4611239414934565	0.0	0.47421093148575827	0.0	0.009237875288683603	1.1401077752117013	0.7444187836797537	0.5219399538106235	1.4341801385681294	0.7621247113163973	0.0	0.0	0.2317167051578137	0.0	0.34719014626635875	0.4649730561970747	0.0	0.2317167051578137	0.10007698229407236	0.5334872979214781	0.23248652809853734	0.4649730561970747	0.2617397998460354	0.20785219399538107	0.9037721324095458	0.23094688221709006	0.07544264819091609
1347762	0.0	1.1368715083798884	0.0	0.09497206703910614	1.1024208566108007	0.0	0.2802607076350093	0.840782122905028	0.2169459962756052	0.0	0.20297951582867785	1.2318435754189945	0.2811918063314711	0.0	0.2811918063314711	0.0	0.0	0.0	0.0	0.13966480446927373	0.0	0.3808193668528864	0.0	0.0	0.0	0.840782122905028	1.6471135940409682	0.4022346368715084	0.0
508125	0.0	0.6209677419354839	0.0	0.33602150537634407	2.182795698924731	0.6129032258064516	0.0	0.0	0.7473118279569892	0.0	0.0	0.0	0.0	0.0	0.0	0.0	0.0	0.0	0.760752688172043	0.0	0.0	1.4516129032258065	0.0	0.0	0.44623655913978494	0.3709677419354839	0.002688172043010753	0.0	0.6344086021505376
521905	0.0	0.4666666666666667	0.0	0.0	0.0	0.0	0.0	0.0	0.4666666666666667	0.0	0.0	1.1185185185185185	0.0	0.0	0.0	0.0	0.0	0.0	0.0	0.0	0.0	0.0	0.0	0.2222222222222222	0.0	0.0	0.0	0.0	0.28888888888888886
846653	0.0	0.0	0.402002861230329	0.0	0.0	0.0	0.1759656652360515	1.256080114449213	0.4291845493562232	0.0	0.0	1.155937052932761	0.0	0.0	0.32761087267525035	0.0	0.43061516452074394	0.0	0.0	0.8311874105865522	0.0	0.5894134477825465	0.0	0.8640915593705293	0.0	0.43204577968526464	0.7110157367668097	0.0	0.0
1532109	0.0	0.6	0.0	0.0	0.0	0.4888888888888889	0.0	0.7595959595959596	0.13535353535353536	1.2121212121212122	1.5414141414141413	0.6080808080808081	0.0	0.0	0.7919191919191919	0.6080808080808081	0.0	0.0	0.30505050505050507	0.0	0.0	0.0	0.0	0.9232323232323232	0.28484848484848485	0.0	0.0	0.0	0.0
465369	0.38652482269503546	0.4326241134751773	0.0	0.5319148936170213	0.41134751773049644	0.0	0.0	0.7907801418439716	0.3617021276595745	1.0319148936170213	0.0	0.3475177304964539	0.0	0.0	0.0	0.0	0.0	0.0	0.0	0.75177304964539	0.4432624113475177	0.0	0.0	0.0	0.0	0.0	1.5567375886524824	0.0	0.0
