key	WAM_ALR	WAM_CCR	WAM_IPI	WAM_MAR	WAM_MYS	WAM_PBL	WAM_PJN	WAM_PPR	WAM_PST	WAM_ROL	WAM_SCR	WAM_SGN	WAM_SIS	WAM_TWN	WAR_ALR	WAR_CCR	WAR_IPI	WAR_MAR	WAR_MYS	WAR_PBL	WAR_PJN	WAR_PPR	WAR_PSK	WAR_PST	WAR_RNW	WAR_ROL	WAR_SCR	WAR_SGL	WAR_SIS
1417620	0.8235294117647058	2.837789661319073	4.572192513368984	3.3297682709447414	1.3279857397504455	1.1729055258467023	0.6648841354723708	1.1550802139037433	0.47237076648841353	2.6381461675579323	0.6720142602495544	2.0035650623885917	0.40641711229946526	0.3083778966131907	1.9964349376114081	4.880570409982175	4.768270944741533	2.057040998217469	4.552584670231729	5.71301247771836	1.7967914438502675	8.969696969696969	3.2887700534759357	1.445632798573975	3.071301247771836	2.894830659536542	5.855614973262032	4.827094474153298	3.3885918003565063
1417627	0.014035087719298246	2.6771929824561402	2.968421052631579	0.743859649122807	0.40350877192982454	1.2982456140350878	0.5298245614035088	3.898245614035088	1.831578947368421	4.417543859649123	1.4912280701754386	0.8982456140350877	0.5228070175438596	0.0	0.9894736842105263	8.305263157894737	10.456140350877194	6.063157894736842	2.9368421052631577	5.112280701754386	1.1614035087719299	8.087719298245615	3.2491228070175437	3.831578947368421	4.442105263157894	2.456140350877193	5.898245614035088	4.631578947368421	7.203508771929824
1444659	3.635087719298246	1.343859649122807	8.256140350877192	0.7508771929824561	2.0280701754385966	0.0	1.3333333333333333	1.3403508771929824	0.20350877192982456	0.9964912280701754	2.9087719298245616	1.4982456140350877	0.6982456140350877	0.0	2.856140350877193	8.96140350877193	2.83859649122807	3.557894736842105	3.7578947368421054	3.389473684210526	3.7578947368421054	7.291228070175438	2.126315789473684	1.2596491228070175	3.4035087719298245	4.298245614035087	6.350877192982456	2.491228070175439	2.2350877192982455
779172	1.4957854406130269	1.554022988505747	4.338697318007663	2.8130268199233717	1.4666666666666666	0.4475095785440613	2.164750957854406	2.052873563218391	2.003065134099617	1.3777777777777778	1.6291187739463602	3.228352490421456	0.0	0.0	2.449808429118774	5.491954022988506	4.729501915708812	2.116475095785441	3.2337164750957856	4.676628352490422	1.6743295019157087	6.77624521072797	2.933333333333333	3.2720306513409962	4.85823754789272	4.519540229885058	5.597701149425287	5.085057471264368	3.8122605363984676
1725529	1.3294051627384962	2.0937149270482602	3.0976430976430978	2.7323232323232323	2.531425364758698	0.5931537598204265	3.219416386083053	0.7822671156004489	1.3860830527497194	0.8288439955106621	2.313692480359147	1.4932659932659933	0.2570145903479237	0.5072951739618407	1.6958473625140291	9.641975308641975	5.42648709315376	3.452300785634119	4.062850729517396	5.519079685746353	1.9674523007856342	7.012906846240179	2.505611672278339	1.9719416386083053	5.548260381593715	3.942760942760943	5.301346801346801	4.3473625140291805	2.6133557800224465
1725540	0.9900990099009901	2.1716171617161715	1.5297029702970297	1.8762376237623761	1.7013201320132014	1.3762376237623761	2.8531353135313533	0.900990099009901	1.2343234323432344	1.4455445544554455	1.9092409240924093	1.1864686468646866	0.0	0.7062706270627063	3.6947194719471947	5.6683168316831685	5.884488448844884	3.1683168316831685	3.742574257425743	7.478547854785479	3.133663366336634	7.094059405940594	2.962046204620462	2.798679867986799	2.3333333333333335	5.575907590759076	7.976897689768977	5.915841584158416	3.603960396039604
681497	0.8118279569892473	1.125	6.07258064516129	1.4596774193548387	2.024193548387097	0.31586021505376344	1.7876344086021505	1.282258064516129	1.814516129032258	1.2204301075268817	2.474462365591398	4.833333333333333	1.1451612903225807	0.4731182795698925	5.106182795698925	9.525537634408602	9.795698924731182	5.169354838709677	2.060483870967742	1.674731182795699	1.8951612903225807	8.330645161290322	4.481182795698925	2.5094086021505375	4.997311827956989	4.022849462365591	6.580645161290323	3.588709677419355	3.653225806451613
444257	1.1352941176470588	1.3725490196078431	5.819607843137255	1.2607843137254902	1.0196078431372548	0.03529411764705882	1.184313725490196	2.1882352941176473	0.3137254901960784	0.9980392156862745	2.0294117647058822	0.5333333333333333	0.46078431372549017	0.5078431372549019	1.1784313725490196	4.733333333333333	6.41764705882353	1.7568627450980392	4.205882352941177	7.084313725490196	3.3372549019607844	4.592156862745098	5.250980392156863	1.7411764705882353	2.0274509803921568	2.135294117647059	6.152941176470589	5.547058823529412	5.431372549019608
444259	0.7115839243498818	1.2742316784869976	1.044917257683215	0.6926713947990544	0.0	0.8250591016548463	2.3238770685579198	0.0	0.5295508274231678	1.1111111111111112	0.0	3.4018912529550827	0.0	0.0	1.3664302600472813	5.418439716312057	4.872340425531915	4.67612293144208	3.66903073286052	2.24822695035461	2.7706855791962175	1.4657210401891252	3.382978723404255	2.33806146572104	2.132387706855792	3.9527186761229314	4.122931442080378	3.2505910165484635	3.049645390070922
444253	1.8594315245478037	2.2656330749354003	4.275452196382429	1.683204134366925	1.5839793281653747	0.8113695090439277	1.5147286821705426	2.013953488372093	1.116795865633075	1.1612403100775195	1.4708010335917312	2.462015503875969	0.6563307493540051	0.29819121447028424	2.1705426356589146	9.831524547803618	6.587596899224806	4.680103359173127	5.651162790697675	3.1069767441860465	3.056330749354005	9.147803617571059	4.745219638242894	2.415503875968992	4.433074935400517	3.397932816537468	5.589664082687339	5.834625322997416	2.7400516795865633
1681185	0.9277504105090312	0.0	5.0623973727422005	2.5845648604269296	2.2282430213464695	1.2364532019704433	3.1970443349753697	1.632183908045977	1.3070607553366174	1.8160919540229885	1.9819376026272577	0.8719211822660099	0.38095238095238093	0.0	2.9113300492610836	9.889983579638752	3.748768472906404	2.8357963875205257	3.935960591133005	9.52216748768473	3.2824302134646963	6.977011494252873	6.944170771756979	2.4614121510673237	4.433497536945813	3.77504105090312	5.760262725779967	8.975369458128078	1.7372742200328408
1150506	2.099462365591398	1.4946236559139785	5.502688172043011	0.6693548387096774	2.443548387096774	1.2043010752688172	2.9919354838709675	0.803763440860215	0.5268817204301075	2.4838709677419355	6.115591397849462	4.612903225806452	1.728494623655914	0.0	3.7580645161290325	7.739247311827957	9.733870967741936	3.9166666666666665	6.376344086021505	5.663978494623656	3.5591397849462365	4.922043010752688	7.163978494623656	0.9516129032258065	5.521505376344086	5.338709677419355	4.051075268817204	7.752688172043011	4.905913978494624
1150507	0.034666666666666665	0.8826666666666667	4.810666666666667	0.9626666666666667	1.9253333333333333	0.64	3.1626666666666665	0.6426666666666667	0.0	1.448	3.416	1.9253333333333333	0.8373333333333334	0.0	1.416	8.208	3.5866666666666664	9.144	5.986666666666666	4.381333333333333	5.298666666666667	7.8	2.941333333333333	3.1466666666666665	6.8933333333333335	3.3493333333333335	6.96	9.258666666666667	6.88
1150515	1.0572916666666667	1.1328125	4.669270833333333	2.1276041666666665	4.627604166666667	0.5286458333333334	3.5416666666666665	0.0	0.08333333333333333	2.21875	3.1666666666666665	3.2213541666666665	1.4635416666666667	0.53125	1.171875	6.268229166666667	4.510416666666667	2.6692708333333335	5.359375	3.28125	1.5677083333333333	8.940104166666666	4.151041666666667	3.6822916666666665	1.8046875	3.6354166666666665	6.3359375	7.3984375	4.739583333333333
1150517	1.2478632478632479	2.4401709401709404	5.698717948717949	2.3653846153846154	2.344017094017094	1.982905982905983	1.264957264957265	0.2799145299145299	1.4615384615384615	1.0598290598290598	1.8696581196581197	3.0427350427350426	0.0	0.09829059829059829	3.25	9.508547008547009	8.177350427350428	4.6431623931623935	5.064102564102564	5.292735042735043	3.9935897435897436	4.6431623931623935	4.754273504273504	2.9935897435897436	1.9700854700854702	5.713675213675214	6.155982905982906	7.788461538461538	5.128205128205129
775819	1.2841880341880343	2.4188034188034186	5.014957264957265	1.564102564102564	0.4829059829059829	0.44871794871794873	1.3461538461538463	2.230769230769231	1.2008547008547008	0.05128205128205128	0.32051282051282054	0.4893162393162393	0.0	0.0	1.8098290598290598	5.064102564102564	4.386752136752137	5.604700854700854	2.576923076923077	3.6452991452991452	2.2735042735042734	4.863247863247863	4.833333333333333	3.16025641025641	4.487179487179487	5.076923076923077	3.5598290598290596	5.57051282051282	5.696581196581197
1466586	2.4596182085168867	1.4045521292217327	5.544052863436123	2.73568281938326	2.0954478707782673	0.8098384728340675	3.6211453744493394	1.1101321585903083	1.4258443465491923	1.4985315712187959	1.6563876651982379	2.063876651982379	0.2209985315712188	0.0	1.433186490455213	7.42511013215859	7.964023494860499	5.607929515418502	5.3979441997063144	5.722466960352423	3.419236417033774	7.712922173274596	5.671806167400881	2.986784140969163	6.070484581497797	5.343612334801762	6.333333333333333	6.295888399412629	3.0146842878120412
840117	0.960960960960961	1.563063063063063	2.9054054054054053	2.536036036036036	1.394894894894895	0.4864864864864865	0.8453453453453453	0.43543543543543545	0.6786786786786787	2.472972972972973	3.5075075075075075	2.656156156156156	0.8378378378378378	0.0	1.7912912912912913	7.9324324324324325	8.331831831831831	3.31981981981982	5.474474474474475	4.744744744744745	2.6966966966966965	7.112612612612613	3.021021021021021	1.7087087087087087	3.8663663663663663	3.3483483483483485	1.5615615615615615	3.1876876876876876	3.7222222222222223
1427296	1.5230352303523036	0.7493224932249323	4.487804878048781	1.1111111111111112	1.2872628726287263	0.5426829268292683	0.6849593495934959	0.9376693766937669	0.4010840108401084	1.3285907859078592	1.731029810298103	2.739159891598916	0.1524390243902439	0.07588075880758807	1.1897018970189701	5.276422764227642	3.9749322493224932	3.5067750677506777	5.654471544715447	2.983739837398374	1.5074525745257452	5.617208672086721	4.434281842818428	2.6375338753387534	3.1720867208672088	3.5453929539295395	3.5169376693766936	3.042682926829268	3.432249322493225
42885	1.4074074074074074	1.316872427983539	5.824417009602195	1.718792866941015	2.539094650205761	0.7078189300411523	1.5473251028806585	1.0	0.823045267489712	1.168724279835391	1.300411522633745	3.094650205761317	0.31824417009602196	0.0	1.3854595336076818	5.373113854595336	4.539094650205762	3.292181069958848	4.035665294924554	7.7229080932784635	2.673525377229081	9.5281207133059	1.4266117969821674	1.9794238683127572	4.223593964334705	2.921810699588477	5.274348422496571	7.23593964334705	3.072702331961591
1582086	4.512027491408935	3.790378006872852	5.261168384879725	1.5463917525773196	1.3161512027491409	0.3745704467353952	0.7835051546391752	1.395189003436426	2.2646048109965635	2.0481099656357387	2.7079037800687287	2.3127147766323026	2.6219931271477663	0.054982817869415807	0.09278350515463918	7.814432989690721	5.054982817869416	3.5670103092783507	4.429553264604811	4.257731958762887	4.865979381443299	7.903780068728523	6.243986254295533	2.865979381443299	4.903780068728523	2.8900343642611683	6.123711340206185	2.7938144329896906	0.23367697594501718
1582088	0.8536895674300254	1.9732824427480915	6.174300254452926	1.0623409669211197	2.33206106870229	1.8027989821882953	2.683206106870229	1.5687022900763359	1.0241730279898218	0.6526717557251909	1.395674300254453	0.8867684478371501	1.4936386768447838	0.27735368956743	1.2315521628498727	7.241730279898219	7.0534351145038165	5.10941475826972	2.9834605597964376	3.3536895674300253	2.5292620865139948	6.721374045801527	3.8944020356234095	1.539440203562341	3.6933842239185752	3.436386768447837	2.3791348600508906	6.020356234096692	3.427480916030534
25317	1.1990196078431372	0.44313725490196076	4.008823529411765	0.7245098039215686	0.6950980392156862	0.14705882352941177	0.7392156862745098	0.6725490196078432	1.4794117647058824	0.5892156862745098	0.884313725490196	2.046078431372549	0.5588235294117647	0.0	0.296078431372549	4.307843137254902	4.992156862745098	3.2941176470588234	3.1019607843137256	2.8215686274509806	2.045098039215686	3.914705882352941	1.4950980392156863	1.6284313725490196	3.5941176470588236	3.103921568627451	3.9450980392156865	3.1372549019607843	3.4176470588235293
1072437	0.48148148148148145	1.5925925925925926	2.574074074074074	0.0	1.1166666666666667	0.5592592592592592	1.3925925925925926	0.36666666666666664	0.0	1.0037037037037038	1.6685185185185185	1.112962962962963	0.5981481481481481	0.5592592592592592	2.022222222222222	5.053703703703704	7.048148148148148	4.440740740740741	5.105555555555555	3.1685185185185185	1.837037037037037	5.007407407407407	4.737037037037037	3.0185185185185186	4.224074074074074	3.1277777777777778	2.185185185185185	6.29074074074074	1.4259259259259258
1072438	1.1111111111111112	0.8873015873015873	3.507936507936508	1.2619047619047619	1.6444444444444444	2.3714285714285714	1.765079365079365	1.46984126984127	0.9222222222222223	0.9079365079365079	5.53015873015873	2.184126984126984	0.0	0.4793650793650794	1.6523809523809523	7.317460317460317	5.838095238095238	4.928571428571429	5.35079365079365	6.296825396825397	1.7333333333333334	4.195238095238095	8.382539682539683	1.4333333333333333	2.2444444444444445	2.6857142857142855	3.865079365079365	4.2444444444444445	2.831746031746032
527205	0.9794628751974723	1.5552922590837284	6.510268562401264	1.268562401263823	1.2677725118483412	0.8388625592417062	2.6208530805687205	0.48578199052132703	1.2582938388625593	1.9028436018957346	1.7930489731437598	0.9628751974723538	0.16982622432859398	0.22432859399684044	1.3412322274881516	6.748815165876778	5.907582938388626	3.3641390205371247	4.098736176935229	6.12085308056872	1.7093206951026856	9.852290679304897	6.390995260663507	2.6508688783570302	3.7180094786729856	4.827014218009479	9.109794628751974	6.251974723538704	2.4154818325434437
1647587	1.873015873015873	2.1375661375661377	3.9559082892416226	2.5185185185185186	1.1075837742504409	0.0	2.4638447971781305	0.781305114638448	0.6084656084656085	0.908289241622575	0.8395061728395061	0.4462081128747795	0.008818342151675485	0.5396825396825397	0.7107583774250441	10.132275132275133	4.458553791887125	6.075837742504409	3.994708994708995	5.268077601410935	2.54673721340388	10.035273368606703	5.1305114638447975	1.2839506172839505	4.303350970017637	4.772486772486772	8.81657848324515	3.3932980599647267	2.2874779541446206
793152	0.2066365007541478	0.4539969834087481	7.5188536953242835	2.535444947209653	1.7631975867269984	0.45248868778280543	2.2473604826546003	0.05279034690799397	0.5384615384615384	1.1749622926093515	1.7269984917043741	1.1372549019607843	0.08748114630467571	0.0	1.368024132730015	8.65158371040724	5.8989441930618405	3.165912518853695	5.867269984917043	3.6862745098039214	3.450980392156863	5.141779788838613	4.141779788838613	0.6048265460030166	3.7435897435897436	1.1040723981900453	3.9924585218702866	5.304675716440422	3.5776772247360484
793146	1.7235772357723578	0.9728997289972899	2.5989159891598916	0.9105691056910569	1.5257452574525745	0.7154471544715447	4.127371273712737	0.6016260162601627	0.10569105691056911	2.002710027100271	2.037940379403794	3.4336043360433606	2.5555555555555554	0.5934959349593496	1.4850948509485096	4.417344173441735	4.78590785907859	2.970189701897019	6.056910569105691	5.157181571815718	0.8157181571815718	9.327913279132792	3.16260162601626	3.897018970189702	3.5907859078590785	6.831978319783198	5.116531165311653	4.311653116531165	4.05420054200542
793147	1.0410958904109588	2.2831050228310503	1.9406392694063928	0.410958904109589	1.8036529680365296	0.0	2.904109589041096	0.4292237442922374	0.6575342465753424	0.4292237442922374	2.2146118721461185	2.5342465753424657	0.7488584474885844	0.0	1.2374429223744292	9.082191780821917	4.703196347031963	3.497716894977169	3.8493150684931505	2.26027397260274	0.3470319634703196	7.0	5.890410958904109	1.8584474885844748	4.34703196347032	5.493150684931507	11.621004566210045	4.36986301369863	2.0593607305936072
578732	0.7512437810945274	1.3781094527363185	2.72636815920398	0.8557213930348259	0.0	2.63681592039801	2.0049751243781095	0.12437810945273632	1.9054726368159205	0.7761194029850746	0.5970149253731343	5.029850746268656	0.024875621890547265	0.0	1.537313432835821	12.064676616915422	6.800995024875622	3.253731343283582	3.810945273631841	3.7313432835820897	2.343283582089552	3.4477611940298507	7.08955223880597	1.1393034825870647	6.8606965174129355	5.552238805970149	4.616915422885572	3.4527363184079602	4.800995024875622
578733	2.1715210355987056	1.4336569579288025	5.048543689320389	2.5663430420711975	0.9741100323624595	0.9741100323624595	3.236245954692557	0.9061488673139159	0.3333333333333333	2.236245954692557	2.7313915857605178	4.077669902912621	0.0	0.0	1.964401294498382	8.656957928802589	6.213592233009709	2.7281553398058254	3.2459546925566345	2.343042071197411	2.401294498381877	5.440129449838188	5.433656957928803	2.1262135922330097	4.132686084142395	4.563106796116505	7.13915857605178	3.365695792880259	6.378640776699029
578734	2.6972222222222224	1.9	0.9055555555555556	0.9194444444444444	1.5916666666666666	0.0	1.8444444444444446	0.8111111111111111	0.8833333333333333	1.225	4.0777777777777775	3.7444444444444445	1.538888888888889	0.0	0.0	7.427777777777778	2.863888888888889	2.8055555555555554	2.0027777777777778	1.2027777777777777	2.577777777777778	4.866666666666666	4.186111111111111	0.22777777777777777	4.269444444444445	4.65	5.677777777777778	4.197222222222222	0.10833333333333334
578735	1.3353658536585367	1.2906504065040652	4.682926829268292	2.426829268292683	0.6443089430894309	0.6117886178861789	2.0142276422764227	2.1341463414634148	1.7540650406504066	0.4369918699186992	4.028455284552845	1.8882113821138211	0.046747967479674794	0.0	2.453252032520325	7.365853658536586	5.054878048780488	2.686991869918699	2.9451219512195124	2.798780487804878	1.2560975609756098	5.6483739837398375	5.758130081300813	1.556910569105691	3.0569105691056913	4.837398373983739	7.5426829268292686	1.8373983739837398	1.160569105691057
578755	1.503030303030303	1.995959595959596	3.686868686868687	0.47878787878787876	0.6080808080808081	0.6505050505050505	1.305050505050505	0.4727272727272727	1.2222222222222223	0.9414141414141414	1.1535353535353536	0.6080808080808081	0.6080808080808081	0.0	0.0	6.785858585858586	5.751515151515152	2.109090909090909	2.197979797979798	5.088888888888889	1.6707070707070708	6.925252525252525	2.43030303030303	3.492929292929293	3.6222222222222222	3.402020202020202	4.026262626262627	4.737373737373737	1.5595959595959596
958774	0.6331236897274634	0.6310272536687631	2.6457023060796647	0.5807127882599581	0.19077568134171907	0.3165618448637317	2.6163522012578615	0.10482180293501048	0.0	2.0754716981132075	1.7085953878406708	1.7568134171907757	0.29559748427672955	0.48846960167714887	0.0	7.754716981132075	3.392033542976939	2.7547169811320753	1.4067085953878407	3.4758909853249476	1.6729559748427674	4.8742138364779874	1.4255765199161425	1.8909853249475892	2.459119496855346	0.3480083857442348	0.3710691823899371	1.1383647798742138	4.230607966457023
242160	0.4576271186440678	4.240112994350283	2.7994350282485874	1.057909604519774	0.4957627118644068	0.9081920903954802	5.173728813559322	0.4124293785310734	1.3742937853107344	1.3644067796610169	0.2895480225988701	2.172316384180791	0.0	0.0	2.8757062146892656	9.812146892655367	5.994350282485875	2.9491525423728815	4.492937853107344	5.464689265536723	1.5112994350282485	8.73870056497175	3.459039548022599	1.7598870056497176	2.1864406779661016	5.165254237288136	2.6016949152542375	2.4237288135593222	3.231638418079096
1599085	1.9581239530988275	0.7671691792294807	4.373534338358459	0.5862646566164154	0.8056951423785594	0.02512562814070352	2.2948073701842544	0.4053601340033501	1.0083752093802345	1.4254606365159128	1.896147403685092	1.4773869346733668	0.254606365159129	0.0	1.6582914572864322	12.586264656616416	5.613065326633166	7.033500837520938	2.3165829145728645	2.681742043551089	2.0418760469011725	10.311557788944723	2.8894472361809047	2.8341708542713566	4.365159128978225	2.157453936348409	5.644891122278057	4.680067001675042	2.351758793969849
1599086	0.22967479674796748	1.3252032520325203	1.3272357723577235	0.0	1.1260162601626016	0.9715447154471545	0.15447154471544716	0.3333333333333333	0.0	0.573170731707317	0.5873983739837398	1.613821138211382	1.1483739837398375	0.0	0.3882113821138211	3.9247967479674797	2.817073170731707	3.6016260162601625	3.0203252032520327	2.1158536585365852	2.7113821138211383	3.772357723577236	2.8760162601626016	0.6036585365853658	1.8048780487804879	1.3739837398373984	2.0934959349593494	2.7865853658536586	2.9065040650406506
1599088	0.07751937984496124	0.3875968992248062	3.147286821705426	0.0	3.0	0.0	1.2790697674418605	3.7286821705426356	0.6511627906976745	0.0	0.7403100775193798	0.8294573643410853	0.0	0.0	0.8488372093023255	6.74031007751938	6.0310077519379846	7.155038759689923	3.8372093023255816	3.7131782945736433	1.1627906976744187	5.158914728682171	3.5193798449612403	4.182170542635659	2.558139534883721	4.670542635658915	6.794573643410852	5.3023255813953485	0.9263565891472868
1599089	1.6349206349206349	1.010204081632653	3.7868480725623583	1.7346938775510203	1.9625850340136055	0.47732426303854875	3.295918367346939	0.5056689342403629	1.2573696145124718	0.3412698412698413	1.5952380952380953	3.8253968253968256	0.8888888888888888	0.0	2.2573696145124718	8.684807256235828	7.448979591836735	2.919501133786848	5.22562358276644	3.3015873015873014	1.4387755102040816	7.12358276643991	2.4750566893424035	2.8820861678004537	4.899092970521542	3.1678004535147393	5.119047619047619	5.236961451247166	5.586167800453515
1599090	1.2019607843137254	2.335294117647059	3.7098039215686276	1.0745098039215686	1.5509803921568628	0.6333333333333333	1.2127450980392156	0.6588235294117647	1.442156862745098	0.44313725490196076	0.8588235294117647	2.273529411764706	0.40980392156862744	0.9303921568627451	4.408823529411765	4.926470588235294	8.65	2.2637254901960784	3.0754901960784315	4.106862745098039	0.9127450980392157	6.056862745098039	4.87156862745098	1.4892156862745098	5.313725490196078	2.7892156862745097	6.056862745098039	7.697058823529412	3.680392156862745
417784	0.450354609929078	0.950354609929078	9.26063829787234	1.1914893617021276	0.7624113475177305	1.2712765957446808	2.0106382978723403	0.0035460992907801418	1.7358156028368794	1.297872340425532	1.2801418439716312	1.74645390070922	1.0691489361702127	1.0195035460992907	1.2836879432624113	8.4822695035461	6.941489361702128	3.1843971631205674	6.23581560283688	7.565602836879433	1.8652482269503545	6.677304964539007	3.480496453900709	3.4609929078014185	8.056737588652481	5.319148936170213	3.2393617021276597	5.691489361702128	5.544326241134752
417782	1.1342281879194631	1.6935123042505593	5.331096196868009	1.7611856823266219	1.5469798657718121	1.0352348993288591	1.9395973154362416	1.4904921700223714	1.1291946308724832	1.395973154362416	1.7460850111856823	1.662192393736018	0.25279642058165547	0.0	2.9351230425055927	4.7130872483221475	5.539709172259508	5.328859060402684	3.465324384787472	4.897651006711409	3.482102908277405	4.2365771812080535	4.340604026845638	3.8769574944071588	3.6476510067114094	4.883109619686801	4.172259507829978	7.493288590604027	2.6940715883668904
1361021	0.47674418604651164	2.895348837209302	5.124031007751938	0.5116279069767442	2.2209302325581395	0.0	0.7596899224806202	0.9496124031007752	3.87984496124031	0.4108527131782946	1.178294573643411	0.4263565891472868	1.8604651162790697	0.0	3.0930232558139537	9.248062015503876	6.244186046511628	4.631782945736434	3.7364341085271318	1.7248062015503876	3.8294573643410854	5.569767441860465	5.961240310077519	0.8837209302325582	3.0891472868217056	7.546511627906977	5.352713178294573	5.135658914728682	2.937984496124031
1361022	1.3004996431120628	2.1241970021413277	6.334760885082084	2.5389007851534617	1.6523911491791576	1.0699500356887937	2.1220556745182013	0.42683797287651676	0.569593147751606	1.7987152034261242	1.4211277658815131	1.7480371163454675	0.5174875089221984	0.0	0.9650249821556032	9.103497501784439	3.5289079229122056	3.2598144182726623	3.2134189864382585	2.3911491791577446	1.6431120628122768	5.946466809421842	4.523911491791577	2.0042826552462527	2.9193433261955746	2.291220556745182	3.8008565310492504	5.132762312633833	1.7516059957173447
355171	1.691740412979351	1.8377581120943953	1.887905604719764	2.0648967551622417	0.883480825958702	0.8023598820058997	1.0973451327433628	0.0	0.28171091445427726	0.9336283185840708	1.603244837758112	2.0914454277286136	0.0	0.0	0.3746312684365782	5.740412979351032	4.588495575221239	3.4188790560471976	7.308259587020649	2.0825958702064895	3.994100294985251	7.899705014749262	4.4705014749262535	2.1651917404129795	1.092920353982301	1.9690265486725664	4.64306784660767	6.5265486725663715	2.237463126843658
433665	1.616813294232649	1.18475073313783	3.790811339198436	2.2961876832844577	1.1808406647116325	0.83088954056696	2.576735092864125	1.9951124144672532	1.5053763440860215	1.8533724340175952	1.6363636363636365	2.5640273704789833	0.3206256109481916	0.013685239491691105	1.9374389051808407	4.925708699902248	3.9071358748778104	4.32258064516129	6.763440860215054	3.4613880742913	2.8318670576735094	5.9227761485826	3.196480938416422	3.721407624633431	1.981427174975562	3.310850439882698	5.612903225806452	6.449657869012707	4.440860215053763
523262	1.3111638954869358	3.5027711797307997	4.5146476642913695	1.838479809976247	3.646080760095012	1.203483768804434	1.3665874901029296	1.2913697545526523	1.7426761678543152	0.3119556611243072	2.0546318289786223	2.501187648456057	0.8400633412509897	0.2391132224861441	2.9920823436262864	6.76880443388757	6.5312747426761675	4.589073634204276	4.2304038004750595	3.9176563737133807	2.174188440221694	8.194774346793348	4.464766429136976	2.6935866983372923	2.03562945368171	3.2335708630245446	5.891528107680126	6.673000791765637	3.2937450514647666
1630161	1.5277777777777777	2.198611111111111	3.7958333333333334	2.1180555555555554	1.1472222222222221	0.20972222222222223	0.7847222222222222	0.45	1.6902777777777778	1.176388888888889	1.9722222222222223	2.1666666666666665	0.4444444444444444	0.7555555555555555	1.5069444444444444	7.830555555555556	5.5569444444444445	1.7319444444444445	1.1569444444444446	2.941666666666667	3.4375	8.519444444444444	2.566666666666667	1.9361111111111111	4.5055555555555555	2.4444444444444446	5.575	2.6972222222222224	4.509722222222222
1630162	0.4395796847635727	0.6263864565090485	4.295971978984238	1.4477524810274371	1.875072971395213	0.7769994162288383	1.4600116754232342	0.6392294220665499	1.005837711617046	1.3677758318739055	1.0770577933450087	1.9340338587273789	0.27553998832457677	0.35843549328663166	1.0122591943957968	5.602451838879159	5.743140688849971	3.885580852305896	3.973146526561588	3.9655575014594278	3.0519556333917106	6.524226503210741	3.7028604786923527	1.0350262697022767	3.605954465849387	2.9001751313485116	4.701692936368944	2.6042031523642732	3.87215411558669
1630167	0.5032679738562091	2.2265795206971677	6.947712418300654	1.0610021786492374	1.0827886710239651	1.3572984749455337	2.3616557734204795	1.3115468409586057	1.1394335511982572	0.3899782135076253	2.588235294117647	2.553376906318083	0.11764705882352941	0.0	2.017429193899782	10.089324618736384	5.041394335511982	3.917211328976035	4.784313725490196	3.5010893246187362	1.2962962962962963	3.514161220043573	2.0718954248366015	2.2788671023965144	3.1350762527233114	2.8366013071895426	5.891067538126362	7.806100217864924	4.980392156862745
1492407	0.0	1.2944983818770226	1.610032362459547	1.051779935275081	1.4239482200647249	0.0	1.8284789644012944	0.10679611650485436	0.48705501618122976	0.8802588996763754	0.948220064724919	1.5404530744336569	0.47572815533980584	0.0	0.1650485436893204	9.93042071197411	3.796116504854369	2.883495145631068	1.766990291262136	3.322006472491909	3.661812297734628	4.645631067961165	2.4741100323624594	1.603559870550162	3.4644012944983817	4.105177993527508	8.597087378640778	5.97411003236246	1.4967637540453074
1492415	2.216666666666667	1.9757575757575758	4.806060606060606	1.0568181818181819	3.106060606060606	0.8810606060606061	2.1977272727272728	0.6727272727272727	0.7787878787878788	1.9734848484848484	2.059848484848485	2.743181818181818	0.20303030303030303	0.00909090909090909	1.5151515151515151	8.546969696969697	4.304545454545455	2.153787878787879	2.922727272727273	3.5901515151515153	3.3	5.596969696969697	2.591666666666667	2.437121212121212	4.132575757575758	3.8068181818181817	5.067424242424242	5.892424242424243	3.4803030303030305
1492418	1.0433333333333332	2.4133333333333336	4.323333333333333	1.03	0.45666666666666667	0.7933333333333333	0.8133333333333334	1.4866666666666666	1.8333333333333333	2.23	1.1666666666666667	0.05333333333333334	0.49333333333333335	0.76	3.3833333333333333	9.986666666666666	1.9766666666666666	2.026666666666667	3.776666666666667	4.256666666666667	4.08	5.706666666666667	2.07	1.9333333333333333	3.6066666666666665	2.453333333333333	4.8	6.83	2.8
1492423	1.1189189189189188	1.526126126126126	4.885585585585585	1.3342342342342342	3.2135135135135133	1.1855855855855857	2.028828828828829	0.5432432432432432	0.5675675675675675	0.6576576576576577	1.3630630630630631	2.5981981981981983	0.1963963963963964	0.0	0.6657657657657657	6.418018018018018	5.085585585585585	2.7477477477477477	3.4657657657657657	3.2234234234234234	2.2324324324324323	3.3801801801801803	4.053153153153153	0.5063063063063064	3.363963963963964	2.447747747747748	4.333333333333333	5.601801801801802	2.981081081081081
