key	WAM_ALR	WAM_CCR	WAM_IPI	WAM_MAR	WAM_MYS	WAM_PBL	WAM_PJN	WAM_PPR	WAM_PST	WAM_ROL	WAM_SCR	WAM_SGN	WAM_SIS	WAM_TWN	WAR_ALR	WAR_CCR	WAR_IPI	WAR_MAR	WAR_MYS	WAR_PBL	WAR_PJN	WAR_PPR	WAR_PSK	WAR_PST	WAR_RNW	WAR_ROL	WAR_SCR	WAR_SGL	WAR_SIS
605445	3.310759969902182	3.0067720090293455	1.746425884123401	1.2310007524454476	0.871331828442438	2.544018058690745	3.125658389766742	3.2242287434161025	2.3581640331075997	2.1610233258088787	3.364936042136945	3.6117381489841986	0.6794582392776524	0.2513167795334838	2.219714070729872	2.6463506395786305	0.454477050413845	3.3303235515425134	1.2234762979683973	1.9367945823927766	2.129420617005267	3.3197893152746425	1.9051918735891649	3.3039879608728366	1.7223476297968396	3.1015801354401806	2.181339352896915	3.945823927765237	2.106094808126411
605447	3.6746031746031744	2.537037037037037	1.9285714285714286	0.6851851851851852	0.7566137566137566	1.3042328042328042	5.277777777777778	2.8253968253968256	2.2354497354497354	1.5158730158730158	3.880952380952381	4.928571428571429	0.798941798941799	1.7222222222222223	5.444444444444445	1.2407407407407407	1.9523809523809523	5.912698412698413	2.0793650793650795	2.759259259259259	2.708994708994709	5.825396825396825	1.3253968253968254	6.1878306878306875	2.4047619047619047	3.462962962962963	4.301587301587301	3.4285714285714284	1.8783068783068784
605448	5.994987468671679	2.5338345864661656	1.93734335839599	0.0	0.7543859649122807	2.210526315789474	2.2957393483709274	3.235588972431078	2.4035087719298245	3.5588972431077694	2.1979949874686717	3.669172932330827	0.0	2.1228070175438596	2.9949874686716793	1.0150375939849625	2.393483709273183	4.393483709273183	0.5338345864661654	2.481203007518797	4.619047619047619	5.408521303258145	1.3909774436090225	5.611528822055138	3.789473684210526	4.117794486215539	5.117794486215539	4.496240601503759	2.6416040100250626
889112	0.2149122807017544	0.0	1.6885964912280702	1.331140350877193	0.0	1.3399122807017543	0.9122807017543859	0.8048245614035088	1.1162280701754386	2.0548245614035086	0.0	0.9057017543859649	0.4517543859649123	0.0	3.870614035087719	1.631578947368421	0.8245614035087719	2.513157894736842	2.969298245614035	2.7280701754385963	1.493421052631579	1.5109649122807018	4.043859649122807	4.646929824561403	0.8223684210526315	2.81140350877193	2.081140350877193	2.2741228070175437	3.633771929824561
889113	1.0833333333333333	1.0491452991452992	1.0769230769230769	1.5555555555555556	0.5982905982905983	0.9081196581196581	1.3675213675213675	1.2905982905982907	1.4893162393162394	1.9444444444444444	1.3653846153846154	2.0128205128205128	0.7991452991452992	0.0	3.6474358974358974	3.3076923076923075	2.6303418803418803	3.371794871794872	4.30982905982906	4.8931623931623935	2.767094017094017	2.3846153846153846	2.22008547008547	4.745726495726496	1.1987179487179487	3.0384615384615383	1.9658119658119657	1.7756410256410255	3.4380341880341883
1440632	2.10752688172043	2.7132616487455197	1.6917562724014337	2.129032258064516	0.942652329749104	1.7634408602150538	5.358422939068101	0.3763440860215054	3.050179211469534	4.720430107526882	2.5627240143369177	5.111111111111111	0.5412186379928315	1.0465949820788532	2.3512544802867383	2.4480286738351253	3.7311827956989245	3.802867383512545	10.268817204301076	5.082437275985663	4.881720430107527	5.458781362007168	1.8243727598566308	4.82078853046595	3.025089605734767	5.874551971326165	6.050179211469534	2.5125448028673834	3.236559139784946
1440633	3.9343832020997374	2.068241469816273	2.073490813648294	1.4566929133858268	0.868766404199475	2.6141732283464565	2.5853018372703414	1.9238845144356955	3.05249343832021	1.5144356955380578	2.5485564304461943	3.47244094488189	3.1548556430446193	1.4619422572178478	6.3412073490813645	2.84251968503937	2.984251968503937	4.606299212598425	6.322834645669292	3.795275590551181	4.553805774278215	7.21259842519685	4.191601049868766	5.645669291338582	3.6246719160104988	7.335958005249344	4.971128608923885	6.829396325459317	4.141732283464567
1440635	1.2077294685990339	1.6256038647342994	0.9227053140096618	1.0434782608695652	0.0	0.3647342995169082	2.973429951690821	1.1328502415458936	0.12318840579710146	0.9009661835748792	2.8816425120772946	2.236714975845411	1.1666666666666667	0.0	5.357487922705314	6.323671497584541	3.2946859903381642	6.188405797101449	2.429951690821256	3.1690821256038646	4.055555555555555	6.555555555555555	3.2971014492753623	1.8429951690821256	5.128019323671498	5.644927536231884	3.869565217391304	4.306763285024155	1.4516908212560387
1440636	2.3230769230769233	1.9897435897435898	1.6666666666666667	1.2512820512820513	0.841025641025641	0.7743589743589744	1.2256410256410257	0.0	0.41025641025641024	3.6974358974358976	0.6051282051282051	1.1076923076923078	0.06666666666666667	0.0	3.3384615384615386	6.302564102564102	4.374358974358974	1.994871794871795	0.14358974358974358	3.723076923076923	2.871794871794872	3.5641025641025643	0.9282051282051282	3.9743589743589745	0.6871794871794872	2.5641025641025643	1.2564102564102564	2.2153846153846155	2.58974358974359
1440637	1.9254385964912282	2.0350877192982457	1.8114035087719298	1.6271929824561404	0.5526315789473685	0.5614035087719298	1.855263157894737	1.0789473684210527	1.1403508771929824	2.995614035087719	2.75	2.0219298245614037	0.0	0.0	1.8289473684210527	2.017543859649123	2.8903508771929824	1.8903508771929824	0.7850877192982456	2.8508771929824563	0.40350877192982454	4.5701754385964914	2.456140350877193	2.6842105263157894	0.7149122807017544	3.6798245614035086	2.4166666666666665	9.267543859649123	5.280701754385965
1440638	1.8021680216802167	3.644986449864499	2.5745257452574526	2.368563685636856	1.4200542005420054	2.3658536585365852	0.8157181571815718	0.04607046070460705	1.6124661246612466	1.6341463414634145	0.8075880758807588	2.6775067750677506	0.0	0.0	1.2384823848238482	1.4715447154471544	3.7642276422764227	4.173441734417344	1.4471544715447155	2.9186991869918697	2.8292682926829267	2.7289972899728996	1.002710027100271	2.707317073170732	0.7181571815718157	4.005420054200542	0.6531165311653117	5.626016260162602	3.7777777777777777
1440642	0.6015037593984962	2.2230576441102756	4.2706766917293235	1.506265664160401	3.1779448621553885	1.6566416040100251	2.4511278195488724	1.8195488721804511	2.4511278195488724	2.1478696741854635	1.1303258145363408	2.3208020050125313	0.6616541353383458	1.0927318295739348	4.656641604010025	4.245614035087719	2.6591478696741855	3.7167919799498748	4.784461152882206	4.2180451127819545	2.172932330827068	7.6265664160401005	5.295739348370927	4.31328320802005	2.669172932330827	8.230576441102757	3.989974937343358	6.456140350877193	5.5814536340852134
1440643	3.945692883895131	2.1722846441947565	3.295880149812734	3.48689138576779	1.601123595505618	0.9700374531835206	2.1647940074906367	1.8146067415730338	1.3913857677902621	2.704119850187266	4.668539325842697	2.4569288389513106	1.353932584269663	0.5337078651685393	4.646067415730337	4.696629213483146	3.799625468164794	3.189138576779026	1.1591760299625469	4.372659176029963	4.147940074906367	7.653558052434457	2.140449438202247	3.601123595505618	3.7883895131086143	2.8726591760299627	5.812734082397004	3.5224719101123596	4.550561797752809
419720	1.28	1.6074074074074074	1.0385185185185186	1.6355555555555557	0.0	1.2444444444444445	4.148148148148148	2.466666666666667	2.571851851851852	0.4474074074074074	0.45037037037037037	2.671111111111111	1.171851851851852	1.9851851851851852	1.5911111111111111	1.3748148148148147	0.9081481481481481	2.6355555555555554	1.317037037037037	2.24	2.557037037037037	5.314074074074074	2.3407407407407406	5.09037037037037	1.2207407407407407	2.5303703703703704	5.148148148148148	2.391111111111111	2.096296296296296
1361160	2.7585394581861014	2.2779740871613665	2.5948174322732624	1.573616018845701	0.5335689045936396	0.4287396937573616	0.790341578327444	2.336866902237927	0.9528857479387515	0.8881036513545347	1.3062426383981154	2.396937573616019	0.35571260306242636	0.17785630153121318	2.0518256772673733	3.750294464075383	1.5594817432273262	2.730270906949352	1.0400471142520613	3.3875147232037692	2.392226148409894	4.948174322732626	1.806831566548881	3.7102473498233217	2.453474676089517	3.7432273262661955	3.2249705535924615	4.428739693757362	1.4240282685512367
1361161	1.2672955974842768	1.8411949685534592	5.15251572327044	2.393081761006289	0.5094339622641509	0.720125786163522	2.8050314465408803	1.4575471698113207	0.949685534591195	1.621069182389937	2.231132075471698	3.459119496855346	0.8207547169811321	0.23742138364779874	2.4182389937106916	4.878930817610063	1.5330188679245282	1.9449685534591195	0.8757861635220126	3.0141509433962264	3.860062893081761	5.820754716981132	3.5141509433962264	5.240566037735849	3.3710691823899372	6.0754716981132075	2.691823899371069	4.4748427672955975	3.05188679245283
1361162	0.0	2.676470588235294	3.104575163398693	1.738562091503268	0.8758169934640523	0.0	0.9084967320261438	2.0784313725490198	0.9803921568627451	0.5424836601307189	0.0	2.326797385620915	0.0	0.0	1.7810457516339868	3.4084967320261437	3.9607843137254903	1.6797385620915033	2.6241830065359477	2.650326797385621	4.258169934640523	5.209150326797386	4.46078431372549	2.215686274509804	4.166666666666667	6.068627450980392	2.4869281045751634	3.2320261437908497	2.1176470588235294
684047	0.8666666666666667	3.4851851851851854	2.8962962962962964	0.43703703703703706	0.0	0.9444444444444444	2.185185185185185	0.1037037037037037	2.7111111111111112	1.151851851851852	2.774074074074074	3.7777777777777777	0.9925925925925926	0.0	2.7925925925925927	5.411111111111111	1.4592592592592593	8.051851851851852	4.7518518518518515	4.877777777777778	2.562962962962963	6.333333333333333	1.8333333333333333	6.514814814814815	4.45925925925926	3.933333333333333	2.6444444444444444	6.048148148148148	2.8074074074074074
618788	2.7287581699346406	3.560457516339869	1.130718954248366	0.7483660130718954	0.7107843137254902	1.2026143790849673	1.4591503267973855	0.5326797385620915	2.5718954248366015	1.7957516339869282	2.5294117647058822	2.5212418300653594	0.4934640522875817	0.4934640522875817	4.622549019607843	5.233660130718954	4.173202614379085	2.7908496732026142	1.8333333333333333	2.2336601307189543	5.854575163398692	3.764705882352941	3.2859477124183005	5.531045751633987	4.740196078431373	5.805555555555555	4.212418300653595	6.898692810457517	2.261437908496732
181814	1.1350308641975309	1.8402777777777777	2.114969135802469	0.9652777777777778	0.24382716049382716	0.7762345679012346	4.217592592592593	1.0578703703703705	2.5933641975308643	2.324074074074074	1.1651234567901234	1.7708333333333333	0.25617283950617287	0.12191358024691358	2.8387345679012346	4.591820987654321	2.2137345679012346	3.445216049382716	3.2106481481481484	5.157407407407407	2.4421296296296298	5.44212962962963	2.678240740740741	6.979166666666667	2.8016975308641974	5.246913580246914	2.2276234567901234	6.948302469135802	4.1705246913580245
181816	0.44648318042813456	2.623853211009174	0.8134556574923547	2.5902140672782874	2.44954128440367	0.691131498470948	1.0978593272171253	1.496941896024465	2.4434250764525993	1.8409785932721712	2.1314984709480123	1.808868501529052	1.6085626911314985	0.0	4.128440366972477	7.333333333333333	2.697247706422018	3.1957186544342506	2.4097859327217126	2.2996941896024463	3.441896024464832	4.08256880733945	4.871559633027523	5.337920489296636	4.585626911314985	6.607033639143731	4.454128440366972	4.18960244648318	4.110091743119266
181787	0.7170675830469645	3.620274914089347	3.4404352806414664	1.600229095074456	0.861397479954181	1.3694158075601375	3.7016036655211915	1.3453608247422681	3.5171821305841924	1.6345933562428407	1.563573883161512	2.9255441008018326	1.597938144329897	0.1729667812142039	4.034364261168385	6.263459335624284	4.632875143184422	3.615693012600229	2.8379152348224514	5.156930126002291	4.709621993127148	5.060137457044673	3.332187857961054	6.580183276059564	4.06701030927835	6.4289805269186715	3.106529209621993	3.9971363115693013	2.147193585337915
469736	1.4813218390804597	2.9094827586206895	1.8706896551724137	2.7672413793103448	1.0201149425287357	1.507183908045977	1.0402298850574712	1.4698275862068966	1.735632183908046	0.41954022988505746	1.6566091954022988	2.961206896551724	0.21839080459770116	0.2557471264367816	3.839080459770115	3.0043103448275863	3.2916666666666665	3.4295977011494254	2.3635057471264367	3.4080459770114944	3.843390804597701	5.580459770114943	2.8275862068965516	5.675287356321839	3.3850574712643677	3.0905172413793105	3.139367816091954	4.192528735632184	2.5100574712643677
662422	1.015228426395939	0.7597292724196277	1.230118443316413	1.607445008460237	0.8223350253807107	0.0	0.5109983079526227	1.0169204737732656	0.9475465313028765	0.0	0.9204737732656514	1.0964467005076142	0.7631133671742809	0.0	1.252115059221658	3.010152284263959	3.802030456852792	1.3164128595600677	1.7732656514382403	0.6328257191201354	0.3824027072758037	2.746192893401015	0.9238578680203046	3.030456852791878	1.7681895093062605	2.272419627749577	2.0372250423011846	1.4805414551607445	2.952622673434856
396633	0.0	3.5737704918032787	0.45081967213114754	1.5765027322404372	1.6420765027322404	2.2185792349726774	4.775956284153006	2.69672131147541	1.494535519125683	1.0710382513661203	3.191256830601093	1.3934426229508197	0.907103825136612	0.0	0.412568306010929	4.759562841530054	5.112021857923497	2.330601092896175	3.453551912568306	3.4726775956284155	5.740437158469946	6.565573770491803	3.860655737704918	6.953551912568306	4.245901639344262	3.4508196721311477	4.259562841530054	5.83879781420765	2.633879781420765
539917	2.2673835125448027	2.4551971326164876	3.131182795698925	2.4523297491039426	2.5060931899641576	2.382795698924731	2.9125448028673837	2.2688172043010755	2.878853046594982	3.010752688172043	1.1060931899641577	3.72831541218638	0.9032258064516129	1.29247311827957	4.8415770609318995	5.095340501792115	4.105376344086022	4.451612903225806	3.098924731182796	3.475985663082437	4.286021505376344	6.647311827956989	3.4157706093189963	6.263082437275986	4.08673835125448	6.406451612903226	5.230824372759857	4.266666666666667	6.230824372759857
104554	1.3952569169960474	2.096179183135705	1.8300395256916997	0.5638998682476943	1.1330698287220027	0.7944664031620553	2.399209486166008	0.09486166007905138	0.3926218708827404	2.5243741765480894	0.19894598155467721	1.4176548089591567	0.7957839262187089	0.0	3.1805006587615283	2.430830039525692	3.4176548089591567	1.901185770750988	1.5810276679841897	4.310935441370224	1.9723320158102766	5.876152832674572	1.6455862977602107	4.330698287220026	1.9855072463768115	4.444005270092227	5.324110671936759	6.05270092226614	2.093544137022398
