key	WAM_ALR	WAM_CCR	WAM_IPI	WAM_MAR	WAM_MYS	WAM_PBL	WAM_PJN	WAM_PPR	WAM_PST	WAM_ROL	WAM_SCR	WAM_SGN	WAM_SIS	WAM_TWN	WAR_ALR	WAR_CCR	WAR_IPI	WAR_MAR	WAR_MYS	WAR_PBL	WAR_PJN	WAR_PPR	WAR_PSK	WAR_PST	WAR_RNW	WAR_ROL	WAR_SCR	WAR_SGL	WAR_SIS
379820	1.5574324324324325	5.780405405405405	2.4054054054054053	1.7477477477477477	3.4335585585585586	1.7545045045045045	3.7826576576576576	5.157657657657658	2.578828828828829	0.3400900900900901	4.11936936936937	1.9076576576576576	2.0664414414414414	0.8592342342342343	0.7319819819819819	1.8885135135135136	0.5394144144144144	1.3254504504504505	3.203828828828829	1.6925675675675675	3.3873873873873874	2.7162162162162162	1.5923423423423424	2.0337837837837838	2.296171171171171	1.2387387387387387	5.966216216216216	0.5698198198198198	1.1554054054054055
379837	2.318840579710145	5.478260869565218	2.678743961352657	1.9879227053140096	2.217391304347826	4.031400966183575	4.2729468599033815	6.509661835748792	2.2657004830917873	1.5483091787439613	1.857487922705314	3.7246376811594204	1.1328502415458936	1.608695652173913	1.4057971014492754	2.246376811594203	0.3647342995169082	0.0	2.4855072463768115	0.6014492753623188	5.722222222222222	4.717391304347826	2.072463768115942	1.2922705314009661	3.8743961352657004	0.043478260869565216	4.333333333333333	1.828502415458937	0.0
1663120	2.5668202764976957	5.119815668202765	1.5299539170506913	3.4201228878648235	3.727342549923195	2.9807987711213517	3.6743471582181257	5.64900153609831	2.1167434715821813	1.3233486943164363	6.539170506912442	3.5913978494623655	1.3740399385560675	1.053763440860215	1.8617511520737327	4.016897081413211	1.0691244239631337	1.6904761904761905	3.8840245775729647	1.9654377880184333	1.258832565284178	5.253456221198157	0.8425499231950845	0.8840245775729647	1.9262672811059909	1.9846390168970813	6.012288786482335	2.860215053763441	0.5798771121351767
613388	1.3660130718954249	4.942265795206971	3.662309368191721	2.713507625272331	2.662309368191721	1.7287581699346406	3.4161220043572986	2.3082788671023966	2.1241830065359477	0.3289760348583878	4.73202614379085	5.742919389978214	0.20915032679738563	2.4368191721132897	2.284313725490196	2.549019607843137	0.1394335511982571	0.6568627450980392	3.1318082788671022	2.059912854030501	2.8017429193899783	3.667755991285403	0.9869281045751634	2.0729847494553377	0.8703703703703703	0.9705882352941176	3.7745098039215685	1.5980392156862746	0.39869281045751637
1624138	1.0015467904098994	2.0641918020108276	1.468677494199536	3.833720030935808	2.937354988399072	2.7393658159319414	3.8785769528228924	5.553750966744007	1.6976024748646559	1.682907965970611	3.51430781129157	2.8414539829853056	0.7710750193348801	0.7795823665893271	0.9242072699149265	3.51430781129157	1.4160866202629543	1.2095901005413767	2.2598607888631093	1.185614849187935	1.3634957463263728	2.2420726991492654	1.254447022428461	1.8623356535189481	1.3959783449342613	0.8097447795823666	3.9280742459396754	2.446249033255994	0.10363495746326373
1624139	1.781196581196581	4.437606837606838	2.9752136752136753	3.835042735042735	3.971794871794872	1.8675213675213675	3.9982905982905983	4.748717948717949	3.5905982905982907	0.5051282051282051	4.582905982905983	3.056410256410256	0.8341880341880342	0.4905982905982906	0.4641025641025641	2.3777777777777778	0.9837606837606837	1.1247863247863248	2.6256410256410256	3.0606837606837605	3.011965811965812	2.7264957264957266	0.7256410256410256	1.8034188034188035	1.1957264957264957	1.1735042735042736	4.884615384615385	0.6427350427350428	0.7632478632478632
1122826	3.908872901678657	5.306954436450839	5.4124700239808154	0.4748201438848921	2.8800959232613907	1.1918465227817745	4.613908872901678	6.105515587529976	1.316546762589928	0.6834532374100719	4.374100719424461	1.5755395683453237	0.7242206235011991	0.0	2.5059952038369304	5.359712230215828	0.026378896882494004	0.7050359712230215	1.1630695443645085	0.750599520383693	1.7002398081534773	5.733812949640288	1.7314148681055155	1.4460431654676258	1.0887290167865706	0.4748201438848921	8.26378896882494	1.589928057553957	0.36211031175059955
1056198	3.422222222222222	4.437037037037037	3.1592592592592594	4.503703703703704	8.57037037037037	3.388888888888889	4.051851851851852	3.4814814814814814	5.951851851851852	2.3407407407407406	6.181481481481481	4.118518518518519	1.6962962962962962	1.4296296296296296	2.5814814814814815	2.3444444444444446	0.9555555555555556	1.7851851851851852	4.374074074074074	4.607407407407408	1.337037037037037	1.9925925925925927	1.1481481481481481	0.662962962962963	1.5888888888888888	0.4444444444444444	6.607407407407408	1.462962962962963	2.2185185185185183
216431	2.157936507936508	3.608730158730159	3.1920634920634923	3.184126984126984	4.442857142857143	2.753968253968254	4.9182539682539685	4.450793650793651	1.6896825396825397	0.4793650793650794	4.684126984126984	4.465079365079365	1.7365079365079366	1.5523809523809524	0.7952380952380952	3.157142857142857	0.6761904761904762	1.4007936507936507	2.3793650793650793	0.6365079365079365	3.007936507936508	2.700793650793651	2.596825396825397	2.6817460317460315	1.8865079365079365	0.7555555555555555	6.438095238095238	0.7658730158730159	1.1166666666666667
601647	1.1857707509881423	1.1752305665349143	2.541501976284585	1.536231884057971	2.5836627140974966	1.1857707509881423	3.1541501976284585	4.936758893280633	3.1198945981554678	0.0	4.745718050065876	2.2292490118577075	0.782608695652174	1.3992094861660078	1.463768115942029	2.0	0.1976284584980237	0.5625823451910409	1.5862977602108037	2.4624505928853755	3.6824769433465088	4.952569169960475	1.1870882740447959	0.4308300395256917	1.7865612648221343	2.4888010540184453	5.984189723320158	1.0540184453227932	0.0
1578629	3.825242718446602	5.038834951456311	1.1715210355987056	3.001618122977346	3.849514563106796	1.6585760517799353	5.731391585760518	6.101941747572815	5.108414239482201	2.482200647249191	5.993527508090615	5.035598705501618	0.9919093851132686	1.7896440129449838	0.025889967637540454	2.0080906148867315	0.8365695792880259	1.1375404530744337	2.0938511326860842	1.1262135922330097	3.423948220064725	6.343042071197411	0.36893203883495146	2.2831715210355985	2.203883495145631	2.0954692556634305	3.542071197411003	2.365695792880259	2.3462783171521036
1056006	1.0639880952380953	4.119047619047619	4.244791666666667	2.369047619047619	3.0788690476190474	1.9300595238095237	3.568452380952381	4.413690476190476	3.636904761904762	0.0	3.0	2.4672619047619047	1.1302083333333333	0.9538690476190477	1.2038690476190477	4.5305059523809526	1.0811011904761905	1.3452380952380953	2.3154761904761907	1.8883928571428572	2.2358630952380953	2.191220238095238	1.1160714285714286	1.1354166666666667	1.3311011904761905	0.4479166666666667	5.752232142857143	2.6205357142857144	0.5543154761904762
350668	2.3484848484848486	4.987373737373737	4.601010101010101	4.012626262626263	1.5732323232323233	1.0833333333333333	4.088383838383838	4.325757575757576	1.5656565656565657	0.8358585858585859	2.6616161616161618	1.9898989898989898	0.3813131313131313	0.4393939393939394	0.26515151515151514	3.8762626262626263	0.8156565656565656	0.7575757575757576	4.1186868686868685	2.79040404040404	1.3257575757575757	2.388888888888889	0.0	1.8308080808080809	2.0934343434343434	0.9974747474747475	5.431818181818182	0.0	0.0
350669	4.4498644986449865	4.504065040650406	3.1192411924119243	1.2303523035230353	4.506775067750677	2.994579945799458	3.850948509485095	4.924119241192412	2.883468834688347	2.5555555555555554	9.29810298102981	2.238482384823848	0.46883468834688347	0.42005420054200543	0.7723577235772358	5.495934959349594	1.7100271002710028	2.3956639566395665	2.5203252032520327	0.02981029810298103	3.983739837398374	2.940379403794038	0.8590785907859079	1.9132791327913279	3.035230352303523	0.4281842818428184	7.265582655826559	0.7831978319783198	1.2086720867208671
350671	2.099625468164794	3.802996254681648	3.042696629213483	2.6644194756554307	6.12059925093633	2.5850187265917604	4.043445692883895	4.247940074906367	3.7138576779026216	0.6494382022471911	5.877902621722846	2.997752808988764	0.8104868913857678	0.5640449438202247	0.6614232209737828	3.3213483146067415	1.0749063670411985	1.095131086142322	3.702621722846442	1.750561797752809	1.696629213483146	2.3415730337078653	0.997003745318352	1.1902621722846443	1.2322097378277153	1.2352059925093632	5.045692883895131	1.4149812734082396	0.7902621722846442
350676	1.7172284644194757	5.466292134831461	2.0224719101123596	2.646067415730337	3.284644194756554	1.8146067415730338	6.288389513108614	2.7940074906367043	2.668539325842697	0.5655430711610487	3.5842696629213484	3.044943820224719	0.38202247191011235	1.0149812734082397	1.548689138576779	3.299625468164794	0.7808988764044944	0.6591760299625468	2.0749063670411987	0.6685393258426966	2.838951310861423	2.7865168539325844	0.7434456928838952	2.4138576779026217	2.189138576779026	1.700374531835206	3.3220973782771535	1.2228464419475655	1.146067415730337
350677	1.5964912280701755	5.3007518796992485	5.190476190476191	3.6842105263157894	6.280701754385965	4.305764411027569	4.864661654135339	4.3734335839598995	5.989974937343359	0.37844611528822053	3.556390977443609	4.12531328320802	0.7468671679197995	1.9974937343358397	1.887218045112782	3.142857142857143	0.7393483709273183	0.0	4.776942355889724	0.9649122807017544	0.9649122807017544	1.0200501253132832	3.1027568922305764	1.0852130325814537	0.8646616541353384	3.4837092731829573	7.859649122807017	3.3659147869674184	2.493734335839599
350681	1.7560975609756098	6.29810298102981	3.5799457994579944	3.799457994579946	1.915989159891599	1.8455284552845528	2.065040650406504	6.64769647696477	1.1734417344173442	1.7127371273712737	2.6720867208672088	1.3794037940379404	0.0	0.4092140921409214	1.6829268292682926	3.2195121951219514	0.0	2.5311653116531163	1.4552845528455285	0.3062330623306233	5.609756097560975	5.062330623306233	1.1219512195121952	0.43360433604336046	1.8590785907859078	1.5718157181571815	2.032520325203252	3.048780487804878	0.9214092140921409
350682	0.21810699588477367	8.604938271604938	1.662551440329218	6.222222222222222	7.724279835390947	1.6707818930041152	2.765432098765432	6.423868312757202	0.8395061728395061	2.4691358024691357	2.6131687242798356	3.7613168724279835	1.0534979423868314	3.037037037037037	0.32510288065843623	7.156378600823046	2.0411522633744856	0.037037037037037035	2.5843621399176953	0.5308641975308642	2.411522633744856	2.925925925925926	0.102880658436214	2.1316872427983538	2.662551440329218	1.1975308641975309	5.502057613168724	4.3539094650205765	0.691358024691358
350683	0.6009389671361502	9.624413145539906	2.0	3.76056338028169	6.436619718309859	3.215962441314554	1.5539906103286385	8.295774647887324	2.2629107981220655	2.300469483568075	8.469483568075118	2.352112676056338	2.0	0.107981220657277	3.31924882629108	2.248826291079812	1.596244131455399	0.784037558685446	0.9765258215962441	0.7089201877934272	0.10328638497652583	5.779342723004695	1.0845070422535212	1.6948356807511737	1.164319248826291	0.0	5.52112676056338	0.7605633802816901	1.5539906103286385
350684	3.104761904761905	2.4452380952380954	4.033333333333333	4.423809523809524	5.242857142857143	3.104761904761905	3.469047619047619	5.652380952380953	6.966666666666667	0.5285714285714286	6.416666666666667	4.3238095238095235	1.5595238095238095	1.130952380952381	2.7785714285714285	1.8309523809523809	0.20476190476190476	1.0309523809523808	4.911904761904762	0.6785714285714286	3.4523809523809526	3.6595238095238094	1.026190476190476	1.5119047619047619	0.030952380952380953	0.35714285714285715	7.004761904761905	1.0595238095238095	0.6761904761904762
350686	3.2388451443569553	5.026246719160105	1.1233595800524934	2.8923884514435696	3.706036745406824	3.393700787401575	3.3674540682414698	4.05249343832021	1.6719160104986877	1.7559055118110236	2.388451443569554	5.083989501312336	0.847769028871391	0.4330708661417323	1.272965879265092	5.065616797900263	1.5406824146981628	0.37270341207349084	4.0498687664042	1.05249343832021	2.8923884514435696	6.695538057742782	0.3963254593175853	4.706036745406824	3.4146981627296586	1.9921259842519685	5.769028871391076	4.202099737532809	0.8162729658792651
350687	1.9384057971014492	6.913043478260869	1.4565217391304348	4.666666666666667	3.170289855072464	1.6666666666666667	4.88768115942029	4.007246376811594	6.315217391304348	1.3224637681159421	3.8840579710144927	0.37681159420289856	0.6159420289855072	0.0	1.8804347826086956	3.880434782608696	0.0	0.0	3.8731884057971016	2.1231884057971016	2.710144927536232	5.692028985507246	2.681159420289855	4.032608695652174	2.1050724637681157	1.5797101449275361	2.699275362318841	3.9384057971014492	2.036231884057971
350689	2.712538226299694	3.2477064220183487	0.36085626911314983	4.152905198776758	0.9694189602446484	5.204892966360856	5.0703363914373085	2.7492354740061162	3.5749235474006116	1.9388379204892967	0.6146788990825688	3.8623853211009176	0.0	0.05504587155963303	0.10091743119266056	3.0825688073394497	0.46788990825688076	1.7003058103975535	3.110091743119266	0.7400611620795107	5.73394495412844	2.510703363914373	0.6391437308868502	2.1131498470948014	0.07033639143730887	1.180428134556575	4.321100917431193	0.363914373088685	1.4250764525993884
350690	1.4967637540453074	3.4223300970873787	1.9741100323624596	1.249190938511327	2.2313915857605178	2.105177993527508	4.0792880258899675	3.4741100323624594	2.4385113268608416	0.44336569579288027	1.190938511326861	6.815533980582524	0.48705501618122976	0.9320388349514563	1.1197411003236246	2.954692556634304	0.8220064724919094	1.1828478964401294	3.650485436893204	1.5728155339805825	2.750809061488673	2.807443365695793	0.6181229773462783	0.7330097087378641	0.48705501618122976	2.4207119741100325	5.699029126213592	1.4692556634304208	0.587378640776699
350691	1.6111111111111112	5.848148148148148	3.7555555555555555	1.2851851851851852	4.011111111111111	1.7839506172839505	3.579012345679012	4.112345679012345	2.271604938271605	0.7444444444444445	4.808641975308642	3.8728395061728396	0.519753086419753	0.7901234567901234	1.362962962962963	2.5691358024691358	1.237037037037037	1.754320987654321	3.887654320987654	1.654320987654321	1.845679012345679	4.537037037037037	1.35679012345679	1.5753086419753086	0.4925925925925926	1.0123456790123457	3.5469135802469136	1.7617283950617284	0.8049382716049382
381926	1.91869918699187	3.0017421602787455	1.8571428571428572	1.7171893147502904	2.440185830429733	1.305458768873403	2.9581881533101044	2.587108013937282	2.4529616724738674	0.17073170731707318	2.8501742160278747	3.1962833914053426	0.7502903600464577	1.1341463414634145	0.8466898954703833	1.9181184668989546	0.1835075493612079	1.0313588850174216	1.4994192799070847	0.34959349593495936	2.235191637630662	3.087108013937282	0.9117305458768873	1.4750290360046459	1.9210220673635308	0.8780487804878049	5.169570267131243	1.9535423925667827	0.4372822299651568
587116	2.294372294372294	4.411255411255412	3.354978354978355	2.8225108225108224	0.22943722943722944	1.2380952380952381	5.207792207792208	3.242424242424242	0.24242424242424243	1.367965367965368	5.714285714285714	1.948051948051948	0.0	0.6536796536796536	1.0649350649350648	3.324675324675325	0.22943722943722944	1.0086580086580086	1.4675324675324675	0.22943722943722944	3.4718614718614718	2.0303030303030303	0.6493506493506493	0.7012987012987013	0.0	0.8874458874458875	4.567099567099567	1.5757575757575757	0.030303030303030304
1061649	5.296466973886329	5.291858678955453	2.9170506912442398	4.9631336405529956	5.577572964669739	3.3901689708141323	6.178187403993856	3.0476190476190474	3.0814132104454686	3.1351766513056836	8.109062980030721	5.162826420890937	1.3225806451612903	1.4930875576036866	0.8571428571428571	5.067588325652841	0.717357910906298	0.554531490015361	4.548387096774194	2.4761904761904763	3.705069124423963	4.256528417818741	0.46390168970814133	1.1751152073732718	1.869431643625192	0.44393241167434716	4.044546850998464	0.8248847926267281	1.261136712749616
601605	1.4914529914529915	3.4914529914529915	1.6987179487179487	2.1346153846153846	2.8055555555555554	3.5961538461538463	5.726495726495727	4.305555555555555	3.2243589743589745	1.9914529914529915	6.858974358974359	2.7264957264957266	1.1559829059829059	0.9786324786324786	1.356837606837607	4.410256410256411	0.9401709401709402	1.170940170940171	3.7222222222222223	1.3696581196581197	3.123931623931624	1.9893162393162394	0.47435897435897434	1.123931623931624	0.5363247863247863	1.1538461538461537	5.448717948717949	1.0940170940170941	1.6901709401709402
601606	1.035294117647059	3.364705882352941	3.0980392156862746	2.062745098039216	3.062745098039216	0.2823529411764706	6.752941176470588	5.662745098039216	1.0431372549019609	0.9313725490196079	6.194117647058824	3.0274509803921568	0.9784313725490196	0.8686274509803922	0.6705882352941176	4.676470588235294	0.35294117647058826	1.1098039215686275	2.8784313725490196	0.3137254901960784	1.8470588235294119	2.096078431372549	1.011764705882353	1.9137254901960785	1.0745098039215686	0.0	5.235294117647059	0.8647058823529412	1.119607843137255
601597	2.8799710773680407	3.2704266088214027	2.8568329718004337	2.6008676789587852	4.65003615328995	2.5336225596529283	5.195227765726681	2.7975415762834417	5.355025307302965	1.5104844540853217	5.148951554591468	2.7953723788864786	0.5343456254519161	1.0383224873463486	0.4945770065075922	3.3868402024584237	0.43528561099060015	0.7013738250180767	1.9392624728850325	1.9125090383224874	2.219812002892263	3.524945770065076	0.40997830802603036	0.8850325379609545	1.031814895155459	0.6543745480838756	5.404193781634128	1.2913955169920464	0.6232827187274042
1057505	1.118895966029724	3.2887473460721868	2.721868365180467	4.70276008492569	3.424628450106157	1.0	4.050955414012739	4.56687898089172	2.641188959660297	2.023354564755839	5.473460721868365	2.791932059447983	1.029723991507431	0.70276008492569	1.5541401273885351	2.700636942675159	1.6624203821656052	1.4458598726114649	4.43312101910828	1.6178343949044587	1.2845010615711252	3.6496815286624202	0.0	1.7452229299363058	1.2484076433121019	0.39065817409766457	2.365180467091295	0.6411889596602972	1.2208067940552016
1057506	2.225806451612903	1.6048387096774193	1.7446236559139785	2.8870967741935485	5.836021505376344	3.067204301075269	1.9919354838709677	6.190860215053763	2.3736559139784945	1.3951612903225807	2.75	3.760752688172043	0.7096774193548387	1.5779569892473118	0.5	2.193548387096774	0.8091397849462365	0.7688172043010753	0.6854838709677419	1.9838709677419355	1.739247311827957	1.814516129032258	1.3629032258064515	2.150537634408602	2.204301075268817	1.8387096774193548	4.104838709677419	0.0	0.8091397849462365
1057511	2.9365079365079363	3.0274170274170276	1.608946608946609	2.608946608946609	0.22943722943722944	0.6565656565656566	2.6984126984126986	3.028860028860029	1.826839826839827	1.9552669552669553	1.5743145743145743	3.958152958152958	1.733044733044733	0.6349206349206349	0.7474747474747475	3.4011544011544013	2.29004329004329	0.847041847041847	2.196248196248196	0.7142857142857143	2.1702741702741704	1.4675324675324675	0.9134199134199135	0.6536796536796536	1.256854256854257	0.4314574314574315	3.873015873015873	1.9336219336219336	1.15007215007215
