key	WAM_ALR	WAM_CCR	WAM_IPI	WAM_MAR	WAM_MYS	WAM_PBL	WAM_PJN	WAM_PPR	WAM_PST	WAM_ROL	WAM_SCR	WAM_SGN	WAM_SIS	WAM_TWN	WAR_ALR	WAR_CCR	WAR_IPI	WAR_MAR	WAR_MYS	WAR_PBL	WAR_PJN	WAR_PPR	WAR_PSK	WAR_PST	WAR_RNW	WAR_ROL	WAR_SCR	WAR_SGL	WAR_SIS
1692561	0.0	2.1860036832412524	0.5543278084714549	0.8637200736648251	0.6279926335174953	0.43462246777163904	0.27624309392265195	2.270718232044199	0.8895027624309392	0.0	2.9521178637200736	0.7661141804788214	0.0	0.0	0.0	12.073664825046041	0.0	1.132596685082873	0.0	0.6372007366482505	0.0	8.834254143646408	0.0	0.583793738489871	0.9337016574585635	0.0	6.209944751381215	0.0	0.0
397581	0.0	0.5171821305841925	1.5309278350515463	0.6786941580756014	0.25773195876288657	0.4072164948453608	0.0	0.6443298969072165	0.0	0.0	3.484536082474227	0.4896907216494845	0.0	0.29037800687285226	0.0	7.359106529209622	0.0	1.52233676975945	0.0	0.7302405498281787	0.0	6.639175257731959	0.0	0.0	0.8556701030927835	0.0	3.7302405498281788	0.0	0.0
614215	0.0	3.1194029850746268	0.7562189054726368	0.5522388059701493	1.592039800995025	0.0	0.0	1.2769485903814262	0.0	0.0	3.109452736318408	0.49585406301824214	0.0	0.0	0.0	11.074626865671641	0.0	0.0	0.0	0.26533996683250416	0.0	9.046434494195688	0.0	0.0	0.17081260364842454	0.0	2.3797678275290215	0.0	0.49917081260364843
925983	0.0	1.3696969696969696	0.0	0.0	0.0	0.0	0.6636363636363637	1.1333333333333333	0.07575757575757576	0.0	2.9	0.5333333333333333	0.0	0.3575757575757576	0.0	10.203030303030303	0.0	0.0	0.5393939393939394	0.0	0.0	10.063636363636364	0.0	0.0	0.0	0.0	2.1	0.006060606060606061	0.0
823881	0.0	3.5398230088495577	0.0	1.0427728613569323	0.0	0.0	0.0	0.8185840707964602	0.07079646017699115	0.0	2.2640117994100293	0.12094395280235988	0.0	0.0	0.0	7.95575221238938	0.0	0.01032448377581121	0.887905604719764	0.44542772861356933	0.0	8.451327433628318	0.3938053097345133	0.9616519174041298	0.0	0.43215339233038347	3.606194690265487	0.22123893805309736	0.0
322667	0.36171761280931586	2.1812227074235806	0.2190684133915575	1.0924308588064047	1.3114992721979621	0.37554585152838427	0.0	1.086608442503639	0.22561863173216884	0.0	2.3770014556040757	0.2190684133915575	0.0	0.004366812227074236	0.0	10.753275109170305	0.0	0.05458515283842795	0.2190684133915575	0.3296943231441048	0.2183406113537118	7.243085880640466	0.2190684133915575	1.574235807860262	0.11353711790393013	0.0	4.043668122270742	0.03420669577874818	0.2190684133915575
981381	0.0	1.998435054773083	0.23630672926447574	1.5758998435054774	0.08763693270735524	0.3317683881064163	0.0	0.514866979655712	0.6369327073552425	0.0	5.690140845070423	1.1549295774647887	0.0	0.0	0.0	9.427230046948356	0.0	0.47104851330203446	1.158059467918623	0.9436619718309859	0.5054773082942097	7.871674491392802	0.0	0.7339593114241002	0.23630672926447574	0.6259780907668232	2.679186228482003	0.0	0.0
1556761	0.0	1.9756944444444444	0.2604166666666667	0.4652777777777778	1.2170138888888888	0.0	0.4097222222222222	1.9444444444444444	1.4565972222222223	0.5243055555555556	2.076388888888889	2.3559027777777777	0.0	0.0	0.0	7.444444444444445	0.0	0.0	0.0954861111111111	0.5173611111111112	0.0	6.083333333333333	0.3975694444444444	0.0	0.0	0.0	2.8177083333333335	0.0	0.0
451581	0.0	4.203856749311295	0.0	1.1542699724517906	0.17355371900826447	0.931129476584022	0.0	0.027548209366391185	0.0	0.0	5.953168044077135	1.5895316804407713	0.0	0.0	0.0	16.28099173553719	0.0	0.0	0.0	2.2644628099173554	0.0	7.225895316804408	0.0	0.0	1.6639118457300275	0.0	3.628099173553719	0.09366391184573003	0.0
1166901	0.0	3.08557749850389	0.5918611609814483	0.4320766008378217	1.0622381807301018	0.3105924596050269	0.0	1.2477558348294435	0.3608617594254937	0.0	2.5978456014362656	0.8821065230400957	0.0	0.0	0.0	6.084979054458408	0.0	0.5290245362058648	0.2710951526032316	0.0	0.0	7.518850987432675	0.0	0.25014961101137045	0.18073010173548773	0.0	4.037103530819868	0.0	0.0
467301	0.0	2.576208178438662	0.25154894671623296	1.7695167286245352	0.45848822800495664	0.37298636926889717	0.6864931846344485	0.3543990086741016	0.0	0.0	1.3643122676579926	0.6232961586121437	0.3742255266418835	0.0	0.3705080545229244	6.467162329615861	0.0	0.0	0.0	0.0	0.0	4.4237918215613385	0.0	0.0	0.3742255266418835	0.0	2.121437422552664	0.0	0.18587360594795538
461170	0.6473118279569893	3.0516129032258066	0.0	0.0	0.0	0.3247311827956989	0.7075268817204301	0.0	0.0	0.0	2.4172043010752686	0.0	0.0	0.0	0.6494623655913978	8.522580645161291	0.0	0.4172043010752688	0.2838709677419355	0.3247311827956989	0.0	4.083870967741936	0.0	0.0	0.13978494623655913	0.0	4.638709677419355	0.0	0.0
461176	0.0	2.4174358974358974	0.0	0.0	0.0	0.0	0.0	2.883076923076923	0.3487179487179487	0.0	2.3282051282051284	0.0	0.0	0.4666666666666667	0.0	9.44	0.0	0.6174358974358974	0.6153846153846154	0.3087179487179487	0.30666666666666664	5.794871794871795	0.0	0.37333333333333335	0.0	0.0	3.350769230769231	0.0	0.0
1494607	0.0	1.9070847851335657	0.17421602787456447	0.7061556329849012	0.9558652729384437	0.0	0.0	1.8281068524970965	0.34959349593495936	0.0	6.055749128919861	0.6631823461091754	0.17421602787456447	0.0	0.0	10.545876887340302	0.0	0.0	0.0	0.04413472706155633	0.3507549361207898	10.168408826945413	0.032520325203252036	0.25435540069686413	0.5725900116144018	0.34959349593495936	6.847851335656213	0.1753774680603949	0.0
1381850	0.0	3.657471264367816	0.7402298850574712	0.1471264367816092	0.0	0.18850574712643678	0.0	1.5563218390804598	1.3885057471264368	0.0	3.627586206896552	0.020689655172413793	0.0	0.0	0.0	8.211494252873564	0.0	0.0	0.3448275862068966	0.9701149425287356	0.0	5.4574712643678165	0.0	0.0	0.0	0.3471264367816092	4.082758620689655	0.0	0.14482758620689656
1701786	0.0	4.959349593495935	0.0	0.0	0.6056910569105691	0.0	0.0	0.43902439024390244	0.0	0.0	3.8495934959349594	0.0	0.0	0.0	0.0	7.739837398373984	0.0	0.0	0.0	0.8780487804878049	1.386178861788618	8.727642276422765	0.0	0.0	1.1056910569105691	1.1788617886178863	4.317073170731708	0.0	0.0
1255593	0.0	4.630341880341881	0.6452991452991453	0.6452991452991453	0.0	0.11538461538461539	0.0	2.0106837606837606	1.4487179487179487	0.0	2.5598290598290596	1.0576923076923077	0.0	0.0	0.0	16.42948717948718	0.0	0.0	0.0	0.0	0.0	8.237179487179487	0.0	0.5448717948717948	0.0	0.0	4.1239316239316235	0.0	0.0
1381314	0.0	1.6163698844111216	0.40612308653545764	0.5641986879100281	0.08059981255857544	0.3992502343017807	0.1415182755388941	0.7953764448609809	0.09403311465167136	0.0	2.720712277413308	0.45517025929397065	0.2508591065292096	0.0	0.0	10.044985941893158	0.1836925960637301	0.2880349890659169	0.5382692908466105	0.45454545454545453	0.0471727585129647	6.351140268666041	0.0	0.9497032177444549	0.1886910340518588	0.0	3.380506091846298	0.0	0.0
1443693	0.0	3.160569105691057	0.2073170731707317	0.5298102981029811	0.7168021680216802	0.4071815718157182	0.4078590785907859	0.540650406504065	1.2493224932249323	0.0	1.3299457994579946	0.45528455284552843	0.0	0.2046070460704607	0.0	10.016937669376693	0.0	0.14363143631436315	0.7811653116531165	0.31639566395663954	0.4051490514905149	8.619918699186991	0.0	0.4071815718157182	0.0	0.2046070460704607	3.9031165311653115	0.0	0.0
1443695	0.0	3.316666666666667	0.0	0.31805555555555554	0.325	0.5416666666666666	0.0	0.7819444444444444	0.6236111111111111	0.0	2.688888888888889	1.3888888888888888	0.0	0.0	0.0	8.430555555555555	0.0	0.8361111111111111	0.3888888888888889	0.0	0.41805555555555557	5.544444444444444	0.41944444444444445	0.0	0.0	0.0	4.591666666666667	0.0	0.0
1429816	0.0	2.9410029498525074	0.6651917404129793	0.38200589970501475	0.443952802359882	0.44542772861356933	0.0	0.0	0.443952802359882	0.0	1.682890855457227	0.443952802359882	0.0	0.0	0.0	8.63716814159292	0.0	0.22123893805309736	0.8053097345132744	0.4424778761061947	0.0	8.101769911504425	0.0	0.0	1.3067846607669618	0.0	4.696165191740413	0.0	0.0
1188293	0.0	1.2975206611570247	0.21763085399449036	0.0	0.8126721763085399	0.0	0.0	0.8319559228650137	0.5840220385674931	0.0	2.2644628099173554	0.6584022038567493	0.14600550964187328	0.0	0.0	10.347107438016529	0.0	0.0	0.0	0.4765840220385675	0.05509641873278237	7.352617079889807	0.41597796143250687	1.9146005509641872	0.8319559228650137	0.0	2.6887052341597797	0.0	0.0
1188299	0.3412698412698413	2.1496598639455784	0.4943310657596372	0.8650793650793651	0.8514739229024944	0.48072562358276644	0.0	0.8038548752834467	0.17006802721088435	0.0	4.345804988662132	1.098639455782313	0.0	0.1712018140589569	0.0	9.010204081632653	0.0	0.3424036281179138	1.030612244897959	0.5374149659863946	0.0	8.16326530612245	0.0	0.3401360544217687	0.5124716553287982	0.0	2.996598639455782	0.4977324263038549	0.0
724775	0.0	2.7455197132616487	0.32974910394265233	0.6093189964157706	0.3727598566308244	0.0	0.0	0.899641577060932	0.5412186379928315	0.0	5.896057347670251	0.0	0.021505376344086023	0.0	0.0	11.21146953405018	0.0	0.16129032258064516	0.5376344086021505	0.4229390681003584	0.0	9.627240143369175	0.0	0.6129032258064516	0.40860215053763443	0.0	4.376344086021505	0.0	0.0
1531941	0.0736196319018405	2.3124744376278117	0.2916155419222904	0.650715746421268	0.12351738241308793	0.0638036809815951	0.0	0.7398773006134969	0.0	0.0	2.5566462167689163	0.36155419222903884	0.0	0.12269938650306748	0.12310838445807772	9.633537832310838	0.0	0.4899795501022495	0.24621676891615543	1.2298568507157464	0.12351738241308793	7.576278118609407	0.0	0.8511247443762782	0.3685071574642127	0.0	3.2192229038854805	0.3079754601226994	0.12310838445807772
1277775	0.0	1.8293010752688172	0.0	0.40591397849462363	0.20161290322580644	0.22983870967741934	0.0	1.7150537634408602	1.174731182795699	0.0	4.603494623655914	1.2029569892473118	0.0	0.0	0.4825268817204301	9.608870967741936	0.0	0.6075268817204301	0.40591397849462363	0.8104838709677419	0.0	7.646505376344086	0.0	1.060483870967742	0.46639784946236557	0.0	5.758064516129032	0.0	0.0
292435	0.0	2.058176100628931	0.23742138364779874	0.33647798742138363	0.46540880503144655	0.007861635220125786	0.0	1.921383647798742	0.46855345911949686	0.0	3.3537735849056602	0.23742138364779874	0.0	0.0	0.0	6.033018867924528	0.0	0.47327044025157233	0.0	0.31761006289308175	0.0	3.6761006289308176	0.0	1.6383647798742138	0.025157232704402517	0.0	2.19811320754717	0.0	0.0
1620836	0.0	6.970114942528736	0.0	1.393103448275862	0.0	0.0	0.0	0.9287356321839081	0.0	0.0	3.1839080459770117	0.0	0.0	0.0	0.0	9.064367816091954	0.24367816091954023	0.0	0.01839080459770115	0.6620689655172414	0.0	9.6	0.0	1.5218390804597701	0.0	0.0	5.705747126436782	0.0	0.0
782575	0.0	1.6387096774193548	0.0	1.103225806451613	0.0	0.7096774193548387	0.0	0.0	0.0	0.0	1.5075268817204301	0.0	0.0	0.2021505376344086	0.0	11.236559139784946	0.0	0.0	0.3247311827956989	0.34408602150537637	0.0	4.670967741935484	0.0	0.0	0.4021505376344086	0.0	5.049462365591398	0.4752688172043011	0.6473118279569893
1021539	0.0	1.933609958506224	0.3457814661134163	0.6127247579529738	0.0	0.15214384508990317	0.0	0.37621023513139695	0.8312586445366529	0.0	6.023513139695712	0.313969571230982	0.0	0.0	0.0	10.034578146611342	0.3665283540802213	0.0	0.41770401106500693	0.9239280774550485	0.0	4.550484094052559	0.0	0.28492392807745504	0.0	0.0	3.979253112033195	0.0	0.0
984185	0.0	2.459495351925631	0.7357237715803453	0.8193891102257637	0.5790172642762285	0.11686586985391766	0.25232403718459495	0.796812749003984	0.1341301460823373	0.0	4.326693227091633	0.8021248339973439	0.0	0.0	0.0	10.91633466135458	0.0	0.0	1.2841965471447543	1.2841965471447543	0.6095617529880478	5.912350597609562	0.40106241699867196	0.3452855245683931	0.0	0.0	3.8738379814077026	0.0	0.0
1613719	0.0	1.5187119234116624	0.09051348999129678	0.33159268929503916	0.13141862489120976	0.39295039164490864	0.39295039164490864	1.376414273281114	0.25282854656222803	0.0	3.2750217580504786	0.8559617058311575	0.0	0.0	0.39251523063533506	10.133159268929504	0.0	0.2628372497824195	0.26240208877284593	0.3276762402088773	0.09399477806788512	5.194081810269799	0.0	0.2558746736292428	0.5139251523063534	0.0	3.572236727589208	0.10791993037423847	0.0
1472551	0.0	1.8991060025542785	0.0	0.7203065134099617	0.384418901660281	0.0	0.0	0.8876117496807152	0.38569604086845466	0.0	1.7624521072796935	1.922094508301405	0.0	0.0	0.0	11.15581098339719	0.0	0.38569604086845466	0.0	0.9272030651340997	0.38569604086845466	6.452107279693487	0.0	0.6475095785440613	0.0	0.0	3.1136653895274584	0.0	0.27330779054916987
1101940	0.0	1.5587484035759898	0.578544061302682	0.2247765006385696	0.43742017879948913	0.27586206896551724	0.0	0.7522349936143039	0.3116219667943806	0.0	1.5581098339719028	0.29821200510855683	0.0	0.10472541507024266	0.0	6.969348659003831	0.0	0.0	0.02490421455938697	0.3888888888888889	0.1922094508301405	5.318007662835249	0.0	0.44763729246487866	0.0	0.0	4.144955300127714	0.0	0.0
1140673	0.0	1.7112810707456978	0.19184193753983428	0.6940726577437859	0.19247928616953475	0.0	0.19120458891013384	1.1376673040152965	0.2237093690248566	0.0	1.9681325685149778	0.19184193753983428	0.0	0.1727214786488209	0.0	8.952836201402167	0.0	0.17909496494582536	0.20905035054174634	0.17973231357552583	0.0	5.384321223709369	0.0	0.19184193753983428	0.4448693435309114	0.19247928616953475	3.5710643722115996	0.0	0.0
1630456	0.0	4.17948717948718	0.0	1.4773175542406312	0.8481262327416174	0.0	0.2445759368836292	2.378698224852071	0.0	0.0	5.021696252465484	1.9625246548323472	0.0	0.6252465483234714	0.0	6.605522682445759	0.0	0.0	0.5384615384615384	0.571992110453649	0.0	10.04733727810651	0.5936883629191322	0.8915187376725838	0.6429980276134122	0.0	3.5956607495069033	0.0	0.0
1221993	0.0	1.516304347826087	1.3532608695652173	0.3713768115942029	0.0	0.0	0.0	1.9003623188405796	0.4329710144927536	0.0	4.121376811594203	0.2717391304347826	0.0	0.0	0.0	10.719202898550725	0.0	0.0	0.302536231884058	0.0	0.0	4.793478260869565	0.0	1.0778985507246377	0.552536231884058	0.0	4.9728260869565215	0.0	0.0
1154859	0.0	2.3475409836065575	0.3819672131147541	0.460655737704918	0.6420765027322405	0.1650273224043716	0.0	0.4934426229508197	0.20765027322404372	0.0	1.3065573770491803	0.514207650273224	0.0	0.0	0.0	5.85464480874317	0.0	0.0825136612021858	0.1633879781420765	0.7038251366120218	0.45136612021857925	4.946994535519126	0.0	0.4054644808743169	0.24754098360655738	0.0	3.5633879781420763	0.0	0.03770491803278689
941509	0.0	2.7264367816091952	1.3517241379310345	0.5126436781609195	0.0	0.0	0.0	1.4183908045977012	0.0	0.0	4.333333333333333	0.3471264367816092	0.0	0.0	0.0	11.312643678160919	0.0	0.0	0.0	0.0	0.0	8.296551724137931	0.0	0.46436781609195404	0.0	0.0	4.367816091954023	0.0	0.0
941533	0.0	3.875661375661376	0.3888888888888889	1.3624338624338623	0.0	0.0	0.0	1.4788359788359788	0.17724867724867724	0.0	2.4100529100529102	0.4603174603174603	0.0	0.0	0.0	9.39153439153439	0.0	0.1455026455026455	0.0	0.0	0.828042328042328	7.193121693121693	0.0	2.375661375661376	0.0	0.0	4.597883597883598	0.8571428571428571	0.0
290314	0.0	5.9054726368159205	0.1865671641791045	0.6567164179104478	0.46766169154228854	0.18159203980099503	0.6194029850746269	1.6977611940298507	0.0	0.0	1.9912935323383085	0.24378109452736318	0.0	0.0	0.0	8.164179104477611	0.0	0.0	0.0	0.3743781094527363	0.0	7.364427860696518	0.0	0.75	0.23383084577114427	0.0	3.470149253731343	0.26865671641791045	0.0
1071457	0.0	1.7756410256410255	0.04700854700854701	0.9572649572649573	0.0	0.6431623931623932	0.6196581196581197	0.6602564102564102	0.6452991452991453	0.0	1.7264957264957266	0.3547008547008547	0.0	0.0	0.0	5.566239316239316	0.0	0.6452991452991453	0.24358974358974358	0.5491452991452992	0.0	5.7414529914529915	0.0	0.21581196581196582	0.2692307692307692	0.0	1.8952991452991452	0.32264957264957267	0.0
413991	0.0	2.5238095238095237	0.3886743886743887	0.36293436293436293	0.0	0.3577863577863578	0.0	1.7052767052767053	0.3861003861003861	0.0	3.0167310167310166	0.05405405405405406	0.0	0.0	0.0	7.644787644787645	0.0	0.8301158301158301	0.0	1.3564993564993566	0.0	8.11969111969112	0.38738738738738737	0.7747747747747747	1.0257400257400258	0.0	4.527670527670527	0.0	0.0
235249	0.7194244604316546	3.354916067146283	0.0	3.2326139088729016	0.6546762589928058	0.6402877697841727	0.0	1.3213429256594724	0.0	0.0	4.304556354916067	0.5947242206235012	0.0	0.7242206235011991	0.0	7.333333333333333	0.0	0.0	0.0	0.0	0.6378896882494005	6.39568345323741	0.0	0.0	1.0839328537170263	0.0	1.630695443645084	0.7242206235011991	0.0
978925	0.0	3.780626780626781	0.0	0.42735042735042733	0.50997150997151	0.0	0.0	0.6438746438746439	0.1225071225071225	0.0	2.50997150997151	0.0	0.0	0.0	0.0	8.897435897435898	0.0	0.8603988603988604	1.3276353276353277	0.0	0.0	5.8262108262108265	0.0	0.0	0.0	0.0	4.678062678062678	0.0	0.0
1627302	0.0	4.693693693693693	0.0	1.2454954954954955	0.6779279279279279	0.5563063063063063	0.6779279279279279	2.2454954954954953	0.0	0.0	8.132882882882884	1.4684684684684686	0.0	0.0	0.0	11.216216216216216	0.0	1.9234234234234233	0.4864864864864865	2.2995495495495497	0.0	6.745495495495495	0.0	0.6779279279279279	0.0	0.0	4.617117117117117	0.0	0.0
304889	0.0	2.7676767676767677	1.6020202020202021	1.486868686868687	1.1252525252525252	0.30505050505050507	0.0	0.8363636363636363	1.0121212121212122	0.0	3.3212121212121213	0.0	0.0	0.0	0.5212121212121212	11.482828282828283	0.0	0.0	0.0	1.2181818181818183	0.6080808080808081	8.519191919191918	0.0	1.1131313131313132	0.604040404040404	0.0	1.917171717171717	0.0	0.0
304891	0.0	1.495959595959596	0.25656565656565655	0.30505050505050507	0.0	0.7646464646464647	1.4838383838383837	1.5888888888888888	0.30404040404040406	0.30303030303030304	3.403030303030303	0.09898989898989899	0.0	0.8848484848484849	0.1191919191919192	7.674747474747475	0.0	0.0	0.0	0.8717171717171717	0.0	9.275757575757575	0.0	0.0	0.30505050505050507	0.0	3.4525252525252523	0.0	0.0
718947	0.0	3.4872944693572494	0.0	0.6397608370702541	0.8953662182361734	0.0	0.0	1.1240657698056802	0.6995515695067265	0.0	3.6218236173393126	1.2914798206278026	0.0	0.0	0.0	6.119581464872945	0.0	0.4499252615844544	0.4484304932735426	0.8191330343796711	0.6517189835575485	8.234678624813155	0.0	0.2795216741405082	0.2242152466367713	0.0	3.6427503736920777	0.0	0.0
1660695	0.0	2.467202141900937	0.025435073627844713	0.42302543507362783	1.2208835341365463	0.20214190093708165	0.0	0.0	1.2730923694779117	0.0	3.0575635876840694	0.571619812583668	0.0	0.0	0.0	13.182061579651942	0.0	0.0	0.008032128514056224	1.428380187416332	0.3708165997322624	8.816599732262382	0.0	0.0	0.1713520749665328	0.0	4.053547523427041	0.4029451137884873	0.0
501571	0.30220883534136544	3.2409638554216866	0.15461847389558234	0.22389558232931728	0.4246987951807229	0.7961847389558233	0.6024096385542169	1.5120481927710843	0.5993975903614458	0.0	2.0632530120481927	0.4578313253012048	0.0	0.0	0.0	7.73995983935743	0.0	0.0	0.4387550200803213	0.9799196787148594	0.0	6.374497991967871	0.0	0.11746987951807229	0.0	0.0	3.1947791164658637	0.0	0.0
1315518	0.0	3.5436893203883497	1.6116504854368932	1.6537216828478964	0.0	0.0	0.0	0.0	0.0	0.0	3.9514563106796117	0.47249190938511326	0.0	0.0	0.0	11.097087378640778	0.0	0.0	0.0	1.2394822006472492	0.0	4.508090614886731	0.0	0.4854368932038835	0.8576051779935275	0.48220064724919093	4.750809061488673	0.0	0.0
439940	0.0	1.2974358974358975	1.1897435897435897	0.7948717948717948	0.0	0.0	0.0	3.7948717948717947	1.0153846153846153	0.0	1.0512820512820513	0.0	0.0	0.0	0.0	11.394871794871795	0.0	0.0	0.0	1.8512820512820514	1.4666666666666666	6.630769230769231	0.0	0.0	0.49230769230769234	0.0	2.0358974358974358	0.0	0.0
808057	0.0	2.638888888888889	0.0	0.6331018518518519	0.42824074074074076	0.34837962962962965	0.34953703703703703	0.7974537037037037	1.0104166666666667	0.0	1.0486111111111112	0.6111111111111112	0.1712962962962963	0.0	0.0	5.599537037037037	0.0	0.0	0.0	0.19212962962962962	0.34837962962962965	5.502314814814815	0.34953703703703703	0.5243055555555556	0.5532407407407407	0.0	3.5046296296296298	0.3472222222222222	0.0
1355053	0.0	2.496007984031936	0.4301397205588822	0.0	0.0	0.1506986027944112	0.2874251497005988	0.8383233532934131	0.1497005988023952	0.0	2.527944111776447	0.3003992015968064	0.29840319361277445	0.0	0.0	9.3812375249501	0.0	0.5179640718562875	0.3153692614770459	0.7265469061876247	0.0	7.811377245508982	0.0	0.5678642714570858	0.6926147704590818	0.0	5.088822355289421	0.0	0.0
1600032	0.0	2.3540175019888623	1.4948289578361178	1.1996817820206842	0.5497215592680986	0.00954653937947494	0.24025457438345266	1.0755767700875098	0.2394590294351631	0.12012728719172633	5.34049323786794	0.4797136038186158	0.0	0.08750994431185362	0.0	7.718377088305489	0.0	0.3206046141607001	0.360381861575179	0.24105011933174225	0.0	7.796340493237868	0.0	0.3826571201272872	0.4797136038186158	0.0	4.026252983293556	0.21957040572792363	0.4526650755767701
213987	0.0	3.5893719806763285	1.458937198067633	0.024154589371980676	0.13526570048309178	0.0	0.7294685990338164	3.0531400966183573	1.2946859903381642	0.0	2.743961352657005	0.0	0.0	0.0	0.0	5.702898550724638	0.0	0.4468599033816425	0.463768115942029	0.0	0.0	2.8260869565217392	0.0	0.0	0.0	0.0	0.6859903381642513	0.0	0.35990338164251207
229840	0.0	2.1372549019607843	0.0	0.0	0.0	0.788235294117647	0.0	0.5882352941176471	0.4235294117647059	0.0	2.4313725490196076	0.0	0.0	0.0	0.0	2.5176470588235293	0.0	0.0	0.0	0.0	0.0	2.43921568627451	0.0	1.2470588235294118	0.0	0.0	2.16078431372549	0.0	0.0
740974	0.0	3.2347600518806745	0.0	0.0	0.0	0.0	0.19455252918287938	1.0440985732814527	0.62905317769131	0.0	2.329442282749676	0.0324254215304799	0.0	0.125810635538262	0.0	6.7924773022049285	0.9468223086900129	0.23346303501945526	0.29571984435797666	0.009079118028534372	0.39169909208819714	2.8858625162127107	0.12062256809338522	0.7302204928664072	0.0	0.0	2.845654993514916	0.39040207522697795	0.0
1561056	0.19584954604409857	2.859922178988327	0.0	0.8573281452658884	0.691958495460441	0.5797665369649806	0.0	1.0447470817120623	0.5752269779507133	0.0	2.8255512321660183	0.19584954604409857	0.19520103761348898	0.0	0.39169909208819714	10.786640726329443	0.0	0.02529182879377432	0.31841763942931256	0.4656290531776913	0.0	4.658236057068742	0.0	0.0	0.4889753566796368	0.0	2.7457846952010376	0.0	0.0
416332	0.0	2.3956043956043955	0.5659340659340659	0.0	3.63003663003663	0.826007326007326	0.0	1.9597069597069596	1.1007326007326008	0.0	2.5952380952380953	1.8974358974358974	0.0	0.02197802197802198	0.0	8.750915750915752	0.0	0.0347985347985348	0.44505494505494503	0.8278388278388278	0.0	7.402930402930403	0.0	0.0	0.5347985347985348	0.0	3.967032967032967	0.0	0.0
883826	0.0	2.2767624020887727	0.5491731940818103	0.7145343777197564	0.2619669277632724	0.0	0.26022628372497825	1.4142732811140122	0.25413402959094866	0.0	4.237597911227154	2.297650130548303	0.0	0.25674499564838993	0.2628372497824195	11.491731940818102	0.0	0.0	0.4725848563968668	0.3307223672758921	0.0	11.369016536118364	0.0	0.17667536988685814	0.5248041775456919	0.0	4.098346388163621	0.0	0.26022628372497825
648679	0.0	2.8824626865671643	0.09577114427860696	0.5385572139303483	0.0	0.1859452736318408	0.07960199004975124	0.9390547263681592	0.47761194029850745	0.0	2.919776119402985	0.18718905472636815	0.0	0.0	0.0	6.920398009950249	0.0	0.375	0.0	0.7375621890547264	0.0	8.074626865671641	0.0	0.0	0.7481343283582089	0.03669154228855721	2.6685323383084576	0.14303482587064675	0.0
1358851	0.0	2.1344086021505375	0.0	0.8118279569892473	0.7983870967741935	0.09946236559139784	0.0	0.7231182795698925	0.0	0.0	1.696236559139785	0.0	0.0	0.0	0.0	7.704301075268817	0.0	0.0	0.0	1.6209677419354838	0.01881720430107527	4.349462365591398	0.0	0.8494623655913979	0.11021505376344086	0.0	3.5483870967741935	0.0	0.0
632348	0.0	0.3472222222222222	0.6342592592592593	0.0	0.0	0.0	0.0	1.9259259259259258	0.0	0.19907407407407407	4.2592592592592595	0.5370370370370371	0.0	0.1712962962962963	0.0	4.425925925925926	0.44907407407407407	1.2777777777777777	1.25	0.0	0.0	4.6342592592592595	0.0	1.0694444444444444	0.0	0.0	2.9305555555555554	0.0	0.0
1687653	0.40707964601769914	3.088495575221239	0.0	1.3333333333333333	0.0	0.0	0.0	0.0	0.0	0.0	4.943952802359882	0.7168141592920354	0.0	0.9911504424778761	0.0	10.0	0.0	1.8997050147492625	0.0	0.4336283185840708	0.0	4.6902654867256635	0.0	0.5545722713864307	0.0	0.0	3.0678466076696167	0.0	0.0
854020	0.0	0.8801169590643275	0.0	0.0	0.0	0.0	0.0	1.695906432748538	0.0	0.0	2.046783625730994	0.4415204678362573	0.0	0.0	0.0	2.926900584795322	0.0	0.0	0.8830409356725146	2.5116959064327484	0.0	2.8976608187134505	0.0	0.0	0.0	0.7046783625730995	4.064327485380117	0.0	0.0
707373	0.0	2.252083333333333	0.0	0.32708333333333334	0.6291666666666667	0.0	0.0	0.5458333333333333	1.46875	0.0	3.4520833333333334	0.0	0.6270833333333333	0.0	0.0	11.760416666666666	0.0	0.0	1.25625	0.9270833333333334	0.70625	6.620833333333334	0.0	1.6895833333333334	1.075	0.0	1.5104166666666667	0.0	0.0
1178540	0.0	1.375	0.0	0.23148148148148148	0.0	0.0	0.0	0.4645061728395062	0.4660493827160494	0.0	1.2993827160493827	0.0	0.0	0.0	0.0	5.813271604938271	0.0	0.0	0.0	0.3487654320987654	0.0	4.277777777777778	0.0	0.0	0.0	0.0	1.1311728395061729	0.0	0.46296296296296297
1468301	0.0	3.345528455284553	0.3943089430894309	1.065040650406504	1.8699186991869918	0.0	0.0	1.9024390243902438	0.0	0.0	4.772357723577236	1.8414634146341464	0.0	0.0	0.540650406504065	9.357723577235772	0.0	0.0	0.0	0.5487804878048781	0.0	5.467479674796748	0.0	2.548780487804878	0.6869918699186992	0.0	3.8739837398373984	0.0	0.0
571267	0.0	5.35978835978836	0.0	0.0	0.0	0.36772486772486773	0.6746031746031746	0.328042328042328	0.3412698412698413	0.3994708994708995	5.3201058201058204	0.3915343915343915	0.0	0.0	0.0	8.841269841269842	0.0	0.6164021164021164	0.3888888888888889	0.08465608465608465	0.0	6.626984126984127	0.0	0.0	1.1957671957671958	0.0	3.5423280423280423	0.0	0.0
1851	0.0	2.1880341880341883	0.0	0.0876068376068376	0.4722222222222222	0.2329059829059829	0.0	1.1517094017094016	1.2286324786324787	0.0	3.235042735042735	0.9743589743589743	0.0	0.10683760683760683	0.0	10.181623931623932	0.0	1.3418803418803418	0.6410256410256411	0.5384615384615384	0.0	5.777777777777778	0.0	0.48504273504273504	1.1388888888888888	0.0	4.931623931623932	0.0	0.0
1285851	0.0	1.6988416988416988	0.22522522522522523	0.5244530244530244	0.38803088803088803	0.09716859716859717	0.0	0.7277992277992278	0.0	0.0	2.487129987129987	0.581081081081081	0.0	0.0	0.0	7.604247104247104	0.0	0.0	0.19369369369369369	0.5341055341055341	0.17374517374517376	4.196267696267697	0.0	0.0	0.0	0.0	2.797940797940798	0.0	0.19433719433719435
924308	0.0	2.7834274952919023	0.0	0.0	0.384180790960452	1.1563088512241055	0.06779661016949153	1.1337099811676083	0.2824858757062147	0.0	3.337099811676083	0.8888888888888888	0.0	0.0	0.0	6.9246704331450095	0.0	0.15819209039548024	0.0	0.8041431261770244	0.20527306967984935	4.291902071563088	0.0	0.0	1.0998116760828625	0.0	3.9661016949152543	0.0	0.3973634651600753
1700796	0.0	1.1440588853838065	0.0	0.1156677181913775	0.31650893796004204	0.6330178759200841	0.1587802313354364	0.6771819137749737	0.5352260778128286	0.0	2.7318611987381702	0.0	0.0	0.0	0.0	8.071503680336487	0.0	0.29442691903259727	0.5741324921135647	0.3175604626708728	0.31650893796004204	5.584647739221872	0.37960042060988436	0.47423764458464773	0.0	0.0	3.108307045215563	0.0	0.0
523745	0.0	2.3625	0.495	0.27666666666666667	0.6266666666666667	0.3383333333333333	0.0	0.7525	0.5016666666666667	0.0	5.255	0.5208333333333334	0.0	0.25083333333333335	0.0	9.846666666666666	0.0	0.0	0.12583333333333332	0.0	0.25	5.27	0.0	0.7041666666666667	0.45166666666666666	0.0	2.5591666666666666	0.0	0.0
1469482	0.0	2.3523035230352303	0.8102981029810298	0.0	0.3983739837398374	0.0	0.0	1.7073170731707317	0.8184281842818428	0.0	3.3495934959349594	0.8130081300813008	0.0	0.0	0.0	9.766937669376693	0.8157181571815718	0.0	1.1815718157181572	2.7425474254742546	0.0	8.533875338753388	0.0	0.7127371273712737	0.4742547425474255	0.0	3.8780487804878048	1.6368563685636857	0.0
1349988	0.0	6.375527426160337	0.620253164556962	0.8396624472573839	1.0379746835443038	0.0	0.9535864978902954	2.2447257383966246	0.0	0.0	8.156118143459915	1.9957805907172996	0.0	0.0	0.0	12.725738396624472	0.0	0.0	0.0	0.1518987341772152	0.22362869198312235	8.814345991561181	0.0	0.5274261603375527	0.0	0.21940928270042195	5.324894514767933	0.0	0.0
1459029	0.0	1.417312661498708	0.0	0.8746770025839793	0.0	0.0	0.0	0.603359173126615	0.3888888888888889	0.0	4.18733850129199	0.42248062015503873	0.0	0.0	0.0	8.091731266149871	0.0	0.2364341085271318	0.0	0.7067183462532299	0.0	3.3294573643410854	0.0	1.1317829457364341	0.5077519379844961	0.0	1.4289405684754521	0.0	0.0
1238119	0.0	6.647058823529412	1.0695187165775402	0.23529411764705882	0.5329768270944741	0.3172905525846702	0.2994652406417112	1.8146167557932265	0.3582887700534759	0.0	3.3814616755793225	1.5044563279857397	0.0	0.058823529411764705	0.07130124777183601	9.144385026737968	0.0	1.1372549019607843	0.9714795008912656	0.6755793226381461	0.26916221033868093	12.244206773618538	0.0	0.0	0.0	0.0	5.516934046345811	0.0	0.0
1534457	0.0	5.068965517241379	1.7954022988505747	1.0413793103448277	2.075862068965517	0.48735632183908045	0.0	1.4229885057471265	1.0367816091954023	0.0	2.8413793103448275	0.9793103448275862	0.0	0.0	0.0	8.036781609195403	0.041379310344827586	1.3839080459770114	0.6942528735632184	0.0	0.6919540229885057	5.862068965517241	0.0	0.39080459770114945	0.0	0.0	5.020689655172414	0.0	0.0
1597278	0.0	3.3945666235446312	0.13022854678740836	0.7188443294523501	0.38896075894782234	0.25959465286761535	0.0	1.279430789133247	0.7805088400172489	0.0	3.7434238896075893	0.6028460543337646	0.0	0.13022854678740836	0.0	7.433807675722294	0.25959465286761535	0.26002587322121606	0.2315653298835705	0.44156964208710653	0.25053902544200085	6.150927123760241	0.25959465286761535	0.9103061664510564	0.26002587322121606	0.0	3.4277705907718845	0.0	0.13022854678740836
915816	0.08648339060710195	1.979954180985109	0.0	0.693012600229095	0.34536082474226804	0.06815578465063	0.19243986254295534	1.4009163802978235	0.5435280641466208	0.0	2.2674684994272623	0.42955326460481097	0.0	0.5171821305841925	0.0	8.02176403207331	0.0	0.33676975945017185	0.518327605956472	1.4919816723940436	0.0	7.904925544100802	0.0	0.54524627720504	0.5108820160366552	0.0	3.5601374570446733	0.0	0.1729667812142039
1238134	0.0	1.6910994764397906	0.0	0.5776614310645725	0.08376963350785341	0.05410122164048865	0.0	0.14136125654450263	0.35951134380453753	0.0	1.6265270506108203	0.4799301919720768	0.0	0.0	0.0	7.380453752181501	0.0	0.5270506108202443	0.0	0.0	0.0	9.837696335078535	0.0	0.40663176265270506	0.0	0.0	1.3019197207678883	0.0	0.0
1627334	0.0	2.589605734767025	0.492831541218638	0.0	0.0	0.4910394265232975	0.0	1.374551971326165	1.0268817204301075	0.0	2.5591397849462365	0.8637992831541219	0.0	0.0	0.0	6.89426523297491	0.0	0.0	1.1164874551971327	0.26881720430107525	0.0	3.152329749103943	0.0	0.48028673835125446	0.5412186379928315	0.02867383512544803	2.695340501792115	0.0	0.0
25958	0.0	2.621542940320233	0.0	0.4395924308588064	0.438136826783115	0.053857350800582245	0.29839883551673946	0.43522561863173215	0.0	0.0	3.296943231441048	0.0	0.7161572052401747	0.0	0.4395924308588064	10.046579330422125	0.0	0.4395924308588064	0.42066957787481807	0.36681222707423583	0.0	4.724890829694323	0.0	0.2096069868995633	0.0	0.0	3.7947598253275108	0.0	0.0
548796	0.0	2.189054726368159	0.4487562189054726	1.0895522388059702	0.14577114427860696	0.03383084577114428	0.07064676616915423	2.297512437810945	0.05124378109452736	0.0	3.2995024875621892	0.991044776119403	0.0	0.0	0.15024875621890546	11.901990049751245	0.15323383084577114	0.14975124378109453	0.6333333333333333	0.4417910447761194	0.2990049751243781	7.231840796019901	0.0	1.1995024875621891	0.2855721393034826	0.0	3.4328358208955225	0.0	0.15024875621890546
1102017	0.0	1.6837606837606838	0.28679962013295346	0.4287749287749288	0.352326685660019	0.13912630579297247	0.45251661918328584	0.98338081671415	0.0	0.0	2.133428300094967	0.1291547958214625	0.0	0.13675213675213677	0.0	9.8656220322887	0.0	0.2839506172839506	0.7160493827160493	0.657644824311491	0.0	6.897910731244065	0.4278252611585945	0.44776828110161443	0.4287749287749288	0.10493827160493827	3.9078822412155745	0.0	0.0
237368	0.32595325953259535	1.1586715867158672	0.36900369003690037	0.0	0.11808118081180811	0.37023370233702335	0.0	0.5301353013530136	0.4108241082410824	0.0	2.220172201722017	0.0	0.0	0.2521525215252153	0.35793357933579334	6.594095940959409	0.0	0.3148831488314883	0.0	0.5621156211562116	0.0	3.6555965559655594	0.0	0.3899138991389914	0.4034440344403444	0.0	1.9913899138991389	0.1857318573185732	0.0
1202716	0.0	1.7706666666666666	0.584	0.4026666666666667	1.608	0.0	0.0	0.4026666666666667	0.0	0.0	4.288	0.8053333333333333	0.0	0.5093333333333333	0.0	8.648	0.0	0.4026666666666667	0.30933333333333335	0.0	0.0	6.816	0.0	0.6266666666666667	0.0	0.0	5.253333333333333	0.376	0.0
330891	0.0	2.4943589743589745	0.6194871794871795	0.48512820512820515	0.0	0.0	0.3764102564102564	0.5251282051282051	0.5846153846153846	0.0	3.235897435897436	0.7282051282051282	0.0	0.3087179487179487	0.0	5.354871794871795	0.0	0.28717948717948716	0.3087179487179487	0.3128205128205128	0.5620512820512821	5.929230769230769	0.0	0.6164102564102564	0.0	0.0	2.212307692307692	0.02358974358974359	0.0
86559	0.0	1.363408521303258	0.6691729323308271	0.0	0.7543859649122807	0.0	0.0	0.16541353383458646	0.14786967418546365	0.0	3.601503759398496	0.3508771929824561	0.0	0.7543859649122807	0.0	8.964912280701755	0.0	0.43859649122807015	0.5513784461152882	0.0	0.0	7.696741854636591	0.0	0.0	0.0	0.0	1.2957393483709274	0.0	0.0
1298653	0.05765765765765766	1.5360360360360361	0.2711711711711712	0.8558558558558559	0.6576576576576577	0.015315315315315315	0.13513513513513514	1.6603603603603603	0.28468468468468466	0.0	5.581081081081081	0.4756756756756757	0.0	0.2711711711711712	0.0	9.663963963963964	0.0	0.4207207207207207	0.0	0.7	0.0	8.766666666666667	0.25675675675675674	1.2225225225225225	0.8810810810810811	0.23873873873873874	5.071171171171171	0.13513513513513514	0.2648648648648649
1390865	0.0	1.5974842767295598	0.3165618448637317	0.31551362683438156	0.14255765199161424	0.0	0.31551362683438156	0.8637316561844863	0.69916142557652	0.31341719077568136	2.1174004192872116	0.3018867924528302	0.0	0.3165618448637317	0.0	8.31341719077568	0.0	0.15828092243186584	0.47379454926624737	0.5429769392033543	0.0	6.716981132075472	0.31551362683438156	0.3165618448637317	0.6268343815513627	0.0	2.093291404612159	0.18448637316561844	0.0
1726654	0.0	1.2044817927170868	0.7997198879551821	0.42296918767507	0.0	0.4215686274509804	0.0	1.1358543417366946	0.773109243697479	0.0	5.299719887955182	0.04201680672268908	0.0	0.0	0.0	8.507002801120448	0.0	0.41876750700280113	0.0	0.45518207282913165	0.0	5.471988795518207	0.0	0.21008403361344538	0.0	0.0	2.261904761904762	0.0	0.0
1726653	0.3289617486338798	1.5683060109289617	0.0	0.0	0.0	0.3289617486338798	0.3289617486338798	0.8863387978142077	0.326775956284153	0.0	2.5136612021857925	0.687431693989071	0.0	0.0	0.0	9.766120218579236	0.0	0.030601092896174863	0.22295081967213115	0.32021857923497266	0.28743169398907104	9.150819672131147	0.0	0.3300546448087432	0.31366120218579235	0.32786885245901637	3.33224043715847	0.0	0.0
