key	WAM_ALR	WAM_CCR	WAM_IPI	WAM_MAR	WAM_MYS	WAM_PBL	WAM_PJN	WAM_PPR	WAM_PST	WAM_ROL	WAM_SCR	WAM_SGN	WAM_SIS	WAM_TWN	WAR_ALR	WAR_CCR	WAR_IPI	WAR_MAR	WAR_MYS	WAR_PBL	WAR_PJN	WAR_PPR	WAR_PSK	WAR_PST	WAR_RNW	WAR_ROL	WAR_SCR	WAR_SGL	WAR_SIS
1367933	0.7608052101835405	0.34517465956187093	1.0710479573712255	0.11130846654825341	0.1788040260509177	0.0	0.6968620485494376	0.1788040260509177	0.1876850207223209	0.32208407341622264	0.0	0.1811722912966252	0.0	0.0	0.35701598579040855	0.1788040260509177	0.7347542924807579	0.3576080521018354	0.5695677915926584	0.5553582001184133	0.35701598579040855	0.1201894612196566	0.970396684428656	0.6814683244523386	0.7140319715808171	1.329780935464772	0.34221432800473656	0.27116637063351096	0.5275310834813499
61040	0.0	0.0	0.0	0.2131782945736434	0.0	0.0	0.32170542635658916	0.0	0.689922480620155	0.0	0.0	0.0	0.0	0.0	1.5813953488372092	0.8217054263565892	2.992248062015504	0.0	0.0	0.0	0.6937984496124031	0.0	0.45348837209302323	1.193798449612403	0.0	0.0	0.0	0.7984496124031008	0.5852713178294574
288646	0.2303585049580473	0.0	0.4584286803966438	0.0	0.6193745232646835	0.459954233409611	0.7101449275362319	0.2303585049580473	0.2295957284515637	0.4607170099160946	0.0	0.37604881769641496	0.0	0.0	0.7986270022883295	0.2303585049580473	0.9069412662090007	0.13806254767353165	0.919908466819222	1.0373760488176964	0.8863463005339436	0.3897787948131198	1.3524027459954233	0.6910755148741419	0.0	0.9626239511823036	0.18840579710144928	0.6193745232646835	0.6437833714721587
35579	0.0	0.0	0.825136612021858	0.0	0.0	0.0	0.0	0.0	0.0	1.1530054644808743	0.0	0.453551912568306	0.0	0.0	0.0	0.0	1.0874316939890711	0.0	0.0	0.0	0.1366120218579235	0.0	0.0	0.0	0.0	0.0	0.0	0.0	0.0
1453545	0.6173708920187794	0.3513302034428795	1.0289514866979657	0.3536776212832551	0.6596244131455399	0.0	1.0023474178403755	0.0	0.23552425665101723	0.11737089201877934	0.0	0.23552425665101723	0.0	0.0	1.3888888888888888	0.0	0.8724569640062598	0.0	2.1901408450704225	0.24491392801251957	0.12832550860719874	0.11815336463223787	1.1737089201877935	1.3489827856025038	0.13849765258215962	1.146322378716745	0.20657276995305165	0.44209702660406885	0.42644757433489827
881273	0.46981627296587924	0.0	1.3438320209973753	0.0	0.4494750656167979	0.2178477690288714	0.9586614173228346	0.0	0.18766404199475065	0.3930446194225722	0.1968503937007874	0.0	0.3963254593175853	0.0	0.5426509186351706	0.5938320209973753	1.2355643044619422	0.2572178477690289	0.9599737532808399	0.5006561679790026	0.6811023622047244	0.19816272965879264	3.0413385826771653	1.4553805774278215	0.3805774278215223	1.7408136482939633	0.47703412073490814	1.1607611548556431	0.3956692913385827
881275	0.08585858585858586	0.0	0.6944444444444444	0.0	0.37626262626262624	0.0	1.8863636363636365	0.0	0.7095959595959596	0.0	0.0	0.0	0.5757575757575758	0.0	0.0	0.0	1.7904040404040404	0.4671717171717172	1.3838383838383839	0.0	0.7626262626262627	0.0	0.7626262626262627	1.4545454545454546	0.0	0.0	0.8383838383838383	0.0	0.0
916007	0.0	1.1185185185185185	0.12222222222222222	0.0	0.07777777777777778	0.0	0.7111111111111111	0.3296296296296296	0.0	0.0	0.0	0.0	0.0	0.0	0.0	0.0	0.0	0.8592592592592593	0.0	0.5888888888888889	0.0	0.0	1.3888888888888888	0.0	0.0	0.6	0.0	4.022222222222222	0.044444444444444446
916009	0.10069444444444445	0.0	0.2361111111111111	0.0	0.0	0.0	1.125	0.0	0.0	0.0	0.0	0.0	0.0	0.0	0.0	0.0	0.0	0.2048611111111111	2.8055555555555554	0.5243055555555556	1.5729166666666667	0.0	0.03819444444444445	0.7291666666666666	0.11458333333333333	0.5208333333333334	0.11805555555555555	0.17708333333333334	0.0
916010	0.8943089430894309	0.0	0.0	0.0	0.6308943089430894	0.0	0.6682926829268293	0.0	0.0	0.0	0.0	0.42276422764227645	0.0	0.0	0.0	0.0	1.395121951219512	0.608130081300813	0.6292682926829268	0.0	0.9804878048780488	0.4065040650406504	1.2861788617886178	2.0471544715447156	0.6682926829268293	0.0	0.27967479674796747	0.48292682926829267	0.7138211382113822
916011	0.9494470774091627	0.0	0.9541864139020537	0.0	0.0	0.0	0.8451816745655608	0.0	0.0	0.0	0.0	0.04107424960505529	0.0	0.0	0.0	0.0	0.6477093206951027	1.0221169036334914	0.47709320695102686	0.0	1.4075829383886256	0.05687203791469194	1.4834123222748816	1.6587677725118484	0.27804107424960506	0.9541864139020537	0.0	0.33965244865718797	1.1721958925750395
1403978	0.31873479318734793	0.0	0.7506082725060828	0.8029197080291971	0.0	0.36739659367396593	0.3661800486618005	0.5401459854014599	0.0	0.2141119221411192	0.0	0.670316301703163	0.0	0.0	1.2347931873479319	0.0	0.5121654501216545	0.36739659367396593	0.9610705596107056	0.9963503649635036	1.1399026763990268	0.0	0.8625304136253041	2.6435523114355233	0.6423357664233577	0.3661800486618005	0.08759124087591241	0.1873479318734793	0.0
1042065	0.45222929936305734	0.21372965322009907	1.5590941259731068	0.42604387827317763	0.21302193913658882	0.45222929936305734	0.6411889596602972	0.0	0.23354564755838642	0.21231422505307856	0.0	0.21372965322009907	0.0983722576079264	0.0	1.0912951167728238	0.0	1.1372965322009907	0.2222222222222222	0.44939844302901627	0.6411889596602972	0.7452229299363057	0.0	0.7013446567586695	0.7254069355980184	0.8761500353857041	0.8535031847133758	0.16772823779193205	0.7961783439490446	1.3750884642604388
461277	0.46494992846924177	0.0	0.1917024320457797	0.0	0.6337625178826896	0.37625178826895567	0.748211731044349	0.0	0.11158798283261803	0.3290414878397711	0.0	0.43204577968526464	0.4248927038626609	0.0	0.43061516452074394	0.0	0.8626609442060086	0.4291845493562232	0.8569384835479256	1.553648068669528	0.1759656652360515	0.0	0.0	0.3104434907010014	1.0743919885550788	2.0500715307582262	0.525035765379113	0.24177396280400573	1.7868383404864092
1307648	0.8556430446194225	0.06036745406824147	0.4041994750656168	0.0	0.0	0.0	0.0	0.39501312335958005	0.3963254593175853	2.540682414698163	0.0	0.3937007874015748	0.39501312335958005	0.0	1.5669291338582678	0.0	0.0	0.0	0.431758530183727	0.594488188976378	1.0393700787401574	0.0	1.7086614173228347	0.0	0.3963254593175853	1.5813648293963254	0.3937007874015748	1.578740157480315	0.33070866141732286
621578	0.3865814696485623	0.4206602768903088	0.5899893503727369	0.32161874334398294	0.4802981895633653	0.0	0.549520766773163	0.0	0.9382321618743344	0.18956336528221512	0.0	0.0	0.08732694355697551	0.0	1.5175718849840256	0.0	0.731629392971246	0.3194888178913738	0.6091586794462194	1.1224707135250267	1.0159744408945688	0.0	0.5250266240681576	0.46006389776357826	0.32161874334398294	0.8626198083067093	0.6719914802981896	0.23003194888178913	1.5207667731629393
1285256	0.5712187958883994	0.22026431718061673	1.328193832599119	0.0	0.11086637298091043	0.0	0.4720998531571219	0.8223201174743024	0.6644640234948604	0.48237885462555063	0.0	0.0	0.9816446402349486	0.0	1.0374449339207048	0.0	0.7591776798825257	0.0	1.0323054331864905	0.0	0.328928046989721	0.44273127753303965	1.7466960352422907	1.066813509544787	0.3252569750367107	0.6262848751835536	0.0	1.6629955947136563	0.7165932452276065
1431402	0.0	0.0	0.6126760563380281	0.0	0.0	0.0	0.0	0.0	0.0	1.2370892018779343	0.0	0.0	0.0	0.0	1.1431924882629108	0.0	0.5305164319248826	0.0	0.11737089201877934	1.1666666666666667	0.7136150234741784	0.0	1.3732394366197183	1.1220657276995305	0.0	2.0469483568075115	0.0	1.2417840375586855	1.0023474178403755
764391	1.3743169398907105	0.0	0.07923497267759563	0.0	1.4153005464480874	0.0	0.412568306010929	0.0	0.0	0.7540983606557377	0.819672131147541	0.2814207650273224	0.0	0.0	1.7568306010928962	0.0	1.901639344262295	0.0	0.6639344262295082	0.0	0.0	0.0	0.0	0.0	0.0	0.9180327868852459	0.8169398907103825	1.1475409836065573	0.0
764394	0.6491228070175439	0.47619047619047616	1.7067669172932332	0.0	0.5764411027568922	0.0	0.0	0.0	0.040100250626566414	0.37844611528822053	0.0	0.0	0.0	0.0	1.9072681704260652	0.0	1.3082706766917294	0.2656641604010025	2.6215538847117794	0.0	0.0	0.0	2.4962406015037595	0.0	0.0	2.025062656641604	0.0	0.7518796992481203	0.0
764395	0.5981481481481481	0.6851851851851852	1.3685185185185185	0.0	0.0	0.0	0.0	0.0	0.0	0.7166666666666667	0.0	0.0	0.0	0.0	0.6574074074074074	0.0	0.8351851851851851	1.1055555555555556	0.9111111111111111	0.0	0.45925925925925926	0.0	0.34074074074074073	0.0	0.5555555555555556	0.7537037037037037	0.0	0.0	1.55
764386	0.0	0.38095238095238093	0.5112781954887218	0.0	0.7518796992481203	0.0	0.48370927318295737	0.0	0.5588972431077694	0.0	0.3182957393483709	0.0	0.0	0.0	0.9072681704260651	0.0	1.5238095238095237	0.7518796992481203	1.4711779448621554	0.3533834586466165	0.7568922305764411	0.0	1.5739348370927317	2.426065162907268	0.18546365914786966	1.155388471177945	0.0	0.02506265664160401	0.47368421052631576
764388	0.0	0.08823529411764706	0.47549019607843135	0.0	0.0	0.7401960784313726	0.0	0.5465686274509803	0.9485294117647058	0.0	0.0	0.0	0.0	0.0	0.696078431372549	0.0	0.7107843137254902	0.0	0.23039215686274508	1.5588235294117647	0.15441176470588236	0.5171568627450981	0.0	1.4313725490196079	0.6887254901960784	0.6151960784313726	0.0	0.0	2.855392156862745
764389	0.0	1.187793427230047	0.0	0.0	0.0	0.0	0.0	0.26291079812206575	0.3568075117370892	0.431924882629108	0.0	0.0	0.0	0.0	0.25821596244131456	0.0	0.0	0.0	0.5446009389671361	0.0	1.0610328638497653	0.0	0.0	1.863849765258216	0.0	1.7183098591549295	0.0	0.0	1.516431924882629
764390	0.22580645161290322	0.0	0.0	0.0	0.0	0.0	0.0	0.0	0.35842293906810035	0.1863799283154122	0.0	0.0	0.0	0.0	1.8458781362007168	0.0	1.5698924731182795	0.0	0.2867383512544803	0.0	1.075268817204301	2.075268817204301	0.5591397849462365	0.4444444444444444	0.9390681003584229	0.46236559139784944	0.0	0.0	1.4802867383512546
1469291	1.5117565698478561	0.41632088520055327	0.22130013831258644	0.0	0.41770401106500693	0.0	0.41770401106500693	0.0	0.8312586445366529	0.41632088520055327	0.0	0.0	0.0	0.0	1.6210235131396957	0.7413554633471646	1.5020746887966805	0.8298755186721992	0.0	0.0	1.4356846473029046	0.0	0.41217150760719223	0.20885200553250347	0.607192254495159	1.3333333333333333	0.20885200553250347	1.65283540802213	0.7690179806362379
