key	WAM_ALR	WAM_CCR	WAM_IPI	WAM_MAR	WAM_MYS	WAM_PBL	WAM_PJN	WAM_PPR	WAM_PST	WAM_ROL	WAM_SCR	WAM_SGN	WAM_SIS	WAM_TWN	WAR_ALR	WAR_CCR	WAR_IPI	WAR_MAR	WAR_MYS	WAR_PBL	WAR_PJN	WAR_PPR	WAR_PSK	WAR_PST	WAR_RNW	WAR_ROL	WAR_SCR	WAR_SGL	WAR_SIS
828439	0.35	0.4703125	0.4010416666666667	0.22916666666666666	0.15625	0.0	0.48072916666666665	0.22552083333333334	0.0	0.31354166666666666	0.7859375	0.34375	0.31354166666666666	0.0	0.8541666666666666	0.7354166666666667	1.2822916666666666	0.4713541666666667	0.8234375	0.415625	0.946875	1.69375	0.025520833333333333	0.44479166666666664	0.0	0.9130208333333333	0.621875	0.6265625	0.7848958333333333
1319384	0.4977168949771689	0.0	0.0	0.0	0.4931506849315068	0.0	0.4885844748858447	0.0	0.0	1.1415525114155252	0.0	0.0	0.0	0.0	3.5159817351598175	2.776255707762557	0.0	0.0045662100456621	0.0	0.0	1.273972602739726	0.2465753424657534	0.0	0.0	0.0	0.0	1.4977168949771689	0.0	1.4931506849315068
1319387	0.3747534516765286	0.0	1.1222879684418146	0.023668639053254437	0.591715976331361	0.0	0.7337278106508875	0.0	0.0	0.5956607495069034	0.7731755424063116	0.2603550295857988	0.0	0.0	0.0	0.6351084812623274	0.3214990138067061	0.6666666666666666	0.5956607495069034	0.0	0.0	1.7337278106508875	0.0	0.08284023668639054	0.0	1.8047337278106508	0.055226824457593686	0.5936883629191322	0.4635108481262327
494494	0.0	0.0	0.5344827586206896	0.3448275862068966	0.5086206896551724	0.020114942528735632	0.0	0.2413793103448276	0.49712643678160917	0.0	0.0	0.0	0.0	0.0	0.4281609195402299	2.8620689655172415	0.0	0.23850574712643677	0.9109195402298851	0.7241379310344828	0.6063218390804598	0.2672413793103448	0.2413793103448276	1.4281609195402298	0.7787356321839081	1.0862068965517242	1.896551724137931	0.2413793103448276	1.7298850574712643
438391	0.23410852713178296	1.6263565891472869	1.2651162790697674	0.2062015503875969	0.0	0.23410852713178296	0.46511627906976744	0.931782945736434	0.9767441860465116	0.22945736434108527	0.14883720930232558	0.0	0.0	0.0	0.0	1.2821705426356589	0.8031007751937984	0.8511627906976744	0.9162790697674419	0.7023255813953488	0.9333333333333333	1.6527131782945736	0.07441860465116279	1.0170542635658915	0.39689922480620154	2.13953488372093	1.2775193798449613	0.5054263565891473	1.069767441860465
651102	0.6225749559082893	0.3262786596119929	0.02204585537918871	0.09523809523809523	0.0	0.0	0.3862433862433862	0.26455026455026454	0.2654320987654321	0.0	0.25396825396825395	0.0	0.0	0.26631393298059963	1.4206349206349207	0.7319223985890653	0.7134038800705468	0.7724867724867724	0.14814814814814814	0.9594356261022927	1.990299823633157	1.7116402116402116	0.2654320987654321	1.0449735449735449	0.7980599647266314	0.31040564373897706	1.462962962962963	1.009700176366843	0.4074074074074074
1335591	0.0	0.0	0.23837209302325582	0.0	0.0	0.0	0.560077519379845	0.0	0.0	1.0329457364341086	0.42829457364341084	0.6976744186046512	0.0	0.0	0.5852713178294574	0.6686046511627907	0.0	0.1124031007751938	0.5852713178294574	0.5833333333333334	0.5581395348837209	1.0077519379844961	1.1686046511627908	0.47674418604651164	1.6046511627906976	0.9786821705426356	1.0910852713178294	0.7441860465116279	0.8333333333333334
629973	0.0167427701674277	0.4596651445966514	0.4596651445966514	0.0	0.0	0.0	0.0	0.0	0.0	0.4550989345509893	0.0	0.0	0.0	0.0	0.0	0.0	0.0	0.0	0.0	0.0	0.0	0.1506849315068493	0.654490106544901	0.0	0.0	0.45662100456621	0.2678843226788432	0.4550989345509893	0.0
1534248	0.0	0.7758620689655172	0.0	0.0	1.8045977011494252	0.0	0.0	0.0	0.0	0.0	0.0	0.0	0.0	0.0	0.06896551724137931	2.4310344827586206	0.0	0.0	0.0	0.0	0.0	1.9597701149425288	0.3735632183908046	0.0	0.0	0.0	0.0	1.028735632183908	0.15517241379310345
1534249	0.0	0.8217054263565892	1.1705426356589148	0.0	1.062015503875969	0.5658914728682171	0.45348837209302323	0.0	0.0	0.050387596899224806	0.8023255813953488	0.0	0.0	0.0	0.16666666666666666	0.6356589147286822	1.244186046511628	1.6124031007751938	0.0	0.0	1.6124031007751938	1.9651162790697674	1.4922480620155039	0.18992248062015504	1.1705426356589148	0.0	1.302325581395349	0.05813953488372093	1.689922480620155
368885	0.3489583333333333	0.0	2.1979166666666665	0.78125	1.34375	0.0	0.0	0.0	0.7135416666666666	0.7760416666666666	0.19791666666666666	0.0	0.0	0.0	0.0	0.6666666666666666	0.5520833333333334	0.0	2.765625	0.671875	0.4166666666666667	0.6197916666666666	0.0	0.7239583333333334	0.7135416666666666	0.0	0.0	2.59375	0.0
368886	0.3065134099616858	0.6475095785440613	0.0	0.0	0.0	0.0	0.0	0.0	0.3524904214559387	0.0	0.9885057471264368	0.0	0.0	0.0	0.0	2.7088122605363987	1.3295019157088122	0.578544061302682	0.8812260536398467	0.6436781609195402	0.0	0.7126436781609196	0.0	0.0	0.3524904214559387	0.47126436781609193	0.9770114942528736	1.5440613026819923	0.0
368887	0.1613588110403397	0.0	0.044585987261146494	0.0	0.0	0.0	0.6411889596602972	0.0	0.6348195329087049	0.0	0.0	0.267515923566879	0.0	0.0	1.5966029723991508	0.9575371549893843	2.0424628450106157	0.802547770700637	0.0	0.35668789808917195	0.6326963906581741	0.9596602972399151	0.39065817409766457	0.6199575371549894	0.40976645435244163	0.4968152866242038	0.6390658174097664	0.33121019108280253	1.4585987261146496
389200	0.27133872416891286	0.12668463611859837	0.5408805031446541	0.2884097035040431	0.0035938903863432167	0.0	0.6990116801437556	0.0	0.5202156334231806	0.8140161725067385	0.8984725965858041	0.2866127583108715	0.0	0.0	0.40700808625336926	1.3270440251572326	0.6433063791554358	1.6621743036837378	0.4573225516621743	0.7035040431266847	0.4537286612758311	1.482479784366577	0.5426774483378257	1.0422282120395328	0.0	2.261455525606469	0.9460916442048517	1.5157232704402517	0.8526504941599281
389205	0.0	0.0	0.0	0.759748427672956	0.0	0.0	1.5132075471698114	0.5974842767295597	0.4779874213836478	0.0	0.37484276729559746	0.39245283018867927	0.0037735849056603774	0.0	0.8880503144654088	2.228930817610063	0.89937106918239	0.7572327044025158	0.0	0.2591194968553459	1.1283018867924528	2.589937106918239	0.0	0.7509433962264151	1.1547169811320754	2.0578616352201258	1.5773584905660378	1.4150943396226414	1.0477987421383648
561845	0.242570281124498	1.036144578313253	0.5357429718875502	0.9092369477911647	0.2248995983935743	0.0	0.22971887550200804	0.09558232931726908	0.1285140562248996	0.7261044176706827	0.7261044176706827	0.02570281124497992	0.0	0.0	1.2931726907630523	1.0738955823293173	0.8514056224899599	0.7823293172690763	0.5365461847389559	0.5807228915662651	1.3855421686746987	1.6393574297188755	0.24176706827309236	0.27951807228915665	1.2088353413654618	0.25220883534136546	1.5429718875502008	0.6040160642570281	0.946987951807229
1322415	0.0	0.0	0.27355072463768115	0.0	0.5434782608695652	0.0	0.5471014492753623	0.0	0.286231884057971	0.0	0.5452898550724637	0.0	0.0	0.0	1.8967391304347827	0.5452898550724637	0.38768115942028986	0.0	0.5452898550724637	0.6721014492753623	0.0	1.358695652173913	0.0	1.7554347826086956	0.2753623188405797	0.11231884057971014	0.5452898550724637	0.0	0.24818840579710144
1322419	0.0	0.0	0.04195804195804196	1.7622377622377623	0.17016317016317017	0.0	0.0	0.0	0.0	0.0	0.6993006993006993	0.0	0.0	0.0	0.26107226107226106	2.4871794871794872	0.0	0.5920745920745921	0.6386946386946387	0.0	0.027972027972027972	0.9300699300699301	0.351981351981352	0.7692307692307693	0.0	0.2634032634032634	0.1258741258741259	1.3426573426573427	0.08158508158508158
1322425	0.5882352941176471	0.0	0.0	0.0	0.0	0.0	0.0	0.0	0.0	0.0	0.0	0.0	0.0	0.0	0.0	1.7647058823529411	0.592156862745098	0.5882352941176471	1.2666666666666666	0.0	0.9529411764705882	0.0	0.0	0.0	0.0	1.184313725490196	1.9372549019607843	0.0	0.0
71710	0.06334841628959276	0.0	0.19306184012066366	0.0	0.0	0.4555052790346908	0.0	0.03619909502262444	0.0	0.20512820512820512	0.0	0.45248868778280543	0.0	0.0	1.1327300150829562	0.5822021116138764	0.0	0.0	0.25339366515837103	0.8250377073906485	0.4555052790346908	0.7601809954751131	0.0	0.9095022624434389	0.0	0.2609351432880845	1.277526395173454	0.7435897435897436	0.0
850991	0.0	0.0	0.0	0.0	0.0	0.0	0.47058823529411764	0.6421568627450981	0.0	0.3333333333333333	0.0	0.0	0.0	0.0	0.0	3.127450980392157	0.0	0.0	2.519607843137255	0.0	0.0	0.0	0.0	0.0	0.0	0.0	1.7696078431372548	0.0	0.9215686274509803
850994	0.7565217391304347	0.7565217391304347	0.0	0.43768115942028984	0.0	0.0	0.6347826086956522	0.0	0.0	0.43768115942028984	0.0	0.3130434782608696	0.0	0.0	0.0	2.4956521739130433	1.718840579710145	0.43768115942028984	2.0405797101449274	0.41739130434782606	1.1391304347826088	2.8927536231884057	0.13623188405797101	1.6405797101449275	0.0	0.2956521739130435	1.9565217391304348	0.7478260869565218	0.7043478260869566
850995	0.0	0.10776942355889724	0.7518796992481203	0.0	0.0	0.0	0.3458646616541353	0.7568922305764411	0.24561403508771928	0.3684210526315789	0.7543859649122807	0.0	0.0	0.0	0.7518796992481203	2.8771929824561404	0.8095238095238095	1.1328320802005012	0.3233082706766917	0.0	0.6290726817042607	0.8446115288220551	0.6365914786967418	1.5112781954887218	0.0	1.1353383458646618	0.6140350877192983	0.49373433583959897	0.37593984962406013
850996	0.0	0.0	0.0	0.0	0.0	0.0	0.1324200913242009	0.0	0.4383561643835616	0.0	0.0	0.0	0.0	0.0	0.6894977168949772	0.682648401826484	1.3744292237442923	1.7191780821917808	0.4680365296803653	0.6872146118721462	0.6872146118721462	1.8470319634703196	0.684931506849315	0.3447488584474886	0.2831050228310502	0.0	0.2054794520547945	0.0	0.271689497716895
851000	0.0	0.0	2.246153846153846	0.382051282051282	0.028205128205128206	0.0	0.4846153846153846	0.0	0.45897435897435895	0.0	0.5743589743589743	0.0	0.0	0.0	1.2666666666666666	0.7025641025641025	0.09230769230769231	0.7717948717948718	0.0	0.0	1.2333333333333334	1.4384615384615385	0.29743589743589743	1.158974358974359	0.33076923076923076	0.0	1.317948717948718	0.5743589743589743	0.0
851001	0.3027027027027027	1.082882882882883	0.0	0.27207207207207207	0.5009009009009009	0.0	0.0	0.0	0.6648648648648648	0.0	0.0	0.0	0.0	0.0	0.8126126126126126	0.7027027027027027	0.45585585585585586	0.36036036036036034	0.5405405405405406	1.0126126126126127	0.827027027027027	1.7081081081081082	0.9459459459459459	0.0	1.3747747747747747	1.4054054054054055	2.5207207207207207	0.34954954954954953	0.0
851002	0.18141592920353983	0.0	0.6740412979351033	0.0	0.0	0.0	0.0	0.0	0.0	0.0	0.0	0.2153392330383481	0.0	0.0	0.3407079646017699	1.1415929203539823	0.56047197640118	0.4616519174041298	0.44542772861356933	0.18584070796460178	0.30678466076696165	1.7772861356932153	0.10324483775811209	0.44542772861356933	0.0	1.0486725663716814	2.0825958702064895	0.3952802359882006	0.26991150442477874
851004	1.562015503875969	0.0	0.5852713178294574	0.0	0.0	0.0	1.4651162790697674	0.0	0.2926356589147287	0.0	0.0	0.3391472868217054	0.0	0.0	0.29069767441860467	1.6375968992248062	1.8682170542635659	0.5813953488372093	0.0	0.2926356589147287	0.0	1.813953488372093	0.8449612403100775	0.8527131782945736	0.0	0.5096899224806202	1.945736434108527	1.073643410852713	1.0329457364341086
1049303	0.0	0.0	0.5471014492753623	0.855072463768116	0.9420289855072463	0.0	2.0471014492753623	0.427536231884058	0.0	0.38405797101449274	0.0	0.0	0.0	0.0	0.0	1.173913043478261	1.3731884057971016	0.057971014492753624	0.38768115942028986	0.0	1.3297101449275361	0.8442028985507246	1.0181159420289856	0.0	1.0905797101449275	3.2753623188405796	1.894927536231884	0.0	0.0
1049307	0.4761222540592168	0.5864374403056352	0.35148042024832854	0.3061127029608405	0.14326647564469913	0.14422158548233047	0.1437440305635148	0.0	0.0	0.20057306590257878	0.37965616045845274	0.0	0.0	0.0	0.0	2.462750716332378	0.4302769818529131	1.4680038204393506	0.9785100286532952	0.3003820439350525	0.43170964660936006	1.3242597898758357	0.14278892072588348	0.5276981852913085	0.8610315186246418	0.5339063992359121	1.8810888252148996	0.2029608404966571	0.43170964660936006
698694	0.0	0.17573696145124718	0.3401360544217687	0.0	0.0	0.0	0.0	0.3424036281179138	0.0	0.08956916099773243	0.3424036281179138	0.0	0.0	0.0	0.3424036281179138	0.6836734693877551	0.0	0.6836734693877551	0.3412698412698413	0.0	0.6802721088435374	0.3412698412698413	0.0	0.30158730158730157	0.0	1.0272108843537415	0.3424036281179138	0.8514739229024944	0.0
1308343	0.0	0.6579520697167756	0.0	0.0	0.0	0.0	0.0	0.0	0.42701525054466233	0.0	0.0	1.7516339869281046	0.0	0.4793028322440087	0.46405228758169936	0.7647058823529411	0.6318082788671024	0.0	0.0	0.0	0.0	0.0	0.0	1.5686274509803921	0.13507625272331156	0.16775599128540306	0.0	0.6535947712418301	0.0
1308345	0.2039976484420929	0.7936507936507936	0.0	0.3550852439741329	0.0	0.0	0.42034097589653147	0.0	0.21281599059376838	0.17754262198706644	0.17577895355673134	0.0	0.0	0.0	0.3492063492063492	0.37801293356848914	0.0	0.5314520870076426	0.4432686654908877	0.3080540858318636	0.8130511463844797	1.7642563198118755	0.20987654320987653	0.13227513227513227	0.6754850088183422	1.1922398589065255	0.7101704879482658	0.0	0.5320399764844209
1308346	0.4108843537414966	0.0	0.0	0.0	0.4108843537414966	0.0	0.0	0.0	0.7972789115646258	0.18231292517006803	0.0	0.0	0.0	0.0	0.22585034013605443	0.7564625850340136	0.15374149659863945	0.7306122448979592	0.24761904761904763	0.0	0.5319727891156463	0.23401360544217686	0.0	0.8775510204081632	0.8448979591836735	0.11428571428571428	0.4095238095238095	0.0	0.4217687074829932
295911	0.49222797927461137	0.09959700633275763	0.7466896948762234	0.9159470351180196	0.0	0.0	0.0	0.16465169833045482	0.3459988485895222	0.15716753022452504	0.1715601611974669	0.0	0.0	0.0	0.9591249280368451	1.4496257915947035	0.5204375359815774	0.6925734024179621	0.1577432354634427	0.0	0.6511226252158895	0.40875071963154863	0.0051813471502590676	0.3978123200921128	0.0	0.7835348301669545	1.5169833045480714	0.3459988485895222	0.14853195164075994
363340	0.0	0.5636623748211731	0.4291845493562232	0.0	0.1630901287553648	0.0	0.14878397711015737	0.5565092989985694	0.0	0.05722460658082976	0.0	0.0	0.0	0.0	1.2889842632331903	0.43204577968526464	0.1630901287553648	1.4592274678111588	0.65379113018598	1.5779685264663805	0.33905579399141633	1.2861230329041489	0.21602288984263232	0.17167381974248927	0.0	1.161659513590844	2.5665236051502145	0.2145922746781116	0.14878397711015737
1019673	1.1152482269503545	0.11879432624113476	0.7819148936170213	0.5319148936170213	0.0	0.0	0.74822695035461	0.0	0.6312056737588653	0.0	0.0	1.0319148936170213	0.0	0.0	0.0	1.851063829787234	0.5354609929078015	0.12588652482269502	2.026595744680851	0.6418439716312057	0.5354609929078015	1.5691489361702127	0.3102836879432624	1.429078014184397	1.0868794326241136	1.2765957446808511	2.5425531914893615	1.3156028368794326	1.851063829787234
1019675	0.14238566713814238	0.4045261669024045	0.2828854314002829	0.16925978312116927	0.0	0.0	0.5624705327675624	0.09712399811409712	0.4200848656294201	0.14238566713814238	0.6049033474776049	0.25695426685525696	0.0	0.0	0.44554455445544555	0.6534653465346535	0.4262140499764262	0.5487977369165488	0.43234323432343236	0.4389438943894389	0.6294200848656294	1.3064592173503065	0.5704856199905705	0.7614332861857614	0.5676567656765676	0.42998585572843	0.9641678453559641	0.42574257425742573	0.07873644507307874
1325898	1.5650623885918002	0.0	0.483065953654189	0.5329768270944741	0.0	0.0	1.4135472370766489	0.0	0.5365418894830659	0.5347593582887701	0.11229946524064172	0.0	0.5365418894830659	0.0	0.0	3.3297682709447414	0.26737967914438504	0.0	0.0	0.5383244206773619	0.6648841354723708	0.3244206773618538	0.47771836007130125	0.5365418894830659	0.0	0.5098039215686274	1.4349376114081998	1.0748663101604279	0.5383244206773619
1325900	0.08547008547008547	0.8091168091168092	0.0	0.0	0.0	0.0	2.284900284900285	0.23076923076923078	0.8603988603988604	0.0	0.4757834757834758	0.0	0.0	0.0	0.16524216524216523	1.4415954415954415	0.5213675213675214	1.9287749287749287	0.8603988603988604	0.3076923076923077	0.9601139601139601	1.210826210826211	0.4301994301994302	1.2706552706552707	0.31339031339031337	0.6381766381766382	0.3903133903133903	0.0	0.4301994301994302
1554385	0.2719060523938573	0.43089430894308944	0.5429087624209575	0.0	0.18247515808491419	0.0	1.8021680216802167	0.0	0.0	0.0	0.22673893405600723	0.0	0.0	0.0	0.13640469738030714	1.3830171635049684	0.8681120144534779	0.5085817524841915	0.6802168021680217	0.8518518518518519	1.1264679313459802	1.5392953929539295	0.5438121047877146	0.5429087624209575	0.6973803071364046	0.8166214995483289	1.2592592592592593	1.3080397470641374	0.5031616982836495
1554390	0.0	0.0	0.8217821782178217	0.37623762376237624	0.0	0.0	2.2442244224422443	0.0	0.0	0.1188118811881188	0.07920792079207921	0.0	0.0	0.0	0.37623762376237624	1.1452145214521452	0.0033003300330033004	0.8217821782178217	0.0	0.9603960396039604	0.5973597359735974	2.1155115511551155	0.0	0.0	0.07260726072607261	0.43564356435643564	0.49834983498349833	0.5214521452145214	0.0
1554382	0.7555555555555555	1.075925925925926	0.774074074074074	0.0	0.0	0.0	1.114814814814815	0.0	0.07777777777777778	0.0	0.2796296296296296	0.0	0.0	0.0	1.7462962962962962	1.7814814814814814	0.6703703703703704	0.053703703703703705	0.9851851851851852	0.9444444444444444	0.0	1.337037037037037	0.0	1.4444444444444444	0.016666666666666666	2.5907407407407406	0.8814814814814815	0.0	0.003703703703703704
1170882	1.3825757575757576	0.0	0.0	0.0	0.0	0.0	0.06439393939393939	0.0	0.7765151515151515	0.5700757575757576	0.9621212121212122	0.7443181818181818	0.0	0.0	1.4053030303030303	0.8200757575757576	2.054924242424242	0.17234848484848486	0.39015151515151514	0.5700757575757576	0.3314393939393939	1.503787878787879	0.0	0.0	0.09659090909090909	0.06439393939393939	0.0	0.7291666666666666	1.1420454545454546
1170883	0.04878048780487805	1.2865853658536586	0.6117886178861789	0.0	0.0	0.0	0.0	0.6138211382113821	0.3780487804878049	0.5548780487804879	1.451219512195122	0.0	0.0	0.0	0.3089430894308943	2.428861788617886	1.410569105691057	0.0	0.6056910569105691	0.2886178861788618	1.4898373983739837	1.8902439024390243	0.34552845528455284	0.42276422764227645	0.4959349593495935	0.07520325203252033	0.0	0.8617886178861789	1.2113821138211383
1170885	0.0	0.32646048109965636	0.08247422680412371	0.0	0.5189003436426117	0.0	0.0	0.0	1.395189003436426	0.0	0.5120274914089347	0.048109965635738834	0.0	0.0	0.35738831615120276	0.41924398625429554	0.0	0.10652920962199312	0.0	0.7663230240549829	0.0	1.1649484536082475	0.0	0.5189003436426117	0.8934707903780069	0.3711340206185567	1.4673539518900343	0.5189003436426117	0.3127147766323024
1170886	0.3424345847554039	0.0671217292377702	0.0	0.0	0.0	0.3424345847554039	0.0	0.0	0.013651877133105802	0.0	0.0	0.6985210466439136	0.27986348122866894	0.0	0.0	0.6348122866894198	0.0	1.4960182025028441	0.2696245733788396	0.5210466439135382	0.8612059158134243	0.856655290102389	0.0	0.49715585893060293	0.34015927189988626	0.3435722411831627	1.5665529010238908	0.0	0.23208191126279865
1170887	0.31262939958592134	0.3115942028985507	0.6211180124223602	0.0	0.0	0.0	0.31262939958592134	0.0	0.9358178053830227	0.0	0.6221532091097308	0.28778467908902694	0.0	0.0	0.31262939958592134	1.24120082815735	0.0	1.0869565217391304	0.059006211180124224	0.12318840579710146	1.2122153209109732	1.0175983436853002	0.31262939958592134	0.9937888198757764	0.0	0.463768115942029	0.08488612836438923	0.30952380952380953	0.23809523809523808
1170880	0.0	0.9558823529411765	0.0	0.0	0.0	0.0	0.5931372549019608	0.0	0.0	0.0	0.0	0.0	0.0	0.0	0.0	0.029411764705882353	0.0	0.0	0.0	0.5588235294117647	0.6617647058823529	0.0	0.0	0.0	0.0	0.7352941176470589	0.0	0.5098039215686274	0.5588235294117647
1607398	0.0	0.0	0.0	0.0	0.0	0.0	0.7659033078880407	0.0	0.0	0.0	0.26717557251908397	0.0	0.0	0.0	0.3842239185750636	2.068702290076336	0.06361323155216285	0.5877862595419847	0.0	0.7684478371501272	1.1450381679389312	1.2875318066157762	0.4223918575063613	1.3104325699745547	0.6997455470737913	0.8040712468193384	0.732824427480916	0.5267175572519084	0.0
1048569	0.443952802359882	0.0	0.0	0.0	0.07817109144542773	0.0	0.0	0.0	0.44542772861356933	0.15781710914454278	0.44542772861356933	0.0	0.0	0.0	0.9882005899705014	1.3289085545722714	0.443952802359882	0.0	0.0	0.443952802359882	1.556047197640118	0.8097345132743363	0.0	0.3525073746312684	0.07817109144542773	0.2448377581120944	0.887905604719764	1.5545722713864307	0.887905604719764
96752	0.0	0.0	0.3448275862068966	0.19080459770114944	0.0	0.5701149425287356	1.025287356321839	0.0	0.26436781609195403	0.0	0.3471264367816092	0.0	0.6919540229885057	0.0	0.40229885057471265	0.6781609195402298	1.3264367816091953	0.17471264367816092	0.7080459770114943	0.6942528735632184	0.0	0.4091954022988506	0.0	0.21149425287356322	0.15632183908045977	0.6160919540229886	0.0	0.9241379310344827	0.6505747126436782
1652539	0.07885304659498207	0.32974910394265233	0.5	0.5412186379928315	0.1971326164874552	0.0	0.26881720430107525	0.0	0.0	0.0	0.0	0.7598566308243727	0.37455197132616486	0.0	1.2544802867383513	1.0	0.8422939068100358	0.34767025089605735	0.0	0.0	0.1971326164874552	1.82078853046595	0.0	0.910394265232975	0.8835125448028673	0.6738351254480287	0.07168458781362007	0.7598566308243727	0.0
668158	0.0	0.3098729227761486	0.14760508308895406	0.0	0.0	0.0	0.0	0.0	0.8572825024437928	0.0	0.0	0.29423264907135877	0.0	0.0	0.4780058651026393	1.021505376344086	0.3734115347018573	0.613880742913001	0.6940371456500489	0.8826979472140762	0.2932551319648094	1.89247311827957	0.2932551319648094	0.49071358748778104	0.0	0.2316715542521994	0.5874877810361682	0.0	0.0
668159	0.5852713178294574	0.8062015503875969	0.0	0.0	0.0	0.0	0.0	0.0	0.6395348837209303	0.0	0.3062015503875969	0.0	0.0	0.0	2.147286821705426	0.0	0.813953488372093	0.5852713178294574	1.302325581395349	2.193798449612403	0.0	0.6317829457364341	0.0	1.2829457364341086	0.0	1.1124031007751938	0.0	0.0	0.0
872285	0.0	0.40970564836913287	0.0	0.2863961813842482	0.0	0.2386634844868735	0.06841686555290374	0.0	0.0	0.23707239459029436	0.9570405727923628	0.2394590294351631	0.0	0.0	0.4781225139220366	2.1710421638822592	0.9132856006364359	1.2680986475735878	0.24025457438345266	0.2657120127287192	1.011137629276054	1.579156722354813	0.2171837708830549	0.23786793953858393	0.0	0.1431980906921241	0.7191726332537789	0.4805091487669053	0.06205250596658711
1632558	0.22296296296296297	0.6311111111111111	0.8437037037037037	0.0	0.0	0.8925925925925926	0.22296296296296297	0.0	0.0	0.1688888888888889	0.2237037037037037	0.22296296296296297	0.0	0.0	0.22296296296296297	0.9503703703703704	0.0	0.6274074074074074	0.0	0.22296296296296297	0.6303703703703704	1.4066666666666667	0.0	0.22296296296296297	1.3881481481481481	0.5577777777777778	0.44666666666666666	0.6496296296296297	0.44666666666666666
1632565	0.24271844660194175	0.0	0.0	0.0	0.8203883495145631	0.0	0.0	0.0	0.0	0.0	0.4563106796116505	0.6084142394822006	0.0	0.0	0.0	0.4854368932038835	1.6941747572815533	2.0841423948220066	1.0048543689320388	1.0323624595469256	0.4482200647249191	0.38996763754045305	0.0	0.7540453074433657	0.0	0.5533980582524272	0.38996763754045305	0.0	2.0097087378640777
1632568	0.0	0.8266666666666667	0.0	0.0	0.0	0.0	0.0	0.0	1.17	0.0	1.5033333333333334	0.0	0.0	0.0	0.98	0.84	0.49666666666666665	1.4933333333333334	0.74	0.6033333333333334	0.16666666666666666	1.6266666666666667	0.0	0.26666666666666666	1.1033333333333333	1.56	1.3933333333333333	0.0	0.03333333333333333
1632569	0.5929203539823009	0.591937069813176	0.14650934119960668	0.0	0.0	0.2871189773844641	0.0	0.0	0.7404129793510325	0.0	0.0	0.2969518190757129	0.0	0.295968534906588	0.23697148475909538	1.5211406096361848	1.432645034414946	0.5703048180924287	0.6037364798426745	0.5732546705998034	0.5427728613569321	2.0255653883972466	0.5899705014749262	1.6027531956735497	0.176007866273353	0.7895771878072763	1.6450344149459193	0.295968534906588	1.0
1493544	0.0	0.6622807017543859	0.9912280701754386	0.6096491228070176	0.0	0.0	0.3223684210526316	0.0	0.0	0.0	0.041666666666666664	0.9912280701754386	0.0	0.0	0.0	2.879385964912281	1.6710526315789473	0.0	0.993421052631579	0.05701754385964912	0.9035087719298246	1.5657894736842106	1.8135964912280702	1.3223684210526316	0.0	0.37719298245614036	0.33114035087719296	0.9035087719298246	1.4429824561403508
471238	0.5005065856129686	0.0	0.6099290780141844	0.3059777102330294	0.0	0.0	0.3059777102330294	0.0	0.5916919959473151	0.6109422492401215	0.0	0.45896656534954405	0.0	0.0	0.3059777102330294	0.3029381965552178	2.2158054711246202	0.889564336372847	0.6251266464032421	0.3059777102330294	1.0932117527862208	1.0901722391084092	0.2735562310030395	0.0	0.303951367781155	0.6099290780141844	1.0040526849037488	1.182370820668693	0.5937183383991894
690580	0.0	0.0966183574879227	0.0	0.0	0.0	0.0	0.0	0.0	0.0	0.28502415458937197	2.2222222222222223	0.25120772946859904	0.0	0.0	0.0	1.4492753623188406	0.0	0.0	2.21256038647343	0.7053140096618358	0.3140096618357488	0.12560386473429952	0.0	0.0	1.2367149758454106	0.0	1.9082125603864735	0.0	0.0
690581	1.3310657596371882	1.219954648526077	0.0	0.0	0.0	1.036281179138322	0.0	0.0	0.18140589569160998	0.6099773242630385	1.2267573696145124	0.0	0.0	0.0	0.9251700680272109	1.2335600907029478	0.0	0.30839002267573695	1.183673469387755	1.2018140589569162	0.42630385487528344	1.9795918367346939	0.0	0.6054421768707483	0.41723356009070295	0.011337868480725623	2.0	0.0	0.3378684807256236
690582	1.2798353909465021	0.13991769547325103	0.0	0.0	0.0	0.24074074074074073	0.31069958847736623	0.06584362139917696	0.4711934156378601	0.522633744855967	0.0	0.0	0.0	0.0	0.43415637860082307	2.52880658436214	1.9094650205761317	0.35390946502057613	0.7860082304526749	1.1049382716049383	0.09259259259259259	0.33539094650205764	0.0	0.10905349794238683	0.0	0.8765432098765432	0.7818930041152263	0.6090534979423868	2.1707818930041154
869053	0.0	0.9917898193760263	0.0	0.0	0.24794745484400657	0.0	0.49589490968801314	0.49589490968801314	1.3087027914614122	0.24466338259441708	0.4942528735632184	0.0	0.0	0.0	0.25287356321839083	2.136288998357964	0.0	2.4022988505747125	0.7963875205254516	0.9852216748768473	0.8784893267651889	0.3054187192118227	0.0	0.7504105090311987	0.39901477832512317	1.4236453201970443	1.6239737274220032	1.4137931034482758	1.0114942528735633
1259569	1.5651041666666667	0.0	0.4557291666666667	0.7838541666666666	0.0026041666666666665	0.0	0.7864583333333334	0.3255208333333333	0.0	0.578125	1.3489583333333333	0.0	0.0	0.0	0.8020833333333334	1.7682291666666667	0.19270833333333334	0.2786458333333333	0.5963541666666666	0.0	1.390625	1.203125	0.0	1.6276041666666667	0.7239583333333334	2.5104166666666665	0.4427083333333333	0.3932291666666667	0.0
1259571	0.0	1.1987179487179487	0.5192307692307693	0.0	0.0	0.46153846153846156	0.6452991452991453	0.0	0.0	0.16025641025641027	0.8653846153846154	0.0	0.0	0.0	0.0	1.4764957264957266	0.20512820512820512	1.8525641025641026	0.7991452991452992	0.6495726495726496	0.6410256410256411	1.7927350427350428	0.0	0.06837606837606838	0.0	0.0	1.4658119658119657	0.6431623931623932	1.4059829059829059
