key	WAM_ALR	WAM_CCR	WAM_IPI	WAM_MAR	WAM_MYS	WAM_PBL	WAM_PJN	WAM_PPR	WAM_PST	WAM_ROL	WAM_SCR	WAM_SGN	WAM_SIS	WAM_TWN	WAR_ALR	WAR_CCR	WAR_IPI	WAR_MAR	WAR_MYS	WAR_PBL	WAR_PJN	WAR_PPR	WAR_PSK	WAR_PST	WAR_RNW	WAR_ROL	WAR_SCR	WAR_SGL	WAR_SIS
1347205	0.6418300653594772	0.7908496732026143	0.9071895424836601	0.726797385620915	0.0	0.6784313725490196	1.0	0.24836601307189543	0.7490196078431373	0.6026143790849673	0.7908496732026143	0.9294117647058824	0.3673202614379085	0.0	0.19738562091503267	1.0	0.7516339869281046	0.5228758169934641	1.0	0.9973856209150327	0.8418300653594771	1.0	0.7777777777777778	0.6954248366013072	0.8901960784313725	0.5045751633986928	1.0	1.0	1.0
1516157	0.28211189913317575	0.6012608353033885	0.6556343577620173	0.5334909377462569	0.0	0.710795902285264	0.9219858156028369	0.44208037825059104	0.6185973207249803	0.14972419227738376	0.8660362490149724	0.5232466509062254	0.5855003940110323	0.0	0.5752561071710008	1.0	0.42868400315208827	0.9913317572892041	0.8297872340425532	0.8447596532702916	0.7171000788022065	0.9700551615445232	0.29314420803782504	0.6059889676910953	0.8865248226950354	0.9180457052797478	1.0	0.847123719464145	0.6745468873128447
1484935	0.03632478632478633	0.717948717948718	1.0	0.8846153846153846	0.0	0.0	0.5811965811965812	0.7735042735042735	0.8311965811965812	0.0	1.0	0.4230769230769231	0.4337606837606838	0.0	0.18162393162393162	1.0	0.8846153846153846	0.8803418803418803	0.7692307692307693	0.9123931623931624	0.7948717948717948	1.0	1.0	0.1452991452991453	0.9123931623931624	0.8589743589743589	1.0	1.0	0.22435897435897437
1484936	0.7375328083989501	0.8792650918635171	0.8503937007874016	1.0	1.0	0.6719160104986877	0.6062992125984252	0.0	0.0	0.0	1.0	0.4645669291338583	0.6955380577427821	0.0	0.8083989501312336	1.0	1.0	1.0	0.6587926509186351	1.0	0.6456692913385826	1.0	0.48556430446194226	0.952755905511811	0.9553805774278216	0.8267716535433071	1.0	1.0	0.7375328083989501
715280	0.782416192283365	0.7843137254901961	0.803921568627451	0.7400379506641366	0.5376344086021505	0.528146742567995	0.7488931056293485	0.34345351043643263	0.5009487666034156	0.5553447185325743	0.9734345351043643	0.4864010120177103	0.42567994939911447	0.0	0.5041113219481341	0.9816571790006325	0.7077798861480076	0.92662871600253	0.6198608475648324	0.9493991144845034	0.793168880455408	0.8829854522454142	0.7760910815939279	0.7735610373181531	0.963314358001265	0.5635673624288425	0.9829222011385199	0.9354838709677419	0.8051865907653384
715283	0.45094217024041583	0.4314489928525016	0.6835607537361923	0.6991552956465237	0.4580896686159844	0.3710201429499675	0.857050032488629	0.5601039636127355	0.6679662118258609	0.5471085120207927	0.9558154645873944	0.3190383365821962	0.6016894087069525	0.0	0.13450292397660818	0.9740090968161144	0.8823911630929174	1.0	0.7082521117608837	0.9746588693957114	0.9083820662768031	0.9883040935672515	0.723196881091618	0.8265107212475633	0.8349577647823262	0.755685510071475	1.0	0.894087069525666	0.8076673164392463
814940	0.9538461538461539	0.8179487179487179	0.8615384615384616	1.0	0.028205128205128206	0.9717948717948718	1.0	1.0	0.8487179487179487	0.4461538461538462	1.0	0.7717948717948718	0.19230769230769232	0.3871794871794872	0.6076923076923076	0.9307692307692308	1.0	1.0	0.8076923076923077	0.8282051282051283	0.9153846153846154	1.0	1.0	0.9230769230769231	0.48205128205128206	1.0	1.0	1.0	1.0
814941	0.9813333333333333	0.736	0.3973333333333333	0.976	0.6293333333333333	0.27466666666666667	1.0	0.9866666666666667	0.8453333333333334	0.9226666666666666	1.0	0.656	0.0	0.0	0.0	0.7226666666666667	0.824	1.0	0.16533333333333333	0.5173333333333333	0.9466666666666667	1.0	0.912	1.0	0.832	0.7466666666666667	1.0	1.0	0.952
814943	0.9966329966329966	0.8552188552188552	0.9764309764309764	0.9102132435465768	0.5465768799102132	0.9169472502805837	0.9685746352413019	1.0	0.7968574635241302	0.7687991021324355	1.0	0.8260381593714927	0.8877665544332211	0.0	0.8922558922558923	0.9607182940516273	0.8720538720538721	0.8686868686868687	0.7957351290684624	0.9887766554433222	0.9393939393939394	1.0	0.8237934904601572	0.9483726150392817	0.9113355780022446	0.8956228956228957	0.9640852974186308	0.7912457912457912	0.9506172839506173
1351356	0.4339080459770115	0.6364942528735632	0.6048850574712644	0.9051724137931034	0.22701149425287356	0.6968390804597702	0.5847701149425287	0.4339080459770115	0.7816091954022989	0.7844827586206896	0.9195402298850575	0.5416666666666666	0.39655172413793105	0.4870689655172414	0.9554597701149425	1.0	0.06321839080459771	0.9655172413793104	1.0	1.0	1.0	1.0	0.9166666666666666	0.9568965517241379	1.0	0.6752873563218391	0.9985632183908046	1.0	0.7629310344827587
1141536	0.8899082568807339	0.5137614678899083	0.7920489296636085	0.22629969418960244	0.6605504587155964	0.0	0.8348623853211009	0.7125382262996942	0.9204892966360856	0.28440366972477066	0.9724770642201835	0.9938837920489296	0.345565749235474	0.0	0.2966360856269113	1.0	0.9388379204892966	1.0	1.0	0.9204892966360856	0.8226299694189603	1.0	0.8440366972477065	0.6880733944954128	0.8593272171253823	0.5443425076452599	1.0	0.0	0.8562691131498471
1557958	0.9333333333333333	1.0	1.0	0.6259259259259259	0.0	0.8333333333333334	0.9148148148148149	0.5962962962962963	0.562962962962963	1.0	0.937037037037037	0.6259259259259259	0.4185185185185185	0.7925925925925926	0.7814814814814814	1.0	1.0	0.9888888888888889	1.0	1.0	1.0	1.0	0.9481481481481482	0.9925925925925926	0.48148148148148145	0.7185185185185186	1.0	1.0	0.43703703703703706
1557959	0.6506666666666666	0.9146666666666666	0.808	1.0	0.9013333333333333	0.9653333333333334	1.0	0.9813333333333333	0.9013333333333333	0.6746666666666666	0.9813333333333333	1.0	0.712	0.752	0.7973333333333333	1.0	1.0	0.9813333333333333	1.0	0.7653333333333333	1.0	1.0	1.0	1.0	0.9546666666666667	0.328	1.0	1.0	0.8506666666666667
1557954	0.47709320695102686	0.7788309636650869	0.6729857819905213	0.47709320695102686	0.0	0.25908372827804105	0.8293838862559242	0.5766192733017378	0.8688783570300158	0.6524486571879937	0.7061611374407583	0.46129541864139023	0.0	0.30647709320695105	0.4549763033175355	0.9778830963665087	1.0	1.0	0.65086887835703	1.0	0.8593996840442338	0.9889415481832543	0.4755134281200632	0.34913112164297	0.7061611374407583	0.5624012638230648	1.0	0.7535545023696683	0.5007898894154819
1557955	0.21212121212121213	0.9776714513556619	0.5422647527910686	0.5629984051036683	0.0	0.0	0.3684210526315789	0.2886762360446571	0.5964912280701754	0.24082934609250398	0.9011164274322169	0.8963317384370016	0.4800637958532695	0.49920255183413076	0.18819776714513556	0.8851674641148325	0.7352472089314195	0.9170653907496013	0.696969696969697	0.9138755980861244	0.38118022328548645	1.0	0.8963317384370016	0.7320574162679426	1.0	0.22488038277511962	1.0	0.49920255183413076	0.8405103668261563
1557956	0.8819444444444444	1.0	0.8263888888888888	0.07291666666666667	0.0	0.8472222222222222	0.9930555555555556	0.75	0.8541666666666666	0.9861111111111112	0.8333333333333334	0.5243055555555556	0.0	0.0	1.0	1.0	1.0	0.7326388888888888	0.9097222222222222	0.9444444444444444	0.2743055555555556	1.0	1.0	0.8194444444444444	0.9479166666666666	0.4965277777777778	1.0	0.6006944444444444	0.5173611111111112
1635699	0.7816492450638792	1.0	0.9535423925667829	0.7537746806039489	0.4796747967479675	0.5005807200929152	0.8792102206736353	0.8873403019744484	0.7177700348432056	0.686411149825784	1.0	0.9001161440185831	0.6922183507549361	0.0	0.4169570267131243	0.9907084785133565	1.0	0.7851335656213705	0.9349593495934959	0.7862950058072009	0.8490127758420442	1.0	0.8176538908246226	1.0	0.9802555168408827	0.9686411149825784	1.0	0.9953542392566783	0.6097560975609756
1635700	0.0	0.4005167958656331	0.9922480620155039	0.45219638242894056	0.0	1.0	0.9121447028423773	0.6511627906976745	0.0	0.46770025839793283	1.0	1.0	0.3875968992248062	0.14728682170542637	1.0	0.979328165374677	1.0	0.6873385012919897	0.8475452196382429	1.0	0.6640826873385013	1.0	0.9612403100775194	1.0	0.20671834625322996	0.8552971576227391	1.0	1.0	0.6795865633074936
1635701	0.0	0.3624161073825503	0.8232662192393736	0.9932885906040269	0.8277404921700223	0.7114093959731543	0.7606263982102909	0.668903803131991	0.0	0.5771812080536913	0.9753914988814317	1.0	0.7919463087248322	0.5391498881431768	0.8322147651006712	1.0	0.9664429530201343	0.8523489932885906	0.9932885906040269	1.0	1.0	1.0	1.0	1.0	0.9507829977628636	0.6241610738255033	1.0	0.9395973154362416	0.5033557046979866
1478423	0.0	0.891358024691358	0.6888888888888889	0.9358024691358025	0.3432098765432099	0.7679012345679013	1.0	0.6123456790123457	0.34814814814814815	0.9185185185185185	1.0	1.0	1.0	0.0	0.0	1.0	0.6	1.0	0.8222222222222222	1.0	0.6617283950617284	1.0	0.6296296296296297	0.9481481481481482	1.0	0.4962962962962963	1.0	1.0	0.7333333333333333
1237762	0.42237061769616024	0.6616583194212576	0.4485253199777407	0.8196994991652755	0.49248747913188645	0.5698386199220924	0.5036171396772399	0.5692821368948247	0.14301613800779076	0.6533110740122426	0.7150806900389538	0.5130773511407902	0.3555926544240401	0.0	0.4602114635503617	1.0	0.7534780189204229	0.4657762938230384	0.6666666666666666	0.8558708959376738	0.6872565386755703	0.9677239844184753	0.6015581524763495	0.679465776293823	0.7145242070116862	0.6516416249304396	0.989983305509182	0.890929326655537	0.31719532554257096
1237225	0.41276911655530807	0.7973273942093542	0.9198218262806236	0.5159613956941351	0.0	0.3125463994060876	0.6778025241276912	0.12472160356347439	0.42242019302152933	0.13808463251670378	0.6985894580549369	0.2947290274684484	0.11655530809205643	0.0	0.3489235337787676	0.9465478841870824	0.5315515961395694	0.7097253155159614	0.5449146250927989	0.838158871566444	0.6280623608017817	0.8648849294729027	0.6852264291017075	0.7475872308834447	0.39643652561247217	0.6711210096510765	1.0	0.6852264291017075	0.5233853006681515
746704	0.6738095238095239	1.0	1.0	1.0	0.34285714285714286	0.4142857142857143	1.0	1.0	0.669047619047619	0.5714285714285714	0.9976190476190476	1.0	0.4976190476190476	0.0	0.11904761904761904	1.0	0.9928571428571429	1.0	1.0	0.9833333333333333	1.0	1.0	0.9	0.9333333333333333	1.0	0.9285714285714286	0.9333333333333333	1.0	0.9904761904761905
746705	0.37373737373737376	1.0	1.0	1.0	0.0	1.0	1.0	1.0	0.0	0.0	0.803030303030303	1.0	0.08080808080808081	0.0	0.8484848484848485	1.0	1.0	1.0	1.0	0.7373737373737373	1.0	1.0	0.14646464646464646	1.0	1.0	1.0	1.0	1.0	0.5808080808080808
746706	1.0	1.0	0.7215686274509804	0.5764705882352941	0.7333333333333333	0.8588235294117647	1.0	1.0	0.8705882352941177	0.0	1.0	0.9176470588235294	1.0	0.0	0.1568627450980392	1.0	1.0	0.8862745098039215	0.9019607843137255	1.0	1.0	1.0	0.0	1.0	0.6980392156862745	0.9098039215686274	1.0	1.0	0.6509803921568628
746707	0.8005952380952381	1.0	1.0	0.0	0.3273809523809524	0.7232142857142857	0.9970238095238095	0.9583333333333334	0.9880952380952381	0.0	0.8630952380952381	0.28273809523809523	0.48214285714285715	0.0	0.8214285714285714	1.0	1.0	0.8244047619047619	0.7916666666666666	1.0	1.0	1.0	0.9017857142857143	1.0	0.9017857142857143	0.9613095238095238	1.0	1.0	0.7321428571428571
746711	0.7218045112781954	0.7844611528822055	0.5087719298245614	0.8872180451127819	0.0	0.20551378446115287	1.0	0.8972431077694235	0.6015037593984962	0.18796992481203006	1.0	0.9949874686716792	0.22556390977443608	0.0	0.8145363408521303	1.0	0.8045112781954887	1.0	0.9724310776942355	0.8822055137844611	0.9448621553884712	1.0	0.5839598997493735	1.0	0.8270676691729323	0.6365914786967418	0.949874686716792	0.7819548872180451	0.7518796992481203
746712	1.0	0.8913043478260869	1.0	1.0	0.5018115942028986	0.8007246376811594	1.0	0.2916666666666667	0.8967391304347826	0.0	1.0	0.29347826086956524	0.3677536231884058	0.0	0.9420289855072463	1.0	0.4076086956521739	1.0	0.4492753623188406	1.0	0.7427536231884058	1.0	1.0	1.0	0.9855072463768116	0.7101449275362319	0.9963768115942029	0.9728260869565217	0.9221014492753623
1168602	0.4309838472834068	0.9684287812041116	0.5748898678414097	0.6255506607929515	0.23201174743024963	0.46916299559471364	0.7834067547723935	0.8568281938325991	0.6930983847283406	0.4236417033773862	0.9486049926578561	0.8641703377386197	0.19970631424375918	0.22026431718061673	0.2834067547723935	1.0	0.7834067547723935	0.4552129221732746	0.8832599118942731	0.5903083700440529	0.6732745961820852	1.0	0.5506607929515418	0.7202643171806168	0.7187958883994127	0.7180616740088106	0.9148311306901615	0.7466960352422908	0.8046989720998532
1168607	0.0	0.8108108108108109	0.6801801801801802	0.0	0.30180180180180183	0.0	0.5945945945945946	0.0	0.0	0.0	0.2702702702702703	0.0	0.0	0.0	0.0	0.7612612612612613	0.6576576576576577	0.0	0.0	0.0	0.954954954954955	0.7702702702702703	0.9819819819819819	0.1981981981981982	0.6801801801801802	0.34684684684684686	0.7432432432432432	0.9099099099099099	0.1981981981981982
1304039	0.8369565217391305	0.4528985507246377	0.894927536231884	0.4528985507246377	0.4384057971014493	0.0	1.0	0.42028985507246375	0.7391304347826086	0.7355072463768116	0.4673913043478261	0.14492753623188406	0.0	0.17753623188405798	0.7246376811594203	0.7028985507246377	0.9456521739130435	1.0	0.8913043478260869	0.7572463768115942	1.0	1.0	0.8586956521739131	0.9891304347826086	0.6340579710144928	0.6014492753623188	1.0	1.0	0.7463768115942029
1635726	0.6302083333333334	1.0	1.0	0.10416666666666667	0.4461805555555556	0.5225694444444444	1.0	1.0	0.8229166666666666	0.5711805555555556	0.9392361111111112	0.8541666666666666	0.7881944444444444	0.3923611111111111	0.5329861111111112	1.0	0.9010416666666666	1.0	0.8923611111111112	0.9479166666666666	1.0	1.0	1.0	0.8940972222222222	0.9479166666666666	0.7847222222222222	1.0	0.4791666666666667	0.9756944444444444
569724	0.3836805555555556	0.8229166666666666	0.796875	0.7395833333333334	0.2899305555555556	0.7222222222222222	0.7361111111111112	0.0	0.6840277777777778	0.4236111111111111	0.8819444444444444	0.4079861111111111	0.8298611111111112	0.0	0.2170138888888889	1.0	0.171875	0.9079861111111112	0.4565972222222222	0.3993055555555556	0.1840277777777778	0.9079861111111112	0.8090277777777778	0.8125	0.4722222222222222	0.9201388888888888	0.7881944444444444	0.96875	0.5208333333333334
