key	WAM_ALR	WAM_CCR	WAM_IPI	WAM_MAR	WAM_MYS	WAM_PBL	WAM_PJN	WAM_PPR	WAM_PST	WAM_ROL	WAM_SCR	WAM_SGN	WAM_SIS	WAM_TWN	WAR_ALR	WAR_CCR	WAR_IPI	WAR_MAR	WAR_MYS	WAR_PBL	WAR_PJN	WAR_PPR	WAR_PSK	WAR_PST	WAR_RNW	WAR_ROL	WAR_SCR	WAR_SGL	WAR_SIS
379820	0.597972972972973	1.0	0.8806306306306306	0.7421171171171171	0.9481981981981982	0.7488738738738738	1.0	1.0	0.9245495495495496	0.3400900900900901	1.0	0.7905405405405406	0.7961711711711712	0.4572072072072072	0.5664414414414415	0.7274774774774775	0.3704954954954955	0.597972972972973	1.0	0.5225225225225225	1.0	0.8772522522522522	0.5720720720720721	0.8344594594594594	0.8761261261261262	0.7004504504504504	1.0	0.3141891891891892	0.7477477477477478
379837	1.0	1.0	0.8285024154589372	0.927536231884058	1.0	0.8647342995169082	1.0	1.0	1.0	0.961352657004831	0.9033816425120773	1.0	0.6328502415458938	0.8599033816425121	0.9516908212560387	0.9227053140096618	0.3647342995169082	0.0	0.9347826086956522	0.3695652173913043	1.0	1.0	0.961352657004831	0.644927536231884	1.0	0.021739130434782608	1.0	0.7101449275362319	0.0
1663120	0.857910906298003	1.0	0.5668202764976958	0.9854070660522274	0.9961597542242704	0.9861751152073732	0.9301075268817204	0.9508448540706606	0.8294930875576036	0.7626728110599078	1.0	0.9270353302611367	0.6443932411674347	0.7549923195084486	0.7926267281105991	1.0	0.511520737327189	0.7050691244239631	0.8502304147465438	0.880184331797235	0.7519201228878648	1.0	0.40168970814132104	0.6267281105990783	0.857910906298003	0.9101382488479263	1.0	0.9831029185867896	0.45314900153609833
613388	0.7516339869281046	1.0	1.0	0.8376906318082789	0.9586056644880174	0.9117647058823529	0.9694989106753813	0.6503267973856209	0.8169934640522876	0.2875816993464052	1.0	1.0	0.20915032679738563	0.9978213507625272	0.5305010893246187	0.9324618736383442	0.1394335511982571	0.5947712418300654	0.9738562091503268	0.8801742919389978	1.0	0.7309368191721133	0.46078431372549017	0.869281045751634	0.6557734204793029	0.630718954248366	0.9923747276688453	0.8071895424836601	0.3442265795206972
1624138	0.7354988399071926	0.8894044856921887	0.731631863882444	0.9682907965970611	0.8546017014694509	0.8677494199535963	1.0	0.9891724671307038	0.62877030162413	0.8468677494199536	1.0	0.922660479505027	0.563031709203403	0.5552977571539056	0.41608662026295434	0.9992266047950503	0.5475638051044084	0.6102088167053364	0.6929621036349575	0.6952822892498066	0.4934261407579273	0.851508120649652	0.7888631090487239	0.5529775715390565	0.6303170920340294	0.39984532095901004	1.0	0.9597834493426141	0.09899458623356536
1624139	0.6282051282051282	1.0	0.9025641025641026	0.9880341880341881	1.0	0.823076923076923	0.8521367521367521	1.0	0.7487179487179487	0.3769230769230769	1.0	0.9880341880341881	0.5581196581196581	0.3735042735042735	0.4461538461538462	0.9051282051282051	0.6247863247863248	0.6418803418803419	0.8273504273504273	1.0	0.9324786324786325	0.9034188034188034	0.4025641025641026	0.8179487179487179	0.7854700854700855	0.7111111111111111	1.0	0.5188034188034188	0.44358974358974357
1122826	1.0	1.0	1.0	0.47002398081534774	1.0	0.6330935251798561	1.0	1.0	0.580335731414868	0.4892086330935252	1.0	0.8992805755395683	0.42685851318944845	0.0	0.9832134292565947	1.0	0.026378896882494004	0.6402877697841727	0.9568345323741008	0.4748201438848921	0.4748201438848921	1.0	0.7290167865707434	0.9784172661870504	0.7338129496402878	0.381294964028777	1.0	1.0	0.36211031175059955
1056198	1.0	1.0	1.0	1.0	1.0	1.0	1.0	0.9259259259259259	1.0	0.8407407407407408	1.0	1.0	1.0	0.9185185185185185	0.8925925925925926	1.0	0.6185185185185185	0.7481481481481481	1.0	0.9407407407407408	0.9296296296296296	0.6185185185185185	0.674074074074074	0.5518518518518518	1.0	0.2851851851851852	1.0	0.5888888888888889	0.8148148148148148
216431	0.9341269841269841	0.9404761904761905	0.8555555555555555	0.8071428571428572	1.0	0.9285714285714286	1.0	1.0	0.5317460317460317	0.4103174603174603	1.0	0.8341269841269842	0.8158730158730159	0.8373015873015873	0.5825396825396826	0.8904761904761904	0.3976190476190476	0.6182539682539683	0.9714285714285714	0.5	0.9031746031746032	0.9063492063492063	0.9142857142857143	0.8841269841269841	0.7412698412698413	0.4150793650793651	1.0	0.49444444444444446	0.7333333333333333
601647	0.7259552042160737	0.8260869565217391	1.0	0.8919631093544137	0.9314888010540184	0.5810276679841897	0.932806324110672	1.0	0.7720685111989459	0.0	1.0	0.8432147562582345	0.45454545454545453	0.5217391304347826	0.47035573122529645	0.8998682476943346	0.1976284584980237	0.380764163372859	0.7707509881422925	0.8866930171277997	0.8972332015810277	1.0	0.5230566534914362	0.4308300395256917	0.7325428194993412	0.8669301712779973	1.0	0.6073781291172595	0.0
1578629	1.0	1.0	0.6650485436893204	1.0	0.9935275080906149	0.8689320388349514	1.0	1.0	1.0	0.9336569579288025	0.9854368932038835	0.8058252427184466	0.7621359223300971	1.0	0.025889967637540454	0.9142394822006472	0.56957928802589	0.6440129449838188	0.9983818770226537	0.901294498381877	1.0	1.0	0.26375404530744334	0.959546925566343	0.7249190938511327	0.8317152103559871	1.0	0.7588996763754046	0.9271844660194175
1056006	0.5543154761904762	1.0	0.9486607142857143	0.8630952380952381	0.9002976190476191	0.8392857142857143	0.9047619047619048	1.0	0.9575892857142857	0.0	1.0	0.8013392857142857	0.7611607142857143	0.5252976190476191	0.49181547619047616	0.9069940476190477	0.7053571428571429	0.5691964285714286	0.71875	0.7507440476190477	0.7819940476190477	0.8206845238095238	0.5721726190476191	0.7477678571428571	0.7291666666666666	0.44642857142857145	1.0	0.9040178571428571	0.33110119047619047
350668	1.0	1.0	1.0	1.0	0.7853535353535354	0.6540404040404041	1.0	1.0	0.7348484848484849	0.398989898989899	1.0	1.0	0.3813131313131313	0.4393939393939394	0.15404040404040403	0.8611111111111112	0.49747474747474746	0.696969696969697	1.0	1.0	0.76010101010101	0.8964646464646465	0.0	0.9722222222222222	0.5454545454545454	0.9217171717171717	1.0	0.0	0.0
350669	1.0	1.0	1.0	0.8021680216802168	1.0	1.0	1.0	1.0	0.9512195121951219	0.7425474254742548	1.0	0.9701897018970189	0.42276422764227645	0.34688346883468835	0.5934959349593496	1.0	0.975609756097561	1.0	0.7317073170731707	0.02981029810298103	1.0	1.0	0.8021680216802168	0.8048780487804879	0.8699186991869918	0.3333333333333333	1.0	0.5338753387533876	0.6775067750677507
350671	0.950561797752809	0.9857677902621723	0.8734082397003745	0.89812734082397	1.0	0.9872659176029962	0.9895131086142323	0.9722846441947566	0.9685393258426966	0.49737827715355803	1.0	0.9842696629213483	0.4134831460674157	0.46741573033707867	0.46741573033707867	0.8876404494382022	0.5543071161048689	0.5917602996254682	1.0	0.7438202247191011	0.6142322097378277	0.797752808988764	0.6876404494382022	0.5655430711610487	0.650187265917603	0.500374531835206	0.9835205992509364	0.6794007490636704	0.35805243445692886
350676	0.8595505617977528	1.0	0.9868913857677902	0.9606741573033708	1.0	0.6329588014981273	1.0	1.0	1.0	0.5131086142322098	1.0	0.8913857677902621	0.36891385767790263	0.8539325842696629	0.8745318352059925	0.9625468164794008	0.7097378277153558	0.41947565543071164	0.9906367041198502	0.5786516853932584	1.0	1.0	0.6348314606741573	0.9157303370786517	0.9625468164794008	0.6666666666666666	1.0	0.9082397003745318	0.7640449438202247
350677	1.0	1.0	1.0	1.0	0.9949874686716792	1.0	1.0	1.0	1.0	0.37844611528822053	0.9974937343358395	1.0	0.5338345864661654	0.8020050125313283	0.9022556390977443	0.9874686716791979	0.6140350877192983	0.0	1.0	0.9348370927318296	0.8095238095238095	0.7443609022556391	1.0	0.46616541353383456	0.5513784461152882	1.0	1.0	1.0	0.949874686716792
350681	0.8563685636856369	1.0	0.8346883468834688	0.983739837398374	0.9186991869918699	1.0	0.8834688346883469	1.0	0.7046070460704607	0.8373983739837398	1.0	0.8482384823848238	0.0	0.4092140921409214	0.6693766937669376	1.0	0.0	1.0	0.9539295392953929	0.3062330623306233	1.0	1.0	0.5880758807588076	0.21680216802168023	0.6693766937669376	0.9132791327913279	0.8509485094850948	1.0	0.7750677506775068
350682	0.21810699588477367	1.0	0.7777777777777778	1.0	1.0	1.0	1.0	1.0	0.5061728395061729	1.0	1.0	1.0	0.5267489711934157	0.8106995884773662	0.12757201646090535	1.0	0.7160493827160493	0.037037037037037035	0.9300411522633745	0.5308641975308642	1.0	1.0	0.102880658436214	1.0	0.8888888888888888	0.8888888888888888	1.0	1.0	0.6584362139917695
350683	0.6009389671361502	1.0	1.0	1.0	1.0	1.0	0.9812206572769953	1.0	1.0	0.9906103286384976	1.0	1.0	0.8591549295774648	0.107981220657277	1.0	1.0	0.7981220657276995	0.784037558685446	0.9530516431924883	0.7089201877934272	0.10328638497652583	1.0	1.0	1.0	0.6384976525821596	0.0	0.971830985915493	0.5539906103286385	1.0
350684	0.8023809523809524	0.9595238095238096	1.0	1.0	1.0	1.0	1.0	1.0	1.0	0.5285714285714286	1.0	1.0	0.8095238095238095	0.7333333333333333	1.0	0.8666666666666667	0.20476190476190476	0.8690476190476191	1.0	0.6738095238095239	1.0	0.888095238095238	0.8095238095238095	0.5761904761904761	0.030952380952380953	0.35714285714285715	1.0	0.40714285714285714	0.4785714285714286
350686	1.0	1.0	0.916010498687664	1.0	1.0	1.0	1.0	1.0	0.6141732283464567	0.926509186351706	0.863517060367454	1.0	0.6299212598425197	0.4146981627296588	0.6955380577427821	1.0	0.8503937007874016	0.37270341207349084	1.0	0.6587926509186351	1.0	1.0	0.3963254593175853	1.0	1.0	0.9448818897637795	1.0	0.9763779527559056	0.47506561679790027
350687	0.8695652173913043	1.0	1.0	1.0	1.0	1.0	1.0	1.0	1.0	0.9818840579710145	1.0	0.2608695652173913	0.3079710144927536	0.0	1.0	1.0	0.0	0.0	1.0	0.8297101449275363	0.7028985507246377	1.0	0.8731884057971014	1.0	0.7318840579710145	0.9130434782608695	1.0	1.0	1.0
350689	0.9847094801223242	1.0	0.28440366972477066	1.0	0.43119266055045874	1.0	1.0	1.0	1.0	0.7675840978593272	0.6146788990825688	1.0	0.0	0.05504587155963303	0.09785932721712538	1.0	0.46788990825688076	0.8654434250764526	1.0	0.636085626911315	1.0	0.9296636085626911	0.6391437308868502	0.8226299694189603	0.07033639143730887	0.7767584097859327	1.0	0.363914373088685	0.9388379204892966
350690	0.7621359223300971	1.0	1.0	0.7103559870550162	0.9385113268608414	0.9174757281553398	0.8284789644012945	0.9692556634304207	1.0	0.3851132686084142	0.6310679611650486	1.0	0.48705501618122976	0.6051779935275081	0.4854368932038835	0.8543689320388349	0.4773462783171521	0.7152103559870551	1.0	0.9093851132686084	0.9336569579288025	0.8058252427184466	0.39805825242718446	0.7055016181229773	0.48705501618122976	0.8818770226537217	0.872168284789644	0.5161812297734628	0.49838187702265374
350691	0.9469135802469136	0.9851851851851852	0.9098765432098765	0.5432098765432098	0.9703703703703703	0.6938271604938272	0.9666666666666667	1.0	0.5839506172839506	0.3432098765432099	0.9975308641975309	1.0	0.2814814814814815	0.43580246913580245	0.6345679012345679	0.8160493827160494	0.6790123456790124	0.7604938271604939	0.7283950617283951	0.6641975308641975	1.0	0.9950617283950617	0.8530864197530864	0.7419753086419754	0.43580246913580245	0.8098765432098766	0.9827160493827161	0.8333333333333334	0.5037037037037037
381926	0.8095238095238095	0.9610917537746806	0.6173054587688734	0.8989547038327527	0.756678281068525	0.5696864111498258	0.9680603948896632	0.9535423925667829	0.8252032520325203	0.09117305458768873	0.8646922183507549	0.9303135888501742	0.5185830429732868	0.47619047619047616	0.5998838559814169	0.7839721254355401	0.1835075493612079	0.4262485481997677	0.7799070847851336	0.2857142857142857	0.8867595818815331	0.9372822299651568	0.5261324041811847	0.6991869918699187	0.835075493612079	0.37456445993031356	1.0	0.8072009291521487	0.3252032520325203
587116	0.8614718614718615	0.987012987012987	0.8354978354978355	0.9696969696969697	0.22943722943722944	0.7186147186147186	0.8528138528138528	0.8528138528138528	0.16883116883116883	0.7012987012987013	1.0	0.987012987012987	0.0	0.6536796536796536	0.645021645021645	0.8787878787878788	0.22943722943722944	0.8528138528138528	0.9090909090909091	0.22943722943722944	1.0	0.8701298701298701	0.6493506493506493	0.2943722943722944	0.0	0.5324675324675324	0.9437229437229437	0.8138528138528138	0.030303030303030304
1061649	1.0	1.0	0.9692780337941628	1.0	1.0	1.0	1.0	0.8387096774193549	0.9247311827956989	0.9831029185867896	1.0	1.0	0.7649769585253456	0.685099846390169	0.5023041474654378	1.0	0.6543778801843319	0.3717357910906298	1.0	0.9493087557603687	1.0	1.0	0.402457757296467	0.6513056835637481	0.8218125960061444	0.4377880184331797	1.0	0.5284178187403994	0.7557603686635944
601605	0.9487179487179487	0.9850427350427351	0.8012820512820513	0.8717948717948718	1.0	1.0	1.0	1.0	1.0	0.7542735042735043	1.0	1.0	0.8311965811965812	0.7329059829059829	0.49572649572649574	1.0	0.8803418803418803	0.6452991452991453	1.0	0.7072649572649573	0.9252136752136753	0.6388888888888888	0.47435897435897434	0.6837606837606838	0.5363247863247863	0.7948717948717948	1.0	0.6452991452991453	0.7094017094017094
601606	0.711764705882353	1.0	1.0	0.888235294117647	0.9490196078431372	0.22745098039215686	1.0	1.0	0.7372549019607844	0.5098039215686274	1.0	1.0	0.7725490196078432	0.6450980392156863	0.45098039215686275	1.0	0.35294117647058826	0.8568627450980392	1.0	0.3137254901960784	0.984313725490196	0.8705882352941177	0.6745098039215687	0.984313725490196	0.7941176470588235	0.0	1.0	0.38235294117647056	0.8980392156862745
601597	0.8922631959508315	1.0	0.8553868402024585	0.8980477223427332	1.0	0.9963846710050615	1.0	0.9363702096890817	1.0	0.6926970354302241	1.0	0.888647866955893	0.2848879248011569	0.5654374548083876	0.2588575560375994	0.9544468546637744	0.25958062183658714	0.4041937816341287	0.8763557483731019	0.819233550253073	0.9342010122921186	0.918293564714389	0.31814895155459144	0.4699927693420101	0.4909616775126536	0.4193781634128706	0.7859725234996384	0.4880694143167028	0.45191612436731743
1057505	0.821656050955414	0.9532908704883227	1.0	1.0	0.7600849256900213	0.34394904458598724	0.9193205944798302	1.0	0.9490445859872612	0.9745222929936306	1.0	0.7303609341825902	0.5520169851380042	0.4033970276008493	0.89171974522293	1.0	0.6666666666666666	0.4734607218683652	1.0	0.821656050955414	1.0	0.9193205944798302	0.0	1.0	0.7006369426751592	0.3609341825902335	0.832271762208068	0.35456475583864117	0.8089171974522293
1057506	0.8897849462365591	0.8682795698924731	0.9543010752688172	1.0	1.0	1.0	0.9704301075268817	1.0	0.8978494623655914	0.9032258064516129	1.0	1.0	0.3548387096774194	0.8064516129032258	0.25	0.9408602150537635	0.8091397849462365	0.3790322580645161	0.6854838709677419	0.7688172043010753	0.6344086021505376	0.9193548387096774	0.7795698924731183	0.9032258064516129	0.8198924731182796	0.7956989247311828	1.0	0.0	0.5241935483870968
1057511	0.9076479076479076	1.0	0.7056277056277056	0.9466089466089466	0.22077922077922077	0.6565656565656566	0.8080808080808081	1.0	0.98989898989899	0.8946608946608947	0.8427128427128427	1.0	0.5353535353535354	0.1847041847041847	0.6522366522366523	1.0	0.7763347763347763	0.41125541125541126	0.8412698412698413	0.33044733044733043	0.797979797979798	0.8297258297258298	0.7215007215007215	0.3492063492063492	0.5468975468975469	0.3823953823953824	0.9913419913419913	0.948051948051948	0.5642135642135642
