key	WAM_ALR	WAM_CCR	WAM_IPI	WAM_MAR	WAM_MYS	WAM_PBL	WAM_PJN	WAM_PPR	WAM_PST	WAM_ROL	WAM_SCR	WAM_SGN	WAM_SIS	WAM_TWN	WAR_ALR	WAR_CCR	WAR_IPI	WAR_MAR	WAR_MYS	WAR_PBL	WAR_PJN	WAR_PPR	WAR_PSK	WAR_PST	WAR_RNW	WAR_ROL	WAR_SCR	WAR_SGL	WAR_SIS
1673935	0.0	0.5515873015873016	0.0	0.2388888888888889	0.0	0.4111111111111111	0.2388888888888889	0.0	0.7111111111111111	0.0	0.32063492063492066	0.4	0.0	0.2365079365079365	0.24444444444444444	0.8833333333333333	0.06349206349206349	0.8134920634920635	0.33174603174603173	0.6928571428571428	0.823015873015873	0.803968253968254	0.050793650793650794	0.9587301587301588	0.3753968253968254	0.2222222222222222	0.39444444444444443	0.42063492063492064	0.1111111111111111
1464814	0.0	0.5962962962962963	0.0	0.0	0.3814814814814815	0.0	0.0	0.0	0.44074074074074077	0.0	0.0	0.9259259259259259	0.0	0.0	0.0	1.0	0.0	0.0	0.0	0.9814814814814815	0.774074074074074	1.0	0.5814814814814815	1.0	0.0	0.0	0.774074074074074	0.6888888888888889	0.0
1464831	0.0	0.0	0.0	0.3949771689497717	0.0	0.3105022831050228	0.2762557077625571	0.0	0.6689497716894978	0.0	0.478310502283105	0.1723744292237443	0.0	0.0	0.3139269406392694	1.0	0.0	0.4885844748858447	0.0	0.3344748858447489	0.3824200913242009	1.0	0.5171232876712328	0.75	0.4166666666666667	0.1312785388127854	0.6484018264840182	0.339041095890411	0.5136986301369864
1466885	0.47043010752688175	0.0	0.010752688172043012	0.34946236559139787	0.0	0.19086021505376344	0.24193548387096775	0.0	0.6666666666666666	0.0	0.9731182795698925	0.0	0.0	0.0	0.0	1.0	0.0	0.9811827956989247	0.0	0.793010752688172	0.6236559139784946	1.0	0.553763440860215	1.0	0.22043010752688172	0.0	0.8870967741935484	0.0	0.7634408602150538
1466886	0.0	0.0	0.0	0.6560509554140127	0.0	0.20382165605095542	0.0	0.0	0.6390658174097664	0.0	0.9299363057324841	0.13588110403397027	0.0	0.0	0.4989384288747346	0.5222929936305732	0.0	0.6709129511677282	0.6072186836518046	1.0	0.851380042462845	0.4861995753715499	0.0	0.8067940552016986	0.4543524416135881	0.4267515923566879	0.386411889596603	0.4840764331210191	0.4734607218683652
1466892	0.0	0.5602503912363067	0.081377151799687	0.23630672926447574	0.0	0.0	0.3223787167449139	0.0	0.94679186228482	0.0	0.6400625978090767	0.1705790297339593	0.0	0.0	0.0	0.8982785602503912	0.0	0.5289514866979655	0.0	0.49765258215962443	0.7934272300469484	1.0	0.0	1.0	0.5383411580594679	0.4647887323943662	0.30985915492957744	0.0	0.0
1466893	0.2126984126984127	0.37142857142857144	0.0	0.7111111111111111	0.0	0.28888888888888886	0.0	0.0	0.5063492063492063	0.0	0.4142857142857143	0.13333333333333333	0.0	0.0	0.546031746031746	0.9031746031746032	0.33650793650793653	0.23492063492063492	0.0	1.0	0.49523809523809526	1.0	0.319047619047619	1.0	0.32857142857142857	0.0	0.5428571428571428	0.0	0.36984126984126986
1466894	0.5910652920962199	0.9381443298969072	0.0	0.0	0.0	0.0	0.6048109965635738	0.0	0.7353951890034365	0.0	0.0	0.852233676975945	0.0	0.0	0.49828178694158076	0.738831615120275	0.0	0.0	0.0	1.0	0.4570446735395189	0.8316151202749141	0.3470790378006873	0.9759450171821306	0.0	0.0	0.865979381443299	0.0	0.0
1466896	0.0	0.16487455197132617	0.0	0.27598566308243727	0.0	0.0	0.0	0.0	0.5376344086021505	0.0	0.025089605734767026	1.0	0.46953405017921146	0.0	0.12903225806451613	1.0	0.10752688172043011	1.0	0.0	0.7777777777777778	0.5197132616487455	1.0	0.48028673835125446	1.0	0.8781362007168458	0.956989247311828	0.6666666666666666	0.0	0.0
1466897	0.5922165820642978	0.38917089678510997	0.0	0.43316412859560066	0.03553299492385787	0.25380710659898476	0.20135363790186125	0.0	0.8138747884940778	0.0	0.8358714043993232	0.5194585448392555	0.077834179357022	0.0	0.0	0.5549915397631133	0.0	0.5668358714043993	0.1404399323181049	0.9204737732656514	0.32148900169204736	0.9915397631133672	0.0	0.7851099830795262	0.6852791878172588	0.05922165820642978	0.43485617597292725	0.0	0.0
1466899	0.0	0.26520681265206814	0.0	0.0	0.0	0.0	0.0	0.0	0.4744525547445255	0.0	1.0	0.30170316301703165	0.0	0.0	0.0	0.9148418491484185	0.3284671532846715	0.7177615571776156	0.0	0.35766423357664234	0.0	0.902676399026764	0.11192214111922141	0.9951338199513382	0.0948905109489051	0.0	0.9854014598540146	0.8467153284671532	0.0
1466900	0.0	1.0	0.0	0.0	0.0	0.3162393162393162	0.7735042735042735	0.0	0.4444444444444444	0.0	0.2564102564102564	0.44871794871794873	0.0	0.0	0.0	1.0	0.0	0.5854700854700855	0.0	0.0	0.0	0.5683760683760684	0.0	0.7521367521367521	1.0	0.0	1.0	0.0	0.0
1466901	0.0	1.0	0.0	0.0	0.0	0.4444444444444444	0.4982078853046595	0.0	0.33691756272401435	0.0	0.0	0.5412186379928315	0.0	0.0	0.4157706093189964	1.0	0.0	0.8064516129032258	0.0	0.7849462365591398	0.5770609318996416	1.0	0.5376344086021505	0.5376344086021505	0.08243727598566308	0.0	0.978494623655914	0.0	0.0
1466902	0.0	1.0	0.0	0.0	0.0	0.0	0.7723577235772358	0.0	0.0	0.0	0.8265582655826558	0.4010840108401084	0.0	0.0	0.0	0.8292682926829268	0.0	1.0	0.0	0.7940379403794038	0.6856368563685636	1.0	0.4065040650406504	0.4065040650406504	0.0	0.34417344173441733	0.6802168021680217	0.0	0.0
1466906	0.0	0.0	0.3802469135802469	0.0	0.0	0.39753086419753086	0.0	0.0	0.8518518518518519	0.0	0.3234567901234568	0.2222222222222222	0.0	0.0	0.6246913580246913	1.0	0.0	0.7901234567901234	0.0	0.9703703703703703	0.654320987654321	0.9753086419753086	0.0	0.9728395061728395	0.0	0.0	0.8740740740740741	0.17530864197530865	0.0
1466907	0.0	1.0	0.0	0.85	0.0	0.9518518518518518	0.4537037037037037	0.0	0.7574074074074074	0.0	0.17962962962962964	0.37222222222222223	0.43148148148148147	0.0	0.6166666666666667	0.8166666666666667	0.3333333333333333	0.10185185185185185	0.4981481481481482	0.45185185185185184	0.2796296296296296	0.4703703703703704	0.0	0.9407407407407408	0.0	0.07222222222222222	0.774074074074074	0.40370370370370373	0.2
1130515	0.0	0.0	0.36769759450171824	0.03264604810996564	0.0	0.0	0.0	0.3470790378006873	0.32646048109965636	0.0	0.3539518900343643	0.5756013745704467	0.0	0.0	0.0	1.0	0.5171821305841925	0.03264604810996564	0.5051546391752577	0.38144329896907214	0.44329896907216493	0.7508591065292096	0.0	0.7474226804123711	0.40378006872852235	0.11855670103092783	0.6323024054982818	0.0	0.38831615120274915
492234	0.0	1.0	0.0	0.0	0.0	0.0	0.03125	0.0	0.0	0.0	1.0	0.0	0.0	0.0	0.0	1.0	0.0	1.0	0.0	0.0	0.9166666666666666	1.0	0.3958333333333333	0.9479166666666666	0.0	0.7083333333333334	1.0	0.0	0.0
492235	0.0	0.0	0.6270833333333333	0.24375	0.0	0.0	0.4479166666666667	0.0	0.0	0.0	0.10625	0.0	0.0	0.0	0.0	0.70625	0.0	0.5208333333333334	0.0	0.0	0.30833333333333335	1.0	0.0	0.9604166666666667	0.0	0.0	0.3145833333333333	0.0	0.0
1448165	0.0	0.5213675213675214	0.4301994301994302	0.8575498575498576	0.0	0.0	0.4928774928774929	0.0	0.8233618233618234	0.0	0.0	0.39886039886039887	0.4444444444444444	0.0	0.46153846153846156	0.7977207977207977	0.0	1.0	0.0	1.0	0.3732193732193732	1.0	0.47863247863247865	0.9287749287749287	0.0	0.0	0.2564102564102564	0.0	0.0
148396	0.0	0.08333333333333333	0.0	0.0	0.0	0.0	0.0	0.0	0.2196969696969697	0.0	0.0	0.0	0.0	0.0	0.0	0.0	0.0	0.0	0.0	0.5984848484848485	0.0	0.6439393939393939	0.4696969696969697	0.015151515151515152	0.0	0.0	0.9772727272727273	0.0	0.0
705264	0.08108108108108109	0.3659043659043659	0.1275121275121275	0.20928620928620928	0.0	0.11781011781011781	0.5356895356895357	0.0	0.358974358974359	0.0	0.20512820512820512	0.4622314622314622	0.0	0.0	0.5412335412335413	0.878031878031878	0.06375606375606375	0.47193347193347196	0.0	0.6077616077616078	0.5232155232155232	0.7623007623007623	0.1275121275121275	0.8967428967428968	0.18018018018018017	0.0	0.7664587664587664	0.45045045045045046	0.20928620928620928
801219	0.2970679012345679	0.3734567901234568	0.0	0.18209876543209877	0.0	0.1728395061728395	0.38503086419753085	0.0	0.6450617283950617	0.0	0.7615740740740741	0.6041666666666666	0.0	0.32175925925925924	0.0	0.4243827160493827	0.23070987654320987	0.49382716049382713	0.0	0.9683641975308642	0.32021604938271603	1.0	0.0	0.7445987654320988	0.6242283950617284	0.0	0.5972222222222222	0.5200617283950617	0.19444444444444445
1466880	0.0	0.5977011494252874	0.0	0.882183908045977	0.0	0.11494252873563218	0.5301724137931034	0.21408045977011494	0.7456896551724138	0.2442528735632184	0.3692528735632184	0.14798850574712644	0.0	0.0	0.40229885057471265	0.8477011494252874	0.0	0.8706896551724138	0.40660919540229884	0.5862068965517241	1.0	0.8462643678160919	0.28160919540229884	0.7801724137931034	0.8362068965517241	0.0	0.11781609195402298	0.1939655172413793	0.4339080459770115
352388	0.0	0.0	0.5112781954887218	0.3458646616541353	0.0	0.0	0.3082706766917293	0.0	1.0	0.0	0.7368421052631579	0.5538847117794486	0.0	0.0	0.45363408521303256	0.7568922305764411	0.6090225563909775	1.0	0.5213032581453634	1.0	0.9197994987468672	0.8621553884711779	0.0	1.0	0.0	0.0	0.8195488721804511	0.0	0.0
352389	0.0	0.0	0.291005291005291	0.6746031746031746	0.0	0.7433862433862434	0.4576719576719577	0.0	0.8253968253968254	0.0	0.0	0.8994708994708994	0.0	0.0	0.3148148148148148	1.0	0.0	0.5978835978835979	0.25132275132275134	0.8015873015873016	0.9867724867724867	1.0	0.0	0.9417989417989417	0.0	0.0	0.0	0.6957671957671958	0.0
352392	0.30930930930930933	0.6584084084084084	0.4286786786786787	0.49924924924924924	0.22672672672672672	0.32882882882882886	0.3400900900900901	0.0	0.8235735735735735	0.0	0.6223723723723724	0.22447447447447447	0.44069069069069067	0.11336336336336336	0.07732732732732733	0.8791291291291291	0.2732732732732733	0.41216216216216217	0.10435435435435435	0.9136636636636637	0.6764264264264265	0.8551051051051051	0.22672672672672672	0.9887387387387387	0.22597597597597596	0.15765765765765766	0.38213213213213215	0.30105105105105107	0.22672672672672672
352382	0.09273182957393483	0.568922305764411	0.7493734335839599	0.5238095238095238	0.0	0.0	0.974937343358396	0.17042606516290726	0.8095238095238095	0.017543859649122806	0.17042606516290726	0.0	0.0	0.0	0.21804511278195488	0.7619047619047619	0.0	1.0	0.0	0.16791979949874686	0.9122807017543859	1.0	0.2681704260651629	1.0	0.5463659147869674	0.22305764411027568	0.6190476190476191	0.0	0.0
352383	0.20309050772626933	0.3333333333333333	0.0	0.7682119205298014	0.0	0.03090507726269316	0.12362030905077263	0.7660044150110376	0.0	0.5320088300220751	0.6269315673289183	0.0	0.0	0.0	0.17218543046357615	1.0	0.0	1.0	0.3333333333333333	0.7306843267108167	0.9558498896247241	1.0	0.4922737306843267	0.9470198675496688	0.4900662251655629	0.0	1.0	0.0	0.0
397792	0.0	0.6793154761904762	0.16815476190476192	0.2537202380952381	0.0	0.0	0.32068452380952384	0.05803571428571429	0.43154761904761907	0.0	0.19419642857142858	0.21875	0.0	0.0	0.21726190476190477	0.6599702380952381	0.0	0.45089285714285715	0.0	0.40922619047619047	0.7514880952380952	0.8392857142857143	0.20684523809523808	0.8668154761904762	0.4575892857142857	0.060267857142857144	0.5223214285714286	0.16666666666666666	0.0
1638815	0.0	0.12922173274596183	0.0	0.4243759177679883	0.0	0.0	0.32158590308370044	0.0	0.3641703377386197	0.0	0.0	0.0	0.3656387665198238	0.21292217327459617	0.08516886930983847	0.9853157121879589	0.0	0.6475770925110133	0.32305433186490456	0.12481644640234948	0.7533039647577092	0.9544787077826725	0.0	0.6196769456681351	0.4067547723935389	0.2511013215859031	0.3436123348017621	0.47283406754772395	0.0
1638839	0.1834247410115783	0.5112736136502133	0.16514320536258378	0.14442413162705667	0.0	0.6142595978062158	0.6313223644119439	0.0	0.4064594759293114	0.0	0.21389396709323583	0.29981718464351004	0.0	0.2760511882998172	0.182205971968312	0.923217550274223	0.0	0.6014625228519196	0.0	0.6331505179768434	0.42169408897014016	0.9786715417428398	0.0	0.8616697135892748	0.1834247410115783	0.07861060329067641	0.6246191346739792	0.20658135283363802	0.0
