key	WAM_ALR	WAM_CCR	WAM_IPI	WAM_MAR	WAM_MYS	WAM_PBL	WAM_PJN	WAM_PPR	WAM_PST	WAM_ROL	WAM_SCR	WAM_SGN	WAM_SIS	WAM_TWN	WAR_ALR	WAR_CCR	WAR_IPI	WAR_MAR	WAR_MYS	WAR_PBL	WAR_PJN	WAR_PPR	WAR_PSK	WAR_PST	WAR_RNW	WAR_ROL	WAR_SCR	WAR_SGL	WAR_SIS
828439	0.24427083333333333	0.4010416666666667	0.3067708333333333	0.22916666666666666	0.15625	0.0	0.3640625	0.2015625	0.0	0.08541666666666667	0.5572916666666666	0.24114583333333334	0.31354166666666666	0.0	0.5203125	0.30520833333333336	0.7458333333333333	0.2421875	0.49895833333333334	0.3640625	0.6375	0.6895833333333333	0.025520833333333333	0.43802083333333336	0.0	0.47760416666666666	0.4765625	0.5276041666666667	0.3859375
1319384	0.4977168949771689	0.0	0.0	0.0	0.4931506849315068	0.0	0.4885844748858447	0.0	0.0	0.7899543378995434	0.0	0.0	0.0	0.0	1.0	1.0	0.0	0.0045662100456621	0.0	0.0	1.0	0.2465753424657534	0.0	0.0	0.0	0.0	0.9269406392694064	0.0	1.0
1319387	0.3747534516765286	0.0	0.7928994082840237	0.023668639053254437	0.591715976331361	0.0	0.5108481262327417	0.0	0.0	0.534516765285996	0.6094674556213018	0.2485207100591716	0.0	0.0	0.0	0.4930966469428008	0.3214990138067061	0.48520710059171596	0.5956607495069034	0.0	0.0	0.8915187376725838	0.0	0.08284023668639054	0.0	0.9664694280078896	0.055226824457593686	0.3905325443786982	0.4260355029585799
494494	0.0	0.0	0.5344827586206896	0.3448275862068966	0.5086206896551724	0.020114942528735632	0.0	0.2413793103448276	0.4511494252873563	0.0	0.0	0.0	0.0	0.0	0.4281609195402299	0.8936781609195402	0.0	0.23850574712643677	0.6752873563218391	0.7241379310344828	0.3103448275862069	0.14367816091954022	0.2413793103448276	0.7873563218390804	0.5775862068965517	0.9367816091954023	1.0	0.2413793103448276	0.7816091954022989
438391	0.23410852713178296	0.6093023255813953	0.5937984496124031	0.2062015503875969	0.0	0.23410852713178296	0.4372093023255814	0.5705426356589147	0.7674418604651163	0.22945736434108527	0.14883720930232558	0.0	0.0	0.0	0.0	0.6356589147286822	0.6062015503875969	0.751937984496124	0.7922480620155039	0.6232558139534884	0.27596899224806204	0.57984496124031	0.018604651162790697	0.6961240310077519	0.39689922480620154	0.9286821705426357	0.7922480620155039	0.45891472868217054	0.6186046511627907
651102	0.47707231040564374	0.24867724867724866	0.02204585537918871	0.09523809523809523	0.0	0.0	0.21604938271604937	0.2328042328042328	0.2654320987654321	0.0	0.25396825396825395	0.0	0.0	0.25044091710758376	0.7469135802469136	0.3888888888888889	0.517636684303351	0.6305114638447972	0.13139329805996472	0.6102292768959435	0.7310405643738977	0.7663139329805997	0.19047619047619047	0.40476190476190477	0.5943562610229277	0.15873015873015872	0.716931216931217	0.6869488536155203	0.25220458553791886
1335591	0.0	0.0	0.23837209302325582	0.0	0.0	0.0	0.45348837209302323	0.0	0.0	0.7732558139534884	0.3313953488372093	0.4689922480620155	0.0	0.0	0.46124031007751937	0.5910852713178295	0.0	0.1124031007751938	0.3178294573643411	0.4050387596899225	0.27906976744186046	0.6414728682170543	0.48255813953488375	0.31007751937984496	0.9767441860465116	0.38953488372093026	0.5503875968992248	0.5058139534883721	0.5290697674418605
629973	0.0167427701674277	0.3637747336377473	0.4596651445966514	0.0	0.0	0.0	0.0	0.0	0.0	0.4550989345509893	0.0	0.0	0.0	0.0	0.0	0.0	0.0	0.0	0.0	0.0	0.0	0.1506849315068493	0.4885844748858447	0.0	0.0	0.3607305936073059	0.1339421613394216	0.4550989345509893	0.0
1534248	0.0	0.7758620689655172	0.0	0.0	0.8448275862068966	0.0	0.0	0.0	0.0	0.0	0.0	0.0	0.0	0.0	0.06896551724137931	0.9367816091954023	0.0	0.0	0.0	0.0	0.0	0.8908045977011494	0.3735632183908046	0.0	0.0	0.0	0.0	1.0	0.15517241379310345
1534249	0.0	0.8217054263565892	0.7093023255813954	0.0	0.872093023255814	0.5658914728682171	0.28294573643410853	0.0	0.0	0.050387596899224806	0.7635658914728682	0.0	0.0	0.0	0.12403100775193798	0.3178294573643411	0.5852713178294574	1.0	0.0	0.0	1.0	1.0	0.7906976744186046	0.18992248062015504	0.6395348837209303	0.0	0.8798449612403101	0.05813953488372093	0.7906976744186046
368885	0.3489583333333333	0.0	0.7760416666666666	0.390625	0.7552083333333334	0.0	0.0	0.0	0.7135416666666666	0.7760416666666666	0.19791666666666666	0.0	0.0	0.0	0.0	0.6666666666666666	0.5416666666666666	0.0	0.8697916666666666	0.671875	0.4166666666666667	0.6197916666666666	0.0	0.7239583333333334	0.7135416666666666	0.0	0.0	1.0	0.0
368886	0.3065134099616858	0.5478927203065134	0.0	0.0	0.0	0.0	0.0	0.0	0.3524904214559387	0.0	0.9540229885057471	0.0	0.0	0.0	0.0	1.0	0.8199233716475096	0.578544061302682	0.8812260536398467	0.6168582375478927	0.0	0.6398467432950191	0.0	0.0	0.3524904214559387	0.3218390804597701	0.8390804597701149	0.89272030651341	0.0
368887	0.1613588110403397	0.0	0.044585987261146494	0.0	0.0	0.0	0.3673036093418259	0.0	0.5923566878980892	0.0	0.0	0.1613588110403397	0.0	0.0	0.4543524416135881	0.6687898089171974	0.9320594479830149	0.7048832271762208	0.0	0.35668789808917195	0.31634819532908703	0.5562632696390658	0.346072186836518	0.4607218683651805	0.40976645435244163	0.4968152866242038	0.6390658174097664	0.16560509554140126	0.7600849256900213
389200	0.27133872416891286	0.10062893081761007	0.3584905660377358	0.2884097035040431	0.0035938903863432167	0.0	0.39802336028751123	0.0	0.3881401617250674	0.5804132973944295	0.605570530098832	0.1554357592093441	0.0	0.0	0.31626235399820307	0.6567834681042228	0.48427672955974843	0.7556154537286612	0.26235399820305483	0.394429469901168	0.2578616352201258	0.7115902964959568	0.40161725067385445	0.5696316262353999	0.0	0.8122192273135669	0.6828391734052112	0.7439353099730458	0.47079964061096136
389205	0.0	0.0	0.0	0.27044025157232704	0.0	0.0	0.7861635220125787	0.34591194968553457	0.33962264150943394	0.0	0.18742138364779873	0.2830188679245283	0.0037735849056603774	0.0	0.49056603773584906	0.8591194968553459	0.6578616352201258	0.4088050314465409	0.0	0.2591194968553459	0.7471698113207547	0.8830188679245283	0.0	0.5937106918238994	0.5283018867924528	1.0	0.7635220125786164	0.8628930817610063	0.9157232704402516
561845	0.13654618473895583	0.5582329317269076	0.38473895582329315	0.41445783132530123	0.2248995983935743	0.0	0.22971887550200804	0.09558232931726908	0.1285140562248996	0.3718875502008032	0.3598393574297189	0.02570281124497992	0.0	0.0	0.7052208835341366	0.606425702811245	0.4457831325301205	0.26104417670682734	0.3453815261044177	0.42008032128514056	0.629718875502008	0.6795180722891566	0.15502008032128514	0.22088353413654618	0.6755020080321286	0.1614457831325301	0.8626506024096385	0.3751004016064257	0.5116465863453815
1322415	0.0	0.0	0.27355072463768115	0.0	0.34057971014492755	0.0	0.4891304347826087	0.0	0.1431159420289855	0.0	0.447463768115942	0.0	0.0	0.0	0.9293478260869565	0.5452898550724637	0.22644927536231885	0.0	0.3532608695652174	0.3641304347826087	0.0	0.6413043478260869	0.0	0.7880434782608695	0.13768115942028986	0.11231884057971014	0.4166666666666667	0.0	0.24818840579710144
1322419	0.0	0.0	0.04195804195804196	0.8438228438228438	0.15151515151515152	0.0	0.0	0.0	0.0	0.0	0.5011655011655012	0.0	0.0	0.0	0.13053613053613053	0.916083916083916	0.0	0.5081585081585082	0.31934731934731936	0.0	0.027972027972027972	0.7202797202797203	0.351981351981352	0.4289044289044289	0.0	0.2517482517482518	0.09090909090909091	0.8391608391608392	0.08158508158508158
1322425	0.5882352941176471	0.0	0.0	0.0	0.0	0.0	0.0	0.0	0.0	0.0	0.0	0.0	0.0	0.0	0.0	0.9450980392156862	0.592156862745098	0.5882352941176471	0.8823529411764706	0.0	0.3568627450980392	0.0	0.0	0.0	0.0	0.6235294117647059	0.6901960784313725	0.0	0.0
71710	0.06334841628959276	0.0	0.1885369532428356	0.0	0.0	0.4555052790346908	0.0	0.03619909502262444	0.0	0.13725490196078433	0.0	0.45248868778280543	0.0	0.0	0.5384615384615384	0.45852187028657615	0.0	0.0	0.21568627450980393	0.6907993966817496	0.4555052790346908	0.2850678733031674	0.0	0.6711915535444947	0.0	0.18099547511312217	0.5098039215686274	0.4374057315233786	0.0
850991	0.0	0.0	0.0	0.0	0.0	0.0	0.47058823529411764	0.6421568627450981	0.0	0.3333333333333333	0.0	0.0	0.0	0.0	0.0	0.6421568627450981	0.0	0.0	1.0	0.0	0.0	0.0	0.0	0.0	0.0	0.0	1.0	0.0	0.9215686274509803
850994	0.5391304347826087	0.5710144927536231	0.0	0.43768115942028984	0.0	0.0	0.6	0.0	0.0	0.43768115942028984	0.0	0.3130434782608696	0.0	0.0	0.0	0.5565217391304348	0.8898550724637682	0.43768115942028984	1.0	0.41739130434782606	0.6260869565217392	0.9652173913043478	0.13623188405797101	0.7217391304347827	0.0	0.14782608695652175	0.8463768115942029	0.7478260869565218	0.7043478260869566
850995	0.0	0.10776942355889724	0.6942355889724311	0.0	0.0	0.0	0.17293233082706766	0.5714285714285714	0.24561403508771928	0.3684210526315789	0.6842105263157895	0.0	0.0	0.0	0.6491228070175439	1.0	0.3233082706766917	0.47619047619047616	0.3233082706766917	0.0	0.6290726817042607	0.7092731829573935	0.3182957393483709	0.7568922305764411	0.0	0.8070175438596491	0.49624060150375937	0.49373433583959897	0.37593984962406013
850996	0.0	0.0	0.0	0.0	0.0	0.0	0.06621004566210045	0.0	0.4383561643835616	0.0	0.0	0.0	0.0	0.0	0.5136986301369864	0.682648401826484	0.815068493150685	0.9703196347031964	0.271689497716895	0.4954337899543379	0.3858447488584475	0.8538812785388128	0.3447488584474886	0.3447488584474886	0.1415525114155251	0.0	0.2054794520547945	0.0	0.16666666666666666
851000	0.0	0.0	0.8179487179487179	0.382051282051282	0.028205128205128206	0.0	0.29743589743589743	0.0	0.45897435897435895	0.0	0.5743589743589743	0.0	0.0	0.0	0.8974358974358975	0.7025641025641025	0.09230769230769231	0.48717948717948717	0.0	0.0	0.5846153846153846	0.7769230769230769	0.29743589743589743	0.8	0.33076923076923076	0.0	0.8153846153846154	0.5307692307692308	0.0
851001	0.24504504504504504	0.7801801801801802	0.0	0.27207207207207207	0.5009009009009009	0.0	0.0	0.0	0.554954954954955	0.0	0.0	0.0	0.0	0.0	0.7945945945945946	0.47927927927927927	0.45585585585585586	0.12252252252252252	0.34954954954954953	0.5585585585585585	0.5441441441441441	0.7099099099099099	0.5711711711711712	0.0	0.7513513513513513	0.7567567567567568	0.8792792792792793	0.34954954954954953	0.0
851002	0.16666666666666666	0.0	0.2640117994100295	0.0	0.0	0.0	0.0	0.0	0.0	0.0	0.0	0.17699115044247787	0.0	0.0	0.18289085545722714	0.8480825958702065	0.46017699115044247	0.2551622418879056	0.3554572271386431	0.18584070796460178	0.30678466076696165	0.8362831858407079	0.10324483775811209	0.415929203539823	0.0	0.644542772861357	0.859882005899705	0.3952802359882006	0.1710914454277286
851004	0.9631782945736435	0.0	0.4069767441860465	0.0	0.0	0.0	0.8798449612403101	0.0	0.2926356589147287	0.0	0.0	0.3003875968992248	0.0	0.0	0.29069767441860467	0.8875968992248062	1.0	0.35852713178294576	0.0	0.2926356589147287	0.0	0.937984496124031	0.31007751937984496	0.6182170542635659	0.0	0.4127906976744186	0.9748062015503876	0.7131782945736435	0.5949612403100775
1049303	0.0	0.0	0.5471014492753623	0.855072463768116	0.9420289855072463	0.0	0.9637681159420289	0.427536231884058	0.0	0.26811594202898553	0.0	0.0	0.0	0.0	0.0	0.8043478260869565	0.9384057971014492	0.057971014492753624	0.38768115942028986	0.0	0.8007246376811594	0.5869565217391305	0.5833333333333334	0.0	0.9094202898550725	0.9782608695652174	0.9492753623188406	0.0	0.0
1049307	0.278414517669532	0.47039159503342887	0.24641833810888253	0.19340974212034384	0.14326647564469913	0.10315186246418338	0.11556829035339064	0.0	0.0	0.20057306590257878	0.19531996179560648	0.0	0.0	0.0	0.0	0.8662846227316141	0.3433619866284623	0.6437440305635148	0.5095510983763133	0.28701050620821394	0.3457497612225406	0.7593123209169055	0.09980897803247374	0.4350525310410697	0.606494746895893	0.31996179560649474	0.731614135625597	0.16953199617956066	0.383476599808978
698694	0.0	0.14625850340136054	0.2256235827664399	0.0	0.0	0.0	0.0	0.1893424036281179	0.0	0.08956916099773243	0.31519274376417233	0.0	0.0	0.0	0.3424036281179138	0.35487528344671204	0.0	0.5136054421768708	0.3412698412698413	0.0	0.5306122448979592	0.20861678004535147	0.0	0.30158730158730157	0.0	0.5204081632653061	0.3424036281179138	0.3934240362811791	0.0
1308343	0.0	0.4466230936819172	0.0	0.0	0.0	0.0	0.0	0.0	0.42701525054466233	0.0	0.0	0.9172113289760349	0.0	0.4008714596949891	0.46405228758169936	0.7189542483660131	0.38562091503267976	0.0	0.0	0.0	0.0	0.0	0.0	0.6100217864923747	0.13507625272331156	0.13071895424836602	0.0	0.32679738562091504	0.0
1308345	0.1422692533803645	0.5873015873015873	0.0	0.3298059964726631	0.0	0.0	0.2810111699000588	0.0	0.17342739564961787	0.11757789535567313	0.17577895355673134	0.0	0.0	0.0	0.09817754262198707	0.36684303350970016	0.0	0.3115814226925338	0.15873015873015872	0.21869488536155202	0.3856554967666079	0.7425044091710759	0.1493239271017049	0.13227513227513227	0.54673721340388	0.6649029982363316	0.46149323927101704	0.0	0.2757201646090535
1308346	0.34285714285714286	0.0	0.0	0.0	0.4108843537414966	0.0	0.0	0.0	0.5537414965986395	0.18231292517006803	0.0	0.0	0.0	0.0	0.22585034013605443	0.6666666666666666	0.12380952380952381	0.43945578231292515	0.14421768707482993	0.0	0.4707482993197279	0.23401360544217686	0.0	0.6353741496598639	0.5795918367346938	0.05714285714285714	0.3768707482993197	0.0	0.31700680272108844
295911	0.23431203223949337	0.09959700633275763	0.3926309729418538	0.46689694876223375	0.0	0.0	0.0	0.08232584916522741	0.22279792746113988	0.09902130109383996	0.08578008059873345	0.0	0.0	0.0	0.5146804835924007	0.8031088082901554	0.35981577432354633	0.510650546919977	0.1577432354634427	0.0	0.3200921128382268	0.2204951065054692	0.0051813471502590676	0.28785261945883706	0.0	0.36845135290731146	0.7639608520437536	0.26827864133563617	0.07426597582037997
363340	0.0	0.27753934191702434	0.4291845493562232	0.0	0.1630901287553648	0.0	0.14878397711015737	0.3791130185979971	0.0	0.05722460658082976	0.0	0.0	0.0	0.0	0.4978540772532189	0.3948497854077253	0.1630901287553648	0.65379113018598	0.4520743919885551	0.709585121602289	0.33905579399141633	0.7668097281831188	0.21602288984263232	0.1630901287553648	0.0	0.6509298998569385	0.8082975679542204	0.2145922746781116	0.14878397711015737
1019673	0.6046099290780141	0.11879432624113476	0.574468085106383	0.5319148936170213	0.0	0.0	0.5443262411347518	0.0	0.38120567375886527	0.0	0.0	0.3102836879432624	0.0	0.0	0.0	1.0	0.5354609929078015	0.12588652482269502	1.0	0.45390070921985815	0.3120567375886525	0.7677304964539007	0.3102836879432624	0.3670212765957447	0.36879432624113473	0.7021276595744681	0.8617021276595744	0.799645390070922	0.8900709219858156
1019675	0.1206977840641207	0.32531824611032534	0.18906176331918906	0.16925978312116927	0.0	0.0	0.40924092409240925	0.09712399811409712	0.2725129655822725	0.14238566713814238	0.4186704384724187	0.16831683168316833	0.0	0.0	0.28995756718529	0.4097123998114097	0.26025459688826025	0.36303630363036304	0.2956152758132956	0.22536539368222536	0.40782649693540785	0.9104196133899104	0.3998114097123998	0.45874587458745875	0.3823668081093824	0.30645921735030646	0.628005657708628	0.3191890617633192	0.07873644507307874
1325898	0.5472370766488414	0.0	0.2798573975044563	0.45989304812834225	0.0	0.0	0.7754010695187166	0.0	0.35650623885918004	0.5347593582887701	0.11229946524064172	0.0	0.3226381461675579	0.0	0.0	0.7950089126559715	0.26737967914438504	0.0	0.0	0.40106951871657753	0.5383244206773619	0.1711229946524064	0.23885918003565063	0.49554367201426025	0.0	0.2549019607843137	0.6185383244206774	0.5508021390374331	0.5383244206773619
1325900	0.06552706552706553	0.7948717948717948	0.0	0.0	0.0	0.0	1.0	0.23076923076923078	0.5754985754985755	0.0	0.4757834757834758	0.0	0.0	0.0	0.16524216524216523	0.9259259259259259	0.43304843304843305	0.717948717948718	0.6524216524216524	0.3076923076923077	0.7435897435897436	0.6324786324786325	0.3162393162393162	0.905982905982906	0.31339031339031337	0.5555555555555556	0.38461538461538464	0.0	0.4301994301994302
1554385	0.2086720867208672	0.3983739837398374	0.3215898825654923	0.0	0.18247515808491419	0.0	0.7886178861788617	0.0	0.0	0.0	0.10659439927732611	0.0	0.0	0.0	0.13640469738030714	0.6621499548328816	0.5085817524841915	0.4037940379403794	0.4706413730803975	0.46883468834688347	0.3486901535682023	0.6350496838301717	0.5438121047877146	0.48148148148148145	0.3974706413730804	0.5085817524841915	0.9177958446251129	0.5564588979223125	0.36946702800361336
1554390	0.0	0.0	0.8217821782178217	0.37623762376237624	0.0	0.0	0.9933993399339934	0.0	0.0	0.0594059405940594	0.07920792079207921	0.0	0.0	0.0	0.37623762376237624	0.49834983498349833	0.0033003300330033004	0.6534653465346535	0.0	0.6468646864686468	0.5973597359735974	0.7491749174917491	0.0	0.0	0.036303630363036306	0.43564356435643564	0.49834983498349833	0.5214521452145214	0.0
1554382	0.662962962962963	0.7888888888888889	0.6666666666666666	0.0	0.0	0.0	0.4740740740740741	0.0	0.07592592592592592	0.0	0.2796296296296296	0.0	0.0	0.0	0.7814814814814814	0.7574074074074074	0.45925925925925926	0.053703703703703705	0.3907407407407407	0.7444444444444445	0.0	0.8333333333333334	0.0	0.7351851851851852	0.016666666666666666	0.7444444444444445	0.5277777777777778	0.0	0.001851851851851852
1170882	0.5549242424242424	0.0	0.0	0.0	0.0	0.0	0.06439393939393939	0.0	0.6477272727272727	0.5473484848484849	0.6079545454545454	0.5965909090909091	0.0	0.0	0.9109848484848485	0.4659090909090909	0.7916666666666666	0.17234848484848486	0.19507575757575757	0.30492424242424243	0.29545454545454547	0.6212121212121212	0.0	0.0	0.09659090909090909	0.06439393939393939	0.0	0.7291666666666666	0.5946969696969697
1170883	0.024390243902439025	0.7723577235772358	0.4065040650406504	0.0	0.0	0.0	0.0	0.38414634146341464	0.3780487804878049	0.5548780487804879	0.8211382113821138	0.0	0.0	0.0	0.2703252032520325	0.7621951219512195	0.8678861788617886	0.0	0.6056910569105691	0.1443089430894309	0.6443089430894309	0.733739837398374	0.34552845528455284	0.30284552845528456	0.4959349593495935	0.07520325203252033	0.0	0.6178861788617886	0.8963414634146342
1170885	0.0	0.32646048109965636	0.08247422680412371	0.0	0.5189003436426117	0.0	0.0	0.0	0.9518900343642611	0.0	0.3642611683848797	0.024054982817869417	0.0	0.0	0.29553264604810997	0.20962199312714777	0.0	0.10652920962199312	0.0	0.7663230240549829	0.0	0.6391752577319587	0.0	0.5189003436426117	0.3436426116838488	0.3436426116838488	0.7560137457044673	0.5189003436426117	0.3127147766323024
1170886	0.285551763367463	0.0671217292377702	0.0	0.0	0.0	0.2434584755403868	0.0	0.0	0.013651877133105802	0.0	0.0	0.25597269624573377	0.13993174061433447	0.0	0.0	0.4891922639362912	0.0	0.7781569965870307	0.149032992036405	0.4254835039817975	0.6678043230944255	0.6598407281001137	0.0	0.229806598407281	0.3026166097838453	0.34015927189988626	0.6632536973833902	0.0	0.1751990898748578
1170887	0.2950310559006211	0.3115942028985507	0.577639751552795	0.0	0.0	0.0	0.17701863354037267	0.0	0.5196687370600414	0.0	0.4026915113871636	0.2236024844720497	0.0	0.0	0.2898550724637681	0.6407867494824017	0.0	0.2981366459627329	0.042443064182194616	0.12318840579710146	0.6873706004140787	0.4917184265010352	0.31262939958592134	0.4699792960662526	0.0	0.30124223602484473	0.042443064182194616	0.18322981366459629	0.11904761904761904
1170880	0.0	0.7843137254901961	0.0	0.0	0.0	0.0	0.43137254901960786	0.0	0.0	0.0	0.0	0.0	0.0	0.0	0.0	0.029411764705882353	0.0	0.0	0.0	0.5588235294117647	0.6617647058823529	0.0	0.0	0.0	0.0	0.7352941176470589	0.0	0.44607843137254904	0.5588235294117647
1607398	0.0	0.0	0.0	0.0	0.0	0.0	0.5139949109414759	0.0	0.0	0.0	0.22646310432569974	0.0	0.0	0.0	0.3842239185750636	0.8549618320610687	0.06361323155216285	0.3893129770992366	0.0	0.5928753180661578	0.910941475826972	0.8600508905852418	0.4223918575063613	1.0	0.6997455470737913	0.628498727735369	0.38676844783715014	0.4071246819338422	0.0
1048569	0.3938053097345133	0.0	0.0	0.0	0.07817109144542773	0.0	0.0	0.0	0.40412979351032446	0.13126843657817108	0.2359882005899705	0.0	0.0	0.0	0.8171091445427728	0.7109144542772862	0.3480825958702065	0.0	0.0	0.3480825958702065	0.6887905604719764	0.584070796460177	0.0	0.3525073746312684	0.07817109144542773	0.2448377581120944	0.5781710914454278	0.8569321533923304	0.3407079646017699
96752	0.0	0.0	0.3448275862068966	0.19080459770114944	0.0	0.2850574712643678	0.4689655172413793	0.0	0.26436781609195403	0.0	0.3471264367816092	0.0	0.6919540229885057	0.0	0.40229885057471265	0.6528735632183909	0.960919540229885	0.17471264367816092	0.37701149425287356	0.4482758620689655	0.0	0.4091954022988506	0.0	0.19080459770114944	0.1471264367816092	0.6160919540229886	0.0	0.6781609195402298	0.39080459770114945
1652539	0.07885304659498207	0.08243727598566308	0.5	0.4390681003584229	0.1971326164874552	0.0	0.26881720430107525	0.0	0.0	0.0	0.0	0.5304659498207885	0.37455197132616486	0.0	0.8906810035842294	0.5197132616487455	0.6308243727598566	0.17383512544802868	0.0	0.0	0.1971326164874552	0.6917562724014337	0.0	0.3906810035842294	0.521505376344086	0.35304659498207885	0.07168458781362007	0.7311827956989247	0.0
668158	0.0	0.23069403714565004	0.14760508308895406	0.0	0.0	0.0	0.0	0.0	0.4838709677419355	0.0	0.0	0.270772238514174	0.0	0.0	0.21505376344086022	0.5845552297165201	0.1827956989247312	0.38025415444770283	0.552297165200391	0.43304007820136853	0.21505376344086022	0.6383186705767351	0.2932551319648094	0.49071358748778104	0.0	0.16715542521994134	0.45356793743890517	0.0	0.0
668159	0.5852713178294574	0.40310077519379844	0.0	0.0	0.0	0.0	0.0	0.0	0.6395348837209303	0.0	0.3062015503875969	0.0	0.0	0.0	0.8294573643410853	0.0	0.6511627906976745	0.5852713178294574	0.9961240310077519	0.8449612403100775	0.0	0.32945736434108525	0.0	0.9767441860465116	0.0	0.7790697674418605	0.0	0.0	0.0
872285	0.0	0.40970564836913287	0.0	0.0954653937947494	0.0	0.2386634844868735	0.06841686555290374	0.0	0.0	0.23707239459029436	0.6030230708035004	0.23707239459029436	0.0	0.0	0.29594272076372313	0.7788385043754972	0.568019093078759	0.569610182975338	0.2100238663484487	0.1917263325377884	0.6077963404932378	0.7517899761336515	0.2171837708830549	0.23786793953858393	0.0	0.07159904534606205	0.26332537788385046	0.32856006364359586	0.06205250596658711
1632558	0.20222222222222222	0.41555555555555557	0.3237037037037037	0.0	0.0	0.5777777777777777	0.1711111111111111	0.0	0.0	0.08444444444444445	0.20962962962962964	0.22296296296296297	0.0	0.0	0.22148148148148147	0.48074074074074075	0.0	0.42814814814814817	0.0	0.22296296296296297	0.2859259259259259	0.5422222222222223	0.0	0.15407407407407409	0.6918518518518518	0.47185185185185186	0.44666666666666666	0.4785185185185185	0.26222222222222225
1632565	0.24271844660194175	0.0	0.0	0.0	0.5016181229773463	0.0	0.0	0.0	0.0	0.0	0.4563106796116505	0.6084142394822006	0.0	0.0	0.0	0.43042071197411	0.8349514563106796	0.9546925566343042	0.5614886731391586	0.7443365695792881	0.3333333333333333	0.38996763754045305	0.0	0.6197411003236246	0.0	0.284789644012945	0.3673139158576052	0.0	0.8980582524271845
1632568	0.0	0.41333333333333333	0.0	0.0	0.0	0.0	0.0	0.0	0.7533333333333333	0.0	0.6466666666666666	0.0	0.0	0.0	0.8066666666666666	0.7166666666666667	0.4066666666666667	0.9833333333333333	0.74	0.47	0.16666666666666666	0.94	0.0	0.26666666666666666	0.74	0.9633333333333334	0.4166666666666667	0.0	0.03333333333333333
1632569	0.5063913470993117	0.2969518190757129	0.14650934119960668	0.0	0.0	0.14355948869223206	0.0	0.0	0.3579154375614553	0.0	0.0	0.14847590953785644	0.0	0.295968534906588	0.13962635201573254	0.4424778761061947	0.6873156342182891	0.5624385447394297	0.4287118977384464	0.3579154375614553	0.28023598820059	0.9754178957718781	0.44936086529006886	0.8062930186823992	0.14355948869223206	0.5909537856440511	0.8485742379547689	0.295968534906588	0.5889872173058014
1493544	0.0	0.5285087719298246	0.7960526315789473	0.5416666666666666	0.0	0.0	0.27850877192982454	0.0	0.0	0.0	0.041666666666666664	0.5635964912280702	0.0	0.0	0.0	0.8530701754385965	0.6513157894736842	0.0	0.43201754385964913	0.02850877192982456	0.5241228070175439	0.8640350877192983	0.756578947368421	0.8201754385964912	0.0	0.18859649122807018	0.33114035087719296	0.6622807017543859	0.7982456140350878
471238	0.4194528875379939	0.0	0.4457953394123607	0.23910840932117527	0.0	0.0	0.1580547112462006	0.0	0.2684903748733536	0.47922998986828774	0.0	0.3383991894630192	0.0	0.0	0.26443768996960487	0.2867274569402229	0.8693009118541033	0.5288753799392097	0.5592705167173252	0.22188449848024316	0.6494427558257345	0.5704154002026343	0.2735562310030395	0.0	0.25430597771023306	0.3546099290780142	0.5896656534954408	0.547112462006079	0.5197568389057751
690580	0.0	0.0966183574879227	0.0	0.0	0.0	0.0	0.0	0.0	0.0	0.28502415458937197	1.0	0.25120772946859904	0.0	0.0	0.0	0.9082125603864735	0.0	0.0	0.782608695652174	0.7053140096618358	0.3140096618357488	0.12560386473429952	0.0	0.0	0.8743961352657005	0.0	1.0	0.0	0.0
690581	0.8231292517006803	0.8027210884353742	0.0	0.0	0.0	0.5419501133786848	0.0	0.0	0.09750566893424037	0.4557823129251701	0.9047619047619048	0.0	0.0	0.0	0.30385487528344673	0.6281179138321995	0.0	0.2494331065759637	0.6848072562358276	0.6485260770975056	0.42630385487528344	0.8344671201814059	0.0	0.5419501133786848	0.3129251700680272	0.011337868480725623	0.9614512471655329	0.0	0.3378684807256236
690582	0.7263374485596708	0.13991769547325103	0.0	0.0	0.0	0.10905349794238683	0.31069958847736623	0.03292181069958848	0.24074074074074073	0.522633744855967	0.0	0.0	0.0	0.0	0.23045267489711935	0.823045267489712	0.9197530864197531	0.2654320987654321	0.5473251028806584	0.5267489711934157	0.09259259259259259	0.19135802469135801	0.0	0.10905349794238683	0.0	0.5905349794238683	0.6893004115226338	0.30864197530864196	0.9588477366255144
869053	0.0	0.4860426929392447	0.0	0.0	0.24794745484400657	0.0	0.3957307060755337	0.3103448275862069	0.6962233169129721	0.24466338259441708	0.34811165845648606	0.0	0.0	0.0	0.10344827586206896	0.6863711001642037	0.0	0.9671592775041051	0.4269293924466338	0.6732348111658456	0.6945812807881774	0.3054187192118227	0.0	0.5238095238095238	0.3825944170771757	0.8456486042692939	0.7898193760262726	0.7454844006568144	0.7799671592775042
1259569	0.8671875	0.0	0.4557291666666667	0.5182291666666666	0.0026041666666666665	0.0	0.6380208333333334	0.3255208333333333	0.0	0.578125	0.6536458333333334	0.0	0.0	0.0	0.8020833333333334	0.5703125	0.19270833333333334	0.2786458333333333	0.53125	0.0	0.7109375	0.8385416666666666	0.0	0.90625	0.7083333333333334	1.0	0.4427083333333333	0.3932291666666667	0.0
1259571	0.0	0.8547008547008547	0.5192307692307693	0.0	0.0	0.27564102564102566	0.6452991452991453	0.0	0.0	0.16025641025641027	0.4551282051282051	0.0	0.0	0.0	0.0	0.688034188034188	0.20512820512820512	0.7286324786324786	0.7286324786324786	0.3247863247863248	0.4893162393162393	0.9230769230769231	0.0	0.06837606837606838	0.0	0.0	0.6388888888888888	0.5085470085470085	0.8012820512820513
