key	WAM_ALR	WAM_CCR	WAM_IPI	WAM_MAR	WAM_MYS	WAM_PBL	WAM_PJN	WAM_PPR	WAM_PST	WAM_ROL	WAM_SCR	WAM_SGN	WAM_SIS	WAM_TWN	WAR_ALR	WAR_CCR	WAR_IPI	WAR_MAR	WAR_MYS	WAR_PBL	WAR_PJN	WAR_PPR	WAR_PSK	WAR_PST	WAR_RNW	WAR_ROL	WAR_SCR	WAR_SGL	WAR_SIS
573595	0.4827586206896552	0.6272577996715928	0.49589490968801314	0.5041050903119869	0.6059113300492611	0.916256157635468	0.4909688013136289	0.3415435139573071	0.8735632183908046	0.7110016420361248	0.8604269293924466	0.9507389162561576	0.4794745484400657	0.4548440065681445	0.7684729064039408	0.6617405582922824	0.6666666666666666	0.15270935960591134	0.3464696223316913	1.0	0.8653530377668309	1.0	0.9605911330049262	0.9720853858784894	1.0	0.361247947454844	0.993431855500821	0.9540229885057471	1.0
415894	0.23273273273273273	0.36036036036036034	0.6576576576576577	0.37237237237237236	0.16966966966966968	0.0	0.38288288288288286	0.21171171171171171	0.35435435435435436	0.6831831831831832	0.08858858858858859	0.36486486486486486	0.3228228228228228	0.13963963963963963	0.6741741741741741	1.0	0.6651651651651652	0.466966966966967	0.45345345345345345	0.9714714714714715	0.3633633633633634	0.5405405405405406	0.0	0.6141141141141141	0.8423423423423423	0.5540540540540541	0.4624624624624625	0.5825825825825826	0.6711711711711712
279605	1.0	1.0	1.0	1.0	1.0	0.0	0.9911111111111112	1.0	1.0	0.5422222222222223	0.8888888888888888	0.8088888888888889	0.39111111111111113	0.0	1.0	1.0	1.0	1.0	1.0	1.0	1.0	1.0	0.6311111111111111	1.0	1.0	0.7244444444444444	0.9955555555555555	0.92	0.9111111111111111
279606	0.24384787472035793	0.9932885906040269	0.8590604026845637	0.3668903803131991	0.8210290827740492	0.6420581655480985	0.8791946308724832	0.9865771812080537	1.0	0.042505592841163314	0.31096196868008946	0.4407158836689038	0.0	0.0	0.9776286353467561	1.0	1.0	1.0	0.7785234899328859	1.0	1.0	0.9888143176733781	0.970917225950783	0.8031319910514542	0.8165548098434005	0.8680089485458613	1.0	0.668903803131991	0.10961968680089486
574772	0.0	0.6488413547237076	0.0	0.0	0.0	0.49732620320855614	0.6755793226381461	0.012477718360071301	0.0	0.0	0.7522281639928698	1.0	0.0	0.0	0.0	0.9928698752228164	0.0962566844919786	0.9126559714795008	0.0	0.9590017825311943	0.5472370766488414	1.0	0.0	0.9590017825311943	0.9518716577540107	0.32798573975044565	0.8894830659536542	0.803921568627451	0.26916221033868093
574773	0.0	0.8390804597701149	0.0	0.0	0.0	0.7241379310344828	0.9080459770114943	0.6475095785440613	0.9157088122605364	0.0	1.0	1.0	0.0	0.0	0.0	1.0	0.7969348659003831	1.0	0.0	0.5938697318007663	1.0	1.0	0.0	1.0	1.0	0.44061302681992337	1.0	1.0	0.6743295019157088
574775	0.0	0.5494949494949495	0.0	0.8383838383838383	0.0	0.9595959595959596	0.9353535353535354	0.3878787878787879	0.5050505050505051	0.0	1.0	0.4404040404040404	0.0	0.0	0.0	1.0	0.0	0.8646464646464647	0.0	0.9090909090909091	0.802020202020202	1.0	0.0	0.5353535353535354	1.0	0.0	1.0	0.7777777777777778	0.0
574776	0.0	0.7014925373134329	0.0	0.2736318407960199	0.0	0.8623548922056384	0.2752902155887231	0.37645107794361526	0.8822553897180763	0.0	1.0	0.5406301824212272	0.0	0.0	0.0	1.0	0.0	1.0	0.0	1.0	0.9071310116086235	0.9651741293532339	0.0	1.0	0.956882255389718	0.0	1.0	0.7164179104477612	0.4461028192371476
574778	0.36923076923076925	0.5487179487179488	1.0	0.7333333333333333	0.0	0.07692307692307693	0.0	0.7692307692307693	0.39487179487179486	0.0	1.0	0.6871794871794872	0.0	0.0	0.0	1.0	0.0	1.0	0.6410256410256411	1.0	1.0	1.0	0.0	0.7743589743589744	0.9435897435897436	0.0	1.0	1.0	0.0
574781	0.050595238095238096	0.8720238095238095	0.0	0.6607142857142857	0.48214285714285715	0.0	0.7589285714285714	0.0	0.0	0.0	0.4583333333333333	0.8690476190476191	0.0	0.0	0.15476190476190477	1.0	0.0	1.0	0.0	1.0	0.9017857142857143	1.0	0.05952380952380952	1.0	0.9791666666666666	0.3482142857142857	1.0	0.9077380952380952	0.0
574782	1.0	0.7293233082706767	0.8270676691729323	0.19047619047619047	1.0	0.2907268170426065	1.0	0.7192982456140351	0.0	0.44360902255639095	0.0	1.0	0.0	0.0	0.8345864661654135	0.9273182957393483	0.9824561403508771	0.9523809523809523	0.16791979949874686	0.8446115288220551	0.8345864661654135	1.0	0.6766917293233082	0.7744360902255639	0.7543859649122807	1.0	1.0	1.0	0.9523809523809523
574783	0.6642156862745098	0.8676470588235294	0.4387254901960784	0.48284313725490197	0.6372549019607843	0.625	1.0	0.0	0.4019607843137255	0.049019607843137254	0.7769607843137255	0.5465686274509803	0.0	0.0	0.8627450980392157	0.7598039215686274	0.5122549019607843	0.4411764705882353	0.3014705882352941	1.0	0.8406862745098039	0.9117647058823529	0.9264705882352942	0.9754901960784313	0.3700980392156863	0.9166666666666666	1.0	0.4068627450980392	1.0
574786	0.7974358974358975	1.0	0.882051282051282	0.5641025641025641	1.0	0.6692307692307692	0.3871794871794872	0.9051282051282051	0.3871794871794872	0.6666666666666666	0.0	0.6923076923076923	0.5871794871794872	0.9128205128205128	1.0	0.7794871794871795	0.6358974358974359	0.7435897435897436	0.6615384615384615	0.8897435897435897	1.0	0.9871794871794872	0.9692307692307692	0.4307692307692308	0.9025641025641026	0.9948717948717949	1.0	1.0	0.8025641025641026
574787	0.7388888888888889	0.8148148148148148	0.7648148148148148	0.6777777777777778	0.9648148148148148	0.412962962962963	0.7018518518518518	0.8870370370370371	0.65	0.4759259259259259	0.9185185185185185	0.9148148148148149	0.07592592592592592	0.053703703703703705	0.975925925925926	0.8833333333333333	0.9722222222222222	0.5018518518518519	0.9703703703703703	1.0	0.7944444444444444	1.0	0.2777777777777778	0.825925925925926	0.8759259259259259	0.8740740740740741	0.8703703703703703	0.9944444444444445	1.0
574788	0.9209302325581395	0.5488372093023256	0.8682170542635659	0.7875968992248062	0.724031007751938	0.5023255813953489	0.6155038759689923	0.6682170542635659	0.8248062015503876	0.45271317829457364	0.896124031007752	1.0	0.3798449612403101	0.2837209302325581	0.7891472868217054	0.9348837209302325	0.9395348837209302	0.9162790697674419	1.0	0.8465116279069768	0.9162790697674419	0.8170542635658915	0.6837209302325581	0.8403100775193798	0.4496124031007752	0.7674418604651163	1.0	0.7643410852713178	0.9054263565891473
574790	0.5096899224806202	0.0	0.7713178294573644	0.7751937984496124	0.11046511627906977	0.6201550387596899	1.0	0.9108527131782945	0.6957364341085271	0.5891472868217055	0.6472868217054264	0.9011627906976745	0.501937984496124	0.2926356589147287	0.3856589147286822	1.0	0.9263565891472868	0.7596899224806202	0.874031007751938	0.9282945736434108	0.687984496124031	0.9089147286821705	0.8701550387596899	0.3023255813953488	1.0	0.748062015503876	1.0	0.0	0.9341085271317829
574794	0.827217125382263	0.7900101936799184	0.8593272171253823	0.5815494393476045	0.7135575942915392	0.49184505606523954	0.9011213047910296	0.95361875637105	0.7833843017329256	0.3669724770642202	0.5779816513761468	0.7140672782874617	0.25891946992864423	0.11671763506625892	0.6065239551478083	0.7528032619775739	0.8863404689092762	0.762487257900102	0.9342507645259939	0.9663608562691132	0.8211009174311926	0.9072375127420998	0.7986748216106014	0.8878695208970439	0.7910295616717635	0.8521916411824668	0.9984709480122325	0.9887869520897044	0.5300713557594292
769039	1.0	0.45555555555555555	0.7425925925925926	0.8203703703703704	0.5537037037037037	0.5462962962962963	0.6351851851851852	0.9925925925925926	0.9444444444444444	0.5537037037037037	0.3814814814814815	0.5333333333333333	0.03518518518518519	0.6166666666666667	0.8851851851851852	1.0	0.8425925925925926	0.9944444444444445	0.6518518518518519	0.8666666666666667	0.8444444444444444	0.9185185185185185	0.4777777777777778	0.8388888888888889	0.6925925925925925	0.7722222222222223	1.0	0.9981481481481481	0.9777777777777777
31653	0.8930817610062893	0.46540880503144655	0.960167714884696	0.09224318658280922	0.47379454926624737	0.6331236897274634	0.7693920335429769	1.0	0.480083857442348	0.6834381551362684	0.8805031446540881	0.7316561844863732	0.8867924528301887	0.0	1.0	0.9224318658280922	0.7295597484276729	0.9161425576519916	0.5828092243186582	0.9580712788259959	0.6624737945492662	0.8784067085953878	0.46750524109014674	1.0	0.949685534591195	0.5366876310272537	0.7924528301886793	0.7819706498951782	0.37945492662473795
1279925	1.0	1.0	1.0	1.0	0.0	1.0	1.0	0.0	1.0	0.6927083333333334	0.0	1.0	0.25	0.7864583333333334	1.0	1.0	0.8385416666666666	1.0	0.3020833333333333	1.0	0.6614583333333334	1.0	1.0	1.0	0.0	0.4375	1.0	1.0	1.0
1279926	0.782608695652174	0.15217391304347827	0.4963768115942029	0.6159420289855072	0.0	0.021739130434782608	0.6268115942028986	0.8260869565217391	0.8731884057971014	0.41304347826086957	0.4166666666666667	1.0	0.7246376811594203	0.0	1.0	1.0	0.9311594202898551	0.6014492753623188	0.8731884057971014	0.894927536231884	0.9637681159420289	1.0	0.2028985507246377	0.11594202898550725	0.14130434782608695	0.644927536231884	1.0	0.7355072463768116	0.47101449275362317
1279927	0.9305555555555556	0.0	0.875	0.41388888888888886	1.0	0.0	0.7722222222222223	0.8277777777777777	1.0	0.7944444444444444	0.04722222222222222	0.9416666666666667	0.17777777777777778	0.5472222222222223	0.8694444444444445	0.5111111111111111	0.6805555555555556	0.9055555555555556	0.4888888888888889	0.9	0.08888888888888889	0.9333333333333333	0.6333333333333333	0.5472222222222223	0.9416666666666667	0.9444444444444444	1.0	0.5861111111111111	0.8611111111111112
1279928	0.45528455284552843	0.41260162601626016	0.4878048780487805	0.6504065040650406	0.0	0.17276422764227642	0.9613821138211383	0.9186991869918699	0.47764227642276424	0.42276422764227645	0.4695121951219512	0.8272357723577236	0.0	0.4695121951219512	0.6585365853658537	0.8394308943089431	0.5548780487804879	0.9044715447154471	0.4796747967479675	0.9979674796747967	0.22357723577235772	0.6910569105691057	0.7784552845528455	0.8922764227642277	1.0	0.5995934959349594	0.9898373983739838	0.9654471544715447	0.8211382113821138
1582452	0.8917246713070379	0.7092034029389018	1.0	0.9102861562258314	0.477184841453983	0.3696829079659706	0.782675947409126	0.7300850734725445	0.4547563805104408	0.5692188708430008	0.8128383604021655	0.7540603248259861	0.0	0.2745552977571539	0.8839907192575406	0.9319412219644239	0.8081979891724671	0.9311678267594741	0.8066511987625676	0.8360402165506574	0.5846867749419954	0.8924980665119876	0.8128383604021655	0.7965970610982211	0.9729311678267595	0.505800464037123	1.0	0.9791183294663574	0.757153905645785
262101	0.616	0.9253333333333333	1.0	0.8666666666666667	0.7973333333333333	0.496	0.6186666666666667	0.9093333333333333	0.856	0.496	0.7653333333333333	0.968	0.432	0.96	0.424	0.7386666666666667	1.0	0.7493333333333333	0.49066666666666664	1.0	1.0	0.9626666666666667	0.9893333333333333	1.0	0.0	1.0	1.0	1.0	0.6533333333333333
778547	0.04878048780487805	1.0	1.0	0.7506775067750677	1.0	0.7208672086720868	1.0	0.8373983739837398	0.948509485094851	0.45528455284552843	1.0	0.8455284552845529	0.7154471544715447	0.0	0.8021680216802168	1.0	0.8563685636856369	0.991869918699187	1.0	1.0	0.46612466124661245	0.8563685636856369	0.23035230352303523	0.8373983739837398	1.0	0.7967479674796748	1.0	0.8265582655826558	0.8807588075880759
210400	0.5589123867069486	0.5025176233635448	0.6908358509566969	0.8549848942598187	0.3856998992950655	0.8388721047331319	0.7734138972809668	0.351460221550856	0.38368580060422963	0.5639476334340383	0.10775427995971802	0.40080563947633435	0.3947633434038268	0.3041289023162135	0.3021148036253776	0.8972809667673716	0.6576032225579054	0.8167170191339376	0.6616314199395771	0.8992950654582075	0.6636455186304129	0.94662638469285	0.4702920443101712	0.8882175226586103	0.5015105740181269	0.6394763343403826	0.9526686807653575	0.9707955689828801	0.7079556898288016
822333	0.768361581920904	0.4745762711864407	1.0	0.6511299435028248	0.4350282485875706	0.059322033898305086	0.6991525423728814	0.2132768361581921	0.5550847457627118	0.7740112994350282	0.6581920903954802	0.8305084745762712	0.2740112994350282	0.211864406779661	0.4745762711864407	1.0	0.9138418079096046	0.71045197740113	1.0	0.5508474576271186	0.807909604519774	0.9519774011299436	0.980225988700565	0.5310734463276836	0.9731638418079096	0.9774011299435028	1.0	0.6680790960451978	0.5889830508474576
1095400	0.5660377358490566	0.0	0.9119496855345912	0.0	0.4339622641509434	0.28459119496855345	0.8726415094339622	0.5094339622641509	1.0	0.0	0.8176100628930818	0.5644654088050315	0.43238993710691825	0.35691823899371067	0.8176100628930818	0.9276729559748428	0.8254716981132075	0.7672955974842768	0.6415094339622641	0.7688679245283019	0.4811320754716981	1.0	0.5581761006289309	0.7955974842767296	1.0	0.5251572327044025	1.0	0.7814465408805031	0.9119496855345912
1095401	0.2849162011173184	0.3463687150837989	0.4506517690875233	0.8081936685288641	0.5856610800744879	0.8212290502793296	0.41154562383612664	0.5549348230912476	0.9534450651769087	0.5670391061452514	0.4208566108007449	0.648975791433892	0.2811918063314711	0.04655493482309125	0.9990689013035382	0.8631284916201117	0.8379888268156425	0.6666666666666666	0.5931098696461825	0.729050279329609	0.5698324022346368	0.6359404096834265	0.6759776536312849	0.9217877094972067	0.5707635009310987	0.28305400372439476	0.972998137802607	0.7905027932960894	0.7867783985102421
1422403	1.0	0.0	0.8725490196078431	0.9166666666666666	0.5294117647058824	1.0	0.9264705882352942	1.0	0.0	0.0	1.0	1.0	0.8676470588235294	0.12745098039215685	0.8284313725490197	1.0	1.0	0.6666666666666666	0.9656862745098039	1.0	0.8529411764705882	1.0	1.0	0.0	1.0	0.45588235294117646	0.9068627450980392	0.9313725490196079	0.8872549019607843
1422404	0.8184523809523809	0.0	0.3601190476190476	0.9880952380952381	0.6190476190476191	0.5476190476190477	1.0	1.0	0.0	0.7886904761904762	0.7053571428571429	0.8869047619047619	0.6666666666666666	0.7916666666666666	0.7648809523809523	1.0	0.5714285714285714	1.0	0.9732142857142857	1.0	0.125	1.0	1.0	0.7142857142857143	0.875	1.0	1.0	0.5059523809523809	0.9791666666666666
456946	0.06060606060606061	0.4025974025974026	0.6038961038961039	0.28354978354978355	0.5086580086580087	0.3051948051948052	0.09090909090909091	0.3593073593073593	0.21428571428571427	0.5909090909090909	0.0	0.6515151515151515	0.03463203463203463	0.06060606060606061	0.0	0.0	0.8614718614718615	0.487012987012987	0.6536796536796536	1.0	0.37445887445887444	0.2878787878787879	0.45670995670995673	0.010822510822510822	0.7922077922077922	0.8116883116883117	0.4393939393939394	0.0	0.0
456948	1.0	0.5703125	0.9140625	1.0	0.8098958333333334	0.6640625	0.9817708333333334	0.8697916666666666	1.0	0.7552083333333334	0.9427083333333334	1.0	0.4375	0.4713541666666667	0.7239583333333334	1.0	1.0	0.16927083333333334	0.5677083333333334	1.0	1.0	0.5234375	0.3854166666666667	1.0	1.0	0.9505208333333334	0.9348958333333334	0.7734375	0.984375
727345	0.8790697674418605	0.8527131782945736	0.724031007751938	0.17519379844961241	0.8821705426356589	0.3798449612403101	0.8635658914728682	0.9751937984496124	1.0	0.24496124031007752	0.7534883720930232	0.6015503875968993	0.0	0.4666666666666667	0.4310077519379845	0.9069767441860465	0.7162790697674418	0.7209302325581395	0.9798449612403101	0.6728682170542636	0.7116279069767442	0.7922480620155039	0.8155038759689922	1.0	0.9612403100775194	0.8914728682170543	1.0	0.8651162790697674	0.0
950937	0.7151515151515152	1.0	0.4712121212121212	0.8560606060606061	0.6696969696969697	0.6121212121212121	0.41363636363636364	0.7787878787878788	0.6666666666666666	0.7121212121212122	0.8712121212121212	1.0	0.8227272727272728	0.3287878787878788	0.17272727272727273	0.9651515151515152	0.7818181818181819	0.9651515151515152	0.15757575757575756	0.7439393939393939	0.7424242424242424	1.0	0.9393939393939394	0.7651515151515151	0.7106060606060606	0.746969696969697	0.8636363636363636	0.8606060606060606	0.646969696969697
687338	0.8518518518518519	1.0	0.7508417508417509	0.25925925925925924	1.0	0.0	0.7306397306397306	0.6262626262626263	0.23232323232323232	0.5084175084175084	0.3367003367003367	0.7575757575757576	0.0	0.0	0.8686868686868687	0.8215488215488216	0.6026936026936027	0.40404040404040403	1.0	0.4882154882154882	0.6296296296296297	0.9158249158249159	1.0	0.5521885521885522	0.9730639730639731	1.0	1.0	0.6262626262626263	1.0
687355	0.801178203240059	0.7938144329896907	0.7967599410898379	0.8463426607756505	0.757486499754541	0.4270986745213549	0.6298478154148257	0.7825233186057928	0.6239567992145312	0.45557191948944525	0.6499754540991655	0.7717231222385862	0.47471772214040253	0.39273441335297005	0.8267059401080019	0.9631811487481591	0.9563082965144821	0.8787432498772705	0.7579774177712322	0.9209621993127147	0.602847324496809	0.9047619047619048	0.6941580756013745	0.7545409916543937	0.6578301423662248	0.8340697103583702	0.9744722631320569	0.6470299459990182	0.6902307314678449
687357	0.7127659574468085	0.6879432624113475	1.0	0.9237588652482269	0.7163120567375887	0.2375886524822695	0.9131205673758865	0.0	0.6099290780141844	0.09219858156028368	0.9822695035460993	0.7127659574468085	0.0	0.22163120567375885	0.5868794326241135	0.5531914893617021	0.9574468085106383	0.5124113475177305	0.9698581560283688	0.48404255319148937	0.8173758865248227	0.7960992907801419	0.9078014184397163	0.9308510638297872	0.898936170212766	0.2872340425531915	1.0	1.0	0.9308510638297872
173751	0.9178294573643411	0.3875968992248062	0.8201550387596899	0.7953488372093023	0.4046511627906977	0.7782945736434108	0.9674418604651163	0.8217054263565892	0.23410852713178296	0.24186046511627907	0.20310077519379846	0.6356589147286822	0.3333333333333333	0.0	0.8232558139534883	0.8325581395348837	0.1875968992248062	0.7147286821705426	0.6449612403100775	0.6155038759689923	1.0	0.6108527131782946	0.7906976744186046	0.4604651162790698	0.931782945736434	0.4325581395348837	0.7875968992248062	1.0	0.9395348837209302
257099	0.5126582278481012	0.21308016877637131	0.9430379746835443	0.6371308016877637	0.31645569620253167	0.7805907172995781	0.4620253164556962	0.4620253164556962	0.3924050632911392	0.959915611814346	0.0	0.5907172995780591	0.0	0.8502109704641351	0.0	0.3881856540084388	0.8270042194092827	0.12869198312236288	0.8185654008438819	0.31645569620253167	1.0	0.9957805907172996	0.39662447257383965	0.679324894514768	0.4620253164556962	0.43037974683544306	1.0	0.8924050632911392	0.630801687763713
257100	0.773524720893142	0.9425837320574163	0.9712918660287081	0.21212121212121213	0.2679425837320574	0.7049441786283892	0.9617224880382775	1.0	0.7001594896331739	0.7974481658692185	0.47208931419457734	0.9744816586921851	0.0	0.5582137161084529	0.5247208931419458	1.0	0.9330143540669856	0.9346092503987241	1.0	0.6427432216905901	0.5917065390749602	0.7894736842105263	0.5980861244019139	1.0	1.0	1.0	0.8325358851674641	0.9282296650717703	0.886762360446571
936410	1.0	0.5465116279069767	1.0	0.9922480620155039	0.4108527131782946	0.7248062015503876	1.0	1.0	0.875968992248062	0.0	1.0	0.7674418604651163	0.3178294573643411	0.0	0.7751937984496124	0.16666666666666666	1.0	1.0	0.7868217054263565	1.0	1.0	1.0	1.0	0.9263565891472868	0.9651162790697675	0.6666666666666666	1.0	1.0	0.0
936411	0.7782546494992847	0.7625178826895566	0.4105865522174535	0.474964234620887	0.728898426323319	0.4220314735336195	0.7925608011444921	0.8755364806866953	0.7954220314735336	0.3333333333333333	0.7045779685264664	0.8626609442060086	0.15593705293276108	0.0	0.6974248927038627	1.0	0.7782546494992847	0.8369098712446352	0.8304721030042919	0.6816881258941345	0.8140200286123033	0.8991416309012875	0.5915593705293276	0.2925608011444921	0.5021459227467812	0.9012875536480687	0.927038626609442	0.8218884120171673	0.9127324749642346
383522	0.8126094570928196	0.6339754816112084	0.6438995913601868	0.5604203152364273	0.6217162872154116	0.5791009924109749	0.6287215411558669	0.5855224751897257	0.8021015761821366	0.4103911266783421	0.5166374781085814	0.5820198482194979	0.6433158201984822	0.08990075890251022	0.7530647985989493	0.9813193228254524	0.8365440747227088	0.6357267950963222	0.8937536485697607	0.7717454757734968	0.6544074722708698	1.0	0.4956217162872154	0.5995329830706363	0.6771745475773496	0.688849970811442	1.0	0.8884997081144191	0.7063631056625803
450324	0.9101010101010101	0.498989898989899	0.5505050505050505	0.5212121212121212	0.7797979797979798	0.5464646464646464	0.6686868686868687	0.797979797979798	0.9838383838383838	0.6090909090909091	0.38686868686868686	0.7909090909090909	0.3	0.0	0.5949494949494949	1.0	0.9050505050505051	0.6212121212121212	0.7171717171717171	0.906060606060606	0.5151515151515151	0.8545454545454545	0.8828282828282829	0.703030303030303	0.7696969696969697	0.9636363636363636	1.0	0.7717171717171717	0.3888888888888889
113440	0.6257668711656442	0.3067484662576687	1.0	0.8261758691206544	0.9815950920245399	0.9120654396728016	0.8834355828220859	0.8159509202453987	0.6012269938650306	0.7464212678936605	0.8179959100204499	0.8732106339468303	0.4274028629856851	0.9693251533742331	0.8670756646216768	0.8302658486707567	0.7995910020449898	0.83640081799591	0.8323108384458078	0.6196319018404908	0.9141104294478528	1.0	0.47443762781186094	0.47443762781186094	0.6155419222903885	1.0	1.0	0.9754601226993865	0.6646216768916156
113441	1.0	0.9517241379310345	0.7609195402298851	1.0	0.5586206896551724	1.0	1.0	0.7586206896551724	0.6367816091954023	0.6436781609195402	0.3563218390804598	0.5839080459770115	0.5264367816091954	0.8	0.5471264367816092	1.0	1.0	0.9195402298850575	1.0	0.896551724137931	0.9402298850574713	1.0	0.8183908045977012	0.9770114942528736	1.0	0.7379310344827587	0.9954022988505747	1.0	0.8229885057471265
113442	0.9705882352941176	0.9754901960784313	0.9852941176470589	0.014705882352941176	0.0	1.0	0.9068627450980392	0.7745098039215687	0.9901960784313726	0.049019607843137254	0.0	0.9705882352941176	0.8774509803921569	0.7401960784313726	1.0	1.0	0.7990196078431373	1.0	0.9313725490196079	1.0	0.946078431372549	1.0	0.25980392156862747	0.8676470588235294	1.0	0.18627450980392157	1.0	1.0	0.6470588235294118
298386	0.9138888888888889	0.8777777777777778	0.8166666666666667	0.6388888888888888	0.6472222222222223	0.48055555555555557	0.8833333333333333	0.8277777777777777	0.6	0.4777777777777778	0.7666666666666667	0.6583333333333333	0.0	0.31666666666666665	0.8861111111111111	0.8027777777777778	0.9027777777777778	0.9222222222222223	1.0	0.6805555555555556	0.2972222222222222	0.9027777777777778	0.5972222222222222	0.7722222222222223	1.0	0.9805555555555555	1.0	0.2111111111111111	1.0
89022	0.9252136752136753	0.9081196581196581	1.0	0.40384615384615385	0.48717948717948717	1.0	0.8205128205128205	0.0	0.17094017094017094	0.40384615384615385	1.0	0.7136752136752137	0.44871794871794873	0.0	1.0	0.9786324786324786	0.9145299145299145	0.6944444444444444	0.6923076923076923	0.7927350427350427	0.8739316239316239	1.0	0.9764957264957265	0.42948717948717946	0.8675213675213675	0.5363247863247863	0.938034188034188	1.0	0.7991452991452992
1493670	0.7756874095513748	0.4843222383019778	0.8060781476121563	0.6256632899179932	0.5441389290882779	0.653159671972986	0.698022190062711	0.7028461167390255	0.5373854317414375	0.5156777616980222	0.5248432223830197	0.8760250844187168	0.502653159671973	0.22045344910757356	0.8847081524360829	0.8113844669561022	0.9204052098408104	0.8808490110950313	0.7192474674384949	0.8547998070429329	0.6989869753979739	0.8007718282682104	0.6430294259527255	0.6821032320308731	0.7824409068982151	0.5928605885190545	0.9864930053063193	0.7361312108055957	0.7163531114327062
818230	0.6560424966799469	0.5245683930942895	0.6600265604249668	0.547144754316069	0.13811420982735723	0.5856573705179283	0.6613545816733067	0.4913678618857902	0.950863213811421	0.0	0.13811420982735723	0.8300132802124834	0.6108897742363878	0.9083665338645418	0.4541832669322709	1.0	0.8021248339973439	1.0	0.9482071713147411	0.9322709163346613	0.6095617529880478	0.8552456839309429	0.5126162018592297	0.6746347941567065	1.0	0.795484727755644	1.0	0.4648074369189907	0.42895086321381143
89050	0.7266949152542372	0.5042372881355932	0.8905367231638418	0.8601694915254238	0.6504237288135594	0.481638418079096	0.6786723163841808	0.7853107344632768	0.5190677966101694	0.4505649717514124	0.6772598870056498	0.7274011299435028	0.16242937853107345	0.1807909604519774	0.5663841807909604	0.9293785310734464	0.5543785310734464	0.8347457627118644	0.8778248587570622	0.7097457627118644	0.7874293785310734	1.0	0.5508474576271186	0.8142655367231638	0.721045197740113	0.748587570621469	1.0	0.4604519774011299	0.6518361581920904
167701	0.9880239520958084	0.0	0.906187624750499	0.6946107784431138	0.9700598802395209	0.8283433133732535	1.0	0.8343313373253493	0.5788423153692615	0.5508982035928144	0.5429141716566867	1.0	0.3532934131736527	0.499001996007984	0.7584830339321357	0.9860279441117764	1.0	0.8882235528942116	1.0	0.8163672654690619	0.8502994011976048	0.7045908183632734	0.4431137724550898	0.8782435129740519	0.9001996007984032	0.4031936127744511	1.0	0.7285429141716567	0.6966067864271457
