key	WAM_ALR	WAM_CCR	WAM_IPI	WAM_MAR	WAM_MYS	WAM_PBL	WAM_PJN	WAM_PPR	WAM_PST	WAM_ROL	WAM_SCR	WAM_SGN	WAM_SIS	WAM_TWN	WAR_ALR	WAR_CCR	WAR_IPI	WAR_MAR	WAR_MYS	WAR_PBL	WAR_PJN	WAR_PPR	WAR_PSK	WAR_PST	WAR_RNW	WAR_ROL	WAR_SCR	WAR_SGL	WAR_SIS
715946	0.5136054421768708	0.7380952380952381	0.0	0.40816326530612246	0.0	0.0	0.8945578231292517	0.0	0.9897959183673469	0.6870748299319728	0.5136054421768708	0.6598639455782312	0.0	0.0	0.6700680272108843	0.8435374149659864	0.0	1.0	0.29591836734693877	1.0	0.0	0.11224489795918367	0.6836734693877551	0.6462585034013606	1.0	0.3707482993197279	0.336734693877551	0.7278911564625851	0.0
715948	0.673992673992674	0.0	0.0	0.1391941391941392	0.0	0.4413919413919414	0.8644688644688645	0.0	0.9285714285714286	0.0	0.0	0.39194139194139194	0.0	0.0	0.7252747252747253	0.8498168498168498	0.5183150183150184	0.9798534798534798	0.7087912087912088	0.826007326007326	0.8296703296703297	0.8058608058608059	0.22893772893772893	0.6336996336996337	0.4945054945054945	0.8315018315018315	0.43223443223443225	0.7106227106227107	0.3534798534798535
715949	0.0	1.0	0.8805031446540881	0.0	0.0	0.0	1.0	0.7987421383647799	1.0	0.27672955974842767	0.7735849056603774	0.5911949685534591	0.0	0.0	0.0	1.0	0.0	0.610062893081761	1.0	1.0	0.5849056603773585	1.0	0.5345911949685535	1.0	0.3018867924528302	1.0	0.0	1.0	0.5094339622641509
224876	0.28153153153153154	0.2072072072072072	0.8333333333333334	0.0	0.0	0.8153153153153153	0.7162162162162162	0.9301801801801802	0.5495495495495496	0.8198198198198198	0.5180180180180181	0.2635135135135135	0.536036036036036	0.0	0.8716216216216216	1.0	0.4617117117117117	0.8806306306306306	0.0	1.0	0.9774774774774775	0.7995495495495496	0.0	1.0	0.536036036036036	0.6779279279279279	0.1554054054054054	0.5945945945945946	0.3400900900900901
224877	0.4	0.9642857142857143	0.1380952380952381	0.9761904761904762	0.0	0.9738095238095238	0.6285714285714286	0.6666666666666666	0.9380952380952381	0.26666666666666666	0.2261904761904762	0.9619047619047619	0.4	0.0	0.7166666666666667	1.0	0.6285714285714286	0.6166666666666667	0.3	0.65	1.0	0.9380952380952381	0.0	0.7023809523809523	0.9404761904761905	0.719047619047619	0.9785714285714285	0.6952380952380952	0.6047619047619047
594955	0.0	0.5200617283950617	0.0	0.5617283950617284	0.0	0.3533950617283951	0.7345679012345679	0.46296296296296297	0.12962962962962962	0.0	0.9830246913580247	0.7453703703703703	0.0	0.0	0.6558641975308642	0.8827160493827161	0.4398148148148148	0.6867283950617284	0.44290123456790126	0.529320987654321	0.683641975308642	0.7978395061728395	0.7515432098765432	0.7700617283950617	0.7006172839506173	0.8518518518518519	0.404320987654321	0.7160493827160493	0.0
1061083	0.474025974025974	0.3961038961038961	0.6320346320346321	0.8441558441558441	0.0	0.0	0.7965367965367965	0.0	0.5822510822510822	0.3939393939393939	0.8268398268398268	0.8463203463203464	0.0	0.0	0.7316017316017316	0.5497835497835498	0.645021645021645	0.961038961038961	0.0	0.8311688311688312	0.7770562770562771	0.6277056277056277	0.5909090909090909	0.9437229437229437	0.70995670995671	0.6904761904761905	0.6991341991341992	0.4696969696969697	0.3268398268398268
1061084	0.820136852394917	0.6021505376344086	0.32453567937438904	0.8856304985337243	0.11632453567937438	0.2101661779081134	0.8406647116324536	0.4496578690127077	0.4418377321603128	0.7448680351906158	0.5425219941348973	0.5738025415444771	0.2512218963831867	0.0	0.7311827956989247	0.9931573802541545	0.7917888563049853	0.9736070381231672	0.6080156402737048	0.8699902248289345	0.7741935483870968	0.9951124144672532	0.7262952101661779	0.7869012707722385	0.9657869012707723	0.6451612903225806	0.7526881720430108	0.718475073313783	0.4125122189638319
1061088	0.9769392033542977	0.4947589098532495	0.5513626834381551	1.0	0.6981132075471698	0.7484276729559748	1.0	0.0	0.5828092243186582	0.7337526205450734	0.8490566037735849	0.7274633123689728	0.0	0.0	0.6561844863731656	1.0	0.8343815513626834	0.9937106918238994	0.0	0.8259958071278826	0.9748427672955975	1.0	0.8846960167714885	1.0	1.0	0.8218029350104822	0.8658280922431866	0.740041928721174	0.6121593291404612
1061090	0.6764132553606238	0.5555555555555556	0.3684210526315789	0.6842105263157895	0.0	0.0	0.7115009746588694	0.6491228070175439	0.571150097465887	0.723196881091618	0.3060428849902534	0.4600389863547758	0.5243664717348928	0.0	0.8908382066276803	1.0	0.7992202729044834	1.0	0.0	1.0	0.7270955165692008	0.9961013645224172	0.0	0.49122807017543857	1.0	1.0	0.7387914230019493	0.6666666666666666	0.35282651072124754
1061099	0.1746031746031746	0.22698412698412698	0.5285714285714286	0.6333333333333333	0.0	0.0	0.4126984126984127	0.48412698412698413	0.6682539682539682	0.5841269841269842	0.06666666666666667	0.3682539682539683	0.0	0.0	0.0	0.47619047619047616	0.044444444444444446	0.9968253968253968	0.45555555555555555	0.9349206349206349	0.7904761904761904	0.5285714285714286	0.27936507936507937	0.861904761904762	0.5968253968253968	0.5888888888888889	0.6476190476190476	0.8476190476190476	0.4015873015873016
1061100	0.8933333333333333	0.44	0.6711111111111111	1.0	0.08222222222222222	0.6711111111111111	0.39555555555555555	0.7066666666666667	0.8511111111111112	0.5688888888888889	0.26	0.0	0.4	0.0	0.0	0.9577777777777777	0.47555555555555556	0.9466666666666667	0.24444444444444444	0.8155555555555556	0.6933333333333334	0.07777777777777778	0.47555555555555556	0.5044444444444445	0.9111111111111111	0.3933333333333333	0.0	0.9444444444444444	0.7755555555555556
1061101	0.5533333333333333	0.30333333333333334	0.5033333333333333	1.0	0.25	0.0	0.0	0.9066666666666666	0.8333333333333334	1.0	0.95	0.0	0.16666666666666666	0.0	0.6366666666666667	1.0	0.88	1.0	0.23333333333333334	0.99	1.0	1.0	0.25	0.31	1.0	1.0	0.0	0.9733333333333334	0.36666666666666664
1725470	0.5718954248366013	0.0	0.9934640522875817	0.8758169934640523	0.0	0.8169934640522876	1.0	0.0	0.0	0.4869281045751634	0.8071895424836601	0.6437908496732027	0.0	0.0	0.0	1.0	0.9869281045751634	0.35947712418300654	0.0	0.9444444444444444	0.7026143790849673	0.8921568627450981	0.7941176470588235	0.7418300653594772	0.8562091503267973	0.9444444444444444	0.5196078431372549	1.0	0.0
1725476	0.05333333333333334	0.64	0.0	0.6066666666666667	0.0	0.1622222222222222	0.5	0.0	0.7266666666666667	0.3333333333333333	0.4911111111111111	0.0	0.4622222222222222	0.16666666666666666	0.15777777777777777	0.5288888888888889	0.0	0.7622222222222222	0.5333333333333333	0.7266666666666667	0.4666666666666667	0.0	0.33111111111111113	0.0	0.33555555555555555	0.6177777777777778	0.6266666666666667	0.4022222222222222	0.6266666666666667
1234687	0.5729166666666666	1.0	0.3125	1.0	0.0	0.0	0.7291666666666666	0.0	0.5989583333333334	0.3229166666666667	0.9166666666666666	0.8489583333333334	0.875	0.0	0.0	1.0	1.0	0.4895833333333333	0.0	0.9895833333333334	1.0	1.0	0.8072916666666666	1.0	0.859375	0.0	0.9166666666666666	0.7239583333333334	0.0
246039	0.0	0.4826388888888889	0.2829861111111111	0.4930555555555556	0.5920138888888888	0.234375	0.7239583333333334	0.0	0.8211805555555556	0.0	0.3993055555555556	0.006944444444444444	0.5868055555555556	0.0	0.6979166666666666	0.9270833333333334	0.4722222222222222	1.0	0.0	0.8072916666666666	1.0	0.4965277777777778	0.5243055555555556	1.0	0.1701388888888889	0.2309027777777778	0.8576388888888888	0.5225694444444444	0.4756944444444444
246040	0.9871794871794872	0.9615384615384616	0.7717948717948718	0.8538461538461538	0.0	0.8794871794871795	1.0	0.9461538461538461	0.3923076923076923	0.29743589743589743	0.5333333333333333	0.4897435897435897	0.0	0.0	1.0	0.8179487179487179	1.0	1.0	0.3641025641025641	1.0	0.9051282051282051	1.0	0.0	0.8384615384615385	0.9948717948717949	0.5794871794871795	0.7333333333333333	1.0	1.0
246042	0.7352342158859471	0.615071283095723	0.561439239646979	0.7189409368635438	0.6313645621181263	0.31296673455532925	0.6788866259334692	0.2043448744059742	0.8418194161575017	0.22335369993211135	0.5098438560760353	0.6334012219959266	0.18194161575016973	0.0	0.38153428377460963	0.9640190088255262	0.8866259334691107	1.0	0.4025797691785472	0.957909029192125	0.9185336048879837	0.9789545145960624	0.2043448744059742	0.7298031228784793	0.9395790902919212	0.3957909029192125	0.8309572301425662	0.7847929395790902	0.725050916496945
1591216	0.6292974588938715	0.28101644245142005	0.7518684603886397	0.6292974588938715	0.07174887892376682	0.05082212257100149	0.3333333333333333	0.03736920777279522	0.5291479820627802	0.09865470852017937	0.0	0.3692077727952167	0.0014947683109118087	0.0	0.8266068759342302	0.8445440956651719	0.5605381165919282	0.8116591928251121	0.05530642750373692	0.9237668161434978	0.6472346786248132	0.5515695067264574	0.5336322869955157	0.5635276532137519	0.4080717488789238	0.21225710014947682	0.20926756352765322	0.7638266068759342	0.6696562032884903
1591226	0.706060606060606	0.8424242424242424	0.0	0.15151515151515152	0.0	0.6515151515151515	0.8	0.0	0.896969696969697	0.8424242424242424	0.5696969696969697	0.503030303030303	0.0	0.0	0.10606060606060606	0.9727272727272728	0.7333333333333333	1.0	0.9424242424242424	0.9515151515151515	1.0	0.8787878787878788	0.23030303030303031	1.0	0.8696969696969697	0.0	0.6333333333333333	0.7848484848484848	0.18484848484848485
1190396	0.8977272727272727	0.7329545454545454	0.2859848484848485	0.48295454545454547	0.6685606060606061	0.14772727272727273	0.7689393939393939	0.3446969696969697	0.0	0.4678030303030303	0.29545454545454547	0.8693181818181818	0.571969696969697	0.20454545454545456	0.8068181818181818	0.7537878787878788	0.4962121212121212	0.8503787878787878	0.7253787878787878	0.875	0.3068181818181818	0.8882575757575758	0.7026515151515151	0.7878787878787878	0.8106060606060606	0.6117424242424242	0.4375	0.5795454545454546	0.8295454545454546
965322	0.4174174174174174	0.24824824824824826	0.3843843843843844	0.6706706706706707	0.0	0.5125125125125125	0.7567567567567568	0.0	0.6886886886886887	0.17617617617617617	0.9009009009009009	0.5705705705705706	0.0	0.0	0.3053053053053053	0.8698698698698699	0.45645645645645644	0.8188188188188188	0.4874874874874875	0.6846846846846847	0.8068068068068068	0.7827827827827828	0.5885885885885885	0.7927927927927928	0.7257257257257257	0.6686686686686687	0.22022022022022023	0.8588588588588588	0.3953953953953954
965325	0.3275737940964723	0.5608351331893449	0.750179985601152	0.7228221742260619	0.14542836573074155	0.3506119510439165	0.7278617710583153	0.15550755939524838	0.28797696184305255	0.21670266378689704	0.5161987041036717	0.413966882649388	0.22750179985601152	0.0	0.40532757379409645	0.8099352051835853	0.19582433405327573	1.0	0.05759539236861051	0.7782577393808495	0.4722822174226062	0.7904967602591793	0.2174226061915047	0.8560115190784737	0.6263498920086393	0.46724262059035276	0.5521958243340532	0.6169906407487401	0.6069114470842333
965326	0.0	0.6620370370370371	0.22916666666666666	0.0	0.0	0.34953703703703703	0.0	0.0	0.3333333333333333	0.5324074074074074	0.5462962962962963	0.13657407407407407	0.0	0.0	0.6990740740740741	0.8240740740740741	0.1736111111111111	0.7453703703703703	0.0	0.0	1.0	0.6990740740740741	0.0	0.8912037037037037	0.0	0.0	0.22916666666666666	0.0	0.6458333333333334
537113	0.8022598870056498	0.615819209039548	0.8531073446327684	0.8060263653483992	0.0	0.5612052730696798	0.7325800376647834	0.6421845574387948	0.864406779661017	0.4519774011299435	0.4369114877589454	1.0	0.0	0.0	0.568738229755179	0.8757062146892656	0.035781544256120526	1.0	0.480225988700565	1.0	0.7627118644067796	1.0	0.3502824858757062	0.96045197740113	0.3634651600753296	0.775894538606403	0.6760828625235404	0.8229755178907722	0.5612052730696798
537114	0.9060283687943262	0.7269503546099291	1.0	0.7340425531914894	0.0	0.5549645390070922	0.7588652482269503	0.0	1.0	0.0	0.4734042553191489	0.6312056737588653	0.601063829787234	0.0	0.5567375886524822	0.42730496453900707	0.4592198581560284	1.0	0.5035460992907801	1.0	0.8581560283687943	0.9468085106382979	0.0	1.0	0.9663120567375887	0.9875886524822695	0.9840425531914894	0.6436170212765957	0.9929078014184397
801847	0.7614035087719299	0.6140350877192983	1.0	1.0	0.0	0.0	0.5403508771929825	0.9298245614035088	1.0	0.2912280701754386	0.8350877192982457	0.9894736842105263	0.0	0.0	0.0	0.7578947368421053	1.0	0.8140350877192982	0.0	0.7894736842105263	1.0	1.0	0.7263157894736842	0.8315789473684211	1.0	0.8350877192982457	0.47719298245614034	1.0	0.6526315789473685
607439	0.4058795637743006	0.35135135135135137	0.3053579895685159	0.5215742057847321	0.02370791844476055	0.5642484589853011	0.8051209103840683	0.2242769084874348	0.12328117591275486	0.6505452821242295	0.28639165481270745	0.5566619250829777	0.39070649596965384	0.0	0.8027501185395922	0.7927927927927928	0.3992413466097677	0.8553816974869607	0.47558084400189665	0.6903745851114272	0.6495969653864391	0.6742532005689901	0.15362731152204837	0.510194404931247	0.5339023233760076	0.4144144144144144	0.46752015173067807	0.34992887624466573	0.45898530109056423
1568049	1.0	1.0	0.3782771535580524	0.9737827715355806	0.0	0.14606741573033707	0.8426966292134831	0.0	0.7490636704119851	0.0	0.5468164794007491	1.0	0.5767790262172284	0.0	1.0	1.0	1.0	0.9737827715355806	0.8726591760299626	1.0	0.9588014981273408	1.0	1.0	1.0	0.4756554307116105	0.4157303370786517	0.5617977528089888	0.8426966292134831	0.26217228464419473
1568050	0.9047619047619048	0.9987129987129987	0.0	0.8674388674388674	0.23423423423423423	0.5225225225225225	0.7438867438867439	0.1981981981981982	0.8236808236808236	0.564993564993565	0.924066924066924	0.5984555984555985	0.3680823680823681	0.0	0.5096525096525096	0.8146718146718147	0.712998712998713	0.9433719433719434	0.9060489060489061	0.9987129987129987	1.0	0.8906048906048906	0.4157014157014157	0.9974259974259975	0.3758043758043758	0.49935649935649934	0.788931788931789	0.731016731016731	0.5945945945945946
1568051	0.944944944944945	0.9279279279279279	0.7667667667667668	0.7267267267267268	0.3793793793793794	0.4314314314314314	0.6626626626626627	0.0890890890890891	0.9569569569569569	0.6346346346346347	0.6406406406406406	0.6076076076076076	0.23023023023023023	0.0	0.7737737737737738	0.7367367367367368	0.5205205205205206	0.9379379379379379	0.8928928928928929	0.960960960960961	0.7337337337337337	0.8648648648648649	0.5285285285285285	0.8738738738738738	0.5785785785785785	0.38738738738738737	0.6396396396396397	0.913913913913914	0.8768768768768769
8330	0.0	0.0	0.0	0.0	0.0	0.0	0.3076923076923077	0.517948717948718	0.03076923076923077	0.0	1.0	0.0	0.6153846153846154	0.0	0.0	0.5435897435897435	0.9641025641025641	0.0	0.7435897435897436	0.13846153846153847	0.7076923076923077	1.0	0.3076923076923077	0.6512820512820513	1.0	0.05641025641025641	1.0	0.7897435897435897	0.0
8331	0.39938556067588327	0.0	0.09216589861751152	0.46390168970814133	0.0	0.2519201228878648	0.15053763440860216	0.7127496159754224	0.674347158218126	0.43164362519201227	0.4685099846390169	0.8540706605222734	0.0	0.0	0.9907834101382489	0.8970814132104454	0.5867895545314901	1.0	0.8402457757296466	0.9308755760368663	0.6835637480798771	0.5867895545314901	0.9078341013824884	0.9416282642089093	0.6221198156682027	0.7004608294930875	0.38863287250384027	0.6682027649769585	0.7250384024577573
1059224	0.8740740740740741	0.20555555555555555	0.6018518518518519	0.9666666666666667	0.011111111111111112	0.5203703703703704	0.8907407407407407	0.0	0.7648148148148148	0.3851851851851852	0.12037037037037036	0.8277777777777777	0.36666666666666664	0.0	1.0	0.13333333333333333	0.6592592592592592	0.9407407407407408	0.2759259259259259	0.8462962962962963	1.0	0.2740740740740741	0.5111111111111111	0.9351851851851852	0.0	0.05740740740740741	0.6296296296296297	0.28888888888888886	0.5685185185185185
672944	0.7119565217391305	0.322463768115942	0.0	0.3442028985507246	0.32971014492753625	0.14130434782608695	0.40217391304347827	0.2536231884057971	0.3278985507246377	0.0	0.4492753623188406	0.5434782608695652	0.0	0.0	0.4528985507246377	0.19927536231884058	0.0	0.8188405797101449	0.0	0.0	0.6358695652173914	0.37681159420289856	0.0	0.35144927536231885	0.0	0.7608695652173914	0.782608695652174	0.8061594202898551	0.1956521739130435
672945	0.6517615176151762	0.6761517615176151	0.27371273712737126	0.23306233062330622	0.0	0.39295392953929537	0.5691056910569106	0.4186991869918699	0.43089430894308944	0.2669376693766938	0.6598915989159891	0.4742547425474255	0.3048780487804878	0.0	0.6327913279132791	0.8807588075880759	0.32926829268292684	0.8184281842818428	0.8306233062330624	0.5677506775067751	0.7615176151761518	0.17344173441734417	0.4010840108401084	0.8807588075880759	0.7005420054200542	0.7669376693766937	0.0	1.0	0.3699186991869919
720059	0.0	0.3125	0.0	0.40625	0.0	0.39791666666666664	0.0	0.0	0.0	0.0	0.2604166666666667	0.1375	0.0	0.0	0.06875	0.10833333333333334	0.0	0.0	0.42083333333333334	0.0	0.6166666666666667	0.5416666666666666	0.0	0.45	0.6104166666666667	0.3145833333333333	0.0	0.0	0.0
438272	0.0	0.0	0.2257100149476831	0.0	0.0	0.5874439461883408	0.42152466367713004	0.273542600896861	0.19282511210762332	0.0	0.0	0.2242152466367713	0.0	0.0	0.24962630792227206	0.19431988041853512	0.0	0.6472346786248132	0.0	0.7787742899850523	0.5067264573991032	0.4962630792227205	0.33482810164424515	0.796711509715994	0.053811659192825115	0.23617339312406577	0.39461883408071746	0.8430493273542601	0.0
470625	0.46635730858468677	0.6945088940448569	0.18174787316318639	0.7269914926527455	0.0	0.0	0.531322505800464	0.2776488785769528	0.5243619489559165	0.13921113689095127	0.2034029389017788	0.6140757927300851	0.3820572312451663	0.0	0.54292343387471	0.9605568445475638	0.23356535189481825	1.0	0.7749419953596288	0.8205723124516628	0.785769528228925	0.5761794276875484	0.3008507347254447	0.6450116009280742	0.30162412993039445	0.11600928074245939	0.6194895591647331	0.44470224284609433	0.6620262954369683
470609	0.7031963470319634	0.9726027397260274	0.1324200913242009	0.771689497716895	0.0	0.9315068493150684	0.0	0.7123287671232876	0.2100456621004566	0.4931506849315068	0.2968036529680365	0.7899543378995434	1.0	0.0	0.7899543378995434	0.5844748858447488	0.0	1.0	0.817351598173516	1.0	1.0	1.0	0.3470319634703196	1.0	1.0	0.6712328767123288	0.7899543378995434	0.3059360730593607	0.547945205479452
470612	0.296078431372549	0.0	0.5411764705882353	0.4588235294117647	0.0	0.6333333333333333	0.40588235294117647	0.0	0.8392156862745098	0.20588235294117646	0.1450980392156863	0.7294117647058823	0.0	0.0	0.4725490196078431	0.8470588235294118	0.6784313725490196	1.0	0.37058823529411766	0.9823529411764705	0.6862745098039216	0.8549019607843137	0.5901960784313726	0.5431372549019607	0.9	0.307843137254902	0.6941176470588235	0.13137254901960785	0.0
1106361	0.20724094881398253	0.4968789013732834	0.5967540574282147	0.5393258426966292	0.7453183520599251	0.0	0.7265917602996255	0.0	0.7890137328339576	0.4794007490636704	0.599250936329588	0.3258426966292135	0.0	0.0	0.6579275905118602	0.7016229712858927	0.0	0.9151061173533084	0.4968789013732834	0.8302122347066168	0.6928838951310862	0.7303370786516854	0.6754057428214731	0.6129837702871411	0.6841448189762797	0.0	0.24968789013732834	0.5480649188514357	0.3995006242197253
1106365	0.0	0.0	0.8472222222222222	0.90625	0.020833333333333332	0.7291666666666666	0.7638888888888888	0.0	0.5555555555555556	0.5208333333333334	0.0	0.3541666666666667	0.0	0.0	0.1284722222222222	0.5555555555555556	0.0	1.0	0.5416666666666666	1.0	1.0	1.0	0.0	1.0	0.7083333333333334	0.9375	0.5243055555555556	0.6354166666666666	1.0
617014	0.6183574879227053	0.5265700483091788	0.8236714975845411	1.0	0.6932367149758454	0.4613526570048309	0.9516908212560387	0.0	0.8478260869565217	0.7391304347826086	0.0	0.7971014492753623	0.7294685990338164	0.0	0.572463768115942	1.0	0.9758454106280193	1.0	0.0	0.8502415458937198	0.6352657004830918	0.855072463768116	0.9758454106280193	1.0	0.463768115942029	1.0	0.7874396135265701	0.9758454106280193	0.9323671497584541
617010	0.4177777777777778	0.07407407407407407	0.7525925925925926	0.7555555555555555	0.0	0.37925925925925924	0.9911111111111112	0.2311111111111111	0.19703703703703704	0.8888888888888888	0.9807407407407407	0.6044444444444445	0.0	0.03111111111111111	0.8992592592592593	0.9466666666666667	0.5762962962962963	0.9244444444444444	0.0	0.8785185185185185	1.0	0.8325925925925926	0.5170370370370371	0.7392592592592593	0.7155555555555555	0.7096296296296296	0.6503703703703704	0.7022222222222222	0.8059259259259259
617011	0.06349206349206349	0.5211640211640212	0.26455026455026454	1.0	0.0	0.6428571428571429	0.21693121693121692	0.0	1.0	0.3412698412698413	0.9788359788359788	0.58994708994709	0.0	0.6613756613756614	0.0	1.0	0.6613756613756614	1.0	0.0	1.0	1.0	1.0	0.10582010582010581	1.0	1.0	0.455026455026455	0.7063492063492064	0.6111111111111112	0.5158730158730159
617012	0.0	0.9487179487179487	1.0	1.0	0.0	0.0	1.0	0.0	0.7051282051282052	0.7948717948717948	0.9807692307692307	0.0	0.0	0.0	0.7371794871794872	1.0	1.0	1.0	1.0	1.0	1.0	1.0	1.0	0.9166666666666666	1.0	1.0	0.5448717948717948	0.6666666666666666	0.0
617013	0.0	0.5932203389830508	0.9265536723163842	0.4124293785310734	0.0	0.0	0.9124293785310734	0.0	0.8361581920903954	0.8728813559322034	0.2401129943502825	0.9858757062146892	0.0	0.0	1.0	0.8728813559322034	0.5536723163841808	0.768361581920904	0.01694915254237288	0.7796610169491526	1.0	1.0	1.0	1.0	1.0	0.7542372881355932	0.002824858757062147	0.96045197740113	0.5169491525423728
1413824	0.626984126984127	0.41099773242630383	0.41723356009070295	0.5566893424036281	0.3469387755102041	0.5357142857142857	0.8180272108843537	0.427437641723356	0.7420634920634921	0.34750566893424034	0.31859410430839	0.7154195011337868	0.23129251700680273	0.0	0.8197278911564626	0.8480725623582767	0.518140589569161	0.6751700680272109	0.045351473922902494	0.9109977324263039	0.9790249433106576	0.6575963718820862	0.5929705215419501	0.5612244897959183	0.8917233560090703	0.7006802721088435	0.6938775510204082	0.7210884353741497	0.46598639455782315
202365	0.4671916010498688	0.989501312335958	0.33070866141732286	0.45931758530183725	0.0	0.8346456692913385	0.35958005249343833	0.0	0.7900262467191601	0.6456692913385826	0.0	0.0	0.023622047244094488	0.0	0.7742782152230971	0.6929133858267716	0.6745406824146981	0.6430446194225722	0.8162729658792651	0.9973753280839895	0.0	1.0	0.8608923884514436	0.9553805774278216	0.05249343832020997	0.7742782152230971	0.7060367454068242	0.8740157480314961	0.3805774278215223
1178947	0.291005291005291	0.0	0.21957671957671956	0.7923280423280423	0.2830687830687831	0.2605820105820106	0.6362433862433863	0.18253968253968253	0.6798941798941799	0.0	0.30158730158730157	0.3478835978835979	0.06349206349206349	0.0	0.12962962962962962	0.9285714285714286	0.38095238095238093	0.9312169312169312	0.4947089947089947	0.6865079365079365	0.43386243386243384	0.5211640211640212	0.47619047619047616	0.9801587301587301	0.4933862433862434	0.9894179894179894	0.6521164021164021	0.5793650793650794	0.8015873015873016
323571	0.0	0.5137844611528822	0.0	0.18045112781954886	0.0	0.0	0.5413533834586466	0.0	0.8671679197994987	0.0	0.3233082706766917	0.6365914786967418	0.18796992481203006	0.0	0.3283208020050125	0.2556390977443609	0.0	0.8370927318295739	0.0	0.5614035087719298	0.0	0.12781954887218044	0.0	0.5488721804511278	0.6791979949874687	0.11027568922305764	0.0	0.6541353383458647	0.005012531328320802
696586	0.4909456740442656	0.32930918846411805	0.16297786720321933	0.630449362843729	0.20254862508383636	0.0	0.6519114688128773	0.14017437961099932	0.6284372904091214	0.5808182427900738	0.37290409121395035	0.7370892018779343	0.17169684775318578	0.0	0.3843058350100604	0.5653923541247485	0.44533869885982563	0.8544600938967136	0.41716968477531857	0.7639168343393695	0.613682092555332	0.8631790744466801	0.2682763246143528	0.7458081824279007	0.7310529845741114	0.6680080482897385	0.6291079812206573	0.4044265593561368	0.5157612340710932
1471966	0.18693693693693694	0.6126126126126126	0.9752252252252253	0.8828828828828829	0.0	0.6081081081081081	1.0	0.6418918918918919	0.6599099099099099	0.0	0.954954954954955	0.36711711711711714	0.0	0.0	0.1981981981981982	0.39414414414414417	0.8063063063063063	0.8063063063063063	0.0	0.8108108108108109	0.9369369369369369	0.9594594594594594	0.11711711711711711	0.963963963963964	0.6509009009009009	0.49324324324324326	0.9617117117117117	0.9369369369369369	0.8400900900900901
1280313	0.0	0.15776081424936386	0.1441899915182358	0.28159457167090757	0.0	0.089058524173028	0.5021204410517388	0.1823579304495335	0.6895674300254453	0.14673452078032231	0.32145886344359625	0.26293469041560646	0.11450381679389313	0.0	0.1458863443596268	0.45122985581000846	0.15351993214588636	0.6581849024597116	0.1628498727735369	0.3799830364715861	0.6607294317217981	0.4393553859202714	0.0	0.37659033078880405	0.5793044953350297	0.4257845631891433	0.29940627650551316	0.5309584393553859	0.15521628498727735
1280314	0.6025641025641025	1.0	0.907051282051282	0.4775641025641026	0.7532051282051282	0.23397435897435898	1.0	0.7371794871794872	0.3141025641025641	0.40384615384615385	1.0	0.6730769230769231	0.0	0.0	0.8910256410256411	0.6602564102564102	0.0	0.8846153846153846	0.0	0.48717948717948717	0.5705128205128205	0.7307692307692307	0.0	0.3974358974358974	0.9038461538461539	0.6314102564102564	0.0	1.0	0.6826923076923077
1365353	0.0	0.7557377049180328	0.34316939890710385	0.2568306010928962	0.20710382513661202	0.2459016393442623	0.3885245901639344	0.13497267759562842	0.31256830601092894	0.4081967213114754	0.6103825136612022	0.03333333333333333	0.1005464480874317	0.0	0.17978142076502732	0.7710382513661203	0.307103825136612	0.8633879781420765	0.4262295081967213	0.7213114754098361	0.8644808743169399	0.5519125683060109	0.16939890710382513	0.6224043715846994	0.6256830601092896	0.3721311475409836	0.8147540983606557	0.5016393442622951	0.4202185792349727
1365356	0.6279569892473118	0.3010752688172043	0.7483870967741936	0.556989247311828	0.0	0.610752688172043	1.0	0.0	0.3053763440860215	0.9032258064516129	0.6365591397849463	0.8021505376344086	0.0	0.0	0.4989247311827957	1.0	0.7913978494623656	0.9397849462365592	0.7075268817204301	1.0	0.8881720430107527	0.7870967741935484	0.0	1.0	0.8172043010752689	0.43655913978494626	0.9720430107526882	0.6236559139784946	0.7548387096774194
839112	0.5797101449275363	0.0	0.8429951690821256	0.32608695652173914	0.0	0.41304347826086957	0.8840579710144928	0.07246376811594203	0.8091787439613527	0.26570048309178745	0.3502415458937198	0.0	0.0	0.0	0.3647342995169082	0.21739130434782608	0.7801932367149759	0.7246376811594203	0.357487922705314	0.8478260869565217	0.3140096618357488	0.7415458937198067	0.1859903381642512	0.7318840579710145	0.26570048309178745	0.30193236714975846	0.7246376811594203	0.17632850241545894	0.26570048309178745
55079	0.8228597449908925	0.5341530054644809	0.726775956284153	0.8697632058287796	0.1725865209471767	0.546448087431694	0.6316029143897997	0.3383424408014572	0.4553734061930783	0.2750455373406193	0.5619307832422586	0.7217668488160291	0.21265938069216758	0.0	0.5623861566484517	0.9804189435336976	0.5819672131147541	0.8419854280510018	0.3756830601092896	0.9581056466302368	0.808287795992714	0.831511839708561	0.5209471766848816	0.9057377049180327	0.7231329690346083	0.7969034608378871	0.5009107468123861	0.802367941712204	0.8647540983606558
55092	0.49444444444444446	0.575	0.6	0.5277777777777778	0.0	0.41944444444444445	0.6638888888888889	0.41388888888888886	0.0	0.4111111111111111	0.0	0.7583333333333333	0.0	0.0	0.08333333333333333	0.725	0.41944444444444445	0.7777777777777778	0.0	0.7166666666666667	0.9472222222222222	0.8722222222222222	0.0	0.8277777777777777	0.4166666666666667	0.0	0.4166666666666667	0.625	0.0
1432628	0.41796200345423146	0.5354058721934369	0.3626943005181347	1.0	0.4283246977547496	0.40241796200345425	0.8635578583765112	0.49740932642487046	0.5993091537132987	0.2452504317789292	0.6234887737478411	0.8756476683937824	0.6511226252158895	0.0	0.22279792746113988	1.0	0.9481865284974094	1.0	0.9326424870466321	0.7858376511226253	1.0	0.770293609671848	0.0	0.8134715025906736	0.8860103626943006	0.7547495682210709	1.0	0.6856649395509499	0.3644214162348877
1432630	0.3486238532110092	0.581039755351682	0.0	0.6636085626911316	0.0	0.4831804281345566	0.7629969418960245	0.21712538226299694	0.9327217125382263	0.7782874617737003	0.9892966360856269	0.9724770642201835	0.72782874617737	0.2018348623853211	0.9984709480122325	1.0	0.5718654434250765	1.0	0.39602446483180426	1.0	0.7385321100917431	0.9235474006116208	0.38685015290519875	1.0	0.9587155963302753	1.0	0.8853211009174312	0.4740061162079511	0.12691131498470948
715930	0.3618843683083512	0.588865096359743	0.21484653818700927	0.6174161313347609	0.0	0.1934332619557459	0.5574589578872234	0.16345467523197715	0.2334047109207709	0.6152748037116346	0.4039971448965025	0.6259814418272662	0.36117059243397576	0.21556031406138473	0.6909350463954318	0.9350463954318344	0.2291220556745182	0.8679514632405425	0.6509635974304069	0.7801570306923626	0.8993576017130621	0.6773733047822984	0.43254817987152033	0.5874375446109922	0.6252676659528907	0.284796573875803	0.5852962169878658	0.6473947180585297	0.8358315488936474
