key	WAM_ALR	WAM_CCR	WAM_IPI	WAM_MAR	WAM_MYS	WAM_PBL	WAM_PJN	WAM_PPR	WAM_PST	WAM_ROL	WAM_SCR	WAM_SGN	WAM_SIS	WAM_TWN	WAR_ALR	WAR_CCR	WAR_IPI	WAR_MAR	WAR_MYS	WAR_PBL	WAR_PJN	WAR_PPR	WAR_PSK	WAR_PST	WAR_RNW	WAR_ROL	WAR_SCR	WAR_SGL	WAR_SIS
176222	0.0	0.3544600938967136	0.3544600938967136	1.0	0.8075117370892019	0.0	1.0	1.0	0.48826291079812206	0.7605633802816901	1.0	0.0	1.0	0.0	0.0	0.0	0.0	0.0	0.0	0.0	0.5234741784037559	0.3779342723004695	0.0	0.2652582159624413	0.0	0.5375586854460094	0.8051643192488263	0.5751173708920188	0.0
176232	0.0	0.9795597484276729	0.6690251572327044	0.9897798742138365	0.9355345911949685	0.9363207547169812	1.0	1.0	0.5117924528301887	0.7641509433962265	1.0	0.3671383647798742	1.0	0.41273584905660377	0.0	0.48742138364779874	0.0	0.0	0.7979559748427673	0.17845911949685533	0.7421383647798742	0.4921383647798742	0.14779874213836477	0.08647798742138364	0.11871069182389937	0.0	0.9889937106918238	0.0	0.0
623489	0.0	0.7804878048780488	0.9024390243902439	1.0	0.907859078590786	0.8970189701897019	0.8319783197831978	1.0	0.7018970189701897	0.8617886178861789	1.0	0.33604336043360433	1.0	0.0	0.0	0.5176151761517616	0.0	0.0	0.6314363143631436	0.0	0.9051490514905149	0.0	0.0	0.0	0.0	0.0	1.0	0.1111111111111111	0.0
623490	0.0	0.6201550387596899	0.6550387596899225	0.5775193798449613	0.9496124031007752	0.39147286821705424	1.0	1.0	0.6627906976744186	0.8682170542635659	1.0	1.0	1.0	0.5426356589147286	0.0	0.0	0.2713178294573643	0.0	0.1434108527131783	0.0	0.2751937984496124	0.0	0.0	0.0	0.0	0.0	1.0	0.9844961240310077	0.0
623491	0.0	0.4358974358974359	0.6051282051282051	0.8307692307692308	1.0	0.6820512820512821	1.0	0.5692307692307692	0.8153846153846154	0.7435897435897436	1.0	1.0	1.0	0.0	0.0	0.0	0.8153846153846154	0.0	1.0	0.0	0.39487179487179486	0.5333333333333333	0.0	0.7743589743589744	0.0	0.0	1.0	0.005128205128205128	0.0
623492	0.0	0.5333333333333333	0.24047619047619048	0.6642857142857143	0.44047619047619047	0.8833333333333333	0.5333333333333333	0.5452380952380952	0.22142857142857142	0.09523809523809523	0.8666666666666667	0.0	0.888095238095238	0.0	0.0	0.24047619047619048	0.1357142857142857	0.0	0.5928571428571429	0.007142857142857143	0.0	0.7666666666666667	0.0	0.0	0.0	0.016666666666666666	1.0	0.14761904761904762	0.0
623494	0.32098765432098764	0.6098765432098765	0.0	0.0	0.9975308641975309	0.0	0.7209876543209877	0.7358024691358025	0.3728395061728395	0.0	0.9629629629629629	0.0	0.6469135802469136	0.0	0.6444444444444445	0.0345679012345679	0.9061728395061729	0.0	0.0	0.0	0.0	1.0	0.0	0.0	0.0	0.0	0.7950617283950617	0.47901234567901235	0.0
623495	0.8172043010752689	0.17921146953405018	0.0	0.7311827956989247	0.6810035842293907	0.0	0.6487455197132617	0.6451612903225806	0.5376344086021505	0.0	1.0	0.0	0.12544802867383512	0.0	0.5197132616487455	0.5734767025089605	0.3942652329749104	0.0	0.0	0.0	0.0	0.9713261648745519	0.12903225806451613	0.0	0.0	0.0	0.2974910394265233	0.5053763440860215	0.0
623467	0.17144463181562675	0.5727937043282744	0.47048903878583476	0.8111298482293423	0.9932546374367622	0.49128724002248453	1.0	0.774592467678471	0.4412591343451377	0.9690837549184935	1.0	0.2478920741989882	1.0	0.08825182686902755	0.08487914558740865	0.19898819561551434	0.13940415964024733	0.1528948847667229	0.8218100056211355	0.02304665542439573	0.8330522765598651	0.36200112422709385	0.1697582911748173	0.35975267003934797	0.08263069139966273	0.0	0.6531759415401911	0.0	0.0
623476	0.7682291666666666	1.0	0.2421875	1.0	1.0	0.7864583333333334	1.0	0.7604166666666666	0.0	0.7838541666666666	1.0	0.7135416666666666	1.0	0.0	0.0	0.0	0.0	0.0	0.4713541666666667	0.0	0.71875	0.0	0.0	0.0	0.7395833333333334	0.0	0.9479166666666666	0.3723958333333333	0.0
623477	0.0	0.5386666666666666	0.0	0.944	0.9333333333333333	0.6506666666666666	1.0	0.7386666666666667	1.0	0.8506666666666667	1.0	0.06133333333333333	1.0	0.768	0.0	0.544	0.0	0.0	0.76	0.0	0.37333333333333335	0.0	0.0	0.0	0.0026666666666666666	0.0	0.8453333333333334	0.0	0.0
623479	0.07243163340724317	0.720620842572062	0.7420546932742055	0.8699186991869918	1.0	0.779009608277901	0.9859571322985957	0.8285291943828529	0.573540280857354	0.5188470066518847	1.0	0.5395417590539542	1.0	0.11456023651145603	0.0	0.3178122690317812	0.0	0.0	0.8484848484848485	0.0	0.2934220251293422	0.4715447154471545	0.0	0.3155949741315595	0.19290465631929046	0.0	0.9127864005912787	0.04951958610495196	0.04065040650406504
623484	0.0	0.4180478821362799	0.9005524861878453	0.998158379373849	1.0	0.16758747697974216	1.0	0.9502762430939227	0.4548802946593002	0.6519337016574586	1.0	0.44751381215469616	1.0	0.0	0.0423572744014733	0.9171270718232044	0.0	0.0	0.32228360957642727	0.0	1.0	0.8195211786372008	0.0	0.0	0.0	0.0	0.22283609576427257	0.0	0.0
623485	0.0	0.8258706467661692	0.8980099502487562	0.9950248756218906	0.599502487562189	0.0	1.0	0.5621890547263682	0.6990049751243781	0.5870646766169154	1.0	0.4975124378109453	1.0	0.0	0.3855721393034826	0.5024875621890548	0.0	0.0	0.6094527363184079	0.0	0.48507462686567165	0.01990049751243781	0.0	0.0	0.0	0.0	0.9228855721393034	0.4626865671641791	0.0
1052006	0.15412186379928317	0.6666666666666666	0.0	1.0	0.5949820788530465	0.4982078853046595	1.0	1.0	0.0	0.9605734767025089	1.0	0.0	1.0	0.0	0.0	0.27956989247311825	0.0	0.0	0.8924731182795699	0.27598566308243727	1.0	0.0	0.0	0.5161290322580645	0.0	0.2724014336917563	0.9139784946236559	0.3763440860215054	0.0
1052007	0.38765432098765434	0.291358024691358	0.7234567901234568	1.0	0.7185185185185186	0.32592592592592595	1.0	1.0	0.1259259259259259	0.5382716049382716	1.0	0.0	1.0	0.7160493827160493	0.0	0.36790123456790125	0.0	0.04197530864197531	0.5358024691358024	0.19012345679012346	0.9481481481481482	0.0	0.0	0.0	0.0	0.34814814814814815	1.0	0.0	0.0
1052009	0.4785714285714286	0.34285714285714286	0.3047619047619048	0.7666666666666667	0.9095238095238095	0.0761904761904762	1.0	0.6619047619047619	0.8166666666666667	0.9166666666666666	0.9476190476190476	0.44761904761904764	1.0	0.0	0.0	0.0	0.0	0.0	0.6166666666666667	0.0	0.8690476190476191	0.0	0.0	0.6880952380952381	0.0	0.0	1.0	0.0	0.0
747980	0.33572281959378736	0.22939068100358423	0.7025089605734767	0.7789725209080047	0.9904420549581839	0.5925925925925926	1.0	0.996415770609319	0.7347670250896058	0.7502986857825568	1.0	0.2616487455197133	1.0	0.0	0.0	0.35961768219832735	0.0	0.0	0.26642771804062126	0.0	0.948626045400239	0.2616487455197133	0.0	0.0	0.0	0.0	0.8912783751493429	0.0	0.0
747981	0.2971576227390181	0.7364341085271318	0.8320413436692506	1.0	1.0	0.9534883720930233	1.0	1.0	0.5193798449612403	0.5167958656330749	1.0	0.6511627906976745	1.0	0.0	0.0	0.8423772609819121	0.0	0.0	0.0103359173126615	0.0	0.0	0.0	0.0	0.46770025839793283	0.3953488372093023	0.0	1.0	0.6459948320413437	0.0
747982	0.0	0.6140350877192983	0.26096491228070173	1.0	1.0	1.0	1.0	0.9758771929824561	0.4473684210526316	0.4057017543859649	1.0	0.5745614035087719	1.0	0.0	0.0	0.5526315789473685	0.0	0.0	1.0	0.0	0.793859649122807	0.8157894736842105	0.0	0.26535087719298245	0.17543859649122806	0.0	1.0	0.1337719298245614	0.0
474733	0.32558139534883723	0.8342277877161598	0.41323792486583183	1.0	1.0	0.6171735241502684	1.0	0.9838998211091234	0.7567084078711985	0.6857483601669648	1.0	0.37209302325581395	1.0	0.6326774001192605	0.0	0.02802623732856291	0.0	0.14788312462731068	0.6738223017292785	0.17889087656529518	0.8944543828264758	0.3148479427549195	0.08228980322003578	0.1735241502683363	0.007155635062611807	0.0	0.9308288610614192	0.0	0.0
474735	0.0	0.8220858895705522	0.6448534423994546	0.7852760736196319	0.9427402862985685	0.3783231083844581	1.0	0.9052488070892979	0.7341513292433538	0.8411724608043627	1.0	0.2010906612133606	1.0	0.5650988411724608	0.03067484662576687	0.1608725289706885	0.0	0.2058623040218132	0.7232447171097478	0.1411042944785276	0.9843217450579413	0.16700749829584186	0.15610088616223586	0.18882072256305385	0.05862304021813224	0.0	0.8609406952965235	0.19154737559645535	0.0
1079908	0.20066334991708126	0.6434494195688225	0.0	1.0	1.0	0.5008291873963516	1.0	0.8905472636815921	0.494195688225539	0.9087893864013267	1.0	0.0	1.0	0.7661691542288557	0.4461028192371476	0.19734660033167495	0.0	0.0	0.9436152570480929	0.0	0.8855721393034826	0.21890547263681592	0.0	0.16086235489220563	0.0	0.0	0.845771144278607	0.0	0.42122719734660036
990948	0.0	1.0	0.9065420560747663	1.0	1.0	0.48598130841121495	1.0	1.0	1.0	0.4485981308411215	1.0	0.0	1.0	0.470404984423676	0.0	0.0	0.0	0.0	0.8878504672897196	0.0	0.897196261682243	0.0	0.0	0.0	0.0	0.8691588785046729	0.8348909657320872	0.0	0.0
1731157	0.49333333333333335	0.72	0.0	0.8933333333333333	0.7386666666666667	0.9493333333333334	0.8826666666666667	0.9973333333333333	0.5813333333333334	1.0	1.0	0.944	1.0	0.0	0.0	0.32266666666666666	0.0	0.0	0.7066666666666667	0.0	0.784	0.2906666666666667	0.4026666666666667	0.058666666666666666	0.5546666666666666	0.0	0.9893333333333333	0.5013333333333333	0.0
1731158	0.0	0.16771488469601678	0.0	0.6729559748427673	0.9224318658280922	0.9161425576519916	1.0	0.6792452830188679	0.9916142557651991	0.5220125786163522	1.0	0.2914046121593291	1.0	0.0	0.0	0.0	0.0	0.0	0.7777777777777778	0.17819706498951782	0.8511530398322851	0.6310272536687631	0.0	0.8825995807127882	0.18658280922431866	0.0	0.8532494758909853	0.4947589098532495	0.0
1731161	0.40614886731391586	0.9854368932038835	0.6812297734627831	0.9514563106796117	0.9741100323624595	0.6974110032362459	1.0	0.6877022653721683	0.7993527508090615	0.3478964401294498	1.0	0.7378640776699029	1.0	0.5679611650485437	0.0	0.6990291262135923	0.0	0.37540453074433655	0.3559870550161812	0.0	0.9498381877022654	0.20388349514563106	0.0	0.22653721682847897	0.0	0.0	0.9902912621359223	0.0	0.0
1731162	0.044233807266982623	0.26540284360189575	0.6240126382306477	0.8799368088467614	1.0	0.07898894154818326	1.0	0.382306477093207	0.42812006319115326	0.584518167456556	1.0	0.36334913112164297	1.0	0.34281200631911535	0.0	0.8878357030015798	0.0	0.0	0.33965244865718797	0.0	0.8041074249605056	0.0	0.0	0.0	0.0	0.0	0.7377567140600316	0.0	0.0
1731163	0.9243986254295533	1.0	0.9828178694158075	0.8178694158075601	1.0	0.0	1.0	1.0	0.24398625429553264	0.7835051546391752	1.0	0.0	1.0	0.0	0.0	0.436426116838488	0.3642611683848797	0.0	0.9415807560137457	0.0	0.4020618556701031	0.0	0.0	0.0	0.0	0.0	1.0	0.0	0.0
521330	0.11491628614916286	0.3531202435312024	0.4528158295281583	0.7207001522070016	0.9482496194824962	0.2519025875190259	0.850076103500761	0.4474885844748858	0.4162861491628615	0.3097412480974125	1.0	0.22907153729071536	1.0	0.0	0.0	0.5083713850837138	0.0	0.11491628614916286	0.591324200913242	0.0	0.515220700152207	0.21841704718417046	0.0	0.0	0.0	0.0	0.799847792998478	0.12404870624048706	0.07534246575342465
69508	0.5025417574437182	0.7763253449527959	0.27233115468409586	0.9760348583877996	1.0	0.29484386347131447	1.0	0.954248366013072	0.8431372549019608	0.739288307915759	1.0	0.3449527959331881	1.0	0.20261437908496732	0.0	0.12781408859840232	0.0	0.21278140885984023	0.2541757443718228	0.0	0.9375453885257807	0.30137981118373275	0.07915758896151052	0.21713870733478577	0.0	0.0	0.9128540305010894	0.0	0.0
69517	0.0	0.5145299145299145	0.48205128205128206	0.5982905982905983	0.9333333333333333	0.6427350427350428	1.0	0.7863247863247863	0.629059829059829	0.6273504273504273	1.0	0.35555555555555557	1.0	0.0	0.0	0.0	0.6991452991452991	0.0	0.30256410256410254	0.0	0.9487179487179487	0.0	0.0	0.452991452991453	0.0	0.0	0.48376068376068376	0.0	0.2717948717948718
176305	0.0	0.6536231884057971	0.8	0.9956521739130435	0.8855072463768116	0.7521739130434782	1.0	0.8072463768115942	0.9971014492753624	0.636231884057971	1.0	0.33043478260869563	1.0	0.0	0.0	0.4666666666666667	0.0	0.2144927536231884	0.591304347826087	0.0	0.6695652173913044	0.5478260869565217	0.0	0.0	0.0	0.0	0.9594202898550724	0.0	0.0
9112	0.27066666666666667	0.0	0.5746666666666667	1.0	0.964	0.4	0.9986666666666667	0.924	0.0	0.5173333333333333	1.0	0.0	1.0	0.17466666666666666	0.0	0.344	0.0	0.4013333333333333	0.23466666666666666	0.0	0.7666666666666667	0.6173333333333333	0.308	0.0	0.30533333333333335	0.0	0.66	0.06933333333333333	0.0
747993	0.15413819286256644	0.8170083523158694	0.27866362946089596	0.9104024297646166	0.9711465451784358	0.23462414578587698	0.9384965831435079	0.8830675778283978	0.11161731207289294	0.9870918754745635	1.0	0.32649962034927865	1.0	0.4677296886864085	0.08352315869400152	0.5664388762338648	0.0	0.11009870918754745	0.7630979498861048	0.0	0.7061503416856492	0.49430523917995445	0.0	0.28018223234624146	0.0	0.0	0.7949886104783599	0.0	0.0
909468	0.0	0.4962962962962963	0.45925925925925926	1.0	1.0	0.9851851851851852	0.9703703703703703	0.0	0.7555555555555555	0.5666666666666667	1.0	0.5222222222222223	1.0	0.45185185185185184	0.0	0.0	0.0	0.0	0.0	0.0	0.8888888888888888	0.5296296296296297	0.0	0.0	0.0	0.0	1.0	0.5592592592592592	0.0
