key	WAM_ALR	WAM_CCR	WAM_IPI	WAM_MAR	WAM_MYS	WAM_PBL	WAM_PJN	WAM_PPR	WAM_PST	WAM_ROL	WAM_SCR	WAM_SGN	WAM_SIS	WAM_TWN	WAR_ALR	WAR_CCR	WAR_IPI	WAR_MAR	WAR_MYS	WAR_PBL	WAR_PJN	WAR_PPR	WAR_PSK	WAR_PST	WAR_RNW	WAR_ROL	WAR_SCR	WAR_SGL	WAR_SIS
1420496	1.0	0.941351150705271	1.0	0.9235337787676318	0.7312546399406088	0.4795842613214551	0.8329621380846325	0.8923533778767632	0.9510022271714922	0.9806978470675576	0.9606533036377134	0.9829250185597624	0.7512991833704529	0.4357832219747587	1.0	1.0	1.0	1.0	1.0	1.0	1.0	1.0	1.0	0.9784706755753526	1.0	1.0	1.0	1.0	1.0
1420466	1.0	0.710124164278892	1.0	0.8595988538681948	0.9126074498567335	0.3390639923591213	1.0	0.6762177650429799	0.8887297039159503	0.9584527220630372	0.6337153772683859	0.8271251193887297	0.7688634192932188	0.43982808022922637	1.0	1.0	1.0	1.0	1.0	1.0	0.9995224450811844	1.0	0.9660936007640879	1.0	0.9283667621776505	1.0	1.0	0.9947468958930277	0.9961795606494747
1420462	1.0	1.0	1.0	0.9879518072289156	0.7831325301204819	0.8955823293172691	0.8072289156626506	1.0	1.0	1.0	0.7188755020080321	1.0	0.25301204819277107	0.357429718875502	1.0	1.0	1.0	1.0	1.0	0.8192771084337349	1.0	1.0	0.8875502008032129	1.0	1.0	1.0	1.0	1.0	1.0
51650	1.0	0.858112695179905	0.9178547182620502	0.7501697216564833	0.7474541751527495	0.8424983027834352	0.9137813985064495	0.9131025118805159	0.7447386286490156	0.9504412763068567	0.4548540393754243	0.4725050916496945	0.4426340801086219	0.21792260692464357	0.9606245756958588	0.9769178547182621	1.0	0.8757637474541752	0.9633401221995926	0.9898167006109979	0.9864222674813307	0.9959266802443992	1.0	0.9755600814663951	0.9979633401221996	0.9721656483367278	1.0	0.9952477936184657	0.9816700610997964
51656	1.0	0.9523809523809523	1.0	0.8528138528138528	1.0	1.0	0.8961038961038961	1.0	0.8722943722943723	0.5541125541125541	0.6536796536796536	0.5476190476190477	0.8831168831168831	0.004329004329004329	1.0	1.0	1.0	0.9848484848484849	1.0	1.0	1.0	0.9437229437229437	0.9826839826839827	1.0	1.0	1.0	1.0	1.0	1.0
51660	1.0	0.9256080114449213	1.0	0.9463519313304721	0.9449213161659513	0.7646638054363376	0.9163090128755365	0.8090128755364807	0.977110157367668	0.8412017167381974	0.9549356223175965	0.9427753934191703	0.5543633762517882	0.14949928469241774	1.0	1.0	1.0	1.0	1.0	0.9907010014306151	1.0	1.0	0.8333333333333334	0.9306151645207439	0.8011444921316166	1.0	1.0	1.0	1.0
51661	0.8837209302325582	1.0	1.0	1.0	1.0	0.875968992248062	1.0	1.0	0.0	0.6395348837209303	0.5813953488372093	0.6511627906976745	0.9186046511627907	0.0	1.0	1.0	1.0	1.0	1.0	0.3643410852713178	1.0	1.0	1.0	1.0	1.0	1.0	1.0	1.0	1.0
1418997	1.0	0.8016064257028113	1.0	0.8112449799196787	0.8738955823293173	0.43855421686746987	0.957429718875502	0.6987951807228916	1.0	1.0	0.8947791164658635	0.8096385542168675	0.6497991967871486	0.0	0.97429718875502	1.0	1.0	0.8024096385542169	1.0	1.0	1.0	1.0	1.0	1.0	0.9983935742971888	1.0	1.0	1.0	1.0
1240362	1.0	1.0	1.0	1.0	1.0	1.0	1.0	0.9649122807017544	1.0	1.0	1.0	0.847953216374269	0.0	0.5321637426900585	1.0	1.0	1.0	0.9678362573099415	1.0	1.0	1.0	1.0	1.0	1.0	0.7514619883040936	1.0	1.0	1.0	1.0
1070649	1.0	1.0	1.0	0.946236559139785	0.9849462365591398	1.0	1.0	0.7741935483870968	1.0	0.9956989247311828	0.9720430107526882	0.7698924731182796	0.3956989247311828	0.421505376344086	1.0	1.0	1.0	1.0	1.0	1.0	1.0	1.0	1.0	1.0	1.0	1.0	1.0	1.0	1.0
1070650	1.0	1.0	1.0	1.0	1.0	0.5941043083900227	1.0	0.8049886621315193	0.927437641723356	1.0	0.9682539682539683	0.9297052154195011	0.8163265306122449	0.18594104308390022	1.0	1.0	1.0	1.0	1.0	0.9455782312925171	1.0	1.0	1.0	1.0	0.9546485260770975	1.0	1.0	1.0	1.0
1070651	1.0	1.0	1.0	1.0	0.927536231884058	0.0	1.0	0.9082125603864735	1.0	0.5893719806763285	1.0	1.0	0.0	0.7246376811594203	1.0	1.0	1.0	1.0	1.0	0.9516908212560387	0.7101449275362319	1.0	1.0	1.0	0.9565217391304348	1.0	1.0	1.0	1.0
797260	1.0	1.0	1.0	1.0	1.0	1.0	1.0	0.868766404199475	0.9606299212598425	1.0	0.8320209973753281	0.8713910761154856	0.0	0.0	1.0	1.0	1.0	1.0	1.0	1.0	0.963254593175853	1.0	0.7559055118110236	1.0	0.9422572178477691	1.0	1.0	1.0	1.0
797262	1.0	1.0	1.0	0.7692307692307693	0.8482905982905983	0.6923076923076923	0.811965811965812	0.9957264957264957	0.6346153846153846	0.8824786324786325	1.0	0.7670940170940171	0.0	0.0	1.0	1.0	1.0	1.0	1.0	1.0	1.0	1.0	1.0	1.0	1.0	1.0	1.0	1.0	1.0
1418989	1.0	1.0	1.0	0.6241610738255033	0.6912751677852349	0.8523489932885906	1.0	0.7986577181208053	1.0	0.9440715883668904	0.5525727069351231	0.43847874720357943	0.0	0.4608501118568233	1.0	1.0	1.0	1.0	1.0	1.0	1.0	1.0	1.0	0.9574944071588367	1.0	1.0	1.0	1.0	1.0
1616673	0.34551495016611294	0.5714285714285714	0.8560354374307863	0.1672203765227021	0.09302325581395349	0.18161683277962348	0.48615725359911405	0.3333333333333333	0.7209302325581395	0.3344407530454042	0.2248062015503876	0.3842746400885936	0.24031007751937986	0.1672203765227021	0.7674418604651163	0.4529346622369878	0.9302325581395349	0.6832779623477298	0.8504983388704319	0.8837209302325582	0.9191583610188261	0.6356589147286822	0.5060908084163898	0.5481727574750831	0.39867109634551495	0.8117386489479512	0.8039867109634552	0.7419712070874862	0.6744186046511628
425809	1.0	1.0	1.0	1.0	0.984313725490196	0.2803921568627451	0.8921568627450981	1.0	1.0	0.8686274509803922	0.5862745098039216	1.0	0.8588235294117647	0.3215686274509804	0.9901960784313726	1.0	1.0	1.0	1.0	0.8941176470588236	1.0	1.0	1.0	1.0	1.0	1.0	1.0	1.0	1.0
1420319	1.0	1.0	1.0	1.0	0.9438775510204082	0.6547619047619048	1.0	0.9608843537414966	1.0	1.0	1.0	0.9438775510204082	0.0	0.5476190476190477	1.0	1.0	1.0	1.0	1.0	1.0	1.0	1.0	1.0	1.0	0.8299319727891157	1.0	1.0	1.0	1.0
46249	1.0	1.0	1.0	1.0	1.0	0.0	1.0	0.7941176470588235	1.0	1.0	1.0	0.8627450980392157	0.0	0.0	1.0	1.0	1.0	1.0	1.0	1.0	0.9444444444444444	1.0	1.0	1.0	1.0	1.0	1.0	1.0	1.0
46250	1.0	1.0	1.0	1.0	1.0	0.2876712328767123	1.0	0.5388127853881278	1.0	0.9954337899543378	0.9360730593607306	1.0	0.0	0.0	1.0	1.0	1.0	0.7351598173515982	1.0	0.954337899543379	1.0	1.0	1.0	1.0	1.0	1.0	1.0	1.0	1.0
1310834	1.0	1.0	1.0	1.0	1.0	0.7565217391304347	1.0	1.0	1.0	0.936231884057971	0.4289855072463768	1.0	0.8521739130434782	0.0	1.0	1.0	1.0	1.0	1.0	1.0	0.9565217391304348	1.0	1.0	0.9507246376811594	0.7304347826086957	1.0	1.0	1.0	1.0
1310835	1.0	1.0	1.0	1.0	0.9373433583959899	1.0	1.0	0.6616541353383458	1.0	0.8571428571428571	0.8596491228070176	0.5864661654135338	0.5714285714285714	0.5588972431077694	1.0	1.0	1.0	1.0	1.0	1.0	0.9573934837092731	1.0	1.0	1.0	0.9373433583959899	1.0	1.0	1.0	1.0
1310836	1.0	0.9292237442922374	1.0	0.7945205479452054	0.9634703196347032	0.8401826484018264	1.0	0.1187214611872146	0.8904109589041096	0.8287671232876712	0.9360730593607306	0.3424657534246575	0.8767123287671232	0.0	1.0	1.0	1.0	1.0	1.0	1.0	1.0	1.0	0.6461187214611872	1.0	1.0	1.0	1.0	1.0	1.0
1310840	1.0	0.3923076923076923	0.882051282051282	0.9153846153846154	0.7974358974358975	0.2948717948717949	1.0	0.4666666666666667	0.823076923076923	0.7717948717948718	1.0	0.1076923076923077	0.33076923076923076	0.04358974358974359	1.0	1.0	1.0	1.0	1.0	1.0	0.9794871794871794	1.0	1.0	1.0	0.9897435897435898	1.0	1.0	1.0	1.0
1310841	1.0	1.0	1.0	1.0	0.9603603603603603	0.9171171171171171	0.8324324324324325	0.6414414414414414	0.9369369369369369	0.7495495495495496	0.4252252252252252	0.8252252252252252	0.4918918918918919	0.218018018018018	0.9711711711711711	1.0	1.0	0.9963963963963964	1.0	1.0	1.0	1.0	1.0	0.7063063063063063	1.0	1.0	1.0	1.0	1.0
1310842	1.0	1.0	0.8938053097345132	0.3952802359882006	0.5648967551622419	0.7050147492625368	0.8303834808259587	0.9793510324483776	0.7433628318584071	1.0	0.3053097345132743	0.7330383480825958	0.5073746312684366	0.0	1.0	1.0	1.0	0.8539823008849557	1.0	1.0	1.0	0.93952802359882	1.0	1.0	0.9410029498525073	1.0	1.0	1.0	1.0
1310844	1.0	0.874031007751938	1.0	0.9224806201550387	0.6705426356589147	0.2054263565891473	1.0	0.689922480620155	1.0	1.0	0.4941860465116279	1.0	0.0	0.0	1.0	1.0	1.0	1.0	1.0	0.812015503875969	0.9341085271317829	1.0	1.0	1.0	0.9689922480620154	1.0	1.0	1.0	1.0
1310848	1.0	0.9885773624091381	1.0	1.0	0.994288681204569	0.7824506749740394	0.9641744548286605	0.6905503634475597	0.994288681204569	1.0	0.9018691588785047	0.9039460020768432	0.4636552440290758	0.23727933541017654	1.0	1.0	1.0	0.9740394600207685	0.9885773624091381	0.9418483904465212	0.9392523364485982	1.0	0.980269989615784	0.9984423676012462	0.9906542056074766	1.0	1.0	0.9652128764278297	1.0
1310824	1.0	1.0	0.9817204301075269	0.8881720430107527	0.9817204301075269	0.110752688172043	1.0	0.964516129032258	0.6408602150537634	1.0	0.8763440860215054	0.9236559139784947	0.1978494623655914	0.0	1.0	1.0	1.0	0.8903225806451613	1.0	0.9849462365591398	0.986021505376344	1.0	1.0	1.0	0.9989247311827957	1.0	1.0	1.0	1.0
1310825	0.9965870307167235	0.8521046643913538	1.0	0.8225255972696246	1.0	0.782707622298066	1.0	0.7542662116040956	1.0	0.9908987485779295	0.47440273037542663	0.944254835039818	0.5119453924914675	0.5096700796359499	1.0	1.0	1.0	0.9226393629124005	1.0	0.9920364050056882	0.9954493742889647	1.0	0.9271899886234357	0.9328782707622298	0.8339021615472128	1.0	1.0	1.0	1.0
1310826	1.0	0.9347079037800687	1.0	0.5979381443298969	1.0	1.0	1.0	0.0	1.0	1.0	0.6460481099656358	0.8247422680412371	1.0	0.03436426116838488	1.0	1.0	1.0	0.4570446735395189	1.0	1.0	1.0	1.0	1.0	0.9656357388316151	0.6082474226804123	1.0	1.0	1.0	1.0
1310828	1.0	0.7134146341463414	1.0	0.959349593495935	0.9044715447154471	0.27235772357723576	1.0	1.0	1.0	0.573170731707317	1.0	0.9573170731707317	0.0	0.2459349593495935	1.0	1.0	1.0	0.8414634146341463	1.0	1.0	1.0	1.0	1.0	1.0	0.975609756097561	1.0	1.0	1.0	1.0
1310829	1.0	0.6971428571428572	1.0	0.9485714285714286	0.8857142857142857	0.03428571428571429	0.9561904761904761	0.9104761904761904	1.0	0.9885714285714285	0.7923809523809524	1.0	0.2876190476190476	0.8342857142857143	1.0	0.9961904761904762	1.0	1.0	1.0	1.0	1.0	1.0	1.0	1.0	0.9733333333333334	1.0	1.0	1.0	1.0
1310831	1.0	1.0	1.0	1.0	0.4852941176470588	0.9068627450980392	1.0	0.0784313725490196	1.0	1.0	1.0	0.6911764705882353	1.0	0.8676470588235294	1.0	1.0	1.0	1.0	1.0	1.0	1.0	1.0	1.0	1.0	1.0	1.0	1.0	1.0	1.0
1419007	1.0	1.0	1.0	0.8295165394402035	1.0	0.0737913486005089	0.9923664122137404	0.5139949109414759	0.732824427480916	0.7480916030534351	1.0	0.3511450381679389	0.24173027989821882	0.4300254452926209	1.0	1.0	1.0	0.9669211195928753	1.0	1.0	1.0	1.0	0.7989821882951654	0.9185750636132316	0.8498727735368957	1.0	1.0	0.9923664122137404	1.0
1036508	1.0	0.9149425287356322	0.9540229885057471	0.9586206896551724	0.9793103448275862	0.29195402298850576	1.0	0.4045977011494253	1.0	0.8275862068965517	0.9793103448275862	0.8919540229885058	0.3448275862068966	0.871264367816092	1.0	0.9540229885057471	1.0	1.0	1.0	1.0	1.0	1.0	1.0	1.0	1.0	1.0	1.0	1.0	1.0
1420404	1.0	1.0	0.9951219512195122	0.9951219512195122	0.8097560975609757	0.9203252032520325	0.4504065040650406	0.5853658536585366	0.9544715447154472	0.5577235772357724	0.8975609756097561	0.9479674796747968	0.6325203252032521	0.07642276422764227	1.0	1.0	1.0	1.0	1.0	1.0	1.0	1.0	1.0	1.0	0.9577235772357724	1.0	1.0	1.0	1.0
748375	1.0	1.0	1.0	0.6302083333333334	0.875	0.7239583333333334	1.0	1.0	0.8802083333333334	1.0	1.0	1.0	0.0	0.7135416666666666	1.0	1.0	1.0	1.0	1.0	1.0	1.0	1.0	1.0	1.0	1.0	1.0	1.0	1.0	1.0
748376	1.0	1.0	1.0	1.0	1.0	0.6213991769547325	1.0	1.0	1.0	1.0	1.0	1.0	0.0	0.5967078189300411	1.0	1.0	1.0	0.7695473251028807	1.0	1.0	1.0	1.0	1.0	1.0	1.0	1.0	1.0	0.8271604938271605	1.0
748377	1.0	0.9341825902335457	1.0	0.5371549893842887	0.9150743099787686	0.5668789808917197	0.5626326963906582	0.8131634819532909	0.8450106157112527	1.0	0.5180467091295117	1.0	0.35668789808917195	0.5966029723991507	1.0	1.0	1.0	1.0	0.9299363057324841	1.0	1.0	1.0	1.0	1.0	0.8641188959660298	1.0	1.0	1.0	1.0
1715173	1.0	0.6213206046141607	1.0	0.7613365155131265	0.8114558472553699	0.1654733492442323	0.7438345266507558	0.7223548130469372	0.8122513922036595	0.9928400954653938	0.8973747016706444	0.8233890214797136	0.0	0.0	0.9427207637231504	0.9085123309466985	0.9220365950676214	0.9713603818615751	1.0	0.9665871121718377	0.8870326173428799	0.9657915672235481	0.9626093874303898	0.8456642800318218	0.8249801113762928	1.0	1.0	0.8528241845664281	1.0
1613889	1.0	1.0	1.0	1.0	1.0	0.8563218390804598	1.0	1.0	1.0	1.0	0.867816091954023	0.5114942528735632	0.0	0.0	1.0	1.0	1.0	0.8793103448275862	1.0	1.0	1.0	1.0	1.0	1.0	0.9597701149425287	1.0	1.0	0.7183908045977011	1.0
1613890	1.0	1.0	1.0	1.0	1.0	0.5852713178294574	1.0	1.0	1.0	1.0	0.9844961240310077	0.5581395348837209	0.0	0.0	1.0	1.0	1.0	1.0	1.0	1.0	1.0	1.0	1.0	1.0	0.4806201550387597	1.0	1.0	1.0	1.0
228955	1.0	1.0	0.9651416122004357	0.9259259259259259	0.04357298474945534	0.0	1.0	0.8910675381263616	0.9564270152505446	0.8758169934640523	1.0	0.6557734204793029	0.3289760348583878	0.2549019607843137	1.0	1.0	1.0	1.0	1.0	1.0	1.0	1.0	1.0	1.0	0.9411764705882353	1.0	1.0	1.0	1.0
228957	1.0	0.9653145208700764	1.0	0.6725455614344503	0.9647266313932981	0.7595532039976485	0.9423868312757202	0.9447383891828336	0.9570840681951793	0.9864785420340976	0.8988830099941211	0.8318636096413874	0.3509700176366843	0.18165784832451498	1.0	0.9847148736037625	1.0	0.9817754262198707	1.0	0.9441504997060552	1.0	1.0	1.0	0.9465020576131687	0.8277483833039389	1.0	1.0	0.9800117577895355	1.0
228958	0.839262187088274	0.13175230566534915	0.7206851119894598	0.8379446640316206	0.7299077733860343	0.5046113306982872	0.8155467720685112	0.7681159420289855	0.6126482213438735	0.8919631093544137	0.7944664031620553	0.541501976284585	0.3952569169960474	0.0	0.9591567852437418	0.9644268774703557	1.0	0.9749670619235836	0.9459815546772069	0.6930171277997365	0.8735177865612648	1.0	0.8880105401844532	0.9407114624505929	0.6495388669301713	0.9934123847167325	0.9841897233201581	0.9472990777338604	0.8840579710144928
453025	0.882689556509299	0.9928469241773963	1.0	0.8640915593705293	1.0	0.5836909871244635	0.9542203147353362	0.9799713876967096	0.9570815450643777	1.0	0.8283261802575107	0.9041487839771102	0.6752503576537912	0.34763948497854075	1.0	0.8841201716738197	1.0	1.0	0.9871244635193133	0.7410586552217453	0.8054363376251789	0.977110157367668	0.8969957081545065	1.0	1.0	1.0	1.0	1.0	1.0
1074630	1.0	1.0	1.0	0.9768270944741533	1.0	0.7308377896613191	0.9554367201426025	0.8092691622103387	1.0	1.0	0.6185383244206774	1.0	0.3333333333333333	0.7789661319073083	1.0	1.0	1.0	1.0	1.0	1.0	1.0	1.0	1.0	1.0	0.9251336898395722	1.0	0.9750445632798574	1.0	1.0
1074632	1.0	0.9591836734693877	1.0	0.8503401360544217	1.0	0.2585034013605442	0.8248299319727891	0.8180272108843537	0.8877551020408163	0.9897959183673469	0.8690476190476191	0.7295918367346939	0.8843537414965986	0.6105442176870748	1.0	1.0	1.0	1.0	1.0	1.0	1.0	1.0	1.0	1.0	1.0	1.0	1.0	1.0	1.0
1115720	1.0	1.0	1.0	0.6	0.8735294117647059	0.6450980392156863	0.9352941176470588	0.7666666666666667	1.0	1.0	0.7970588235294118	0.9558823529411765	0.42058823529411765	0.25882352941176473	1.0	1.0	1.0	1.0	1.0	1.0	0.9637254901960784	0.9901960784313726	1.0	1.0	0.9892156862745098	1.0	1.0	1.0	1.0
1314146	1.0	0.981159420289855	0.946376811594203	0.9492753623188406	1.0	0.4449275362318841	1.0	0.43768115942028984	1.0	0.972463768115942	1.0	0.16521739130434782	0.3782608695652174	0.5753623188405798	1.0	1.0	1.0	1.0	1.0	1.0	1.0	1.0	1.0	1.0	1.0	1.0	1.0	0.9971014492753624	1.0
797221	1.0	0.9982078853046595	1.0	0.9973118279569892	0.8862007168458781	0.14157706093189965	0.9686379928315412	0.7302867383512545	0.9202508960573477	1.0	0.6254480286738351	0.7258064516129032	0.6021505376344086	0.1774193548387097	1.0	1.0	1.0	1.0	1.0	1.0	1.0	0.9498207885304659	0.9767025089605734	1.0	0.9758064516129032	1.0	1.0	1.0	1.0
797226	1.0	1.0	1.0	0.44528301886792454	0.6314465408805031	0.7735849056603774	0.9874213836477987	0.9786163522012579	0.8440251572327044	1.0	0.6364779874213836	0.9559748427672956	0.7283018867924528	0.0	1.0	1.0	1.0	0.9773584905660377	1.0	0.9610062893081761	1.0	1.0	1.0	1.0	0.9610062893081761	1.0	1.0	1.0	1.0
198407	0.6611111111111111	1.0	1.0	0.6648148148148149	1.0	0.48518518518518516	0.9833333333333333	1.0	0.9666666666666667	0.9277777777777778	0.937037037037037	0.6555555555555556	0.6037037037037037	0.17037037037037037	1.0	1.0	1.0	0.8425925925925926	1.0	1.0	1.0	1.0	1.0	1.0	1.0	1.0	1.0	1.0	1.0
198410	1.0	0.8852755194218609	1.0	0.8934056007226739	0.971996386630533	0.5555555555555556	0.8500451671183379	0.7741644083107497	0.9060523938572719	0.994579945799458	1.0	0.8003613369467028	0.12917795844625113	0.24932249322493225	1.0	1.0	1.0	1.0	1.0	1.0	1.0	1.0	1.0	1.0	1.0	1.0	1.0	1.0	1.0
198415	1.0	1.0	1.0	0.7887788778877888	0.9405940594059405	0.8382838283828383	0.8184818481848185	0.7194719471947195	1.0	1.0	0.132013201320132	0.933993399339934	0.6633663366336634	0.18811881188118812	1.0	1.0	1.0	1.0	1.0	1.0	0.6600660066006601	1.0	1.0	1.0	1.0	1.0	1.0	1.0	1.0
198417	1.0	0.978494623655914	1.0	0.7511520737327189	0.8978494623655914	0.21658986175115208	0.9823348694316436	0.8778801843317973	0.999231950844854	0.9900153609831029	0.7903225806451613	0.6720430107526881	0.4470046082949309	0.35407066052227343	1.0	1.0	1.0	1.0	1.0	1.0	0.989247311827957	0.9930875576036866	0.9838709677419355	1.0	0.999231950844854	1.0	1.0	0.9961597542242704	1.0
198424	0.9611650485436893	0.9061488673139159	1.0	0.7265372168284789	1.0	0.8187702265372169	1.0	0.6310679611650486	0.9676375404530745	0.9805825242718447	0.8915857605177994	0.9902912621359223	0.6407766990291263	0.0	1.0	1.0	1.0	1.0	1.0	1.0	1.0	1.0	1.0	1.0	1.0	1.0	1.0	1.0	1.0
198427	1.0	0.8066666666666666	1.0	0.9433333333333334	0.43333333333333335	0.0	0.9633333333333334	0.84	0.9233333333333333	0.8366666666666667	0.9733333333333334	1.0	0.59	0.0	1.0	1.0	1.0	1.0	1.0	1.0	1.0	1.0	1.0	1.0	1.0	1.0	1.0	1.0	1.0
198428	1.0	0.9895238095238095	1.0	1.0	0.78	0.8533333333333334	1.0	1.0	0.9495238095238095	1.0	0.9476190476190476	0.7438095238095238	0.520952380952381	0.07428571428571429	1.0	1.0	1.0	1.0	1.0	1.0	0.9923809523809524	0.98	1.0	1.0	0.9514285714285714	1.0	1.0	1.0	1.0
198429	1.0	0.31560283687943264	1.0	0.9893617021276596	0.9645390070921985	0.7854609929078015	0.9273049645390071	0.9875886524822695	1.0	0.6773049645390071	1.0	0.9858156028368794	0.16312056737588654	0.6382978723404256	1.0	1.0	1.0	1.0	1.0	1.0	1.0	1.0	1.0	0.7854609929078015	1.0	1.0	1.0	1.0	1.0
198431	0.9646393210749646	0.9146628948609147	1.0	0.8524280999528524	0.8227251296558227	0.6577086280056577	0.9193776520509194	0.6558227251296558	0.9028760018859029	0.8189533239038189	0.6067892503536068	0.9123055162659123	0.5011786892975012	0.06364922206506365	1.0	1.0	0.9622819424799622	0.9811409712399811	0.9957567185289957	0.9613389910419613	0.974068835454974	0.9368222536539368	0.991041961338991	0.9556812824139557	0.8745874587458746	0.9882131070249882	0.9839698255539839	0.9618104667609618	0.9825553983969826
228917	0.8112874779541446	1.0	1.0	0.8500881834215167	0.8712522045855379	0.3950617283950617	1.0	0.7619047619047619	1.0	1.0	0.0	0.5432098765432098	0.26631393298059963	0.7425044091710759	1.0	1.0	1.0	1.0	1.0	0.9682539682539683	0.9241622574955908	1.0	1.0	1.0	1.0	1.0	1.0	1.0	1.0
878781	0.9819376026272578	1.0	1.0	0.5796387520525451	0.9507389162561576	0.5566502463054187	1.0	0.3054187192118227	0.8932676518883416	1.0	0.7027914614121511	0.9178981937602627	0.8883415435139573	0.0	1.0	0.9852216748768473	1.0	1.0	1.0	1.0	0.9129720853858785	1.0	1.0	1.0	1.0	1.0	1.0	1.0	1.0
228934	0.9147956246401843	0.7875647668393783	1.0	0.6689694876223373	0.9562464018422567	0.6154289004029937	0.9464594127806563	0.7219343696027634	0.9476108232584917	0.9401266551525619	0.8762233736327001	0.9769717904432931	0.46286701208981	0.0	1.0	1.0	1.0	1.0	1.0	1.0	1.0	1.0	1.0	1.0	0.9902130109383995	1.0	0.9902130109383995	1.0	1.0
228940	1.0	1.0	1.0	0.9178294573643411	0.8651162790697674	0.28527131782945736	0.6232558139534884	0.827906976744186	0.9736434108527132	1.0	0.8248062015503876	0.931782945736434	0.14418604651162792	0.7395348837209302	1.0	0.9782945736434109	1.0	1.0	1.0	0.9348837209302325	0.9007751937984496	1.0	1.0	1.0	0.8883720930232558	1.0	1.0	1.0	1.0
1420384	1.0	0.7690631808278867	1.0	1.0	0.7625272331154684	0.803921568627451	0.7799564270152506	0.7233115468409586	1.0	1.0	0.6492374727668845	1.0	0.28104575163398693	0.5403050108932462	1.0	1.0	1.0	0.9128540305010894	1.0	1.0	0.9084967320261438	1.0	1.0	1.0	1.0	1.0	1.0	1.0	1.0
1420388	1.0	1.0	1.0	1.0	1.0	0.4018264840182648	1.0	0.9954337899543378	1.0	0.8949771689497716	0.5114155251141552	1.0	0.0	0.1643835616438356	1.0	1.0	1.0	1.0	1.0	1.0	1.0	1.0	1.0	0.867579908675799	0.1963470319634703	1.0	1.0	1.0	1.0
