key	WAM_ALR	WAM_CCR	WAM_IPI	WAM_MAR	WAM_MYS	WAM_PBL	WAM_PJN	WAM_PPR	WAM_PST	WAM_ROL	WAM_SCR	WAM_SGN	WAM_SIS	WAM_TWN	WAR_ALR	WAR_CCR	WAR_IPI	WAR_MAR	WAR_MYS	WAR_PBL	WAR_PJN	WAR_PPR	WAR_PSK	WAR_PST	WAR_RNW	WAR_ROL	WAR_SCR	WAR_SGL	WAR_SIS
513596	1.128787878787879	0.0	0.7424242424242424	0.0	0.0	0.0	0.0	0.0	0.0	0.0	0.0	0.0	0.0	0.0	0.0	1.0151515151515151	0.0	1.9356060606060606	0.0	0.0	0.0	0.0	0.0	0.0	0.0	0.0	0.0	0.0	0.8560606060606061
513597	0.29838709677419356	0.0	1.010752688172043	0.0	0.07795698924731183	0.0	0.0	0.0	0.0	0.0	0.5779569892473119	0.4032258064516129	0.0	0.0	0.31989247311827956	0.8817204301075269	0.4220430107526882	1.0456989247311828	0.8091397849462365	0.0	0.4274193548387097	3.1774193548387095	0.7150537634408602	0.0	0.0	0.44086021505376344	0.41397849462365593	0.8709677419354839	0.17204301075268819
1513741	0.0	0.0	0.0	0.0	0.0	0.8026666666666666	0.288	0.7306666666666667	1.5626666666666666	0.0	0.8053333333333333	0.24	0.0	0.8053333333333333	0.9946666666666667	0.7973333333333333	0.0	0.0	0.0	0.0	0.5173333333333333	0.7013333333333334	0.0	0.0	0.0	0.0	0.0	0.0	0.0
1049700	0.23333333333333334	0.5185185185185185	0.0	1.3925925925925926	0.0	0.9851851851851852	0.8814814814814815	0.08888888888888889	1.5148148148148148	0.0	0.7518518518518519	0.674074074074074	0.43703703703703706	0.0	0.0	0.9925925925925926	0.0	0.0	0.0	1.825925925925926	1.0074074074074073	0.48518518518518516	0.0	1.8333333333333333	0.0	0.0	1.037037037037037	0.9851851851851852	0.7555555555555555
250259	0.0	0.0	0.0	0.8990825688073395	0.0	0.0	1.724770642201835	0.0	0.7003058103975535	0.0	0.0	0.4709480122324159	0.0	0.0	0.9969418960244648	1.2599388379204892	0.0	1.724770642201835	0.9235474006116208	0.0	1.3149847094801224	0.14067278287461774	0.9235474006116208	0.0	0.3761467889908257	0.5565749235474006	0.0	0.42201834862385323	0.0
250260	0.0	0.7746741154562383	0.0	0.9143389199255121	0.5605214152700186	0.0	0.6852886405959032	0.5605214152700186	0.6871508379888268	0.0	0.0	0.0	0.0	0.8361266294227188	0.0	0.6945996275605214	0.0	0.0	0.0	0.44320297951582865	0.5605214152700186	0.0	0.547486033519553	0.7374301675977654	0.8919925512104283	0.7337057728119181	1.2327746741154562	1.5176908752327747	1.2644320297951583
250262	0.5833333333333334	0.0	1.2727272727272727	0.0	0.0	0.13131313131313133	0.8434343434343434	0.0	1.4166666666666667	0.0	1.957070707070707	0.8787878787878788	0.0	0.3813131313131313	1.3232323232323233	0.3787878787878788	0.0	0.3939393939393939	0.0	0.6363636363636364	0.75	0.44696969696969696	0.0	1.878787878787879	0.0	0.06818181818181818	0.0	1.2803030303030303	0.0
250263	1.1962962962962962	0.0	0.0	0.5703703703703704	0.4185185185185185	0.07037037037037037	0.55	0.0	1.6407407407407408	0.5555555555555556	0.7851851851851852	0.674074074074074	0.0	0.837037037037037	0.0	0.8351851851851851	0.0	1.2351851851851852	0.0	0.0	1.2037037037037037	0.5592592592592592	0.6907407407407408	2.1314814814814813	0.0	0.0	0.0	0.9925925925925926	0.0
250264	0.04927536231884058	1.0144927536231885	0.0	0.8434782608695652	0.0	0.7333333333333333	0.0	0.0	1.3594202898550725	0.0	0.25217391304347825	0.6608695652173913	0.0	2.1884057971014492	0.0	0.0	0.0	0.2492753623188406	0.0	0.39710144927536234	1.6782608695652175	0.0	0.6492753623188405	1.808695652173913	1.1855072463768115	0.0	0.0	0.4405797101449275	0.0
250267	0.8075117370892019	1.4178403755868545	0.0	0.24178403755868544	0.0	0.023474178403755867	3.255868544600939	0.45774647887323944	0.7089201877934272	0.0	0.0	1.4154929577464788	0.0	0.0	0.2136150234741784	2.960093896713615	0.0	1.9272300469483568	0.0	0.0	1.3568075117370892	0.352112676056338	0.0	3.096244131455399	0.8615023474178404	0.0	1.8145539906103287	1.0633802816901408	0.0
250268	0.8901778808971385	0.09744779582366589	0.23279195668986852	1.42846094354215	0.23201856148491878	0.17788089713843774	1.122969837587007	0.08043310131477185	0.4733178654292343	0.0	0.0	0.699922660479505	0.4648105181747873	0.33101314771848417	0.5104408352668214	0.5375096674400619	0.0	0.6063418406805878	0.0	0.6017014694508894	0.4671307037896365	0.6194895591647331	0.23433874709976799	1.9381283836040217	0.9149265274555298	0.8221191028615623	0.6643464810518175	1.2529002320185614	0.11910286156225831
250269	0.0	0.0	0.6834733893557423	0.8571428571428571	0.0	0.0	0.484593837535014	0.38375350140056025	0.4789915966386555	0.0	0.38375350140056025	0.0	0.0	0.0	0.0	0.19047619047619047	0.0	0.5546218487394958	0.0	0.5546218487394958	1.5406162464985995	0.0	0.3137254901960784	1.2745098039215685	1.6162464985994398	0.04481792717086835	0.6470588235294118	2.6442577030812324	0.0
250270	0.35128205128205126	0.6948717948717948	1.0692307692307692	1.2435897435897436	0.0	0.5743589743589743	0.7717948717948718	0.8025641025641026	0.0	0.0	0.4153846153846154	0.9897435897435898	0.0	0.0	0.0	1.3641025641025641	0.0	0.6230769230769231	0.7743589743589744	0.9794871794871794	1.8487179487179488	0.0	1.1564102564102565	2.3230769230769233	0.8512820512820513	0.0	1.2615384615384615	1.6256410256410256	0.0
250272	0.29698857736240913	0.0	0.23779854620976115	0.8120456905503635	0.0	0.3115264797507788	0.9387331256490135	0.0	0.3811007268951194	0.0	0.4215991692627207	0.7092419522326064	0.31360332294911736	0.0	0.22429906542056074	0.0893042575285566	0.7185877466251298	0.9854620976116303	0.0	1.474558670820353	1.6500519210799585	0.3115264797507788	0.0	1.1661474558670821	0.6209761163032191	0.03842159916926272	0.9844236760124611	0.31360332294911736	0.4974039460020768
250273	0.0	0.23703703703703705	0.0	0.2345679012345679	0.0	0.0	0.0	0.14074074074074075	0.7407407407407407	0.0	0.454320987654321	1.4864197530864198	0.0	0.745679012345679	0.0	0.7382716049382716	0.3012345679012346	0.44938271604938274	0.0	0.745679012345679	0.745679012345679	0.1506172839506173	0.0	1.219753086419753	1.8148148148148149	0.0	0.6765432098765433	0.8592592592592593	0.6370370370370371
250252	0.5531135531135531	0.0	0.0	0.0	0.0	0.0	0.0	0.0	0.0	0.0	0.6556776556776557	0.0	0.0	0.0	0.0	0.6886446886446886	0.0	0.0	0.0	1.5164835164835164	0.0	0.7106227106227107	0.0	0.9560439560439561	1.4505494505494505	0.0	0.0	2.098901098901099	0.0
250253	0.4415204678362573	0.6988304093567251	0.0	0.7368421052631579	0.0	0.0	1.45906432748538	0.0	0.0	0.0	0.09649122807017543	0.6257309941520468	0.0	0.0	0.0	0.0	0.0	0.4415204678362573	0.6842105263157895	0.7251461988304093	0.8801169590643275	0.847953216374269	0.0	1.7163742690058479	1.4853801169590644	0.0	1.260233918128655	1.4619883040935673	1.2222222222222223
250254	0.9231950844854071	0.6175115207373272	0.0	0.18125960061443933	0.0	0.46390168970814133	2.0937019969278032	0.0	0.7680491551459293	0.0	0.0	0.5898617511520737	0.0	0.46390168970814133	0.0	0.9216589861751152	0.0	1.1582181259600615	0.9247311827956989	1.1505376344086022	0.029185867895545316	1.4992319508448542	0.46236559139784944	1.7081413210445469	0.3425499231950845	0.7127496159754224	0.6943164362519201	1.2857142857142858	1.3087557603686637
250255	0.5304136253041363	0.8734793187347932	0.0	0.7372262773722628	0.0	0.0	0.5571776155717761	0.7347931873479319	0.878345498783455	0.7153284671532847	0.26763990267639903	0.0	0.0	0.8077858880778589	0.0	1.464720194647202	0.0	1.2919708029197081	0.44038929440389296	0.30656934306569344	1.3795620437956204	0.07785888077858881	0.7347931873479319	0.5474452554744526	0.0	0.0	0.0	2.1143552311435525	1.1119221411192215
250256	0.0	0.0	0.0	0.0	0.2318840579710145	0.0	0.7294685990338164	0.0	0.8454106280193237	0.5797101449275363	0.00966183574879227	0.0	0.0	0.8454106280193237	1.458937198067633	0.3140096618357488	0.0	0.0	0.5748792270531401	2.289855072463768	0.0	0.7101449275362319	0.0	0.2560386473429952	0.0	0.0	0.0	2.0628019323671496	1.178743961352657
250257	0.0	0.6462585034013606	0.0	1.2006802721088434	1.5238095238095237	0.9455782312925171	0.5136054421768708	0.0	0.5102040816326531	0.5952380952380952	1.6326530612244898	0.0	0.0	0.30952380952380953	0.8231292517006803	0.7891156462585034	0.0	2.1802721088435373	0.0	0.0	0.272108843537415	3.496598639455782	0.0	0.5136054421768708	0.0	0.826530612244898	1.0	3.506802721088435	0.35714285714285715
250258	0.0	0.22764227642276422	0.0	1.5149051490514904	0.28184281842818426	0.8888888888888888	0.975609756097561	0.8102981029810298	0.42276422764227645	0.0	0.3685636856368564	0.3956639566395664	0.0	0.0	0.7425474254742548	1.100271002710027	0.0	1.6558265582655827	0.0	0.0	1.0731707317073171	1.5745257452574526	0.0	2.040650406504065	0.8157181571815718	2.0948509485094853	0.032520325203252036	1.1056910569105691	0.8157181571815718
1726822	0.0	0.7816091954022989	0.12397372742200329	1.1264367816091954	0.24794745484400657	0.0	0.0	0.7430213464696224	0.8095238095238095	0.0	0.3924466338259442	1.110016420361248	0.0	0.14039408866995073	0.0	0.41707717569786534	0.24794745484400657	1.1141215106732347	0.0	0.04433497536945813	0.49261083743842365	0.7504105090311987	0.24794745484400657	0.2110016420361248	0.4917898193760263	0.042692939244663386	0.0	0.5041050903119869	0.24794745484400657
1726825	0.34551495016611294	0.42524916943521596	0.0	1.2524916943521596	0.16500553709856036	0.4529346622369878	0.6688815060908084	0.6212624584717608	0.5415282392026578	0.0	0.1184939091915836	0.0	0.0	0.07641196013289037	0.0	0.0	0.0	0.3576965669988926	0.0	0.7674418604651163	0.9346622369878184	0.6301218161683277	0.955703211517165	0.4418604651162791	0.14839424141749724	0.0	0.7065337763012182	0.3333333333333333	0.5105204872646734
840181	0.0	0.4205128205128205	0.0	1.0307692307692307	0.0	0.1264957264957265	1.8068376068376069	0.5111111111111111	0.30085470085470084	0.0	0.8854700854700854	0.11282051282051282	0.0	1.488888888888889	0.0	0.25811965811965815	0.0	1.4136752136752138	0.5145299145299145	1.4512820512820512	0.7743589743589744	0.0	0.6239316239316239	0.38974358974358975	0.4376068376068376	1.0307692307692307	0.5162393162393163	0.0	0.41367521367521365
840184	0.20110192837465565	0.0	0.0	0.7713498622589532	0.0	1.0055096418732783	0.0	0.0	0.0	0.0	0.5041322314049587	1.2176308539944904	0.0	0.8099173553719008	0.36639118457300274	0.41597796143250687	0.0	2.4049586776859506	0.2369146005509642	0.8319559228650137	1.0606060606060606	0.7713498622589532	0.6666666666666666	2.7024793388429753	0.0	0.09917355371900827	1.2203856749311295	0.0	0.0
1712416	0.7150537634408602	0.8091397849462365	0.0	0.0	0.0	1.3333333333333333	0.8387096774193549	0.0	0.9946236559139785	0.0	0.0	2.870967741935484	0.013440860215053764	0.0	0.8118279569892473	0.4032258064516129	0.0	0.7338709677419355	0.0	1.0268817204301075	2.435483870967742	0.7473118279569892	0.0	0.489247311827957	0.7553763440860215	0.0	0.0	1.3763440860215055	1.4274193548387097
1712417	0.0	0.9002123142250531	0.0	1.246284501061571	0.0	0.7303609341825902	0.0	0.0	0.0	0.0	0.0	1.0870488322717622	0.3057324840764331	0.0	0.0	0.3184713375796178	0.31422505307855625	0.05307855626326964	0.0	2.2505307855626326	0.11252653927813164	0.6815286624203821	0.0	0.1740976645435244	0.08917197452229299	0.6454352441613588	0.0	0.11040339702760085	0.9129511677282378
1712419	0.23397435897435898	0.0	0.0	1.169871794871795	0.0	0.6666666666666666	0.0	0.0	0.5448717948717948	0.0	0.0	1.080128205128205	0.0	0.0	0.0	0.6057692307692307	0.0	0.4807692307692308	0.4807692307692308	3.2051282051282053	1.3974358974358974	0.9391025641025641	0.0	0.592948717948718	0.5096153846153846	0.5064102564102564	0.3525641025641026	2.823717948717949	1.294871794871795
1712420	0.5511551155115512	0.0	0.49834983498349833	0.09405940594059406	0.929042904290429	1.2277227722772277	0.07920792079207921	0.0	0.0	0.0	0.806930693069307	3.4174917491749173	0.0	0.49834983498349833	0.0	0.7442244224422442	0.0	0.9405940594059405	0.3613861386138614	0.4966996699669967	0.9125412541254125	0.0	0.0	0.25577557755775576	0.12376237623762376	0.06930693069306931	0.4966996699669967	0.033003300330033	0.24917491749174916
1712421	0.1983739837398374	1.1203252032520326	0.0	0.6829268292682927	0.06829268292682927	0.3983739837398374	0.41788617886178864	0.191869918699187	0.4894308943089431	0.12032520325203253	0.8032520325203252	0.9951219512195122	0.33658536585365856	0.0	0.4894308943089431	0.7317073170731707	0.49105691056910566	0.47804878048780486	0.0	0.24552845528455283	0.44878048780487806	0.0	0.5707317073170731	0.734959349593496	0.37398373983739835	2.497560975609756	0.9804878048780488	0.18048780487804877	0.2910569105691057
1712422	0.28619528619528617	0.6161616161616161	0.0	1.4612794612794613	0.0	0.0	0.0	0.5791245791245792	0.0	1.8383838383838385	0.632996632996633	0.9326599326599326	0.3265993265993266	0.5084175084175084	0.36363636363636365	0.0	0.0	0.5185185185185185	0.0	0.6430976430976431	1.1481481481481481	0.016835016835016835	0.8922558922558923	0.0	0.0	0.8484848484848485	0.734006734006734	1.121212121212121	1.6094276094276094
1712423	0.26545454545454544	0.7321212121212122	0.0	0.0	0.0	0.0	0.0	0.5490909090909091	0.5490909090909091	0.0	0.17939393939393938	1.8472727272727272	0.0	0.4909090909090909	0.23636363636363636	0.7284848484848485	0.0	0.18181818181818182	0.5442424242424242	1.3684848484848484	0.0	0.7272727272727273	0.36484848484848487	0.730909090909091	0.0	0.36363636363636365	0.6957575757575758	0.5672727272727273	1.1915151515151514
1057093	0.4880123743232792	0.41531322505800466	0.0	0.6991492652745553	0.0	0.6759474091260634	1.8306264501160092	0.0	1.1438515081206497	0.4276875483372003	0.4617169373549884	1.360402165506574	0.1423047177107502	0.2397525135344161	0.23356535189481825	0.177107501933488	0.4052590873936582	0.9474091260634184	0.0	0.46403712296983757	1.3990719257540603	0.18870843000773396	0.0	1.3642691415313226	0.8267594740912606	0.3139984532095901	0.6705336426914154	1.1809744779582367	0.23356535189481825
1057101	0.13028764805414553	0.5093062605752962	0.4602368866328257	0.5109983079526227	0.0	0.08629441624365482	0.505922165820643	0.8646362098138748	2.233502538071066	0.0	0.0	2.6514382402707275	0.0	0.0	0.0	0.25549915397631134	0.0	0.0	0.41624365482233505	1.3553299492385786	0.0	0.36548223350253806	1.0084602368866329	1.4585448392554992	1.2538071065989849	0.0	1.906937394247039	0.40609137055837563	0.7749576988155669
754926	0.17476851851851852	1.1400462962962963	0.16319444444444445	0.6979166666666666	0.0	1.2430555555555556	0.26967592592592593	0.0	0.8472222222222222	0.0	0.6967592592592593	0.7152777777777778	0.6354166666666666	0.34837962962962965	0.3414351851851852	0.6539351851851852	0.34953703703703703	0.7511574074074074	0.2604166666666667	1.2766203703703705	0.5960648148148148	1.4618055555555556	1.1886574074074074	0.34953703703703703	0.32523148148148145	0.0	0.8680555555555556	1.3912037037037037	0.20833333333333334
754928	0.2806026365348399	1.1148775894538607	0.4048964218455744	0.751412429378531	0.0	0.5668549905838042	0.8606403013182674	0.568738229755179	0.3785310734463277	0.2824858757062147	0.0	0.3352165725047081	0.0	1.256120527306968	0.0	0.21092278719397364	0.3954802259887006	0.8267419962335216	0.0	0.2580037664783427	0.6817325800376648	0.0	1.591337099811676	1.5461393596986817	1.1299435028248588	0.568738229755179	0.2806026365348399	1.3220338983050848	0.568738229755179
754931	0.0	0.38569604086845466	0.7828863346104725	0.0	0.0	0.10983397190293742	0.5644955300127714	1.0434227330779056	0.38569604086845466	0.0	0.384418901660281	0.12260536398467432	0.30779054916985954	1.1366538952745848	0.4482758620689655	0.3486590038314176	0.0	1.4610472541507025	0.0	0.7637292464878672	1.0676883780332056	0.7713920817369093	0.07279693486590039	0.8659003831417624	0.38569604086845466	0.0	0.7713920817369093	0.3831417624521073	0.4955300127713921
1021630	0.6569390402075227	1.122568093385214	0.4785992217898833	0.8748378728923476	0.0927367055771725	0.4169909208819715	0.751621271076524	0.19584954604409857	0.39169909208819714	0.0	0.8242542153047989	0.19584954604409857	0.0	0.39105058365758755	0.3651102464332036	0.6848249027237354	0.0	0.8871595330739299	0.09792477302204929	0.6517509727626459	0.5603112840466926	0.632295719844358	0.19584954604409857	1.2905317769131	0.6841763942931258	0.39040207522697795	0.6478599221789884	0.7632944228274967	1.0966277561608302
1109890	0.0	0.0	0.0	2.295302013422819	0.0	0.610738255033557	0.0	0.0	0.0	0.0	0.5011185682326622	0.18344519015659955	0.0	0.610738255033557	0.18120805369127516	0.0	0.0	1.6129753914988814	0.6711409395973155	1.7919463087248322	0.6733780760626398	1.633109619686801	0.0	0.12751677852348994	0.5123042505592841	0.610738255033557	1.3512304250559284	0.4899328859060403	0.0
1109892	0.49910873440285203	1.8128342245989304	0.6702317290552585	1.9483065953654188	0.0	0.27450980392156865	0.7023172905525846	0.0	0.3048128342245989	0.0	0.0	0.5614973262032086	0.0	0.0	0.5133689839572193	0.42602495543672014	0.0	0.0	0.0	0.26916221033868093	1.249554367201426	1.2762923351158646	0.9376114081996435	0.23351158645276293	0.5365418894830659	0.27450980392156865	0.5383244206773619	0.5401069518716578	0.5383244206773619
1083944	0.0	1.195906432748538	0.0	0.7807017543859649	0.4415204678362573	0.09941520467836257	0.8333333333333334	0.9385964912280702	0.0	1.760233918128655	0.0	0.43859649122807015	0.0	0.0	0.5847953216374269	0.24561403508771928	0.0	0.029239766081871343	0.0	0.0	1.9064327485380117	0.5994152046783626	0.5	0.0	0.8830409356725146	1.280701754385965	0.0	0.7807017543859649	0.1111111111111111
1679531	0.01598173515981735	0.541095890410959	0.8036529680365296	0.6872146118721462	0.2511415525114155	0.547945205479452	1.8904109589041096	0.0	3.5	0.0	0.0	1.3858447488584476	0.0	0.0	1.3744292237442923	1.6940639269406392	0.0	0.6894977168949772	0.0	1.9680365296803652	2.671232876712329	0.0	0.3447488584474886	1.5136986301369864	1.0273972602739727	0.636986301369863	0.6894977168949772	0.5296803652968036	0.6073059360730594
813330	0.853448275862069	0.15804597701149425	0.0	0.15229885057471265	0.43103448275862066	1.4022988505747127	0.0	0.0	0.0	0.0	0.7212643678160919	1.2902298850574712	0.0	0.0	0.0	0.6695402298850575	0.3390804597701149	1.2471264367816093	0.0	1.1839080459770115	1.3189655172413792	0.8649425287356322	0.0	2.6063218390804597	0.6637931034482759	0.0	1.028735632183908	2.2873563218390807	0.6494252873563219
813331	0.5025641025641026	0.0	0.0	1.2820512820512822	0.0	0.5846153846153846	2.046153846153846	0.0	0.0	1.4102564102564104	0.2717948717948718	0.15897435897435896	0.0	0.0	0.5487179487179488	0.7948717948717948	0.17435897435897435	0.36923076923076925	0.0	1.1128205128205129	0.24102564102564103	1.3282051282051281	0.7743589743589744	0.15897435897435896	0.0	0.7538461538461538	0.28205128205128205	2.0923076923076924	0.035897435897435895
811392	0.27793167128347185	0.5106186518928901	0.10249307479224377	2.772853185595568	0.0	0.47830101569713757	0.6749769159741459	0.5577100646352724	1.0969529085872576	0.5558633425669437	0.2788550323176362	1.1698984302862419	0.2788550323176362	0.10895660203139428	0.0	0.8928901200369345	0.5115420129270545	0.5577100646352724	0.2788550323176362	1.2225300092336104	1.0	0.6297322253000923	0.13850415512465375	0.2760849492151431	0.2760849492151431	0.556786703601108	0.9787626962142197	0.2788550323176362	0.556786703601108
1035934	0.0	0.0	0.0	0.8211920529801324	0.0	0.0	0.0	0.34216335540838855	0.4216335540838852	0.2671081677704194	0.0	0.423841059602649	0.0	0.0	0.0	0.0	0.0	0.7373068432671082	0.0	0.1545253863134658	0.33112582781456956	0.0	0.0	0.1545253863134658	0.0	0.0	0.0	0.0	0.6644591611479028
1061041	0.039735099337748346	0.4326710816777042	0.0	0.0	0.0	0.0	0.3973509933774834	0.0	0.0	0.0	0.0	0.6666666666666666	0.0	0.0	1.1324503311258278	0.152317880794702	0.0	0.6666666666666666	0.0	0.0	0.0	0.5121412803532008	0.0	1.0176600441501105	0.6644591611479028	0.0	0.6181015452538632	0.6666666666666666	0.0
1649660	0.6431623931623932	0.8205128205128205	0.0	0.4636752136752137	0.0	0.0	0.717948717948718	0.0	0.6367521367521367	0.3141025641025641	0.0	0.32051282051282054	0.0	0.0	0.7692307692307693	0.0	0.6452991452991453	0.0	0.0	0.6452991452991453	0.0	0.32264957264957267	0.0	0.06623931623931624	0.6346153846153846	0.5213675213675214	0.0	1.170940170940171	1.1965811965811965
1649661	1.2696629213483146	0.0	0.0	2.445692883895131	0.0	0.0	1.3220973782771535	0.0	2.5355805243445695	0.0	0.0	0.6629213483146067	0.0	0.0	0.0	0.0	0.8576779026217228	0.4606741573033708	0.0	0.0	1.7752808988764044	1.1310861423220975	0.0	1.5355805243445693	0.0	0.0	0.5655430711610487	0.0	0.0
1649663	0.0	0.0	0.0	0.0	0.0	0.0	0.6744186046511628	0.0	0.0	0.0	0.9689922480620154	1.7054263565891472	0.0	0.0	0.43410852713178294	0.0	0.0	1.1046511627906976	0.8798449612403101	0.5387596899224806	0.0	0.0	0.0	0.43410852713178294	0.0	0.5852713178294574	0.0	0.35658914728682173	0.8178294573643411
