key	WAM_ALR	WAM_CCR	WAM_IPI	WAM_MAR	WAM_MYS	WAM_PBL	WAM_PJN	WAM_PPR	WAM_PST	WAM_ROL	WAM_SCR	WAM_SGN	WAM_SIS	WAM_TWN	WAR_ALR	WAR_CCR	WAR_IPI	WAR_MAR	WAR_MYS	WAR_PBL	WAR_PJN	WAR_PPR	WAR_PSK	WAR_PST	WAR_RNW	WAR_ROL	WAR_SCR	WAR_SGL	WAR_SIS
1419001	3.709090909090909	5.151515151515151	7.445454545454545	3.2151515151515153	0.37575757575757573	3.0727272727272728	2.3545454545454545	2.118181818181818	3.606060606060606	7.112121212121212	1.5727272727272728	2.2484848484848485	1.4333333333333333	0.3333333333333333	12.348484848484848	7.1878787878787875	9.384848484848485	7.945454545454545	5.015151515151516	3.672727272727273	6.0	8.245454545454546	6.3090909090909095	7.463636363636364	2.193939393939394	10.403030303030302	12.2	10.55151515151515	11.484848484848484
1420496	5.515961395694135	4.250927988121752	7.449146250927988	2.33184855233853	1.6800296956198961	0.8092056421677802	2.884187082405345	2.7661469933184857	4.871566443949518	4.008908685968819	1.723088344469191	3.779510022271715	2.3593170007423905	0.6087602078693393	8.304380103934669	7.923533778767632	15.301410541945064	4.96807720861173	8.884929472902748	5.525612472160357	7.1158129175946545	6.359317000742391	3.3600593912397922	4.8114328136599855	5.2279138827023015	13.64587973273942	9.485523385300668	7.170749814402376	8.50927988121752
1314146	5.298550724637681	4.182608695652174	8.27536231884058	3.957971014492754	2.9130434782608696	0.6550724637681159	3.710144927536232	0.43768115942028984	3.627536231884058	1.8405797101449275	1.6753623188405797	0.3	0.43333333333333335	0.9217391304347826	11.44927536231884	5.586956521739131	10.353623188405797	5.973913043478261	9.847826086956522	4.91159420289855	7.95072463768116	9.746376811594203	5.033333333333333	6.792753623188406	4.689855072463768	14.981159420289854	9.205797101449276	4.355072463768116	11.114492753623189
1314149	6.127340823970037	5.280898876404494	7.1835205992509366	4.823970037453184	3.0262172284644193	3.647940074906367	1.3108614232209739	2.606741573033708	4.322097378277154	3.764044943820225	2.865168539325843	4.02621722846442	0.35580524344569286	0.0	15.153558052434457	8.295880149812733	18.254681647940075	4.1610486891385765	6.067415730337078	3.3146067415730336	3.6104868913857677	7.647940074906367	7.644194756554307	3.056179775280899	4.397003745318352	13.250936329588015	10.209737827715356	6.1610486891385765	11.131086142322097
1070648	4.188524590163935	1.8032786885245902	4.0	2.9918032786885247	2.158469945355191	0.8961748633879781	1.5437158469945356	1.9371584699453552	3.1420765027322406	2.650273224043716	0.680327868852459	0.7814207650273224	0.28688524590163933	0.0	6.978142076502732	4.169398907103825	6.076502732240437	4.0136612021857925	6.2076502732240435	2.081967213114754	1.7240437158469946	4.950819672131147	1.1885245901639345	4.781420765027322	4.256830601092896	11.407103825136613	7.620218579234972	5.8743169398907105	5.467213114754099
1074623	6.957399103139013	3.7787742899850523	5.786995515695067	4.108370702541106	3.2563527653213753	0.6756352765321375	4.785500747384155	2.5433482810164425	1.335575485799701	3.3863976083707024	0.9013452914798207	1.2092675635276533	0.5620328849028401	0.2249626307922272	8.889387144992526	6.349775784753363	8.692077727952167	3.288490284005979	7.266816143497758	5.701046337817639	4.866218236173393	7.940956651718984	4.278026905829597	4.292227204783258	5.661434977578475	9.505979073243648	5.700298953662182	6.823617339312406	6.69880418535127
1115701	10.865248226950355	6.3120567375886525	4.216312056737588	2.131205673758865	1.7570921985815602	2.6134751773049647	4.718085106382978	0.5319148936170213	4.785460992907802	3.897163120567376	1.196808510638298	4.297872340425532	0.5354609929078015	0.03900709219858156	9.52836879432624	6.73758865248227	9.645390070921986	4.948581560283688	4.446808510638298	4.875886524822695	3.851063829787234	6.320921985815603	6.069148936170213	5.75886524822695	1.6294326241134751	5.712765957446808	6.647163120567376	7.682624113475177	11.083333333333334
228934	4.234887737478411	2.8537708693149106	7.080598733448475	2.4145077720207255	3.2740356937248127	1.2728842832469776	3.4997121473805413	1.2901554404145077	2.489349453080023	3.2026482440990214	1.6551525618883132	2.4409902130109384	0.5198618307426598	0.0	11.41335636154289	7.368451352907312	7.764536557282671	5.727115716753023	8.28727691421992	5.261370178468624	7.015544041450777	5.998848589522165	5.466896948762233	6.115141047783535	4.433506044905009	8.73747841105354	5.915371329879102	5.656303972366149	9.115141047783535
797259	9.351515151515152	4.83030303030303	9.932323232323233	2.1494949494949496	3.298989898989899	3.4656565656565657	4.25050505050505	2.1303030303030304	3.1151515151515152	6.303030303030303	1.878787878787879	2.7454545454545456	0.0	0.5484848484848485	7.441414141414142	9.116161616161616	13.824242424242424	5.864646464646465	6.144444444444445	7.629292929292929	5.031313131313131	6.97979797979798	9.47979797979798	5.695959595959596	5.8090909090909095	11.647474747474748	9.832323232323231	8.267676767676768	12.183838383838383
797260	11.409448818897637	4.123359580052494	8.296587926509186	4.624671916010499	6.05511811023622	2.937007874015748	3.797900262467192	1.5695538057742782	3.8031496062992125	3.2965879265091864	1.4829396325459319	1.853018372703412	0.0	0.0	11.559055118110237	10.125984251968504	11.490813648293964	6.769028871391076	3.858267716535433	8.916010498687664	3.8215223097112863	7.188976377952756	4.026246719160105	7.396325459317585	3.6535433070866143	9.338582677165354	11.761154855643044	5.118110236220472	16.976377952755904
797262	7.311965811965812	3.324786324786325	11.555555555555555	1.2115384615384615	2.4572649572649574	0.8461538461538461	1.641025641025641	2.2264957264957266	1.7414529914529915	5.32051282051282	2.5854700854700856	1.0341880341880343	0.0	0.0	4.305555555555555	9.241452991452991	8.41025641025641	8.224358974358974	11.232905982905983	6.957264957264957	5.1239316239316235	9.681623931623932	6.27991452991453	7.170940170940171	4.5576923076923075	10.86965811965812	9.365384615384615	6.771367521367521	9.83974358974359
1310834	6.666666666666667	3.8173913043478263	9.872463768115942	2.5942028985507246	2.2579710144927536	0.9130434782608695	2.7710144927536233	3.066666666666667	3.7971014492753623	3.2956521739130435	1.2	1.298550724637681	1.9942028985507247	0.0	10.049275362318841	7.373913043478261	6.463768115942029	5.3594202898550725	7.507246376811594	6.478260869565218	4.460869565217391	6.205797101449275	6.901449275362319	3.336231884057971	1.8753623188405797	11.614492753623189	6.721739130434782	4.501449275362319	7.452173913043478
1310835	5.2531328320802	4.43609022556391	7.350877192982456	2.155388471177945	2.3333333333333335	3.2832080200501252	5.220551378446116	1.1979949874686717	3.588972431077694	3.1704260651629075	5.476190476190476	1.1604010025062657	1.0150375939849625	0.7568922305764411	7.601503759398496	4.195488721804511	5.634085213032582	5.320802005012531	8.523809523809524	4.7518796992481205	4.994987468671679	6.2105263157894735	8.042606516290727	9.06265664160401	2.3609022556390977	8.340852130325814	6.298245614035087	10.25062656641604	8.233082706766917
1310838	4.395833333333333	3.0492424242424243	5.384469696969697	1.753787878787879	2.359848484848485	0.3162878787878788	3.018939393939394	0.6590909090909091	2.1931818181818183	2.7916666666666665	0.9678030303030303	2.6931818181818183	1.3598484848484849	0.032196969696969696	10.723484848484848	6.410984848484849	8.176136363636363	6.556818181818182	4.202651515151516	4.359848484848484	4.75	7.261363636363637	3.509469696969697	3.418560606060606	5.15530303030303	10.782196969696969	8.765151515151516	5.246212121212121	9.045454545454545
1310840	7.5948717948717945	1.1051282051282052	2.1205128205128205	2.0128205128205128	1.7435897435897436	0.9256410256410257	3.3564102564102565	0.9153846153846154	1.9153846153846155	1.7974358974358975	3.01025641025641	0.1076923076923077	0.6615384615384615	0.04358974358974359	7.938461538461539	8.45897435897436	7.892307692307693	5.17948717948718	10.502564102564103	5.128205128205129	6.453846153846154	9.397435897435898	5.184615384615385	4.4974358974358974	2.1205128205128205	11.335897435897436	7.930769230769231	3.9794871794871796	9.966666666666667
1310841	3.542342342342342	3.9891891891891893	6.181981981981982	2.299099099099099	3.345945945945946	1.3549549549549549	1.8702702702702703	1.7117117117117118	2.902702702702703	1.6864864864864866	1.0522522522522522	2.1405405405405404	0.5387387387387388	0.218018018018018	3.763963963963964	5.852252252252252	4.850450450450451	3.9225225225225224	6.704504504504505	4.762162162162162	2.4054054054054053	3.9747747747747746	5.49009009009009	2.0936936936936936	5.178378378378379	8.484684684684686	7.924324324324324	8.41981981981982	11.131531531531532
1310847	5.45952380952381	3.861904761904762	3.954761904761905	2.783333333333333	2.3476190476190477	0.6761904761904762	5.326190476190476	1.0380952380952382	0.7142857142857143	1.7619047619047619	0.49047619047619045	1.9238095238095239	0.6738095238095239	0.0	8.56904761904762	5.8238095238095235	8.157142857142857	3.4380952380952383	5.585714285714285	1.9166666666666667	4.230952380952381	2.861904761904762	6.228571428571429	5.621428571428571	1.6285714285714286	10.073809523809524	9.880952380952381	4.380952380952381	6.530952380952381
1310848	6.273624091381101	2.8603322949117342	6.278816199376947	2.822949117341641	3.9574247144340604	1.7185877466251298	4.6593977154724815	1.5233644859813085	3.3322949117341643	3.5498442367601246	1.798546209761163	1.9865005192107996	0.7528556593977155	0.3291796469366563	7.2767393561786085	6.793354101765317	9.435617860851506	5.452232606438214	7.928868120456905	4.602803738317757	5.228452751817238	6.238317757009346	6.51453790238837	6.047767393561786	4.755451713395638	9.327622014537903	8.256490134994808	6.462616822429907	11.580996884735203
1310824	4.767741935483871	4.405376344086021	7.552688172043011	2.6516129032258067	6.132258064516129	0.16559139784946236	5.060215053763441	2.4849462365591397	1.8827956989247312	2.964516129032258	1.9344086021505376	2.5344086021505374	0.32365591397849464	0.0	6.972043010752688	5.786021505376344	8.088172043010752	3.575268817204301	6.365591397849462	3.544086021505376	5.2817204301075265	9.93763440860215	5.213978494623656	6.15483870967742	3.5	11.626881720430108	8.103225806451613	7.829032258064516	9.8752688172043
1310825	2.919226393629124	3.08646188850967	7.924914675767918	2.7064846416382253	2.993174061433447	1.229806598407281	3.631399317406143	2.267349260523322	3.0637087599544937	3.175199089874858	1.025028441410694	3.0284414106939703	1.1160409556313993	0.9863481228668942	12.055745164960182	7.536973833902161	11.572241183162685	4.582480091012514	8.31740614334471	3.744027303754266	7.383390216154721	8.77815699658703	4.217292377701934	4.146757679180888	2.4516496018202503	10.078498293515358	8.370875995449374	5.2593856655290105	4.833902161547213
1310826	4.560137457044673	2.2199312714776633	5.639175257731959	1.1958762886597938	3.288659793814433	1.9175257731958764	6.536082474226804	0.0	3.0962199312714778	5.542955326460481	1.274914089347079	1.5326460481099657	2.254295532646048	0.03436426116838488	5.171821305841925	6.601374570446735	14.632302405498281	0.9347079037800687	4.43298969072165	10.054982817869416	5.357388316151202	7.11340206185567	5.216494845360825	2.5395189003436425	2.202749140893471	8.29896907216495	9.759450171821307	5.230240549828179	8.958762886597938
1310828	7.475609756097561	2.5264227642276422	7.536585365853658	1.9390243902439024	2.089430894308943	0.5264227642276422	7.914634146341464	2.8821138211382116	4.2560975609756095	2.0792682926829267	3.369918699186992	3.502032520325203	0.0	0.44308943089430897	10.591463414634147	8.034552845528456	11.365853658536585	5.048780487804878	8.225609756097562	7.752032520325203	4.841463414634147	8.550813008130081	6.859756097560975	8.575203252032521	2.2642276422764227	14.434959349593496	10.475609756097562	10.989837398373984	6.638211382113822
1310829	7.441904761904762	3.259047619047619	8.04	2.1733333333333333	1.979047619047619	0.03428571428571429	2.8304761904761904	2.7676190476190476	4.220952380952381	2.2876190476190477	1.9866666666666666	3.0914285714285716	0.2876190476190476	1.7980952380952382	7.807619047619047	6.820952380952381	12.60952380952381	4.460952380952381	14.34095238095238	4.7561904761904765	5.784761904761905	6.259047619047619	5.453333333333333	9.34095238095238	3.5638095238095238	9.923809523809524	10.784761904761904	8.546666666666667	5.024761904761904
1310830	5.0344827586206895	2.4295977011494254	4.637931034482759	3.3908045977011496	3.521551724137931	1.0603448275862069	5.202586206896552	2.1910919540229883	3.442528735632184	1.168103448275862	1.4971264367816093	1.7758620689655173	0.2744252873563218	0.38936781609195403	6.942528735632184	7.668103448275862	10.362068965517242	4.67816091954023	7.567528735632184	3.2370689655172415	3.3520114942528734	8.245689655172415	6.767241379310345	6.310344827586207	3.4841954022988504	6.431034482758621	6.843390804597701	4.455459770114943	10.705459770114942
1310831	2.6862745098039214	5.720588235294118	7.2254901960784315	3.1127450980392157	0.6666666666666666	0.9068627450980392	2.5294117647058822	0.0784313725490196	2.872549019607843	4.897058823529412	1.7009803921568627	1.6274509803921569	2.6470588235294117	0.8676470588235294	6.514705882352941	7.0588235294117645	8.813725490196079	1.9068627450980393	9.254901960784315	3.1470588235294117	7.4411764705882355	4.887254901960785	7.622549019607843	5.0588235294117645	4.117647058823529	8.387254901960784	4.931372549019608	4.200980392156863	7.980392156862745
1070649	5.283870967741936	5.95483870967742	8.655913978494624	2.47741935483871	1.7806451612903227	2.806451612903226	4.348387096774194	1.8408602150537634	4.591397849462366	1.9053763440860214	2.617204301075269	2.5827956989247314	0.3956989247311828	0.47956989247311826	10.223655913978495	5.931182795698925	9.6	5.501075268817204	5.389247311827957	8.223655913978495	4.653763440860215	4.946236559139785	5.559139784946237	4.501075268817204	3.978494623655914	12.670967741935485	5.995698924731183	12.643010752688172	9.80215053763441
1070650	6.133786848072562	4.970521541950113	7.752834467120182	1.9297052154195011	2.0113378684807257	1.800453514739229	3.3333333333333335	1.748299319727891	2.4580498866213154	3.2630385487528346	2.061224489795918	2.070294784580499	2.0453514739229024	0.18594104308390022	9.126984126984127	11.077097505668934	8.702947845804989	5.977324263038549	8.528344671201815	6.283446712018141	4.115646258503402	10.700680272108844	6.095238095238095	4.977324263038549	2.489795918367347	10.47845804988662	12.612244897959183	7.158730158730159	9.941043083900226
548326	7.394688644688645	3.6694139194139193	7.619047619047619	1.9633699633699633	2.7106227106227108	1.1135531135531136	3.9358974358974357	1.2673992673992673	2.1025641025641026	3.3058608058608057	3.739010989010989	3.6336996336996337	0.5521978021978022	0.0	11.055860805860807	6.4423076923076925	10.832417582417582	6.48992673992674	7.298534798534798	3.8305860805860807	3.9450549450549453	6.757326007326007	6.278388278388278	4.887362637362638	4.048534798534798	11.034798534798535	8.706043956043956	7.927655677655678	12.357142857142858
1277370	9.964646464646465	3.0902777777777777	10.078282828282829	2.265151515151515	2.1742424242424243	2.0946969696969697	2.3295454545454546	2.3036616161616164	4.277777777777778	5.6875	2.2777777777777777	2.2632575757575757	0.5707070707070707	0.5429292929292929	9.811868686868687	7.515782828282828	12.47790404040404	6.594065656565657	6.978535353535354	4.648358585858586	4.843434343434343	6.676136363636363	5.46969696969697	5.8522727272727275	3.9867424242424243	10.380050505050505	9.297348484848484	10.430555555555555	11.321969696969697
1420338	5.206521739130435	3.931159420289855	7.795289855072464	3.0543478260869565	3.1050724637681157	1.6322463768115942	5.827898550724638	1.1032608695652173	2.851449275362319	3.217391304347826	1.5126811594202898	2.6431159420289854	0.23731884057971014	0.4945652173913043	10.442028985507246	3.4166666666666665	10.476449275362318	4.726449275362318	9.471014492753623	4.018115942028985	5.594202898550725	6.090579710144928	6.114130434782608	6.179347826086956	3.7065217391304346	12.652173913043478	10.15036231884058	6.561594202898551	8.704710144927537
1420462	7.562248995983936	4.598393574297189	5.626506024096385	1.3132530120481927	2.0240963855421685	0.8955823293172691	1.5903614457831325	3.0963855421686746	3.5140562248995986	6.052208835341365	1.0040160642570282	3.208835341365462	0.3333333333333333	0.714859437751004	11.301204819277109	5.975903614457831	12.06425702811245	5.506024096385542	11.502008032128513	1.5662650602409638	2.57429718875502	5.208835341365462	3.5622489959839356	8.293172690763052	2.2931726907630523	10.016064257028113	9.385542168674698	4.136546184738956	10.257028112449799
1036496	2.499047619047619	2.605714285714286	5.645714285714286	0.8419047619047619	4.24	2.3676190476190477	5.569523809523809	2.259047619047619	0.2761904761904762	1.4342857142857144	0.6952380952380952	1.0285714285714285	0.0	0.0	9.142857142857142	2.1752380952380954	6.47047619047619	2.855238095238095	6.325714285714286	3.0685714285714285	4.9504761904761905	5.32	6.392380952380952	3.7904761904761903	4.051428571428572	8.072380952380952	5.142857142857143	4.984761904761905	4.998095238095238
228955	5.381263616557734	4.444444444444445	4.226579520697168	2.681917211328976	0.08714596949891068	0.0	6.294117647058823	4.65359477124183	2.7538126361655775	3.1982570806100217	2.235294117647059	1.4989106753812635	0.3289760348583878	0.5098039215686274	11.579520697167755	4.723311546840959	15.080610021786493	4.701525054466231	9.0239651416122	3.5947712418300655	7.810457516339869	8.943355119825709	6.845315904139434	6.071895424836601	3.8845315904139435	8.830065359477125	9.681917211328976	5.85838779956427	11.006535947712418
228964	3.7621283255086073	2.651017214397496	5.145539906103286	1.1236306729264476	4.283255086071987	1.0469483568075117	2.615023474178404	0.40062597809076683	2.1173708920187795	3.192488262910798	1.978090766823161	3.539906103286385	1.704225352112676	0.4726134585289515	5.705790297339593	5.605633802816901	9.96244131455399	4.923317683881064	7.225352112676056	5.485133020344288	3.5508607198748043	6.431924882629108	5.694835680751174	3.843505477308294	2.0704225352112675	5.55868544600939	6.410015649452269	5.267605633802817	7.447574334898278
1420404	7.780487804878049	2.432520325203252	8.990243902439024	2.6195121951219513	2.5284552845528454	1.9560975609756097	0.6487804878048781	0.751219512195122	2.8650406504065042	1.4227642276422765	1.9967479674796749	2.0065040650406503	1.473170731707317	0.07642276422764227	7.367479674796748	6.993495934959349	10.642276422764228	5.695934959349594	8.891056910569105	5.8341463414634145	5.349593495934959	7.3951219512195125	4.260162601626016	4.20650406504065	3.8585365853658535	11.442276422764227	8.434146341463414	5.904065040650407	11.4
878781	4.763546798029557	2.9638752052545154	4.428571428571429	1.5845648604269293	3.2561576354679804	0.9901477832512315	3.019704433497537	0.7701149425287356	2.3842364532019706	3.742200328407225	1.2446633825944171	2.341543513957307	1.1510673234811166	0.0	9.90968801313629	3.3727422003284073	7.490968801313629	4.625615763546798	6.35632183908046	7.236453201970443	2.1773399014778323	5.024630541871921	5.671592775041051	7.67816091954023	3.9326765188834156	7.642036124794745	7.239737274220033	6.201970443349754	8.095238095238095
198407	2.4925925925925925	2.087037037037037	4.7555555555555555	1.7648148148148148	5.0018518518518515	1.1185185185185185	3.1296296296296298	3.251851851851852	1.9185185185185185	3.0592592592592593	1.2185185185185186	1.3944444444444444	1.6907407407407407	0.1925925925925926	6.7592592592592595	5.527777777777778	9.816666666666666	5.474074074074074	9.938888888888888	6.6	5.931481481481481	8.994444444444444	6.4	4.151851851851852	3.403703703703704	10.737037037037037	9.97037037037037	5.633333333333334	8.36111111111111
