key	WAM_ALR	WAM_CCR	WAM_IPI	WAM_MAR	WAM_MYS	WAM_PBL	WAM_PJN	WAM_PPR	WAM_PST	WAM_ROL	WAM_SCR	WAM_SGN	WAM_SIS	WAM_TWN	WAR_ALR	WAR_CCR	WAR_IPI	WAR_MAR	WAR_MYS	WAR_PBL	WAR_PJN	WAR_PPR	WAR_PSK	WAR_PST	WAR_RNW	WAR_ROL	WAR_SCR	WAR_SGL	WAR_SIS
1318968	0.8365508365508365	0.9433719433719434	2.3925353925353927	0.38803088803088803	0.035392535392535396	0.6647361647361647	0.40283140283140284	0.6344916344916345	0.28185328185328185	1.6325611325611327	0.0	0.0	0.3886743886743887	0.0	3.3481338481338483	0.8719433719433719	3.443371943371943	0.3815958815958816	1.4176319176319176	1.2413127413127414	0.4041184041184041	1.7265122265122266	1.2387387387387387	0.7400257400257401	1.0411840411840412	3.541827541827542	1.229086229086229	1.9877734877734878	1.7483912483912485
1374392	1.0547945205479452	0.3881278538812785	1.0228310502283104	0.0	2.401826484018265	0.0	0.0	0.593607305936073	0.0	0.0	0.0	0.0	0.0	0.0	1.0639269406392695	0.0	1.1141552511415524	0.0	0.7077625570776256	0.0	0.0	0.0	0.0	2.625570776255708	0.0	6.36986301369863	0.0	0.0	0.0182648401826484
1374393	1.4315555555555555	0.09555555555555556	1.4368888888888889	0.268	0.4271111111111111	0.0	0.11733333333333333	0.076	0.2831111111111111	0.9857777777777778	0.0	0.4902222222222222	0.6586666666666666	0.0	2.6533333333333333	0.13377777777777777	1.7293333333333334	0.5355555555555556	1.2697777777777777	0.42133333333333334	0.4484444444444444	0.0	0.6666666666666666	1.464888888888889	0.4026666666666667	3.5604444444444443	0.13422222222222221	1.1804444444444444	1.6533333333333333
1738279	1.9398907103825136	1.0163934426229508	0.0	0.726775956284153	3.2950819672131146	0.0	0.18579234972677597	0.0	0.0	2.568306010928962	0.0	0.0	0.0	0.0	1.721311475409836	0.30601092896174864	2.191256830601093	0.13114754098360656	3.2295081967213113	1.4918032786885247	0.825136612021858	3.1311475409836067	0.25136612021857924	0.22404371584699453	0.4426229508196721	2.3934426229508197	3.4262295081967213	2.2349726775956285	1.3934426229508197
1212652	1.5536723163841808	0.568738229755179	1.6629001883239172	0.21468926553672316	0.384180790960452	0.4896421845574388	0.0	0.018832391713747645	0.5856873822975518	0.11487758945386065	0.0	0.160075329566855	0.5555555555555556	0.0	2.4670433145009416	1.0376647834274952	3.3804143126177024	0.3107344632768362	1.2335216572504708	0.6214689265536724	0.2504708097928437	0.5875706214689266	0.568738229755179	0.8606403013182674	0.0	3.0207156308851224	1.9717514124293785	1.4199623352165724	0.8436911487758946
901043	1.2121931908155186	0.14410134600158353	0.4782264449722882	0.1377672209026128	0.47743467933491684	0.0	0.5075217735550277	0.0	0.23832145684877276	1.0688836104513064	0.2391132224861441	0.2391132224861441	0.0	0.0	1.3871733966745843	0.7173396674584323	2.3143309580364213	1.3467933491686461	1.1528107680126682	0.4782264449722882	0.684085510688836	0.3436262866191607	0.498812351543943	0.6199524940617577	0.47743467933491684	2.5249406175771973	0.6191607284243864	0.8574821852731591	3.026128266033254
901089	1.9029850746268657	0.11194029850746269	0.3880597014925373	0.0	0.3333333333333333	0.0	1.8706467661691542	0.0	0.5522388059701493	1.1517412935323383	0.0	0.0	0.16666666666666666	0.0	1.9975124378109452	0.0	1.9154228855721394	0.0	0.0	1.3134328358208955	0.0	2.0074626865671643	1.6965174129353233	0.0	0.47512437810945274	3.512437810945274	0.0	0.7910447761194029	2.7686567164179103
901090	1.0628019323671498	0.0	1.9734299516908214	0.0	0.0	0.0	0.533816425120773	0.0	1.2318840579710144	2.681159420289855	0.0	0.5652173913043478	0.0	0.0	2.367149758454106	0.09420289855072464	2.13768115942029	0.0748792270531401	0.0	2.07487922705314	1.714975845410628	1.6256038647342994	0.7729468599033816	0.0	0.8961352657004831	5.091787439613527	1.0314009661835748	1.3429951690821256	1.8454106280193237
901091	0.3655913978494624	0.0	1.043010752688172	0.0	0.0	0.0	0.0	0.0	0.46236559139784944	0.6747311827956989	0.3333333333333333	0.18548387096774194	0.0	0.0	1.185483870967742	1.2768817204301075	0.9865591397849462	1.2741935483870968	0.0	1.1693548387096775	0.0	0.0913978494623656	0.28763440860215056	1.1881720430107527	0.27419354838709675	2.067204301075269	0.40591397849462363	0.1989247311827957	2.4919354838709675
718356	1.6765873015873016	0.32936507936507936	0.8849206349206349	0.0	0.8115079365079365	0.0	0.0	0.5992063492063492	0.0	0.5992063492063492	0.9365079365079365	0.32142857142857145	0.5773809523809523	0.0	1.2261904761904763	1.1726190476190477	3.2043650793650795	1.130952380952381	3.367063492063492	0.02976190476190476	1.8888888888888888	2.5456349206349205	1.4841269841269842	2.0912698412698414	0.04365079365079365	3.1805555555555554	1.0753968253968254	1.001984126984127	0.5753968253968254
718359	0.6917293233082706	0.38596491228070173	1.355889724310777	0.0	1.3583959899749374	0.0	1.2380952380952381	0.0	1.493734335839599	0.012531328320802004	0.0	0.0	0.0	0.0	2.4837092731829573	2.1654135338345863	2.6591478696741855	1.3609022556390977	1.568922305764411	1.1353383458646618	0.731829573934837	2.531328320802005	2.3784461152882206	0.5839598997493735	0.14035087719298245	2.506265664160401	0.48621553884711777	1.1804511278195489	2.5964912280701755
718360	0.564327485380117	1.6111111111111112	0.868421052631579	0.8771929824561403	0.1871345029239766	0.0	1.6783625730994152	0.7485380116959064	0.0	2.1578947368421053	0.0	0.2309941520467836	2.4298245614035086	0.0	2.108187134502924	0.7309941520467836	0.1695906432748538	0.2982456140350877	2.026315789473684	2.1666666666666665	0.2543859649122807	0.0	1.4795321637426901	0.7953216374269005	0.0	3.2514619883040936	1.6754385964912282	0.049707602339181284	5.923976608187134
718363	0.27230046948356806	0.0	0.7089201877934272	0.0	0.9624413145539906	0.0	2.7652582159624415	0.0	0.0	1.6009389671361502	0.0	0.7699530516431925	0.0	0.0	1.6150234741784038	0.8873239436619719	4.197183098591549	0.39436619718309857	0.24413145539906103	0.5211267605633803	0.0	1.591549295774648	0.8075117370892019	1.380281690140845	0.9248826291079812	1.2863849765258215	1.704225352112676	4.36150234741784	3.408450704225352
718364	1.2952380952380953	0.7482993197278912	1.125170068027211	0.11156462585034013	1.092517006802721	0.2789115646258503	0.7755102040816326	0.0	0.0	1.672108843537415	0.31564625850340133	0.8122448979591836	0.4530612244897959	0.0	1.3319727891156463	1.3891156462585035	3.4816326530612245	1.8761904761904762	1.4285714285714286	0.7986394557823129	1.092517006802721	2.527891156462585	2.068027210884354	0.6122448979591837	2.0639455782312925	4.352380952380952	1.7210884353741496	3.416326530612245	3.933333333333333
718365	0.7306843267108167	0.7549668874172185	0.45916114790286977	0.4900662251655629	0.4878587196467991	0.2229580573951435	0.0	0.6622516556291391	0.0	1.2097130242825607	0.4966887417218543	0.05739514348785872	0.9448123620309051	0.0	2.1015452538631347	0.1434878587196468	2.119205298013245	1.3134657836644592	2.9183222958057393	0.046357615894039736	0.24061810154525387	4.653421633554084	2.3642384105960264	0.0	0.9072847682119205	5.958057395143488	0.3333333333333333	0.2229580573951435	2.6048565121412803
718366	0.8952991452991453	0.5961538461538461	0.6196581196581197	0.0	0.17307692307692307	0.0	0.0	0.0	0.0	1.4935897435897436	0.3076923076923077	0.1346153846153846	0.6688034188034188	0.0	3.893162393162393	2.3974358974358974	1.438034188034188	1.356837606837607	0.0	0.32264957264957267	1.2884615384615385	0.391025641025641	0.7927350427350427	1.8076923076923077	0.0	2.91025641025641	0.32264957264957267	0.7393162393162394	0.8376068376068376
718367	0.4291845493562232	0.2832618025751073	1.2317596566523605	0.6323319027181689	0.8555078683834049	0.4291845493562232	0.8383404864091559	0.0	0.43204577968526464	0.9756795422031473	0.0	0.3419170243204578	0.0	0.0	3.3061516452074393	1.4105865522174534	2.161659513590844	0.5693848354792561	0.6523605150214592	1.4892703862660943	1.055793991416309	0.7896995708154506	0.08726752503576538	1.2160228898426324	0.8597997138769671	3.503576537911302	2.2761087267525038	1.413447782546495	3.48068669527897
718368	0.0	0.38823529411764707	4.329411764705882	0.611764705882353	0.0	0.0	1.203921568627451	0.0	0.25098039215686274	1.1686274509803922	0.0	0.0	0.0	0.0	2.2784313725490195	2.6470588235294117	3.403921568627451	1.219607843137255	2.074509803921569	3.16078431372549	0.06666666666666667	0.10980392156862745	0.0	2.4313725490196076	0.06666666666666667	3.4196078431372547	0.9019607843137255	1.4	5.435294117647059
718369	0.679340937896071	1.0709759188846641	1.0861850443599492	0.0	0.0	0.7642585551330798	0.0	0.0	1.0760456273764258	1.6463878326996197	0.21799746514575413	0.7642585551330798	0.0	0.0	1.5019011406844107	3.167300380228137	2.906210392902408	0.7072243346007605	0.6527249683143219	1.2053231939163498	1.5095057034220531	1.7718631178707225	0.9416983523447402	1.0950570342205324	1.3510773130544993	5.309252217997465	1.338403041825095	0.7465145754119138	3.605830164765526
718370	2.500474833808167	0.5906932573599241	1.694207027540361	0.5726495726495726	0.28679962013295346	0.24881291547958215	1.1396011396011396	0.2849002849002849	0.3779677113010446	1.4881291547958215	0.245014245014245	0.0	0.0	0.0	3.1025641025641026	1.0683760683760684	2.92687559354226	1.2241215574548907	1.4586894586894588	1.5698005698005697	1.6030389363722697	1.8376068376068375	1.4624881291547958	1.2488129154795822	0.9173789173789174	4.278252611585945	1.1471984805318138	1.0997150997150997	2.9914529914529915
718346	0.7011695906432749	0.17192982456140352	0.9988304093567252	0.991812865497076	0.776608187134503	0.0	0.3111111111111111	0.0	0.3532163742690059	0.26666666666666666	0.0	0.30116959064327486	0.5286549707602339	0.0	2.6251461988304094	0.9666666666666667	3.6239766081871343	1.3099415204678362	0.876608187134503	1.2432748538011695	1.1134502923976608	1.1608187134502923	1.1046783625730994	1.7146198830409356	0.5286549707602339	4.732163742690059	1.6871345029239766	0.7017543859649122	2.7625730994152047
718347	0.0	1.0591016548463357	2.0685579196217496	0.5153664302600472	0.5721040189125296	0.0	0.0	0.0	0.6713947990543735	2.1843971631205674	0.7115839243498818	0.8652482269503546	0.0	0.0	3.0189125295508275	0.0	2.4018912529550827	0.1938534278959811	2.269503546099291	1.127659574468085	2.0	1.1725768321513002	1.4728132387706856	0.48936170212765956	0.7139479905437353	2.8463356973995273	0.34278959810874704	0.037825059101654845	4.401891252955083
718353	0.6298342541436464	0.31307550644567217	0.003683241252302026	0.2504604051565378	0.0	0.0	1.6740331491712708	0.29097605893186	0.09944751381215469	2.596685082872928	1.985267034990792	0.0	0.016574585635359115	0.0	3.6685082872928176	2.152854511970534	0.7403314917127072	2.023941068139963	1.6040515653775322	1.6574585635359116	0.7476979742173112	1.5303867403314917	2.4898710865561693	1.0607734806629834	0.11786372007366483	3.125230202578269	2.744014732965009	0.8305709023941068	2.5119705340699814
718354	1.573643410852713	0.3385012919896641	0.7777777777777778	0.0	0.39018087855297157	0.0	0.0	0.7777777777777778	0.7803617571059431	2.0103359173126614	1.896640826873385	0.7390180878552972	0.40310077519379844	0.0	1.545219638242894	1.5684754521963824	2.0310077519379846	0.43669250645994834	2.8294573643410854	1.9121447028423773	0.0	0.9612403100775194	1.4728682170542635	2.0361757105943155	0.2868217054263566	1.3746770025839794	0.7777777777777778	1.227390180878553	1.1136950904392764
461760	0.8789308176100629	1.0518867924528301	1.4150943396226414	0.0	0.0	0.0	0.7657232704402516	0.23742138364779874	0.09119496855345911	0.8207547169811321	0.0	0.0	0.7547169811320755	0.0	0.9433962264150944	0.26257861635220126	2.9952830188679247	0.6477987421383647	2.091194968553459	0.2861635220125786	1.0817610062893082	0.4716981132075472	1.5849056603773586	0.5110062893081762	0.3018867924528302	2.720125786163522	0.0	1.5188679245283019	3.349056603773585
461761	1.8251748251748252	2.668997668997669	1.9533799533799534	0.0	0.07226107226107226	0.0	1.121212121212121	0.337995337995338	0.5571095571095571	2.125874125874126	0.0	0.0	1.3356643356643356	0.0	1.3613053613053614	0.5477855477855478	1.8741258741258742	1.0769230769230769	0.5920745920745921	0.0	1.400932400932401	0.0	0.7016317016317016	1.9627039627039626	0.0	3.836829836829837	0.9277389277389277	2.174825174825175	3.0
461753	1.8103975535168195	0.7370030581039755	0.8287461773700305	0.0	0.07951070336391437	0.1834862385321101	0.3730886850152905	0.0	0.44648318042813456	0.0	0.45565749235474007	0.0	0.0	0.0	1.0275229357798166	1.620795107033639	3.1070336391437308	0.0	0.981651376146789	0.0	0.9571865443425076	0.8134556574923547	1.0275229357798166	0.7186544342507645	0.0	4.9296636085626915	1.3975535168195719	1.0611620795107033	2.3577981651376145
1555832	0.075	0.0	2.3041666666666667	0.9625	1.0625	1.8416666666666666	2.5083333333333333	0.0	0.0	0.38333333333333336	0.8791666666666667	0.475	0.0	0.0	3.129166666666667	0.6416666666666667	2.75	0.0	0.975	2.316666666666667	0.3458333333333333	2.6083333333333334	1.5416666666666667	1.9541666666666666	0.85	0.7458333333333333	0.0	2.7375	3.1708333333333334
1616168	0.565121412803532	1.509933774834437	0.0	0.0	0.0	0.0	0.6666666666666666	0.0	0.0	1.2825607064017661	1.6688741721854305	0.282560706401766	0.0	0.0	0.44370860927152317	0.7660044150110376	2.631346578366446	1.9337748344370862	2.136865342163355	0.9293598233995585	0.32671081677704195	1.8476821192052981	1.1545253863134657	1.4415011037527594	0.7660044150110376	8.863134657836644	0.739514348785872	1.4834437086092715	0.6887417218543046
157072	1.5783783783783785	1.308108108108108	1.9945945945945946	0.0	0.0	0.5441441441441441	0.5441441441441441	0.26666666666666666	0.27207207207207207	1.154954954954955	0.27207207207207207	0.0	0.0	0.0	3.4558558558558556	0.218018018018018	2.6126126126126126	2.1765765765765765	0.0	1.1135135135135135	0.34054054054054056	0.4306306306306306	1.0342342342342343	1.2234234234234234	0.18198198198198198	3.5891891891891894	1.0846846846846847	0.6468468468468469	0.563963963963964
901029	3.9384920634920637	0.0	1.5515873015873016	0.0	0.5972222222222222	0.0	1.6527777777777777	0.0	0.3888888888888889	1.4404761904761905	1.1626984126984128	0.0	0.0	0.0	1.5198412698412698	2.1865079365079363	3.0892857142857144	2.267857142857143	1.3174603174603174	1.3591269841269842	0.7103174603174603	0.7261904761904762	2.7083333333333335	1.5952380952380953	0.0	5.704365079365079	1.3849206349206349	0.4642857142857143	3.7896825396825395
1595668	0.0	0.0	0.31862745098039214	0.0	0.6568627450980392	0.7401960784313726	0.0	0.2549019607843137	0.0	0.5833333333333334	0.0	0.0	0.0	0.0	2.3357843137254903	0.9509803921568627	2.7205882352941178	0.40441176470588236	1.1127450980392157	0.27450980392156865	1.2941176470588236	0.6078431372549019	1.0441176470588236	1.7352941176470589	0.0	4.583333333333333	0.4803921568627451	0.6715686274509803	1.6176470588235294
1264765	2.488479262672811	0.23195084485407066	0.41397849462365593	0.5130568356374808	0.0	0.23195084485407066	0.47619047619047616	0.0	0.2403993855606759	0.9800307219662059	0.0	0.23118279569892472	0.4631336405529954	0.0	0.30184331797235026	1.2119815668202765	1.9600614439324118	0.39477726574500765	0.7542242703533026	0.6167434715821812	0.7035330261136713	1.241167434715822	1.9416282642089093	1.5030721966205838	0.41705069124423966	2.9093701996927805	1.0276497695852536	0.46390168970814133	2.414746543778802
901064	0.5375	0.5380952380952381	1.1410714285714285	0.17916666666666667	0.35892857142857143	0.0	0.17976190476190476	0.44702380952380955	0.32083333333333336	0.0	0.5375	0.5357142857142857	0.17857142857142858	0.0	1.2285714285714286	1.1214285714285714	2.119642857142857	0.6267857142857143	1.1125	0.8672619047619048	1.8202380952380952	0.7964285714285714	0.8428571428571429	0.7023809523809523	0.5386904761904762	3.280952380952381	1.1113095238095239	0.8958333333333334	3.223809523809524
528511	2.891891891891892	0.0	1.0648648648648649	0.5531531531531532	0.0	0.5441441441441441	0.05405405405405406	0.0	0.9567567567567568	0.5441441441441441	0.0	0.0	0.5351351351351351	0.0	1.3405405405405406	1.281081081081081	1.6666666666666667	0.43783783783783786	1.0846846846846847	1.2324324324324325	1.145945945945946	0.8990990990990991	1.0882882882882883	0.7441441441441441	0.2648648648648649	2.843243243243243	0.5675675675675675	1.7693693693693693	1.4054054054054055
