key	WAM_ALR	WAM_CCR	WAM_IPI	WAM_MAR	WAM_MYS	WAM_PBL	WAM_PJN	WAM_PPR	WAM_PST	WAM_ROL	WAM_SCR	WAM_SGN	WAM_SIS	WAM_TWN	WAR_ALR	WAR_CCR	WAR_IPI	WAR_MAR	WAR_MYS	WAR_PBL	WAR_PJN	WAR_PPR	WAR_PSK	WAR_PST	WAR_RNW	WAR_ROL	WAR_SCR	WAR_SGL	WAR_SIS
139186	0.4684095860566449	2.3398692810457518	2.9084967320261437	2.44880174291939	1.8257080610021788	1.326797385620915	1.3769063180827887	0.6753812636165577	2.5904139433551197	0.32679738562091504	1.9128540305010893	1.1546840958605664	0.11546840958605664	1.3159041394335511	2.0	5.152505446623094	2.4052287581699345	2.3856209150326797	0.23093681917211328	2.8017429193899783	2.429193899782135	3.7233115468409586	0.8605664488017429	0.8932461873638344	2.5359477124183005	1.6383442265795207	10.226579520697168	2.0326797385620914	3.3398692810457518
986138	0.8183760683760684	1.2542735042735043	0.8867521367521367	1.2542735042735043	0.8782051282051282	1.4679487179487178	2.108974358974359	1.123931623931624	2.326923076923077	0.14743589743589744	2.448717948717949	2.1346153846153846	0.0	0.6452991452991453	0.8739316239316239	9.403846153846153	1.2158119658119657	1.893162393162393	1.982905982905983	5.316239316239316	0.6623931623931624	5.493589743589744	1.1559829059829059	2.4743589743589745	1.8525641025641026	2.1944444444444446	7.160256410256411	1.8675213675213675	2.1324786324786325
986140	3.5130208333333335	1.4635416666666667	3.3776041666666665	2.234375	2.40625	4.0703125	2.2838541666666665	1.234375	1.59375	0.3203125	2.9817708333333335	3.4453125	0.78125	1.3541666666666667	1.7864583333333333	10.513020833333334	2.78125	4.125	1.1796875	2.2265625	5.416666666666667	6.40625	3.1588541666666665	3.5885416666666665	6.020833333333333	2.703125	6.2890625	1.2734375	3.1822916666666665
986141	0.830168776371308	2.951476793248945	2.4177215189873418	1.501054852320675	1.8966244725738397	1.0780590717299579	4.140295358649789	1.09915611814346	2.3143459915611815	0.790084388185654	2.6339662447257384	1.4356540084388185	0.0	0.33544303797468356	2.2626582278481013	10.771097046413502	1.8966244725738397	6.524261603375527	1.6687763713080168	4.182489451476793	3.2658227848101267	8.779535864978904	1.2088607594936709	2.0411392405063293	2.904008438818565	3.1434599156118144	8.094936708860759	1.4535864978902953	2.962025316455696
1064234	1.7550200803212852	3.5240963855421685	3.040160642570281	2.5642570281124497	0.5481927710843374	0.927710843373494	3.6506024096385543	0.06224899598393574	3.9156626506024095	0.0	2.032128514056225	3.2650602409638556	0.23092369477911648	0.6024096385542169	0.963855421686747	16.389558232931726	2.6345381526104417	6.1546184738955825	1.251004016064257	5.134538152610442	1.9779116465863453	3.640562248995984	2.319277108433735	2.1485943775100402	4.279116465863454	1.1285140562248996	11.43574297188755	1.3674698795180722	1.3453815261044177
1064235	1.0277777777777777	4.856481481481482	1.2962962962962963	2.6666666666666665	0.7754629629629629	2.3912037037037037	1.2407407407407407	1.9282407407407407	0.5555555555555556	0.29398148148148145	4.347222222222222	2.6574074074074074	0.0	1.9375	0.7291666666666666	10.953703703703704	3.3819444444444446	6.520833333333333	0.9861111111111112	5.027777777777778	2.4189814814814814	8.416666666666666	1.7615740740740742	2.4189814814814814	4.136574074074074	0.8680555555555556	4.664351851851852	1.5532407407407407	0.6898148148148148
1064233	4.478571428571429	5.454761904761905	3.4976190476190476	3.892857142857143	1.6428571428571428	2.9761904761904763	7.071428571428571	2.123809523809524	3.7928571428571427	0.0	5.2976190476190474	6.571428571428571	1.5857142857142856	0.719047619047619	2.107142857142857	18.15	3.9023809523809523	11.926190476190476	4.485714285714286	8.128571428571428	5.095238095238095	9.507142857142858	4.85	4.664285714285715	7.126190476190477	5.042857142857143	14.847619047619048	3.5428571428571427	1.75
598255	0.753968253968254	0.6785714285714286	2.9484126984126986	1.8015873015873016	1.130952380952381	1.5555555555555556	3.2301587301587302	0.0	0.3055555555555556	0.15873015873015872	3.1666666666666665	4.849206349206349	0.0	0.5952380952380952	0.0	7.817460317460317	0.40476190476190477	2.7103174603174605	0.6626984126984127	3.5674603174603177	2.6984126984126986	4.222222222222222	0.0	2.9484126984126986	5.384920634920635	1.2261904761904763	12.654761904761905	3.2103174603174605	0.6587301587301587
1199808	2.2055555555555557	1.5703703703703704	2.109259259259259	3.5944444444444446	0.9388888888888889	2.109259259259259	1.1055555555555556	2.172222222222222	1.6277777777777778	0.0	2.740740740740741	0.5166666666666667	0.07407407407407407	0.0	1.5777777777777777	9.36111111111111	1.788888888888889	4.705555555555556	2.775925925925926	5.264814814814815	3.535185185185185	8.031481481481482	2.3314814814814815	2.4296296296296296	3.1703703703703705	0.2777777777777778	7.435185185185185	1.7703703703703704	0.8722222222222222
88229	1.3109118086696563	1.5485799701046339	0.004484304932735426	1.0523168908819134	2.001494768310912	0.6337817638266069	1.9222720478325859	1.4035874439461884	1.2316890881913303	0.37070254110612855	2.632286995515695	2.0463378176382663	0.30493273542600896	0.0	0.7638266068759342	5.023916292974589	2.6143497757847536	3.56203288490284	3.7787742899850523	5.0209267563527655	3.298953662182362	9.439461883408072	2.494768310911809	2.8714499252615844	4.136023916292975	3.0837070254110612	6.568011958146487	2.602391629297459	0.6890881913303438
1418197	2.055944055944056	3.543123543123543	3.1025641025641026	2.3426573426573425	1.5407925407925407	1.843822843822844	3.156177156177156	2.9603729603729603	4.582750582750583	0.351981351981352	5.067599067599067	3.1351981351981353	0.0	0.5454545454545454	1.167832167832168	11.016317016317016	2.3892773892773893	6.717948717948718	0.9813519813519813	5.419580419580419	2.331002331002331	8.867132867132867	2.445221445221445	1.8251748251748252	4.407925407925408	2.6013986013986012	13.037296037296038	2.2564102564102564	3.2634032634032635
1418198	1.3773291925465838	1.9032091097308488	1.525879917184265	1.939958592132505	1.3203933747412009	1.3840579710144927	2.0760869565217392	1.7132505175983437	1.460144927536232	0.0	3.4699792960662528	1.703416149068323	0.0	0.8576604554865425	1.7960662525879918	11.667701863354038	1.699792960662526	3.175983436853002	2.079192546583851	4.304865424430642	1.9937888198757765	7.354037267080745	1.7468944099378882	3.077639751552795	3.6454451345755694	2.318840579710145	6.213768115942029	3.902173913043478	0.7365424430641822
1418174	1.6058823529411765	3.796078431372549	1.384313725490196	0.6254901960784314	1.326470588235294	1.3745098039215686	2.0862745098039217	2.1990196078431374	0.6	1.0411764705882354	5.513725490196078	1.142156862745098	0.2950980392156863	0.0	0.5843137254901961	7.358823529411764	1.8352941176470587	5.147058823529412	1.8686274509803922	3.5833333333333335	3.119607843137255	6.799019607843137	0.3323529411764706	2.319607843137255	2.538235294117647	1.6284313725490196	7.902941176470589	1.9823529411764707	1.438235294117647
1418176	0.016091954022988506	0.16091954022988506	1.535632183908046	1.3954022988505748	1.9770114942528736	0.1839080459770115	3.905747126436782	1.4689655172413794	0.993103448275862	0.3471264367816092	2.220689655172414	5.581609195402299	0.3448275862068966	0.0	1.6229885057471265	5.997701149425287	2.174712643678161	3.650574712643678	0.9747126436781609	2.659770114942529	5.374712643678161	5.406896551724138	1.8	0.7839080459770115	0.8781609195402299	2.211494252873563	4.105747126436782	2.7632183908045977	1.1448275862068966
1418177	2.1705426356589146	2.616279069767442	7.445736434108527	4.891472868217054	1.2015503875968991	2.4224806201550386	6.461240310077519	2.1744186046511627	3.5775193798449614	0.0	2.2790697674418605	2.39922480620155	0.17054263565891473	0.0	0.8372093023255814	14.585271317829458	5.922480620155039	3.248062015503876	2.011627906976744	7.325581395348837	2.4844961240310077	5.72093023255814	4.10077519379845	3.003875968992248	5.949612403100775	1.872093023255814	9.034883720930232	3.5155038759689923	3.255813953488372
1418178	0.9874476987447699	2.605299860529986	2.3179916317991633	3.1241283124128314	0.9902370990237099	1.114365411436541	2.9595536959553694	1.6847977684797768	3.485355648535565	1.2608089260808926	2.5481171548117154	1.400278940027894	0.13110181311018132	0.029288702928870293	1.0376569037656904	10.076708507670851	3.6066945606694563	3.691771269177127	2.3570432357043236	5.186889818688982	1.610878661087866	6.414225941422594	1.582984658298466	2.1338912133891212	3.7921896792189678	1.4672245467224547	11.910739191073919	3.7475592747559276	1.2315202231520224
1418179	2.539877300613497	3.660531697341513	3.5316973415132926	2.4805725971370145	1.507157464212679	1.5194274028629857	1.1411042944785277	0.5807770961145194	2.642126789366053	1.4049079754601228	1.7096114519427403	1.0715746421267893	0.0	0.5521472392638037	1.5194274028629857	8.32924335378323	1.2004089979550103	1.2269938650306749	1.5685071574642127	6.2004089979550105	0.3169734151329243	6.411042944785276	2.6932515337423313	3.098159509202454	2.132924335378323	1.2535787321063394	9.680981595092025	2.0715746421267895	3.276073619631902
1418180	2.577889447236181	3.5644891122278057	1.726968174204355	2.809045226130653	2.742043551088777	2.0318257956448913	1.6046901172529313	3.5896147403685092	1.1490787269681741	1.07035175879397	2.9346733668341707	1.6231155778894473	0.0	0.0	1.1256281407035176	8.775544388609715	2.66499162479062	5.16750418760469	2.626465661641541	3.257956448911223	0.4053601340033501	7.5544388609715245	3.1055276381909547	3.4639865996649917	3.3634840871021776	1.984924623115578	8.71356783919598	1.2864321608040201	2.8509212730318256
1418181	2.306060606060606	3.984848484848485	2.262121212121212	2.3106060606060606	0.9878787878787879	0.6212121212121212	2.337878787878788	1.284848484848485	0.7378787878787879	0.4575757575757576	2.231818181818182	0.5121212121212121	0.0696969696969697	0.2287878787878788	1.628787878787879	8.856060606060606	3.212121212121212	3.783333333333333	1.687878787878788	6.3136363636363635	2.193939393939394	3.371212121212121	2.639393939393939	3.0515151515151517	2.8666666666666667	0.8106060606060606	6.513636363636364	1.5636363636363637	1.040909090909091
1418182	0.8787878787878788	3.601010101010101	1.3737373737373737	2.287878787878788	3.297979797979798	1.1111111111111112	0.1919191919191919	0.005050505050505051	1.5	1.398989898989899	1.0858585858585859	1.378787878787879	1.0404040404040404	0.7626262626262627	0.4494949494949495	5.9646464646464645	2.7474747474747474	1.6111111111111112	2.196969696969697	7.358585858585859	2.3585858585858586	4.863636363636363	4.065656565656566	4.474747474747475	2.4797979797979797	3.111111111111111	4.848484848484849	1.7676767676767677	0.5707070707070707
1418185	0.9017857142857143	4.041666666666667	1.9613095238095237	6.288690476190476	3.705357142857143	2.306547619047619	2.9285714285714284	0.375	1.8779761904761905	0.0	4.455357142857143	2.806547619047619	0.49107142857142855	1.2797619047619047	1.9672619047619047	9.011904761904763	2.142857142857143	3.125	1.8839285714285714	4.184523809523809	1.3125	10.226190476190476	2.5148809523809526	2.9970238095238093	4.8125	2.306547619047619	12.261904761904763	4.282738095238095	1.5714285714285714
1418186	1.2706766917293233	3.3759398496240602	1.9273182957393484	2.2957393483709274	0.8120300751879699	2.9423558897243107	1.4987468671679198	0.37844611528822053	2.4210526315789473	0.0	3.8020050125313283	3.182957393483709	0.3433583959899749	1.7543859649122806	1.7543859649122806	5.175438596491228	3.1704260651629075	3.055137844611529	3.1904761904761907	5.12781954887218	0.6491228070175439	6.363408521303258	2.273182957393484	3.5789473684210527	5.909774436090226	2.518796992481203	11.478696741854636	3.3408521303258145	1.799498746867168
1418189	2.587121212121212	1.1477272727272727	1.3674242424242424	1.9753787878787878	1.8731060606060606	0.2840909090909091	2.3958333333333335	1.066287878787879	2.3390151515151514	0.8314393939393939	2.7613636363636362	1.9753787878787878	0.0	0.0	0.5416666666666666	8.662878787878787	2.5170454545454546	3.015151515151515	2.768939393939394	4.206439393939394	3.6268939393939394	5.607954545454546	1.4791666666666667	2.346590909090909	1.6647727272727273	1.071969696969697	8.458333333333334	3.6231060606060606	0.7272727272727273
1418190	0.841025641025641	3.158974358974359	2.6256410256410256	2.805128205128205	0.6743589743589744	1.2153846153846153	2.6717948717948716	1.182051282051282	1.0461538461538462	0.035897435897435895	2.9025641025641025	1.5102564102564102	0.15384615384615385	0.0	2.5256410256410255	8.071794871794872	2.8025641025641024	3.4512820512820515	4.671794871794872	3.3076923076923075	2.651282051282051	10.733333333333333	0.40512820512820513	1.2717948717948717	5.894871794871795	1.1205128205128205	5.0717948717948715	2.3461538461538463	0.7794871794871795
1418191	0.9373848987108656	2.0662983425414363	1.3351749539594844	2.657458563535912	1.3278084714548803	1.29097605893186	2.8011049723756907	0.6243093922651933	0.9429097605893186	1.4861878453038675	3.5101289134438307	3.0184162062615103	0.42173112338858193	0.8324125230202578	0.7200736648250461	9.979742173112339	3.265193370165746	3.802946593001842	1.5046040515653776	3.7992633517495396	2.2320441988950277	7.9244935543278086	1.570902394106814	2.574585635359116	3.9686924493554327	1.3701657458563536	9.570902394106813	3.1215469613259668	2.593001841620626
1702575	1.1563981042654028	2.876777251184834	0.8120063191153238	2.1911532385466033	1.028436018957346	0.4755134281200632	1.4265402843601895	1.0963665086887835	1.4281200631911533	0.627172195892575	3.575039494470774	0.5402843601895735	0.0	0.42812006319115326	1.2132701421800949	9.08214849921011	1.1864139020537126	2.2101105845181674	4.0	2.2195892575039493	2.7835703001579777	5.6808846761453395	1.4723538704581358	2.890995260663507	1.8799368088467614	0.23696682464454977	7.562401263823065	1.3191153238546602	0.5624012638230648
139200	1.1850079744816586	1.61244019138756	1.5135566188197767	2.665071770334928	0.6570972886762361	0.2551834130781499	2.127591706539075	0.0	2.1435406698564594	0.48165869218500795	1.3987240829346093	1.1499202551834131	0.0	0.0	0.9617224880382775	8.539074960127591	3.9776714513556617	3.1371610845295055	1.9266347687400318	7.0	1.2025518341307815	9.9792663476874	1.0574162679425838	2.9776714513556617	1.6331738437001595	2.1371610845295055	8.578947368421053	2.945773524720893	1.2185007974481659
1613639	1.6208530805687205	2.3143759873617693	1.5916271721958926	2.1382306477093205	0.5039494470774092	1.7132701421800949	1.7843601895734598	1.1248025276461295	2.1951026856240126	0.2377567140600316	2.962875197472354	2.9960505529225907	0.2377567140600316	0.0	0.5908372827804107	7.192733017377567	1.6658767772511849	4.026856240126382	1.6658767772511849	4.074249605055292	3.022906793048973	7.203001579778831	1.0718799368088467	2.9273301737756716	2.4739336492890995	1.7851500789889416	4.01263823064771	3.1579778830963665	1.3096366508688784
1461729	2.025462962962963	1.4305555555555556	0.7731481481481481	1.525462962962963	0.9328703703703703	0.6990740740740741	0.6504629629629629	1.275462962962963	0.17592592592592593	0.0	1.7592592592592593	2.0902777777777777	0.4236111111111111	0.0	1.3055555555555556	6.875	0.0	3.8819444444444446	0.4513888888888889	3.400462962962963	1.900462962962963	8.282407407407407	1.3564814814814814	1.8217592592592593	1.1898148148148149	0.6805555555555556	4.761574074074074	2.1875	0.9259259259259259
1461730	3.2357723577235773	1.8487804878048781	1.2292682926829268	1.1609756097560975	1.4991869918699188	3.1105691056910567	1.4845528455284553	1.3707317073170733	1.395121951219512	0.0	0.5723577235772358	1.9056910569105692	0.44878048780487806	0.0	2.694308943089431	8.295934959349594	0.4878048780487805	4.04390243902439	2.5479674796747966	3.5723577235772357	2.5447154471544717	5.982113821138212	1.865040650406504	3.297560975609756	2.9138211382113823	3.221138211382114	7.175609756097561	1.6747967479674797	1.9528455284552846
238755	0.844671201814059	2.6496598639455784	1.3741496598639455	1.6405895691609977	0.7670068027210885	1.9427437641723355	2.189909297052154	1.0776643990929706	1.9421768707482994	0.6009070294784581	3.2817460317460316	2.378684807256236	0.4280045351473923	0.340702947845805	1.286281179138322	8.399092970521542	3.704081632653061	3.759637188208617	2.2352607709750565	4.3061224489795915	3.2222222222222223	6.094671201814059	0.9370748299319728	2.4178004535147393	2.108843537414966	1.3520408163265305	8.167800453514738	1.6099773242630386	2.0272108843537415
245875	1.405240706886045	1.5691651432053626	1.8561852528945766	2.624009750152346	0.6873857404021938	1.2376599634369287	2.9689213893967095	1.8781230956733699	2.2327848872638634	0.31992687385740404	3.3912248628884827	2.3467397928092626	0.20901889092017062	0.3662400975015235	0.4582571602681292	11.626447288238879	2.215112736136502	4.06581352833638	2.387568555758684	5.466788543570993	2.691651432053626	6.139549055453991	1.3839122486288848	3.5496648385131016	2.7068860450944547	2.092626447288239	8.626447288238879	2.83363802559415	2.5252894576477756
