key	WAM_ALR	WAM_CCR	WAM_IPI	WAM_MAR	WAM_MYS	WAM_PBL	WAM_PJN	WAM_PPR	WAM_PST	WAM_ROL	WAM_SCR	WAM_SGN	WAM_SIS	WAM_TWN	WAR_ALR	WAR_CCR	WAR_IPI	WAR_MAR	WAR_MYS	WAR_PBL	WAR_PJN	WAR_PPR	WAR_PSK	WAR_PST	WAR_RNW	WAR_ROL	WAR_SCR	WAR_SGL	WAR_SIS
297575	0.0	0.0	0.0	6.174358974358975	0.0	0.0	0.0	0.0	0.0	0.0	0.0	0.0	0.0	4.651282051282052	0.0	0.0	0.0	0.0	0.0	0.0	0.0	0.0	0.0	0.0	0.0	0.0	0.0	0.0	0.0
1443933	0.0	0.0	0.0	5.236434108527132	0.0	0.0	0.0	0.0	0.0	0.0	0.0	0.0	0.0	0.8217054263565892	0.0	0.0	0.0	0.0	0.0	0.0	0.0	0.0	0.0	0.0	0.0	0.0	0.0	0.0	0.0
1443934	0.0	0.0	0.0	5.6506410256410255	0.0	0.0	0.0	0.0	0.0	0.0	0.0	0.0	0.0	1.6185897435897436	0.0	0.0	0.0	0.8782051282051282	0.0	0.0	0.0	0.0	0.0	0.0	0.0	0.0	0.0	0.0	0.0
1030912	0.0	0.0	0.0	4.510752688172043	0.0	0.0	0.0	0.0	0.0	0.0	0.0	0.0	0.0	2.6272401433691757	0.0	0.0	0.0	0.0	0.0	0.0	0.0	0.0	0.0	0.0	0.0	0.0	0.0	0.0	0.0
1030909	0.0	0.0	0.0	3.9753086419753085	0.0	0.0	0.0	0.0	0.0	0.0	0.0	0.46227709190672156	0.0	3.281207133058985	0.0	0.0	0.1646090534979424	0.0	0.15089163237311384	0.0	0.0	0.0	0.31824417009602196	0.0	0.0	0.0	0.0	0.0	0.0
1030910	0.0	0.0	0.0	2.8052691867124855	0.0	0.0	0.0	0.0	0.0	0.0	0.0	0.6884306987399771	0.0	4.674684994272623	0.0	0.0	0.0	0.0	0.0	0.0	0.0	0.0	0.0	0.0	0.0	0.0	0.0	0.0	0.0
1561965	0.0	0.0	0.0	3.3641456582633054	0.0	0.0	0.0	0.0	0.0	0.0	0.0	0.0	0.0	3.411764705882353	0.0	0.0	0.0	0.8235294117647058	0.0	0.0	0.0	0.0	0.0	0.0	0.0	0.0	0.0	0.0	0.0
123915	0.0	0.0	0.0	5.063291139240507	0.0	0.0	0.0	0.0	0.0	0.0	0.0	0.0	0.0	3.219409282700422	0.0	0.0	0.0	0.0	0.0	0.0	0.0	0.0	0.0	0.1518987341772152	0.0	0.0	0.0	0.0	0.0
66762	0.0	0.0	0.09565217391304348	5.110144927536232	0.0	0.0	0.0	0.0	0.002898550724637681	0.0	0.0	0.46956521739130436	0.0	0.4057971014492754	0.0	0.0	0.0	0.0	0.0	0.0	0.0	0.0	0.0	0.0	0.0	0.0	0.0	0.0	0.0
66763	0.0	0.0	1.7037037037037037	6.029629629629629	0.0	0.6962962962962963	0.0	0.0	1.0	0.0	0.0	1.1407407407407408	0.0	1.348148148148148	0.0	0.0	0.0	0.0	0.0	0.0	0.0	0.0	0.0	0.0	0.0	0.0	0.0	0.0	0.0
66764	0.0	0.0	0.0	6.333333333333333	0.0	0.0	0.0	0.0	0.0	0.0	0.0	1.0121212121212122	0.0	2.624242424242424	0.0	0.0	0.0	0.0	0.0	0.0	0.0	0.0	0.0	0.0	0.0	0.0	0.0	0.0	0.0
66765	0.0	0.0	0.0	6.513687600644122	0.0	0.0	0.0	0.0	0.0	0.0	0.0	0.0	0.0	2.857487922705314	0.0	0.0	0.0	0.0	0.0	0.0	0.0	0.0	0.0	0.0	0.0	0.0	0.0	0.0	0.0
66766	0.0	0.0	0.0	4.289655172413793	0.0	0.0	0.0	0.0	0.0	0.0	0.0	0.26436781609195403	0.0	2.1494252873563218	0.0	0.0	0.0	0.0	0.0	0.0	0.0	0.0	0.0	0.0	0.0	0.0	0.0	0.0	0.0
154067	0.0	0.0	0.0	4.49009900990099	0.0	0.0	0.0	0.0	0.0	0.0	0.0	0.0	0.0	2.113861386138614	0.0	0.0	0.0	0.0	0.0	0.0	0.0	0.0	0.0	0.0	0.0	0.0	0.0	0.0	0.0
401046	0.15757575757575756	0.0	0.0	6.8133333333333335	0.0	0.0	0.0	0.0	0.0	0.0	0.0	0.5733333333333334	0.0	3.267878787878788	0.0	0.0	0.0	0.2	0.0	0.0	0.0	0.0	0.0	0.0	0.0	0.0	0.0	0.0	0.0
401047	0.8930817610062893	0.0	0.0	2.49685534591195	0.0	0.0	0.0	0.0	0.0	0.0	0.0	0.0	0.0	3.3773584905660377	0.0	0.0	0.0	0.7610062893081762	0.0	0.0	0.0	0.0	0.0	0.0	0.0	0.0	0.0	0.0	0.0
401042	0.0	0.0	0.0	6.4423076923076925	0.0	0.0	0.0	0.0	0.0	0.6698717948717948	0.0	1.5673076923076923	0.0	3.173076923076923	0.0	0.0	0.0	0.0	0.0	0.0	0.0	0.1987179487179487	0.0	0.0	0.0	0.0	0.0	0.0	0.0
401043	0.0	0.0	0.0	4.269170579029734	0.0	0.0	0.0	0.0	0.0	0.1111111111111111	0.0	0.945226917057903	0.0	3.604068857589984	0.0	0.0	0.0	0.0	0.0	0.0	0.0	0.1111111111111111	0.0	0.0	0.0	0.0	0.0	0.0	0.0
401044	0.0	0.0	0.0	7.178217821782178	0.0	0.0	0.0	0.0	0.0	0.0	0.24587458745874588	0.0	0.0	3.6947194719471947	0.0	0.0	0.0	0.0	0.0	0.0	0.0	0.0	0.4966996699669967	0.4966996699669967	0.0	0.0	0.0	0.0	0.0
401045	0.0	0.0	0.0	3.89	0.0	0.0	0.0	0.0	0.0	0.0	0.0	0.36	0.0	10.326666666666666	0.0	0.0	0.0	0.0	0.0	0.0	0.0	0.0	0.0	0.0	0.0	0.0	0.0	0.0	0.0
1571559	0.0	0.0	0.0	6.445190156599552	0.0	0.0	0.0	0.0	0.0	0.0	0.0	0.0	0.0	3.4586129753914987	0.0	0.0	0.0	0.0	0.0	0.0	0.0	0.0	0.0	0.0	0.0	0.0	0.0	0.0	0.0
854344	0.0	0.0	0.0	5.447242206235012	0.0	0.0	0.0	0.0	0.0	0.0	0.0	0.7218225419664268	0.0	3.6390887290167866	0.0	0.0	0.0	0.047961630695443645	0.0	0.0	0.0	0.0	0.0	0.0	0.0	0.0	0.0	0.0	0.0
854347	0.0	0.0	0.0	3.3895131086142323	0.0	0.0	0.0	0.0	0.0	0.0	0.0	0.0	0.0	1.6067415730337078	0.0	0.0	0.0	0.0	0.0	0.0	0.0	0.0	0.0	0.0	0.0	0.0	0.0	0.0	0.0
854350	0.0	0.0	0.0	8.423925667828106	0.0	0.0	0.0	0.0	0.0	0.0	0.0	0.0	0.0	1.7665505226480835	0.0	0.0	0.0	0.33914053426248547	0.0	0.0	0.0	0.0	0.0	0.0	0.0	0.0	0.0	0.0	0.0
49897	0.0	0.0	0.0	5.290960451977401	0.0	0.0	0.0	0.0	0.0	0.0	0.0	0.0	0.0	2.1016949152542375	0.0	0.0	0.0	0.0	0.0	0.0	0.0	0.0	0.0	0.0	0.0	0.0	0.0	0.0	0.0
49898	0.0	0.0	0.0	4.857677902621723	0.0	0.28277153558052437	0.0	0.0	0.0	0.0	0.0	0.06928838951310862	0.0	4.507490636704119	0.0	0.0	0.0	0.0	0.0	0.0	0.0	0.0	0.0	0.0	0.0	0.28277153558052437	0.0	0.0	0.8277153558052435
49899	0.0	0.0	0.0	5.083969465648855	0.0	0.0	0.0	0.0	0.0	0.0	0.0	1.0127226463104326	0.0	5.134860050890585	0.0	0.0	0.0	0.0	0.0	0.0	0.0	0.0	0.0	0.0	0.0	0.0	0.0	0.0	0.0
49901	0.0	0.0	0.0	3.751851851851852	0.0	0.0	0.1537037037037037	0.0	0.0	0.0	0.0	0.5925925925925926	0.2722222222222222	6.9185185185185185	0.0	0.12777777777777777	0.0	0.0	0.0	0.0	0.0	0.0	0.0	0.0	0.0	0.0	0.0	0.07037037037037037	0.2796296296296296
49902	0.0	0.0	0.0	9.215873015873015	0.0	0.0	0.5904761904761905	0.0	0.0	0.0	0.0	0.0	0.0	3.4158730158730157	0.0	0.21587301587301588	0.0	0.5396825396825397	0.0	0.0	0.0	0.0	0.0	0.0	0.23809523809523808	0.0	0.0	0.3111111111111111	0.0
49903	0.0	0.0	0.3983739837398374	6.5257452574525745	0.0	0.0	0.0	0.0	0.0	0.0	0.0	1.6368563685636857	0.0	2.238482384823848	0.0	0.0	0.0	0.8428184281842819	0.0	0.0	0.0	0.0	0.0	0.0	0.17344173441734417	0.0	0.0	0.0	0.0
1172088	0.0	0.0	0.0	5.329573934837093	0.0	0.0	0.0	0.0	0.0	0.0	0.0	0.0	0.0	2.4761904761904763	0.0	0.0	0.0	0.0	0.0	0.0	0.0	0.0	0.0	0.0	0.0	0.0	0.0	0.0	0.0
1601273	0.0	0.0	0.0	4.4393939393939394	0.0	0.0	0.0	0.0	0.0	0.0	0.0	0.0	0.0	5.757575757575758	0.0	0.0	0.0	0.0	0.0	0.0	0.0	0.0	0.0	0.0	0.0	0.0	0.0	0.0	0.0
1601274	0.0	0.0	0.0	5.518207282913165	0.0	0.0	0.0	0.0	0.0	0.0	0.0	0.0	0.0	4.1568627450980395	0.0	0.0	0.0	0.0	0.0	0.0	0.0	0.0	0.0	0.0	0.0	0.0	0.0	0.0	0.0
35630	0.0	0.0	0.0	9.738993710691824	0.0	0.0	0.0	0.0	0.0	0.0	0.4748427672955975	0.4716981132075472	0.0	5.720125786163522	0.0	0.0	0.0	0.4025157232704403	0.0	0.0	0.0	0.0	0.0	0.0	0.0	0.0	0.0	0.0	0.0
1559223	0.0	0.0	0.0	5.161111111111111	0.0	0.0	0.0	0.0	0.0	0.18888888888888888	0.0	0.0	0.0	2.2083333333333335	0.0	0.41944444444444445	0.0	0.8361111111111111	0.0	0.0	0.0	0.0	0.0	0.0	0.0	0.0	0.0	0.0	0.0
1559224	0.0	0.0	0.0	5.887611749680715	0.0	0.0	0.0	0.0	0.0	0.0	0.0	0.0	0.0	1.9118773946360152	0.0	0.0	0.0	0.7713920817369093	0.0	0.0	0.0	0.0	0.0	0.0	0.0	0.0	0.0	0.0	0.0
1559226	0.0	0.0	0.0	12.007936507936508	0.0	0.0	0.0	0.0	0.0	0.0	0.0	1.0238095238095237	0.0	5.976190476190476	0.0	0.0	0.0	0.0	0.0	0.0	0.0	0.0	0.0	0.0	0.0	0.0	0.0	0.0	0.0
1754040	0.0	0.0	0.0	5.86254295532646	0.0	0.0	0.0	0.0	0.0	0.0	0.0	0.0	0.0	5.59020618556701	0.0	0.0	0.0	0.04639175257731959	0.0	0.0	0.0	0.0	0.0	0.0	0.0	0.0	0.0	0.0	0.0
1754030	0.0	0.0	0.0	8.086330935251798	0.0	0.0	0.0	0.0	0.0	0.0	0.0	0.0	0.0	2.9544364508393284	0.0	0.0	0.0	0.0	0.0	0.0	0.0	0.0	0.0	0.0	0.0	0.0	0.0	0.0	0.0
1451567	0.0	0.0	0.0	2.6666666666666665	0.0	0.0	0.0	0.0	0.0	0.0	0.0	0.0	0.0	0.0	0.0	0.0	0.0	0.0	0.0	0.0	0.0	0.0	0.0	0.0	0.0	0.0	0.0	0.0	0.0
797845	0.0	0.0	0.0	2.87816091954023	0.0	0.0	0.0	0.0	0.0	0.0	0.0	0.0	0.0	1.5563218390804598	0.0	0.0	0.0	0.0	0.0	0.0	0.0	0.0	0.0	0.0	0.0	0.0	0.0	0.0	0.0
942729	0.0	0.0	0.0	6.322751322751323	0.0	0.0	0.0	0.0	0.0	0.0	0.0	0.0	0.0	3.875661375661376	0.0	0.0	0.0	1.5767195767195767	0.0	0.0	0.0	0.0	0.0	0.0	0.0	0.0	0.0	0.0	0.0
942732	0.0	0.0	0.0	6.309012875536481	0.0	0.0	0.0	0.0	0.0	0.0	0.0	0.0	0.0	4.13590844062947	0.0	0.0	0.0	0.0	0.0	0.0	0.0	0.0	0.0	0.0	0.0	0.0	0.0	0.0	0.0
942737	0.0	0.0	0.0	7.250666666666667	0.0	0.0	0.0	0.0	0.0	0.0	0.4	0.0	0.0	1.168	0.0	0.6506666666666666	0.0	0.8053333333333333	0.0	0.0	0.0	0.0	0.0	0.0	0.0	0.0	0.0	0.0	0.0
942738	0.0	0.0	0.0	1.9745222929936306	0.0	0.0	0.0	0.0	0.0	0.0	0.0	0.0	0.0	0.6178343949044586	0.0	0.0	0.4713375796178344	0.0	0.0	0.0	0.0	0.6008492569002123	0.0	0.0	0.0	0.0	0.0	0.0	0.0
205076	0.0	0.0	0.0	1.2693333333333334	0.0	0.0	0.0	0.0	0.0	0.0	0.0	0.0	0.0	3.501333333333333	0.0	0.0	0.0	0.0	0.0	0.0	0.0	0.0	0.0	0.0	0.0	0.0	0.0	0.0	0.0
205075	0.0	0.0	0.0	4.065817409766455	0.0	0.0	0.0	0.3205944798301486	0.0	0.0	0.0	0.0	0.0	3.4989384288747347	0.0	0.0	0.0	0.0	0.0	0.0	0.0	0.0	0.0	0.0	0.0	0.0	0.0	0.0	0.0
999644	0.0	0.0	0.0	4.126200274348422	0.0	0.0	0.0	0.0	0.0	0.0	0.0	0.0	0.0	3.887517146776406	0.0	0.0	0.0	0.6803840877914952	0.0	0.0	0.0	0.0	0.0	0.0	0.0	0.0	0.0	0.0	0.0
900237	0.0	0.0	0.0	2.911111111111111	0.0	0.0	0.0	0.0	0.0	0.0	0.0	0.4962962962962963	0.0	4.348148148148148	0.0	0.0	0.0	0.0	0.0	0.0	0.0	0.0	0.0	0.0	0.0	0.0	0.0	0.0	0.0
1289952	0.0	0.0	0.0	4.0148809523809526	0.0	0.0	0.0	0.0	0.0	0.0	0.0	0.0	0.0	2.5952380952380953	0.0	0.0	0.0	1.0773809523809523	0.0	0.0	0.0	0.0	0.0	0.0	0.0	0.0	0.0	0.0	0.0
107919	0.0	0.0	0.0	3.6259541984732824	0.0	0.0	0.1806615776081425	0.0	0.0	0.25190839694656486	0.0	0.17048346055979643	0.0	2.366412213740458	0.0	0.0	0.0	0.0	0.0	0.0	0.0	0.06361323155216285	0.0	0.0	0.0	0.0	0.0	0.0	0.0
107921	0.0	0.0	0.0	7.640163098878695	0.0	0.0	0.0	0.0	0.0	0.0	0.0	0.0	0.0	1.9694189602446484	0.0	0.0	0.0	0.0	0.0	0.0	0.0	0.0	0.0	0.0	0.0	0.0	0.0	0.0	0.0
107922	0.0	0.0	0.0	6.08955223880597	0.0	0.0	0.0	0.0	0.0	0.0	0.0	0.0	0.0	3.0223880597014925	0.0	0.0	0.0	0.0	0.0	0.0	0.0	0.0	0.0	0.0	0.0	0.0	0.0	0.0	0.0
1438822	0.0	0.0	0.0	3.792972459639126	0.0	0.0	0.0	0.0	0.0	0.0	0.0	0.0	0.0	1.865147198480532	0.0	0.0	0.0	0.2858499525166192	0.0	0.0	0.0	0.0	0.0	0.0	0.0	0.0	0.0	0.0	0.0
1438809	0.0	0.0	0.0	3.9413919413919416	0.0	0.0	0.0	0.0	0.0	0.0	0.0	0.0	0.0	2.434065934065934	0.0	0.0	0.0	0.0	0.0	0.0	0.0	0.0	0.0	0.0	0.0	0.0	0.0	0.0	0.0
1319419	0.0	0.0	0.0	3.5	0.0	0.0	0.0	0.0	0.0	0.0	0.0	0.22327044025157233	0.0	2.8333333333333335	0.0	0.0	0.0	0.0	0.0	0.0	0.0	0.0	0.0	0.0	0.0	0.0	0.0	0.0	0.0
637032	0.0	0.0	0.0	5.125527426160337	0.0	0.0	0.0	0.0	0.0	0.0	0.0	0.0	0.0	3.492616033755274	0.0	0.0	0.0	0.0	0.0	0.0	0.0	0.0	0.0	0.0	0.0	0.0	0.0	0.0	0.0
1006733	0.0	0.0	0.0	8.473684210526315	0.0	0.0	0.0	0.0	0.0	0.0	0.0	0.0	0.0	1.2748538011695907	0.0	0.0	0.0	0.0	0.0	0.0	0.0	0.0	0.0	0.0	0.0	0.0	0.0	0.0	0.0
815563	0.0	0.0	0.0	7.187739463601533	0.0	0.0	0.0	0.0	0.0	0.0	0.0	0.0	0.0	1.3639846743295019	0.0	0.0	0.0	0.0	0.0	0.0	0.0	0.0	0.0	0.0	0.0	0.0	0.0	0.0	0.0
1176309	0.0	0.0	0.0	2.758454106280193	0.0	0.0	0.0	0.0	0.0	0.0	0.0	0.0	0.0	0.0	0.0	0.0	0.0	0.0	0.0	0.0	0.0	0.0	0.0	0.0	0.0	0.0	0.0	0.0	0.0
1176310	0.0	0.0	0.0	6.333333333333333	0.0	0.0	0.0	0.0	0.0	0.4864864864864865	0.0	0.0	0.0	1.975975975975976	0.0	0.0	0.0	0.0	0.0	0.0	0.0	0.0	0.0	0.0	0.0	0.0	0.0	0.0	0.0
1176311	0.0	0.0	0.0	6.237891737891738	0.0	0.0	0.0	0.0	0.0	0.17094017094017094	0.0	0.4301994301994302	0.0	3.017094017094017	0.0	0.0	0.0	0.4301994301994302	0.0	0.0	0.0	0.0	0.0	0.0	0.0	0.0	0.0	0.0	0.0
1176312	0.0	0.0	0.0	8.654589371980677	0.0	0.0	0.6256038647342995	0.0	0.0	0.0	0.0	0.0	0.3647342995169082	3.0555555555555554	0.0	0.0	0.0	0.0	0.0	0.0	0.0	0.0	0.0	0.0	0.0	0.0	0.0	0.0	0.0
1176313	0.609375	0.2760416666666667	0.0	7.40625	0.0	0.0	0.21875	0.0	0.0	0.0	0.0	0.0	0.0	4.083333333333333	0.0	0.0	0.0	0.0	0.0	0.0	0.0	0.0	0.0	0.0	0.0	0.0	0.0	0.0	0.23958333333333334
1176314	0.12941176470588237	0.9803921568627451	0.0	13.592156862745098	0.0	0.0	0.0	0.0	0.0	0.0	0.0	0.0	0.0	3.145098039215686	0.0	0.0	0.0	0.0	0.0	0.0	0.0	0.0	0.0	0.0	0.0	0.0	0.0	0.0	0.4117647058823529
1698045	0.0	0.0	0.0	4.81704260651629	0.0	0.0	0.0	0.0	0.0	0.0	0.0	0.0	0.0	2.0401002506265664	0.0	0.0	0.0	0.9899749373433584	0.0	0.0	0.0	0.0	0.0	0.0	0.0	0.0	0.0	0.0	0.0
