key	WAM_ALR	WAM_CCR	WAM_IPI	WAM_MAR	WAM_MYS	WAM_PBL	WAM_PJN	WAM_PPR	WAM_PST	WAM_ROL	WAM_SCR	WAM_SGN	WAM_SIS	WAM_TWN	WAR_ALR	WAR_CCR	WAR_IPI	WAR_MAR	WAR_MYS	WAR_PBL	WAR_PJN	WAR_PPR	WAR_PSK	WAR_PST	WAR_RNW	WAR_ROL	WAR_SCR	WAR_SGL	WAR_SIS
1670446	0.9728682170542635	0.27906976744186046	0.0	0.751937984496124	0.0	0.0	0.5077519379844961	0.7015503875968992	1.1085271317829457	0.0	0.0	0.0	0.0	0.5271317829457365	3.046511627906977	0.0	1.058139534883721	1.6705426356589148	0.810077519379845	1.069767441860465	0.5348837209302325	2.0	2.0193798449612403	1.2984496124031009	0.3953488372093023	0.7441860465116279	0.0	2.2790697674418605	0.5852713178294574
1467114	1.1929824561403508	0.0	0.26705653021442494	0.5886939571150097	0.5867446393762183	0.0	1.2846003898635479	0.9044834307992202	0.5867446393762183	0.0	0.0	0.0	0.0	0.5964912280701754	0.12475633528265107	0.0	0.6764132553606238	0.2222222222222222	0.5886939571150097	0.0	0.7485380116959064	0.49122807017543857	0.36062378167641324	1.3294346978557505	0.8245614035087719	0.0	0.0	0.42105263157894735	0.290448343079922
675212	0.0	0.0	1.4857142857142858	0.0	0.0	0.0	0.0	0.0	0.6952380952380952	0.0	0.0	0.1	0.0	1.1714285714285715	1.6476190476190475	0.0	0.0761904761904762	1.061904761904762	1.180952380952381	1.2095238095238094	1.638095238095238	0.0	2.0761904761904764	1.3714285714285714	0.8285714285714286	0.18095238095238095	0.0	0.0	3.1142857142857143
675213	0.0	0.0	0.34972677595628415	0.0	0.0	0.0	0.43169398907103823	0.0	2.519125683060109	0.0	0.7377049180327869	0.5901639344262295	0.0	0.0	0.6693989071038251	0.412568306010929	1.6639344262295082	1.598360655737705	1.0874316939890711	0.0	2.308743169398907	0.0	0.273224043715847	0.8169398907103825	0.8989071038251366	0.9480874316939891	0.0	1.7240437158469946	2.251366120218579
1092970	0.18518518518518517	0.9518518518518518	1.1777777777777778	0.9259259259259259	0.0	0.18888888888888888	0.12222222222222222	0.6703703703703704	2.359259259259259	0.6222222222222222	0.0	0.5555555555555556	0.0	0.0	0.003703703703703704	1.2777777777777777	0.0	1.9703703703703703	1.0037037037037038	0.5518518518518518	3.2925925925925927	0.0	1.114814814814815	3.3703703703703702	0.0	0.6259259259259259	0.3074074074074074	0.0	0.5555555555555556
1092972	2.0944444444444446	0.8305555555555556	0.325	0.0	0.0	0.8388888888888889	0.2388888888888889	0.0	1.461111111111111	0.0	0.0	0.0	0.41805555555555557	0.0	2.2416666666666667	0.12777777777777777	0.0	0.8861111111111111	1.0319444444444446	1.0819444444444444	0.3263888888888889	0.15555555555555556	0.20972222222222223	2.5722222222222224	0.41944444444444445	1.5597222222222222	1.9972222222222222	0.9041666666666667	1.5763888888888888
1092973	0.8118279569892473	0.01881720430107527	0.0	0.5591397849462365	0.0	0.0	0.0	0.0	0.3467741935483871	0.3225806451612903	0.803763440860215	0.0	0.0	0.0	1.596774193548387	0.8118279569892473	1.6129032258064515	0.9838709677419355	0.0	2.411290322580645	1.4704301075268817	0.6397849462365591	0.8091397849462365	2.317204301075269	0.3602150537634409	0.20698924731182797	2.174731182795699	1.2043010752688172	0.7311827956989247
109537	0.0	0.0	0.0	0.7911646586345381	0.0	0.0	0.20080321285140562	0.0	0.6024096385542169	0.07630522088353414	0.0	0.8032128514056225	0.0	0.0	0.0	1.1967871485943775	0.6907630522088354	0.0642570281124498	0.0	0.0	1.7188755020080322	0.30120481927710846	0.0	3.465863453815261	0.30120481927710846	1.0923694779116466	0.8353413654618473	0.285140562248996	0.0
109538	0.0	0.47435897435897434	0.4198717948717949	0.8846153846153846	0.9647435897435898	0.6474358974358975	1.641025641025641	0.0	1.2596153846153846	0.8653846153846154	0.0	1.1826923076923077	0.0	0.7628205128205128	0.0	0.0	0.24358974358974358	1.2852564102564104	0.75	0.0	1.7596153846153846	0.0	0.49038461538461536	2.3044871794871793	0.0	0.0	0.25	0.0	0.20192307692307693
844780	0.0	1.5318352059925093	0.0	0.0	0.7228464419475655	0.5056179775280899	1.8764044943820224	0.43820224719101125	0.599250936329588	0.0	0.0	0.49812734082397003	0.0	0.0	1.8838951310861423	0.0	0.5243445692883895	0.4307116104868914	0.0	2.1722846441947565	0.0	3.1647940074906367	0.19850187265917604	2.6741573033707864	0.8052434456928839	3.3820224719101124	0.0	0.7453183520599251	0.34831460674157305
1550634	0.0	0.0	2.0	0.0	0.0	0.0	0.0	0.0	0.0	0.0	0.0	0.0	0.0	0.0	0.0	0.0	0.0	0.0	0.0	0.8	0.0	0.0	0.0	0.0	1.0	0.0	0.0	0.0	0.0
523564	1.1401515151515151	0.5681818181818182	0.0	0.0	0.7878787878787878	1.0984848484848484	0.0	2.053030303030303	0.0	0.42424242424242425	0.0	0.5681818181818182	0.0	0.0	0.571969696969697	0.0	1.7727272727272727	2.382575757575758	0.0	1.7613636363636365	2.106060606060606	0.0	0.2878787878787879	3.0454545454545454	1.4507575757575757	0.07954545454545454	1.1628787878787878	0.8295454545454546	2.507575757575758
603348	0.6201950659781985	0.17269076305220885	0.8646012621916236	0.3493975903614458	0.2535857716580608	0.18760757314974183	0.17269076305220885	0.0	0.955249569707401	0.5163511187607573	0.0	0.8858290304073436	0.1721170395869191	0.3884107860011474	1.3493975903614457	0.006310958118187034	0.4434882386689616	0.6855995410212278	0.5427423981640849	0.1721170395869191	2.2943201376936315	0.17154331612162937	0.33161216293746415	0.4968445209409065	0.4325874928284567	1.080895008605852	0.38095238095238093	0.9523809523809523	0.780837636259323
528956	0.8626609442060086	0.4284692417739628	1.0822603719599428	0.9506437768240343	0.6266094420600858	0.49856938483547925	1.4070100143061517	1.1130185979971388	0.23247496423462088	0.0	0.0	0.265379113018598	0.3998569384835479	0.42989985693848354	1.611587982832618	0.7138769670958512	0.27753934191702434	0.0	0.82689556509299	0.47567954220314734	2.344062947067239	0.648068669527897	0.4155937052932761	2.3912732474964233	1.293991416309013	1.9320457796852646	1.4270386266094421	0.34048640915593703	0.882689556509299
528959	0.0	0.0	0.4380165289256198	0.15702479338842976	0.0	0.0	2.600550964187328	0.9696969696969697	0.0	0.0	0.25895316804407714	1.5041322314049588	0.0	1.6418732782369145	0.0	1.4931129476584022	0.8319559228650137	1.5977961432506886	0.8319559228650137	0.12947658402203857	0.9173553719008265	2.1377410468319558	0.0	1.440771349862259	1.6391184573002755	0.8319559228650137	0.8622589531680441	2.2672176308539944	0.0
528960	0.23684210526315788	0.0	0.5859649122807018	0.6684210526315789	0.0	0.9771929824561404	2.1736842105263157	1.1175438596491227	0.0	0.0	1.1526315789473685	2.0526315789473686	0.0	0.0	0.0	0.01929824561403509	0.47192982456140353	1.0543859649122806	0.0	0.8473684210526315	0.37894736842105264	0.8789473684210526	0.0	1.619298245614035	0.7192982456140351	0.0	0.3087719298245614	0.4105263157894737	0.0
528962	1.1203155818540433	0.2978303747534517	0.2968441814595661	0.0	0.0	0.8905325443786982	1.4832347140039448	0.9003944773175543	0.7662721893491125	0.5956607495069034	0.0	0.6272189349112426	0.29191321499013806	0.1390532544378698	1.309664694280079	0.3155818540433925	0.0	0.3865877712031558	1.1863905325443787	0.5069033530571992	2.5433925049309667	0.0	0.43984220907297833	0.722879684418146	0.6084812623274162	1.3806706114398422	0.38461538461538464	0.2938856015779093	0.3599605522682446
528963	1.4722222222222223	0.49019607843137253	0.0	0.4934640522875817	0.0	0.0	1.2401960784313726	0.6944444444444444	1.1045751633986929	0.4591503267973856	0.0	0.6323529411764706	0.0	0.4918300653594771	0.8169934640522876	0.8055555555555556	0.0	0.8431372549019608	0.0	1.2581699346405228	1.707516339869281	0.0	0.5735294117647058	3.2058823529411766	0.7483660130718954	0.795751633986928	0.0	1.3169934640522876	0.2826797385620915
528955	0.59958071278826	0.0	0.0	0.33542976939203356	0.559748427672956	0.3333333333333333	0.8784067085953878	0.0	0.0	0.6268343815513627	0.0	1.3375262054507338	0.3165618448637317	0.16142557651991615	0.9329140461215933	0.0	0.6058700209643606	1.2641509433962264	1.8951781970649895	1.6981132075471699	1.7777777777777777	0.0	0.31236897274633124	1.6184486373165619	0.6289308176100629	0.6289308176100629	0.80083857442348	1.3375262054507338	0.0
306861	0.8148148148148148	0.49519890260631	0.4122085048010974	0.7743484224965707	0.32030178326474623	0.2722908093278464	0.8271604938271605	0.5452674897119342	1.3237311385459534	0.20644718792866942	0.0	0.205761316872428	0.23251028806584362	0.6646090534979424	1.681755829903978	0.37997256515775035	0.41289437585733885	0.4074074074074074	0.5205761316872428	1.2661179698216736	0.9012345679012346	0.8559670781893004	0.47462277091906724	2.072702331961591	1.4602194787379972	0.6200274348422496	0.6762688614540466	0.9163237311385459	0.24691358024691357
386050	0.04329004329004329	0.3246753246753247	0.24242424242424243	0.6493506493506493	0.0	0.16017316017316016	0.6536796536796536	0.5432900432900433	1.4372294372294372	0.6536796536796536	0.0	0.5930735930735931	0.0670995670995671	0.3593073593073593	0.22294372294372294	0.06926406926406926	0.3203463203463203	0.70995670995671	0.9415584415584416	1.155844155844156	1.4978354978354977	1.0108225108225108	1.326839826839827	1.4502164502164503	0.2792207792207792	3.1818181818181817	0.13203463203463203	0.5714285714285714	1.0324675324675325
1544128	0.0	1.8860759493670887	0.6729957805907173	0.9535864978902954	0.5970464135021097	0.4092827004219409	0.0	0.9873417721518988	2.1666666666666665	0.0	1.0379746835443038	1.1645569620253164	0.0	0.6350210970464135	2.4472573839662446	0.1940928270042194	0.6350210970464135	0.810126582278481	0.0	0.19198312236286919	1.6919831223628692	0.43037974683544306	0.8713080168776371	1.4261603375527425	0.6434599156118144	1.2426160337552743	0.4388185654008439	0.07383966244725738	2.080168776371308
1544129	0.3333333333333333	1.2834645669291338	0.0	0.0	0.0	0.0	1.236220472440945	0.0	2.0603674540682415	0.0	0.18110236220472442	0.0	0.0	0.0	0.4041994750656168	0.0	0.0	1.2572178477690288	1.4278215223097113	0.7847769028871391	1.0183727034120735	0.0	0.10498687664041995	0.5380577427821522	0.0	1.5013123359580052	0.5118110236220472	1.9343832020997376	1.2782152230971129
1724165	0.7236842105263158	0.0	3.6184210526315788	0.0	0.0	0.11842105263157894	0.19298245614035087	0.0	2.1403508771929824	0.0	0.0	1.7719298245614035	0.0	1.3245614035087718	1.087719298245614	0.0	1.280701754385965	1.605263157894737	1.3421052631578947	1.2456140350877194	0.6008771929824561	0.706140350877193	1.2763157894736843	1.9166666666666667	1.0219298245614035	0.0	0.0	0.2982456140350877	0.0
1724169	0.7391304347826086	0.0	0.6211180124223602	0.7080745341614907	0.6252587991718427	0.2505175983436853	0.906832298136646	0.0	0.0	0.6231884057971014	0.0	0.08695652173913043	0.4389233954451346	0.0	0.5010351966873706	0.0	0.0	0.6231884057971014	0.6211180124223602	1.1118012422360248	0.41200828157349895	0.5921325051759835	0.34575569358178054	1.2277432712215322	0.494824016563147	1.2443064182194616	0.0	0.7598343685300207	0.22567287784679088
1724171	0.7130434782608696	0.4260869565217391	0.0	0.4927536231884058	0.0	0.0	0.43768115942028984	0.0	0.43768115942028984	0.0	0.0	0.3101449275362319	0.0	0.6144927536231884	1.0782608695652174	1.373913043478261	0.0	0.4956521739130435	0.4260869565217391	0.5014492753623189	2.2753623188405796	0.5826086956521739	0.011594202898550725	1.127536231884058	1.863768115942029	0.5681159420289855	0.0	0.0	0.3391304347826087
1724172	0.5033333333333333	0.31166666666666665	0.0	0.0	0.0	0.3566666666666667	0.25166666666666665	0.0	0.0	0.0	0.0	0.25666666666666665	0.0	0.46	0.5033333333333333	0.0	0.5033333333333333	0.5083333333333333	0.7266666666666667	0.8083333333333333	1.975	0.445	1.33	1.72	1.3566666666666667	0.86	0.5016666666666667	1.0066666666666666	0.0
1395931	0.0	0.4671717171717172	0.17676767676767677	0.0	0.3661616161616162	1.042929292929293	0.6060606060606061	0.5050505050505051	0.41414141414141414	0.0	0.0	0.0	0.0	0.7424242424242424	1.5075757575757576	0.0	0.0	0.0	0.3787878787878788	2.3333333333333335	1.3888888888888888	0.2196969696969697	0.0	0.5025252525252525	0.0	0.0	0.0	1.4419191919191918	1.6919191919191918
1395932	0.0	0.0	0.0	0.0	0.0	0.8045977011494253	1.3379310344827586	0.1103448275862069	0.17471264367816092	0.6298850574712643	0.0	1.2045977011494253	0.0	0.0	1.8022988505747126	0.0	0.6896551724137931	0.0	0.5563218390804597	4.00919540229885	1.793103448275862	1.1195402298850574	0.9402298850574713	0.0	0.0	0.167816091954023	0.04827586206896552	1.193103448275862	0.07586206896551724
906465	0.9229559748427673	1.3270440251572326	0.3742138364779874	0.23742138364779874	0.0	0.0	0.21540880503144655	0.6163522012578616	0.42924528301886794	0.14858490566037735	0.026729559748427674	0.5581761006289309	0.47091194968553457	0.2971698113207547	0.25707547169811323	0.0	0.7028301886792453	0.7099056603773585	0.3789308176100629	1.1029874213836477	0.9378930817610063	0.4591194968553459	0.7979559748427673	1.3592767295597483	0.8349056603773585	2.3089622641509435	0.19968553459119498	0.46462264150943394	0.6666666666666666
368756	1.2994791666666667	0.0	0.6848958333333334	0.10677083333333333	0.0	0.0	0.08333333333333333	0.3932291666666667	0.057291666666666664	0.0	0.0	0.20052083333333334	0.0	2.1510416666666665	1.5729166666666667	1.2552083333333333	0.6848958333333334	1.59375	1.4479166666666667	1.9791666666666667	2.8203125	0.15885416666666666	0.3671875	0.953125	0.7760416666666666	0.7604166666666666	1.0963541666666667	1.3619791666666667	0.6666666666666666
1001242	0.37092731829573933	0.0	0.47117794486215536	0.37593984962406013	0.002506265664160401	0.0	0.7518796992481203	0.0	0.656641604010025	0.0	0.0	1.368421052631579	0.556390977443609	0.37844611528822053	0.7543859649122807	0.0	0.0	2.275689223057644	0.41604010025062654	0.0	2.7167919799498748	0.0	0.7543859649122807	0.6516290726817042	1.7919799498746867	0.5614035087719298	0.9197994987468672	0.7568922305764411	0.7568922305764411
1001245	2.872093023255814	0.9302325581395349	0.686046511627907	0.0	0.0	0.12790697674418605	0.813953488372093	0.0	0.0	0.0	0.0	2.813953488372093	0.0	0.0	0.0	0.0	1.1705426356589148	0.5852713178294574	0.9031007751937985	0.8604651162790697	0.875968992248062	0.0	0.0	3.550387596899225	2.8449612403100777	0.0	2.3372093023255816	1.934108527131783	0.0
158505	0.06878306878306878	1.0846560846560847	1.3968253968253967	0.10582010582010581	0.5185185185185185	0.7407407407407407	0.0	0.798941798941799	1.3227513227513228	0.0	0.0	0.0	0.3386243386243386	0.0	1.5343915343915344	0.0	0.0	0.7037037037037037	0.0	1.343915343915344	1.0423280423280423	0.0	2.0105820105820107	0.25396825396825395	0.6878306878306878	0.8677248677248677	0.7301587301587301	2.2751322751322753	0.42857142857142855
382947	0.8132045088566827	0.0008051529790660225	0.6545893719806763	0.07326892109500806	0.24154589371980675	0.8502415458937198	0.8526570048309179	0.4243156199677939	0.9694041867954911	0.3534621578099839	0.0	0.21578099838969403	0.0	0.5491143317230274	1.2552334943639292	0.15458937198067632	1.2053140096618358	0.2431561996779388	0.48470209339774556	0.533816425120773	1.067632850241546	0.0	0.855877616747182	0.8703703703703703	0.4146537842190016	0.6513687600644122	1.0893719806763285	1.1288244766505635	1.0322061191626408
324972	2.3868092691622103	0.0	0.803921568627451	0.0	0.0	0.7896613190730838	0.0	0.49376114081996436	0.4919786096256685	0.0	0.0	0.5401069518716578	0.5365418894830659	0.49910873440285203	1.0516934046345812	0.1408199643493761	0.5614973262032086	0.0	0.7433155080213903	2.0980392156862746	1.303030303030303	0.9946524064171123	0.22994652406417113	1.714795008912656	1.2923351158645275	1.340463458110517	0.6256684491978609	0.5294117647058824	0.26559714795008915
233048	1.426412092283214	1.233890214797136	0.5688146380270486	0.5011933174224343	0.2394590294351631	0.0	1.2537788385043755	0.0	0.6515513126491647	0.0	0.2394590294351631	1.3595863166268893	0.6563245823389021	0.6666666666666666	0.9124900556881463	0.35958631662688945	2.0373906125696104	0.477326968973747	0.9164677804295943	2.0445505171042164	1.4813046937151948	0.45664280031821797	1.050914876690533	2.443914081145585	0.4797136038186158	1.0668257756563246	0.36833731105807477	0.35958631662688945	0.477326968973747
233050	1.1336996336996337	0.5531135531135531	0.5476190476190477	0.8498168498168498	0.0	0.0	1.3571428571428572	0.21245421245421245	0.2765567765567766	0.0	0.0	0.0	0.0	0.2857142857142857	0.5641025641025641	0.0	0.44505494505494503	0.815018315018315	0.5567765567765568	0.7619047619047619	0.3333333333333333	0.6721611721611722	0.018315018315018316	2.0	0.5512820512820513	0.0	0.0	0.0	1.086080586080586
1266875	2.132768361581921	0.4887005649717514	0.03954802259887006	0.0	0.0	0.0	0.0	0.0	0.9943502824858758	0.0	0.0	0.748587570621469	0.0	1.3700564971751412	0.0	0.0	1.5988700564971752	0.0	0.0	1.0056497175141244	1.3418079096045197	0.0	1.3728813559322033	1.5932203389830508	1.46045197740113	0.8700564971751412	1.1271186440677967	0.9745762711864406	0.0
1188174	0.22135416666666666	0.0	0.6875	0.0	0.7864583333333334	0.0	0.578125	0.0	0.4895833333333333	0.0	0.0	0.0	0.0	0.0	4.729166666666667	0.0	1.3359375	0.0	0.5729166666666666	1.3645833333333333	1.546875	0.7838541666666666	0.5182291666666666	2.328125	1.2994791666666667	1.1328125	0.0	3.9036458333333335	0.7213541666666666
1188176	0.23703703703703705	0.3425925925925926	0.42407407407407405	0.5907407407407408	0.2796296296296296	0.0	0.5611111111111111	0.2611111111111111	0.6648148148148149	0.5555555555555556	0.0	0.0	0.0	0.25925925925925924	2.324074074074074	0.0	0.0	0.05925925925925926	0.0	1.3944444444444444	0.0	0.5592592592592592	0.29814814814814816	2.1148148148148147	0.13703703703703704	0.0	0.07037037037037037	1.1907407407407407	0.13703703703703704
1188177	0.8812260536398467	1.9272030651340997	1.7279693486590038	0.41379310344827586	0.0	0.0	0.421455938697318	0.4329501915708812	0.0	0.0	0.0	0.6973180076628352	0.0	0.5747126436781609	0.8544061302681992	0.5708812260536399	0.0	0.9386973180076629	0.0	0.3218390804597701	0.0	0.0	0.05747126436781609	1.2796934865900382	0.7816091954022989	0.0	0.0	0.8659003831417624	0.9195402298850575
1188178	0.4562841530054645	0.4453551912568306	0.5218579234972678	0.36065573770491804	0.0	0.0	0.9836065573770492	1.7404371584699454	0.07650273224043716	0.0	0.0	1.9262295081967213	0.0	0.27049180327868855	3.6065573770491803	0.40710382513661203	0.0	0.18032786885245902	0.0	0.0	1.2349726775956285	0.0	0.76775956284153	2.581967213114754	0.7704918032786885	1.3907103825136613	0.0	0.3224043715846995	0.46994535519125685
1188179	0.6117216117216118	0.0	0.0	0.07326007326007326	0.0	0.0	1.8461538461538463	0.6813186813186813	0.9230769230769231	0.0	0.0	0.0	0.0	0.5897435897435898	3.087912087912088	0.0	0.0	1.2307692307692308	1.1062271062271063	1.249084249084249	1.10989010989011	0.0	1.098901098901099	0.42857142857142855	0.945054945054945	0.5457875457875457	0.608058608058608	0.6007326007326007	0.5641025641025641
1188180	0.6047619047619047	0.0	2.038095238095238	2.880952380952381	0.0	0.0	0.0	0.0	0.0	0.0	0.0	0.0	0.0	0.0	0.0	0.19523809523809524	0.719047619047619	0.7857142857142857	0.0	1.7333333333333334	4.723809523809524	0.0	0.6857142857142857	0.5047619047619047	2.5714285714285716	0.0	0.009523809523809525	0.0	0.0
1188181	0.917989417989418	0.0	2.568783068783069	0.6587301587301587	0.0	1.335978835978836	0.5	0.0	0.3968253968253968	0.0	0.0	0.0	0.0	0.7936507936507936	0.9365079365079365	0.6587301587301587	0.3994708994708995	1.5925925925925926	0.7142857142857143	2.7883597883597884	0.701058201058201	1.5793650793650793	0.35185185185185186	1.4285714285714286	1.2486772486772486	0.8095238095238095	0.0	0.0	0.0
1188182	0.6456456456456456	1.8753753753753755	1.7492492492492493	0.1006006006006006	0.0	0.0	0.5105105105105106	0.0	0.14264264264264265	0.0	0.0	0.0	0.6966966966966966	0.0	1.7042042042042043	0.8033033033033034	1.5675675675675675	0.9594594594594594	0.7012012012012012	0.0	1.6936936936936937	0.0	0.9579579579579579	2.0195195195195197	1.4489489489489489	0.8108108108108109	0.34234234234234234	0.052552552552552555	0.0
1188183	0.7767857142857143	0.0	0.0	0.6369047619047619	0.0	0.12797619047619047	0.0	0.0	0.44345238095238093	0.0	0.0	0.0	0.6607142857142857	0.0	0.7380952380952381	0.17857142857142858	1.5744047619047619	2.1577380952380953	0.7172619047619048	0.0	0.3958333333333333	0.0	0.4523809523809524	1.6011904761904763	0.5208333333333334	3.0535714285714284	1.9880952380952381	0.75	1.0595238095238095
1188184	2.283154121863799	0.10752688172043011	0.0	1.082437275985663	0.0	1.4265232974910393	1.989247311827957	0.0	0.5412186379928315	0.0	0.0	0.0	0.0	0.0	0.0	0.0	0.46236559139784944	1.3799283154121864	0.6594982078853047	1.5663082437275986	1.03584229390681	0.0	0.9068100358422939	1.1756272401433692	0.0	2.7777777777777777	0.0	0.5412186379928315	1.2186379928315412
1188185	0.9497076023391813	0.6584795321637427	0.3532163742690059	0.352046783625731	0.0	0.5134502923976608	1.2187134502923977	0.352046783625731	0.0	0.0	0.0	1.0549707602339182	0.0	0.3532163742690059	1.3742690058479532	0.352046783625731	1.367251461988304	1.0888888888888888	0.16257309941520467	1.5543859649122806	1.6269005847953217	0.0	0.704093567251462	1.7181286549707602	0.20116959064327486	1.9859649122807017	0.8807017543859649	0.5298245614035088	0.5695906432748538
1188186	0.14695340501792115	0.0	0.0	0.0	0.0	0.0	2.5806451612903225	0.0	0.910394265232975	0.2831541218637993	0.0	2.6021505376344085	0.0	0.0	1.5268817204301075	0.0	0.0	5.121863799283154	1.5483870967741935	2.1577060931899643	1.5412186379928314	0.0	1.5268817204301075	1.050179211469534	0.06093189964157706	0.0	0.5376344086021505	0.0	0.8960573476702509
1188187	0.4823717948717949	0.5560897435897436	1.1314102564102564	0.483974358974359	0.046474358974358976	0.0	1.5416666666666667	1.9342948717948718	1.4471153846153846	0.3317307692307692	0.0	0.7083333333333334	1.4439102564102564	0.41025641025641024	0.8589743589743589	0.9663461538461539	0.42628205128205127	1.2628205128205128	1.2548076923076923	2.7548076923076925	2.0128205128205128	0.0	0.0	3.014423076923077	0.907051282051282	0.4230769230769231	0.483974358974359	0.0	1.3397435897435896
1188188	0.5286821705426357	0.5844961240310077	0.47131782945736433	0.9038759689922481	0.38449612403100775	0.0	1.2341085271317829	0.3627906976744186	0.6635658914728683	0.0	0.0	2.1627906976744184	0.0	0.015503875968992248	0.6573643410852713	0.46511627906976744	0.7364341085271318	1.5224806201550387	0.786046511627907	0.13488372093023257	2.68062015503876	0.4666666666666667	0.0	1.0589147286821705	0.023255813953488372	0.4883720930232558	0.8992248062015504	0.1875968992248062	0.0
1188189	2.737864077669903	0.0	1.372168284789644	0.8187702265372169	0.7411003236245954	0.0	1.197411003236246	1.2362459546925566	1.0194174757281553	0.0	0.0	0.6601941747572816	0.0	0.8576051779935275	0.9773462783171522	0.0	1.174757281553398	0.7961165048543689	1.116504854368932	2.8058252427184467	0.517799352750809	0.0	0.6019417475728155	0.0	1.006472491909385	1.2071197411003236	0.0	0.4886731391585761	0.1941747572815534
1188172	0.0	0.6830601092896175	0.0	0.412568306010929	0.18032786885245902	0.0	0.9890710382513661	0.825136612021858	0.0	0.0	0.0	0.5273224043715847	0.0	0.0	0.0	0.412568306010929	0.0	0.9836065573770492	0.6775956284153005	0.21584699453551912	1.5874316939890711	0.0	2.459016393442623	1.7131147540983607	1.4972677595628416	3.4754098360655736	1.6366120218579234	0.412568306010929	1.0191256830601092
1188173	0.0	0.5685185185185185	0.0	0.8351851851851851	0.26851851851851855	0.0	0.012962962962962963	0.0	0.5111111111111111	0.0	0.0	0.5574074074074075	0.0	0.0	2.7314814814814814	0.2796296296296296	0.5574074074074075	0.36666666666666664	1.3777777777777778	0.5537037037037037	1.1203703703703705	0.0	0.17222222222222222	1.5962962962962963	0.8925925925925926	0.5740740740740741	0.2222222222222222	0.8703703703703703	0.0
139105	0.31851851851851853	0.6391534391534391	0.6370370370370371	0.0	0.0	0.635978835978836	0.6328042328042328	1.2857142857142858	0.638095238095238	0.22962962962962963	0.0	0.6550264550264551	0.05925925925925926	0.0	0.9227513227513228	0.6804232804232804	0.7227513227513227	0.09523809523809523	1.0761904761904761	2.8740740740740742	2.732275132275132	0.31746031746031744	0.6222222222222222	0.6	0.9439153439153439	1.2486772486772486	0.5904761904761905	0.6370370370370371	1.4328042328042327
364532	1.193742478941035	0.28760529482551145	0.5812274368231047	0.36101083032490977	0.4717208182912154	0.0	1.5716004813477737	0.09386281588447654	0.21299638989169675	0.0	0.3489771359807461	1.0938628158844765	0.36341756919374246	0.18170878459687123	0.0	0.31167268351383876	0.9001203369434416	0.9025270758122743	0.5607701564380265	1.9951865222623346	0.26714801444043323	0.50661853188929	1.6401925391095067	2.1528279181708783	0.5740072202166066	1.8459687123947053	0.0	0.19975932611311673	0.0
364533	0.35697399527186763	0.6477541371158393	0.3321513002364066	0.3534278959810875	0.3546099290780142	0.7115839243498818	1.0673758865248226	0.0	0.6158392434988179	0.21394799054373523	0.0	0.20212765957446807	0.35697399527186763	0.466903073286052	1.326241134751773	0.0	0.8416075650118203	0.15602836879432624	0.3534278959810875	1.7801418439716312	1.094562647754137	0.3144208037825059	0.7115839243498818	2.0945626477541373	1.190307328605201	0.9468085106382979	0.2907801418439716	0.0	1.594562647754137
905126	0.5833333333333334	0.6434108527131783	1.255813953488372	0.2926356589147287	0.6705426356589147	0.0	0.38953488372093026	1.3546511627906976	0.0	0.5116279069767442	0.0	1.1472868217054264	0.0	0.5833333333333334	1.0232558139534884	0.0	0.29069767441860467	2.6627906976744184	0.8197674418604651	0.6996124031007752	1.627906976744186	0.5368217054263565	2.0329457364341086	0.0	0.4418604651162791	0.8313953488372093	0.5581395348837209	1.0271317829457365	0.29069767441860467
905127	1.9023255813953488	0.5503875968992248	0.12558139534883722	0.689922480620155	0.37209302325581395	0.4682170542635659	1.0682170542635658	0.23255813953488372	1.0790697674418606	0.15193798449612403	0.0	0.862015503875969	0.0	0.0	1.0170542635658915	0.0	0.4666666666666667	1.3767441860465117	0.26976744186046514	0.8976744186046511	1.0170542635658915	0.027906976744186046	0.15193798449612403	0.27286821705426356	0.31317829457364343	0.12558139534883722	0.010852713178294573	0.9364341085271318	0.0
708908	0.30522088353413657	0.20214190093708165	0.06827309236947791	0.4029451137884873	0.0	0.11713520749665328	0.20214190093708165	0.20214190093708165	0.2074966532797858	0.20147255689424365	0.0	0.06760374832663989	0.0	0.8293172690763052	2.1144578313253013	0.0	0.570281124497992	0.606425702811245	0.4029451137884873	0.3821954484605087	2.1338688085676036	0.0	1.2710843373493976	1.2704149933065596	0.7951807228915663	1.0093708165997322	0.40227576974564927	0.5796519410977242	0.5763052208835341
695488	1.165631469979296	0.30124223602484473	0.3115942028985507	0.6325051759834368	0.0	0.0	1.1521739130434783	0.022774327122153208	0.0	0.0	0.0	0.7991718426501035	0.14285714285714285	0.7298136645962733	0.6407867494824017	0.2722567287784679	0.08385093167701864	0.505175983436853	0.15631469979296067	1.7142857142857142	1.8633540372670807	0.3115942028985507	0.30952380952380953	0.6014492753623188	0.4554865424430642	1.4389233954451346	0.2401656314699793	0.6314699792960663	0.4668737060041408
695492	0.349862258953168	1.5950413223140496	0.8319559228650137	0.0	0.0	0.2809917355371901	0.0	0.8126721763085399	0.45454545454545453	0.0	0.0	0.256198347107438	0.0	0.0	2.7796143250688705	0.06060606060606061	2.517906336088154	0.19834710743801653	0.6666666666666666	1.4683195592286502	1.9035812672176309	2.1460055096418733	0.0	0.6584022038567493	0.8898071625344353	0.39944903581267216	0.0	1.5674931129476584	0.0
695494	0.6057213930348259	0.7412935323383084	0.22761194029850745	0.6069651741293532	0.0	0.11318407960199005	0.9191542288557214	0.43532338308457713	0.5833333333333334	0.1044776119402985	0.0	0.0	0.0	0.0	1.205223880597015	0.3743781094527363	1.2450248756218905	0.9378109452736318	0.31592039800995025	1.0398009950248757	1.445273631840796	0.6840796019900498	0.35696517412935325	0.17786069651741293	0.8009950248756219	0.6281094527363185	0.7450248756218906	0.5186567164179104	0.08582089552238806
26479	0.815347721822542	1.4700239808153477	0.0	0.0	0.0	0.0	1.079136690647482	0.0	1.8369304556354915	0.0	0.0	1.0575539568345325	0.10551558752997602	0.0	0.9592326139088729	0.0	0.0	0.7194244604316546	0.4988009592326139	1.0671462829736211	1.774580335731415	0.7242206235011991	0.6738609112709832	1.0623501199040768	2.0863309352517985	0.9496402877697842	0.0	2.9448441247002397	0.36211031175059955
1136780	1.4594594594594594	0.7837837837837838	1.8333333333333333	0.0	0.0	0.8963963963963963	1.162162162162162	0.0045045045045045045	0.0	0.0	0.0	0.0	0.0	0.0	0.1036036036036036	1.1216216216216217	1.2657657657657657	0.0	0.0	0.8423423423423423	0.0	0.0	0.0	0.0	0.509009009009009	1.7477477477477477	2.0315315315315314	0.6711711711711712	1.2342342342342343
1136782	1.2541666666666667	0.0	1.2583333333333333	0.0	0.625	0.35625	0.6270833333333333	0.40625	0.0	0.0	0.0	0.11458333333333333	0.49375	0.0	1.8375	0.0	2.15625	0.37083333333333335	0.2604166666666667	0.6479166666666667	1.5541666666666667	0.0	0.0	0.2708333333333333	0.6291666666666667	0.3229166666666667	0.61875	1.75625	0.7020833333333333
1136783	0.0	1.2666666666666666	0.0	0.0	1.0196078431372548	1.0588235294117647	0.4980392156862745	0.9411764705882353	0.0	0.9764705882352941	0.0	1.231372549019608	0.5647058823529412	0.4745098039215686	1.0549019607843138	0.0	0.32941176470588235	0.0	0.4392156862745098	1.0784313725490196	0.47843137254901963	0.0	0.0	0.9686274509803922	0.12156862745098039	0.5843137254901961	1.427450980392157	0.7843137254901961	1.8823529411764706
