key	WAM_ALR	WAM_CCR	WAM_IPI	WAM_MAR	WAM_MYS	WAM_PBL	WAM_PJN	WAM_PPR	WAM_PST	WAM_ROL	WAM_SCR	WAM_SGN	WAM_SIS	WAM_TWN	WAR_ALR	WAR_CCR	WAR_IPI	WAR_MAR	WAR_MYS	WAR_PBL	WAR_PJN	WAR_PPR	WAR_PSK	WAR_PST	WAR_RNW	WAR_ROL	WAR_SCR	WAR_SGL	WAR_SIS
533093	1.7671957671957672	0.5291005291005291	1.5873015873015872	2.125220458553792	0.9171075837742504	0.8024691358024691	1.800705467372134	1.601410934744268	0.9964726631393298	1.4620811287477955	0.7954144620811288	1.5908289241622575	0.9347442680776014	0.0	2.1569664902998236	2.3315696649029984	2.7777777777777777	2.9382716049382718	0.9329805996472663	6.28042328042328	1.9417989417989419	3.126984126984127	2.0846560846560847	4.742504409171076	1.5943562610229276	2.613756613756614	2.7213403880070546	5.134038800705468	3.437389770723104
533111	3.828677839851024	3.983240223463687	4.1191806331471135	2.171322160148976	0.5623836126629422	0.1452513966480447	3.8324022346368714	3.0279329608938546	3.111731843575419	2.4655493482309123	0.8994413407821229	1.5828677839851024	0.48044692737430167	0.4301675977653631	4.432029795158287	5.033519553072626	2.474860335195531	2.636871508379888	4.901303538175046	3.270018621973929	3.722532588454376	7.340782122905028	3.554934823091248	3.281191806331471	4.162011173184357	4.134078212290503	1.696461824953445	7.64245810055866	2.9497206703910615
1609526	1.0	0.6821705426356589	1.4651162790697674	0.0	0.8992248062015504	2.0	0.4263565891472868	1.5891472868217054	1.441860465116279	0.14728682170542637	0.7131782945736435	0.0	0.4418604651162791	0.0	0.0	2.6511627906976742	1.9767441860465116	1.0	2.6589147286821704	3.6744186046511627	0.8527131782945736	3.8294573643410854	1.248062015503876	9.534883720930232	1.193798449612403	1.2403100775193798	1.4186046511627908	1.62015503875969	0.8682170542635659
618788	2.7287581699346406	3.560457516339869	1.130718954248366	0.7483660130718954	0.7107843137254902	1.2026143790849673	1.4591503267973855	0.5326797385620915	2.5718954248366015	1.7957516339869282	2.5294117647058822	2.5212418300653594	0.4934640522875817	0.4934640522875817	4.622549019607843	5.233660130718954	4.173202614379085	2.7908496732026142	1.8333333333333333	2.2336601307189543	5.854575163398692	3.764705882352941	3.2859477124183005	5.531045751633987	4.740196078431373	5.805555555555555	4.212418300653595	6.898692810457517	2.261437908496732
618790	1.5247863247863247	2.8170940170940173	3.85982905982906	2.111111111111111	2.7572649572649572	0.6376068376068376	5.155555555555556	0.8957264957264958	2.217094017094017	1.594871794871795	2.7384615384615385	3.4034188034188033	0.25811965811965815	0.5162393162393163	3.348717948717949	5.347008547008547	2.1042735042735043	3.0871794871794873	2.31965811965812	5.075213675213675	4.8478632478632475	5.28034188034188	0.8034188034188035	2.982905982905983	5.64957264957265	6.705982905982906	3.5128205128205128	5.512820512820513	2.5811965811965814
215035	0.4780952380952381	2.1695238095238096	2.756190476190476	1.1638095238095238	2.0114285714285716	2.220952380952381	4.8533333333333335	0.1295238095238095	1.457142857142857	3.104761904761905	4.051428571428572	4.466666666666667	0.08	0.2876190476190476	3.0342857142857143	3.7142857142857144	5.137142857142857	4.2	6.765714285714286	1.9542857142857142	6.234285714285714	7.9714285714285715	3.8647619047619046	4.251428571428572	3.3676190476190477	4.897142857142857	2.5752380952380953	7.133333333333334	1.6990476190476191
181814	1.1350308641975309	1.8402777777777777	2.114969135802469	0.9652777777777778	0.24382716049382716	0.7762345679012346	4.217592592592593	1.0578703703703705	2.5933641975308643	2.324074074074074	1.1651234567901234	1.7708333333333333	0.25617283950617287	0.12191358024691358	2.8387345679012346	4.591820987654321	2.2137345679012346	3.445216049382716	3.2106481481481484	5.157407407407407	2.4421296296296298	5.44212962962963	2.678240740740741	6.979166666666667	2.8016975308641974	5.246913580246914	2.2276234567901234	6.948302469135802	4.1705246913580245
181787	0.7170675830469645	3.620274914089347	3.4404352806414664	1.600229095074456	0.861397479954181	1.3694158075601375	3.7016036655211915	1.3453608247422681	3.5171821305841924	1.6345933562428407	1.563573883161512	2.9255441008018326	1.597938144329897	0.1729667812142039	4.034364261168385	6.263459335624284	4.632875143184422	3.615693012600229	2.8379152348224514	5.156930126002291	4.709621993127148	5.060137457044673	3.332187857961054	6.580183276059564	4.06701030927835	6.4289805269186715	3.106529209621993	3.9971363115693013	2.147193585337915
181795	0.17592592592592593	3.0231481481481484	1.75	4.046296296296297	2.837962962962963	0.0	0.9861111111111112	0.3148148148148148	0.5138888888888888	0.8981481481481481	0.875	4.361111111111111	1.6203703703703705	0.0	2.712962962962963	4.069444444444445	5.546296296296297	4.62962962962963	2.185185185185185	5.101851851851852	5.24537037037037	5.273148148148148	2.1064814814814814	3.064814814814815	6.203703703703703	8.152777777777779	5.921296296296297	6.893518518518518	1.6944444444444444
355817	0.9696969696969697	1.2258953168044078	0.8457300275482094	0.928374655647383	1.884297520661157	0.1763085399449036	0.9201101928374655	0.8980716253443526	0.5344352617079889	1.7851239669421488	3.484848484848485	1.1074380165289257	0.721763085399449	0.21212121212121213	2.303030303030303	2.931129476584022	3.0606060606060606	0.8292011019283747	1.7603305785123966	3.0853994490358128	3.8622589531680442	4.289256198347108	1.6225895316804408	5.603305785123967	1.975206611570248	3.4628099173553717	2.597796143250689	2.4545454545454546	3.8953168044077136
1440631	2.3143534994068804	2.5966785290628707	4.536180308422301	2.092526690391459	0.8398576512455516	1.9857651245551602	6.073546856465006	0.3570581257413998	1.1079478054567022	0.7781731909845789	2.6073546856465004	1.690391459074733	0.66429418742586	0.25622775800711745	5.463819691577699	5.68564650059312	2.5753262158956107	2.4270462633451957	2.97864768683274	4.271648873072361	6.264531435349941	6.313167259786477	4.233689205219454	4.744958481613286	4.05338078291815	5.3368920521945435	4.735468564650059	6.141162514827995	4.084223013048636
1440632	2.10752688172043	2.7132616487455197	1.6917562724014337	2.129032258064516	0.942652329749104	1.7634408602150538	5.358422939068101	0.3763440860215054	3.050179211469534	4.720430107526882	2.5627240143369177	5.111111111111111	0.5412186379928315	1.0465949820788532	2.3512544802867383	2.4480286738351253	3.7311827956989245	3.802867383512545	10.268817204301076	5.082437275985663	4.881720430107527	5.458781362007168	1.8243727598566308	4.82078853046595	3.025089605734767	5.874551971326165	6.050179211469534	2.5125448028673834	3.236559139784946
1440633	3.9343832020997374	2.068241469816273	2.073490813648294	1.4566929133858268	0.868766404199475	2.6141732283464565	2.5853018372703414	1.9238845144356955	3.05249343832021	1.5144356955380578	2.5485564304461943	3.47244094488189	3.1548556430446193	1.4619422572178478	6.3412073490813645	2.84251968503937	2.984251968503937	4.606299212598425	6.322834645669292	3.795275590551181	4.553805774278215	7.21259842519685	4.191601049868766	5.645669291338582	3.6246719160104988	7.335958005249344	4.971128608923885	6.829396325459317	4.141732283464567
1440634	2.549586776859504	2.034435261707989	3.0895316804407713	2.935261707988981	1.6349862258953167	1.037190082644628	3.5730027548209367	0.6666666666666666	2.922865013774105	2.5840220385674932	2.3677685950413223	6.191460055096419	2.366391184573003	0.35399449035812675	5.191460055096419	6.81267217630854	6.380165289256198	6.758953168044077	3.5165289256198347	2.268595041322314	5.512396694214876	6.3402203856749315	3.7300275482093666	3.8071625344352618	5.3829201101928374	6.023415977961433	4.855371900826446	7.585399449035813	5.542699724517906
1440635	1.2077294685990339	1.6256038647342994	0.9227053140096618	1.0434782608695652	0.0	0.3647342995169082	2.973429951690821	1.1328502415458936	0.12318840579710146	0.9009661835748792	2.8816425120772946	2.236714975845411	1.1666666666666667	0.0	5.357487922705314	6.323671497584541	3.2946859903381642	6.188405797101449	2.429951690821256	3.1690821256038646	4.055555555555555	6.555555555555555	3.2971014492753623	1.8429951690821256	5.128019323671498	5.644927536231884	3.869565217391304	4.306763285024155	1.4516908212560387
1440636	2.3230769230769233	1.9897435897435898	1.6666666666666667	1.2512820512820513	0.841025641025641	0.7743589743589744	1.2256410256410257	0.0	0.41025641025641024	3.6974358974358976	0.6051282051282051	1.1076923076923078	0.06666666666666667	0.0	3.3384615384615386	6.302564102564102	4.374358974358974	1.994871794871795	0.14358974358974358	3.723076923076923	2.871794871794872	3.5641025641025643	0.9282051282051282	3.9743589743589745	0.6871794871794872	2.5641025641025643	1.2564102564102564	2.2153846153846155	2.58974358974359
1440637	1.9254385964912282	2.0350877192982457	1.8114035087719298	1.6271929824561404	0.5526315789473685	0.5614035087719298	1.855263157894737	1.0789473684210527	1.1403508771929824	2.995614035087719	2.75	2.0219298245614037	0.0	0.0	1.8289473684210527	2.017543859649123	2.8903508771929824	1.8903508771929824	0.7850877192982456	2.8508771929824563	0.40350877192982454	4.5701754385964914	2.456140350877193	2.6842105263157894	0.7149122807017544	3.6798245614035086	2.4166666666666665	9.267543859649123	5.280701754385965
1440638	1.8021680216802167	3.644986449864499	2.5745257452574526	2.368563685636856	1.4200542005420054	2.3658536585365852	0.8157181571815718	0.04607046070460705	1.6124661246612466	1.6341463414634145	0.8075880758807588	2.6775067750677506	0.0	0.0	1.2384823848238482	1.4715447154471544	3.7642276422764227	4.173441734417344	1.4471544715447155	2.9186991869918697	2.8292682926829267	2.7289972899728996	1.002710027100271	2.707317073170732	0.7181571815718157	4.005420054200542	0.6531165311653117	5.626016260162602	3.7777777777777777
1440639	0.8571428571428571	2.1809523809523808	1.1396825396825396	0.9523809523809523	0.0	1.019047619047619	0.4857142857142857	1.53015873015873	1.7174603174603174	1.3365079365079364	0.9777777777777777	3.7396825396825397	1.46984126984127	0.0	2.123809523809524	3.742857142857143	5.533333333333333	2.3904761904761904	3.9015873015873015	2.2412698412698413	2.0507936507936506	1.8317460317460317	2.419047619047619	5.311111111111111	0.9841269841269841	3.1904761904761907	0.9587301587301588	4.580952380952381	3.873015873015873
1440640	1.3242753623188406	2.0416666666666665	1.6195652173913044	0.47101449275362317	0.7952898550724637	1.8333333333333333	2.1557971014492754	0.5036231884057971	0.09601449275362318	1.8695652173913044	2.068840579710145	6.653985507246377	1.7916666666666667	0.0	2.277173913043478	6.483695652173913	5.3768115942028984	5.244565217391305	4.356884057971015	5.3478260869565215	4.521739130434782	3.222826086956522	2.61231884057971	6.536231884057971	4.3478260869565215	6.719202898550725	3.818840579710145	6.530797101449275	5.445652173913044
1440642	0.6015037593984962	2.2230576441102756	4.2706766917293235	1.506265664160401	3.1779448621553885	1.6566416040100251	2.4511278195488724	1.8195488721804511	2.4511278195488724	2.1478696741854635	1.1303258145363408	2.3208020050125313	0.6616541353383458	1.0927318295739348	4.656641604010025	4.245614035087719	2.6591478696741855	3.7167919799498748	4.784461152882206	4.2180451127819545	2.172932330827068	7.6265664160401005	5.295739348370927	4.31328320802005	2.669172932330827	8.230576441102757	3.989974937343358	6.456140350877193	5.5814536340852134
1440643	3.945692883895131	2.1722846441947565	3.295880149812734	3.48689138576779	1.601123595505618	0.9700374531835206	2.1647940074906367	1.8146067415730338	1.3913857677902621	2.704119850187266	4.668539325842697	2.4569288389513106	1.353932584269663	0.5337078651685393	4.646067415730337	4.696629213483146	3.799625468164794	3.189138576779026	1.1591760299625469	4.372659176029963	4.147940074906367	7.653558052434457	2.140449438202247	3.601123595505618	3.7883895131086143	2.8726591760299627	5.812734082397004	3.5224719101123596	4.550561797752809
1440644	2.263888888888889	2.727777777777778	2.9972222222222222	3.827777777777778	1.275	1.85	3.161111111111111	0.8166666666666667	3.925	2.1805555555555554	0.39166666666666666	3.8055555555555554	0.4361111111111111	0.0	2.5027777777777778	4.805555555555555	4.844444444444444	1.0555555555555556	0.4888888888888889	5.183333333333334	1.6222222222222222	3.2111111111111112	4.072222222222222	5.325	2.5083333333333333	4.661111111111111	2.9583333333333335	5.7555555555555555	5.847222222222222
707930	0.7139479905437353	1.0520094562647755	4.851063829787234	4.486997635933806	2.8605200945626477	2.099290780141844	2.4893617021276597	1.6217494089834514	3.8699763593380614	2.7825059101654848	2.3900709219858154	1.3498817966903074	0.2765957446808511	0.0	3.434988179669031	7.7706855791962175	3.482269503546099	2.2080378250591015	3.2411347517730498	5.245862884160757	5.609929078014185	6.855791962174941	3.7943262411347516	4.361702127659575	2.9314420803782504	3.775413711583924	3.8865248226950353	2.5815602836879434	3.5106382978723403
387601	0.7457627118644068	2.062146892655367	0.3983050847457627	0.0	0.13559322033898305	1.1299435028248588	3.1497175141242937	0.3192090395480226	1.7542372881355932	1.573446327683616	2.9604519774011298	1.5593220338983051	1.4096045197740112	0.0	0.9124293785310734	1.38135593220339	3.361581920903955	2.4152542372881354	1.9830508474576272	1.1355932203389831	3.9858757062146895	4.502824858757062	1.689265536723164	3.5903954802259888	4.214689265536723	5.435028248587571	2.6638418079096047	1.384180790960452	0.7994350282485876
58111	1.3399122807017543	1.1655701754385965	0.33114035087719296	1.3223684210526316	1.0383771929824561	0.33114035087719296	1.263157894736842	1.3399122807017543	0.6480263157894737	2.026315789473684	0.32785087719298245	1.093201754385965	0.21710526315789475	0.0	0.7017543859649122	2.8146929824561404	1.2861842105263157	2.2028508771929824	1.3673245614035088	1.9901315789473684	2.3728070175438596	3.837719298245614	2.2214912280701755	3.057017543859649	1.6151315789473684	3.781798245614035	0.9232456140350878	0.9298245614035088	1.4824561403508771
1062414	0.967948717948718	1.5384615384615385	1.2158119658119657	0.6388888888888888	1.297008547008547	1.4935897435897436	0.0	3.1816239316239314	1.955128205128205	0.038461538461538464	0.6452991452991453	1.5769230769230769	0.0	0.35683760683760685	0.202991452991453	3.5085470085470085	3.3141025641025643	2.4358974358974357	2.5811965811965814	4.9081196581196584	2.9465811965811968	2.677350427350427	1.626068376068376	2.5662393162393164	2.4871794871794872	3.376068376068376	1.2008547008547008	2.8974358974358974	0.5555555555555556
605444	2.6091954022988504	2.510344827586207	0.7310344827586207	2.6482758620689655	2.7425287356321837	0.0	0.45977011494252873	0.20229885057471264	1.5793103448275863	1.3586206896551725	0.0735632183908046	3.4114942528735632	0.0	0.593103448275862	3.514942528735632	2.933333333333333	0.5195402298850574	1.657471264367816	2.4413793103448276	0.6252873563218391	0.0	1.7540229885057472	1.2436781609195402	1.3885057471264368	1.0436781609195402	1.8	2.2344827586206897	3.8597701149425285	1.4781609195402299
605445	3.310759969902182	3.0067720090293455	1.746425884123401	1.2310007524454476	0.871331828442438	2.544018058690745	3.125658389766742	3.2242287434161025	2.3581640331075997	2.1610233258088787	3.364936042136945	3.6117381489841986	0.6794582392776524	0.2513167795334838	2.219714070729872	2.6463506395786305	0.454477050413845	3.3303235515425134	1.2234762979683973	1.9367945823927766	2.129420617005267	3.3197893152746425	1.9051918735891649	3.3039879608728366	1.7223476297968396	3.1015801354401806	2.181339352896915	3.945823927765237	2.106094808126411
605446	0.0	3.108108108108108	0.0	1.945945945945946	1.0846846846846847	0.863063063063063	2.3225225225225223	0.7945945945945946	1.3585585585585584	1.054054054054054	1.5279279279279279	3.5207207207207207	0.0	0.0	1.8306306306306306	1.418018018018018	1.8036036036036036	0.9441441441441442	1.9477477477477478	4.308108108108108	1.009009009009009	0.08828828828828829	1.9315315315315316	4.731531531531531	3.120720720720721	4.333333333333333	2.873873873873874	2.645045045045045	1.09009009009009
605447	3.6746031746031744	2.537037037037037	1.9285714285714286	0.6851851851851852	0.7566137566137566	1.3042328042328042	5.277777777777778	2.8253968253968256	2.2354497354497354	1.5158730158730158	3.880952380952381	4.928571428571429	0.798941798941799	1.7222222222222223	5.444444444444445	1.2407407407407407	1.9523809523809523	5.912698412698413	2.0793650793650795	2.759259259259259	2.708994708994709	5.825396825396825	1.3253968253968254	6.1878306878306875	2.4047619047619047	3.462962962962963	4.301587301587301	3.4285714285714284	1.8783068783068784
605448	5.994987468671679	2.5338345864661656	1.93734335839599	0.0	0.7543859649122807	2.210526315789474	2.2957393483709274	3.235588972431078	2.4035087719298245	3.5588972431077694	2.1979949874686717	3.669172932330827	0.0	2.1228070175438596	2.9949874686716793	1.0150375939849625	2.393483709273183	4.393483709273183	0.5338345864661654	2.481203007518797	4.619047619047619	5.408521303258145	1.3909774436090225	5.611528822055138	3.789473684210526	4.117794486215539	5.117794486215539	4.496240601503759	2.6416040100250626
499673	0.11324786324786325	1.0683760683760684	3.5683760683760686	0.0	0.967948717948718	0.0	3.628205128205128	1.4145299145299146	1.376068376068376	1.4957264957264957	0.32264957264957267	4.284188034188034	0.967948717948718	0.6452991452991453	1.982905982905983	2.980769230769231	3.2777777777777777	4.388888888888889	0.3974358974358974	3.1346153846153846	4.271367521367521	3.752136752136752	2.0384615384615383	3.8333333333333335	2.3504273504273505	5.414529914529915	1.873931623931624	4.57051282051282	4.354700854700854
413501	2.228855721393035	1.2338308457711442	4.766169154228856	4.278606965174129	0.05472636815920398	2.681592039800995	1.5174129353233832	0.9253731343283582	1.9502487562189055	0.6915422885572139	3.4975124378109452	0.9552238805970149	1.1840796019900497	0.0	5.786069651741293	4.855721393034826	3.870646766169154	4.2835820895522385	5.845771144278607	5.472636815920398	3.029850746268657	7.527363184079602	5.825870646766169	8.805970149253731	4.751243781094527	4.616915422885572	3.0945273631840795	5.980099502487562	2.4776119402985075
413502	3.0253164556962027	3.8734177215189876	3.2320675105485233	0.0	1.9367088607594938	2.0843881856540083	3.4050632911392404	3.0337552742616034	0.7679324894514767	0.869198312236287	4.5021097046413505	4.421940928270042	0.6455696202531646	0.620253164556962	6.548523206751055	15.118143459915611	7.033755274261603	5.5738396624472575	7.248945147679325	6.5358649789029535	4.1645569620253164	7.544303797468355	5.59915611814346	8.848101265822784	4.843881856540085	8.021097046413502	0.6286919831223629	3.8143459915611815	1.7721518987341771
1612444	1.5245283018867926	3.033333333333333	2.5987421383647797	3.0559748427672955	1.0509433962264152	1.790566037735849	4.60125786163522	2.1257861635220126	2.9584905660377356	1.6012578616352202	2.4251572327044024	2.5584905660377357	0.7547169811320755	0.8880503144654088	6.546540880503144	5.031446540880503	3.0616352201257864	1.930188679245283	3.2849056603773583	4.586792452830188	6.054088050314466	5.936477987421384	3.056603773584906	5.29937106918239	4.2723270440251575	5.983018867924528	2.750943396226415	5.807547169811321	2.4817610062893083
1299760	1.2124756335282652	1.327485380116959	1.0974658869395713	0.29434697855750486	0.8031189083820662	0.18128654970760233	2.270955165692008	0.0	0.49317738791423	1.4522417153996101	2.101364522417154	1.1734892787524367	0.26900584795321636	0.4502923976608187	2.0955165692007798	1.5594541910331383	1.7426900584795322	1.0838206627680311	3.0896686159844053	3.3391812865497075	6.288499025341131	6.413255360623782	3.9688109161793372	4.797270955165692	3.0311890838206628	5.715399610136452	3.7524366471734893	4.09551656920078	3.5925925925925926
684045	1.1395348837209303	2.9689922480620154	1.227390180878553	0.8036175710594315	0.8914728682170543	0.7777777777777778	2.795865633074935	0.43410852713178294	0.8268733850129198	1.3049095607235142	2.9483204134366927	2.8656330749354004	0.0	0.9147286821705426	4.695090439276486	7.149870801033591	7.03359173126615	2.4108527131782944	5.75968992248062	5.4005167958656335	2.364341085271318	5.0490956072351425	5.322997416020672	2.9612403100775193	3.007751937984496	6.30749354005168	1.4573643410852712	4.886304909560724	1.950904392764858
684047	0.8666666666666667	3.4851851851851854	2.8962962962962964	0.43703703703703706	0.0	0.9444444444444444	2.185185185185185	0.1037037037037037	2.7111111111111112	1.151851851851852	2.774074074074074	3.7777777777777777	0.9925925925925926	0.0	2.7925925925925927	5.411111111111111	1.4592592592592593	8.051851851851852	4.7518518518518515	4.877777777777778	2.562962962962963	6.333333333333333	1.8333333333333333	6.514814814814815	4.45925925925926	3.933333333333333	2.6444444444444444	6.048148148148148	2.8074074074074074
449138	1.2731997030438011	0.9710467706013363	1.971789161098738	1.7906458797327394	0.5434298440979956	1.7008166295471419	1.9101707498144023	0.8960653303637713	1.4023756495916853	1.022271714922049	0.9183370452858204	2.6570155902004453	0.0	0.13956941351150706	1.7958426132145509	4.425389755011136	2.493689680772086	2.2902746844840385	1.4305864884929473	2.884187082405345	2.705270972531552	2.593170007423905	1.5976243504083147	5.654046028210839	1.651818856718634	4.4387527839643655	2.2657757980697846	3.5515961395694133	2.3459539717891613
129027	1.374468085106383	2.3418439716312056	2.956028368794326	2.0269503546099292	0.38865248226950355	0.6425531914893617	1.0936170212765957	0.8865248226950354	3.1361702127659576	1.7134751773049646	1.225531914893617	1.5404255319148936	0.42836879432624114	0.0	2.8865248226950353	3.6425531914893616	1.9617021276595745	2.795744680851064	2.279432624113475	5.005673758865248	1.2170212765957447	5.221276595744681	3.5815602836879434	4.492198581560284	1.1971631205673758	5.808510638297872	3.775886524822695	2.5319148936170213	2.3943262411347517
129028	0.7651515151515151	0.5909090909090909	1.8080808080808082	1.8409090909090908	2.0757575757575757	3.073232323232323	2.1944444444444446	0.7070707070707071	1.9924242424242424	1.095959595959596	1.8156565656565657	2.9873737373737375	0.0	0.9065656565656566	3.4166666666666665	2.8181818181818183	1.5227272727272727	1.8535353535353536	1.5126262626262625	4.954545454545454	5.078282828282828	6.709595959595959	3.6717171717171717	2.914141414141414	2.595959595959596	4.111111111111111	3.143939393939394	3.5656565656565657	6.123737373737374
104553	0.17869415807560138	1.563573883161512	2.361970217640321	0.8396334478808706	0.7995418098510882	0.9736540664375716	1.729667812142039	0.6048109965635738	0.3459335624284078	1.5303550973654065	1.0183276059564719	3.163802978235968	0.3447880870561283	0.0	0.4581901489117984	2.1305841924398625	1.3963344788087055	2.2966781214203893	1.2359679266895762	0.9255441008018328	1.9495990836197021	2.6036655211912945	2.011454753722795	2.0721649484536084	1.556701030927835	2.77205040091638	2.6907216494845363	1.720504009163803	2.2554410080183276
104554	1.3952569169960474	2.096179183135705	1.8300395256916997	0.5638998682476943	1.1330698287220027	0.7944664031620553	2.399209486166008	0.09486166007905138	0.3926218708827404	2.5243741765480894	0.19894598155467721	1.4176548089591567	0.7957839262187089	0.0	3.1805006587615283	2.430830039525692	3.4176548089591567	1.901185770750988	1.5810276679841897	4.310935441370224	1.9723320158102766	5.876152832674572	1.6455862977602107	4.330698287220026	1.9855072463768115	4.444005270092227	5.324110671936759	6.05270092226614	2.093544137022398
104551	0.0	0.708994708994709	3.9735449735449735	1.82010582010582	1.6825396825396826	0.5925925925925926	1.4074074074074074	0.6349206349206349	0.0	0.7936507936507936	0.0	0.8677248677248677	0.0	0.798941798941799	2.068783068783069	1.1851851851851851	2.814814814814815	3.873015873015873	0.9947089947089947	2.1005291005291005	1.9841269841269842	3.8465608465608465	1.4232804232804233	4.693121693121693	1.873015873015873	3.8253968253968256	4.26984126984127	0.7566137566137566	2.7777777777777777
646669	2.6587301587301586	0.43253968253968256	2.638888888888889	0.7043650793650794	0.6607142857142857	0.8988095238095238	1.378968253968254	1.2936507936507937	1.9682539682539681	3.6825396825396823	2.238095238095238	3.2023809523809526	0.9345238095238095	0.0	1.382936507936508	0.9384920634920635	3.1805555555555554	1.8492063492063493	2.5	3.4246031746031744	2.5932539682539684	4.531746031746032	0.7757936507936508	4.692460317460317	2.1825396825396823	2.9305555555555554	3.9444444444444446	3.25	1.3412698412698412
469736	1.4813218390804597	2.9094827586206895	1.8706896551724137	2.7672413793103448	1.0201149425287357	1.507183908045977	1.0402298850574712	1.4698275862068966	1.735632183908046	0.41954022988505746	1.6566091954022988	2.961206896551724	0.21839080459770116	0.2557471264367816	3.839080459770115	3.0043103448275863	3.2916666666666665	3.4295977011494254	2.3635057471264367	3.4080459770114944	3.843390804597701	5.580459770114943	2.8275862068965516	5.675287356321839	3.3850574712643677	3.0905172413793105	3.139367816091954	4.192528735632184	2.5100574712643677
1119782	3.2279745685740235	1.6466848319709355	2.362397820163488	0.9164396003633061	0.8455949137148048	0.818346957311535	2.941871026339691	0.888283378746594	1.3469573115349682	0.821071752951862	1.603088101725704	0.8528610354223434	1.4931880108991826	0.2742960944595822	2.9118982742960946	5.452316076294278	2.4523160762942777	3.2524977293369663	2.316076294277929	4.292461398728428	2.8474114441416893	4.362397820163488	2.500454132606721	4.700272479564033	1.8047229791099	4.545867393278837	2.8564940962761125	2.4732061762034516	1.7020890099909174
1098449	0.0	1.177304964539007	0.0	0.0	2.2624113475177303	1.2092198581560283	0.0	1.7730496453900708	0.8333333333333334	0.05673758865248227	2.9078014184397163	2.5531914893617023	0.0	0.0	1.070921985815603	5.156028368794326	0.28368794326241137	2.475177304964539	0.36879432624113473	4.276595744680851	2.4290780141843973	2.2872340425531914	0.45390070921985815	2.3652482269503547	1.6631205673758864	1.599290780141844	2.49290780141844	0.24113475177304963	1.6205673758865249
928675	0.5592592592592592	0.0	1.4296296296296296	2.5185185185185186	0.12962962962962962	0.5518518518518518	3.3518518518518516	0.34074074074074073	1.9481481481481482	1.4555555555555555	2.522222222222222	1.614814814814815	1.4962962962962962	0.0	2.859259259259259	5.5	2.6555555555555554	2.6555555555555554	1.6592592592592592	1.8296296296296297	3.3703703703703702	4.555555555555555	4.288888888888889	3.111111111111111	1.348148148148148	3.751851851851852	2.596296296296296	0.7666666666666667	2.066666666666667
928676	0.0	1.4779411764705883	0.0	0.42401960784313725	0.571078431372549	0.0	0.4387254901960784	0.14215686274509803	1.1029411764705883	0.17892156862745098	0.7058823529411765	0.7401960784313726	0.4068627450980392	0.0	1.7352941176470589	1.0318627450980393	2.0857843137254903	3.338235294117647	0.6691176470588235	0.6544117647058824	0.7573529411764706	0.7107843137254902	0.5735294117647058	0.6985294117647058	0.25980392156862747	0.3700980392156863	0.75	0.5049019607843137	0.23039215686274508
1432141	0.7823439878234398	1.5342465753424657	3.2313546423135464	1.3622526636225267	0.4018264840182648	0.6742770167427702	2.6270928462709286	1.4977168949771689	2.409436834094368	2.5144596651445967	0.4292237442922374	1.4231354642313547	0.9467275494672754	0.0	2.2557077625570776	0.7549467275494672	2.2922374429223744	0.7123287671232876	3.121765601217656	2.573820395738204	3.2100456621004567	3.085235920852359	2.5251141552511416	5.0091324200913245	2.7884322678843225	3.476407914764079	0.4703196347031963	0.8964992389649924	1.669710806697108
1090790	1.7961309523809523	1.3467261904761905	1.4464285714285714	1.3258928571428572	0.15178571428571427	0.0	1.2827380952380953	1.2425595238095237	1.3214285714285714	0.6116071428571429	0.6815476190476191	1.5	0.4494047619047619	0.0	1.3154761904761905	2.6235119047619047	0.7946428571428571	0.5639880952380952	1.5610119047619047	2.2544642857142856	1.3586309523809523	1.5386904761904763	1.8095238095238095	1.8511904761904763	0.8988095238095238	2.2336309523809526	1.8898809523809523	2.8764880952380953	1.3050595238095237
615112	0.9260752688172043	0.7755376344086021	1.9650537634408602	1.271505376344086	2.5510752688172045	1.038978494623656	5.331989247311828	2.0725806451612905	1.9798387096774193	2.5080645161290325	2.745967741935484	3.971774193548387	0.8158602150537635	0.3279569892473118	3.889784946236559	8.318548387096774	4.916666666666667	4.622311827956989	2.0228494623655915	3.4448924731182795	3.407258064516129	9.155913978494624	2.543010752688172	6.852150537634409	4.830645161290323	4.908602150537634	3.85752688172043	5.670698924731183	3.235215053763441
1649374	0.5045045045045045	0.0	0.8558558558558559	2.036036036036036	0.45045045045045046	1.2762762762762763	2.1531531531531534	1.2582582582582582	1.7357357357357357	0.8198198198198198	0.9069069069069069	2.4654654654654653	0.45045045045045046	0.30930930930930933	0.9669669669669669	1.5255255255255256	1.8108108108108107	3.015015015015015	0.45345345345345345	0.45045045045045046	0.7207207207207207	3.6786786786786787	1.7747747747747749	0.5075075075075075	1.1681681681681682	1.7687687687687688	3.5915915915915915	4.990990990990991	1.7957957957957957
201782	0.0	0.0	0.0	0.0	0.0	0.0	0.45871559633027525	0.0	0.0	0.0	0.0	0.9235474006116208	0.9235474006116208	0.0	1.8073394495412844	0.5840978593272171	0.9235474006116208	0.1345565749235474	0.0	0.9235474006116208	0.0	0.5779816513761468	0.012232415902140673	0.0	0.0	1.963302752293578	0.0	0.7492354740061162	0.0
201784	1.0547945205479452	1.4863013698630136	2.660958904109589	1.0970319634703196	0.7031963470319634	0.639269406392694	2.3127853881278537	0.8378995433789954	3.211187214611872	1.2328767123287672	3.106164383561644	3.517123287671233	0.9509132420091324	0.3447488584474886	5.171232876712328	4.603881278538813	2.7751141552511416	2.0319634703196345	1.1369863013698631	2.834474885844749	3.26027397260274	5.566210045662101	3.2351598173515983	5.420091324200913	2.430365296803653	3.800228310502283	4.811643835616438	3.675799086757991	1.7557077625570776
1503084	0.0	1.4395604395604396	5.311355311355311	1.3443223443223444	4.95970695970696	0.26373626373626374	1.5567765567765568	1.9743589743589745	1.8241758241758241	1.5970695970695972	1.0622710622710623	4.106227106227106	0.4981684981684982	0.0	3.2051282051282053	6.384615384615385	3.5128205128205128	3.457875457875458	3.7142857142857144	4.490842490842491	5.937728937728938	2.9157509157509156	3.5934065934065935	5.934065934065934	2.6923076923076925	6.589743589743589	2.791208791208791	3.227106227106227	2.9194139194139193
1188762	1.4265010351966874	0.6252587991718427	2.3850931677018634	0.0	0.0	0.014492753623188406	0.5486542443064182	0.3105590062111801	1.3064182194616978	2.751552795031056	2.132505175983437	1.5590062111801242	0.5817805383022774	0.0	5.606625258799172	3.1677018633540373	2.6956521739130435	4.929606625258799	1.165631469979296	7.3105590062111805	2.039337474120083	4.262939958592132	3.409937888198758	2.7142857142857144	2.5445134575569357	3.412008281573499	1.6956521739130435	0.0	3.722567287784679
1532303	1.0272435897435896	0.0016025641025641025	0.7996794871794872	2.34775641025641	2.21474358974359	0.9663461538461539	3.96474358974359	1.5833333333333333	3.235576923076923	0.6538461538461539	1.2740384615384615	3.030448717948718	0.9919871794871795	0.46634615384615385	5.033653846153846	3.6185897435897436	0.8317307692307693	3.823717948717949	1.9182692307692308	3.0689102564102564	6.6506410256410255	1.3012820512820513	0.9567307692307693	5.735576923076923	3.2323717948717947	9.216346153846153	5.4423076923076925	2.9743589743589745	3.3141025641025643
1532305	0.47988505747126436	3.6408045977011496	2.0086206896551726	1.132183908045977	2.7241379310344827	3.4339080459770117	2.4971264367816093	0.6752873563218391	1.6120689655172413	0.9482758620689655	0.5057471264367817	4.252873563218391	0.0	0.0	6.232758620689655	3.9454022988505746	5.410919540229885	4.666666666666667	3.1839080459770117	2.4051724137931036	1.8218390804597702	3.882183908045977	2.367816091954023	4.793103448275862	6.094827586206897	2.2614942528735633	4.175287356321839	3.089080459770115	0.6235632183908046
419720	1.28	1.6074074074074074	1.0385185185185186	1.6355555555555557	0.0	1.2444444444444445	4.148148148148148	2.466666666666667	2.571851851851852	0.4474074074074074	0.45037037037037037	2.671111111111111	1.171851851851852	1.9851851851851852	1.5911111111111111	1.3748148148148147	0.9081481481481481	2.6355555555555554	1.317037037037037	2.24	2.557037037037037	5.314074074074074	2.3407407407407406	5.09037037037037	1.2207407407407407	2.5303703703703704	5.148148148148148	2.391111111111111	2.096296296296296
303791	1.1717171717171717	1.0934343434343434	1.1868686868686869	0.601010101010101	0.8636363636363636	0.2542087542087542	1.1759259259259258	0.3341750841750842	0.5976430976430976	1.2163299663299663	0.7550505050505051	1.1304713804713804	1.0606060606060606	0.0	1.8484848484848484	3.1363636363636362	0.7617845117845118	0.7062289562289562	1.047979797979798	2.6035353535353534	0.9671717171717171	1.537037037037037	2.743265993265993	1.686026936026936	1.4856902356902357	2.1473063973063975	1.362794612794613	1.75	1.1296296296296295
889112	0.2149122807017544	0.0	1.6885964912280702	1.331140350877193	0.0	1.3399122807017543	0.9122807017543859	0.8048245614035088	1.1162280701754386	2.0548245614035086	0.0	0.9057017543859649	0.4517543859649123	0.0	3.870614035087719	1.631578947368421	0.8245614035087719	2.513157894736842	2.969298245614035	2.7280701754385963	1.493421052631579	1.5109649122807018	4.043859649122807	4.646929824561403	0.8223684210526315	2.81140350877193	2.081140350877193	2.2741228070175437	3.633771929824561
889113	1.0833333333333333	1.0491452991452992	1.0769230769230769	1.5555555555555556	0.5982905982905983	0.9081196581196581	1.3675213675213675	1.2905982905982907	1.4893162393162394	1.9444444444444444	1.3653846153846154	2.0128205128205128	0.7991452991452992	0.0	3.6474358974358974	3.3076923076923075	2.6303418803418803	3.371794871794872	4.30982905982906	4.8931623931623935	2.767094017094017	2.3846153846153846	2.22008547008547	4.745726495726496	1.1987179487179487	3.0384615384615383	1.9658119658119657	1.7756410256410255	3.4380341880341883
396633	0.0	3.5737704918032787	0.45081967213114754	1.5765027322404372	1.6420765027322404	2.2185792349726774	4.775956284153006	2.69672131147541	1.494535519125683	1.0710382513661203	3.191256830601093	1.3934426229508197	0.907103825136612	0.0	0.412568306010929	4.759562841530054	5.112021857923497	2.330601092896175	3.453551912568306	3.4726775956284155	5.740437158469946	6.565573770491803	3.860655737704918	6.953551912568306	4.245901639344262	3.4508196721311477	4.259562841530054	5.83879781420765	2.633879781420765
