key	WAM_ALR	WAM_CCR	WAM_IPI	WAM_MAR	WAM_MYS	WAM_PBL	WAM_PJN	WAM_PPR	WAM_PST	WAM_ROL	WAM_SCR	WAM_SGN	WAM_SIS	WAM_TWN	WAR_ALR	WAR_CCR	WAR_IPI	WAR_MAR	WAR_MYS	WAR_PBL	WAR_PJN	WAR_PPR	WAR_PSK	WAR_PST	WAR_RNW	WAR_ROL	WAR_SCR	WAR_SGL	WAR_SIS
881712	0.12612612612612611	2.174174174174174	0.7852852852852853	0.057057057057057055	0.0	1.3588588588588588	0.12912912912912913	0.0	0.45045045045045046	0.0	2.4384384384384385	0.006006006006006006	0.0	0.0	0.07807807807807808	2.4054054054054053	1.0255255255255256	0.7942942942942943	0.5495495495495496	1.6996996996996998	0.1996996996996997	1.4684684684684686	0.4519519519519519	1.9324324324324325	0.7372372372372372	0.7252252252252253	2.5720720720720722	0.22822822822822822	0.933933933933934
881713	0.0	0.5689828801611279	0.7492447129909365	2.2537764350453173	0.0	0.05740181268882175	0.8811681772406847	1.8177240684793554	0.9113796576032226	0.3031218529707956	1.3282980866062437	0.1419939577039275	0.0	0.0	0.6696878147029205	3.133937562940584	0.8026183282980867	1.5176233635448138	0.28700906344410876	2.2547834843907353	0.716012084592145	3.078549848942598	1.1248741188318228	1.4400805639476335	1.6666666666666667	1.3897280966767371	3.174219536757301	2.595166163141994	0.2588116817724068
881715	1.5494791666666667	0.0	0.5625	1.9791666666666667	0.0	0.23177083333333334	0.14322916666666666	0.203125	1.1640625	0.7838541666666666	1.5651041666666667	0.8098958333333334	0.0	0.203125	1.046875	1.7395833333333333	0.9505208333333334	2.46875	0.4322916666666667	0.9635416666666666	2.1380208333333335	2.2395833333333335	1.5494791666666667	0.8541666666666666	0.0	3.4401041666666665	4.791666666666667	0.78125	2.2473958333333335
881716	0.0	0.5386666666666666	0.0	0.7973333333333333	0.8053333333333333	1.112	2.0	0.568	1.824	0.0	0.8026666666666666	2.6853333333333333	0.0	0.9626666666666667	2.76	1.88	4.76	1.5786666666666667	1.5226666666666666	1.1413333333333333	0.784	1.8986666666666667	1.4346666666666668	2.7733333333333334	0.6613333333333333	3.6266666666666665	3.469333333333333	1.56	0.0
881717	1.0740740740740742	1.3796296296296295	0.0	0.09259259259259259	0.0	0.9351851851851852	0.9074074074074074	1.3888888888888888	0.39814814814814814	0.0	0.9212962962962963	1.2407407407407407	0.7129629629629629	0.5416666666666666	0.0	4.6342592592592595	2.9537037037037037	0.16666666666666666	1.3981481481481481	2.162037037037037	5.407407407407407	0.8935185185185185	0.25	1.8703703703703705	0.0	2.2777777777777777	4.203703703703703	3.0925925925925926	2.462962962962963
881718	0.9427083333333334	1.4263392857142858	0.8950892857142857	0.8563988095238095	0.22395833333333334	0.8876488095238095	1.1889880952380953	1.2857142857142858	1.7953869047619047	0.45907738095238093	0.5215773809523809	0.8764880952380952	0.5141369047619048	0.0	0.22247023809523808	1.8511904761904763	0.7180059523809523	0.7150297619047619	0.7440476190476191	1.7202380952380953	2.0297619047619047	2.9598214285714284	0.3392857142857143	1.2693452380952381	0.6733630952380952	1.1272321428571428	3.4017857142857144	1.2075892857142858	0.6875
881719	0.0	0.9690949227373068	0.5143487858719646	0.0	0.3333333333333333	0.6534216335540839	1.3311258278145695	0.39072847682119205	1.913907284768212	1.5673289183222958	0.5121412803532008	1.4812362030905077	0.11037527593818984	0.0	0.8189845474613686	1.6357615894039734	0.9116997792494481	1.271523178807947	1.554083885209713	0.6666666666666666	1.4591611479028697	2.7549668874172184	0.0	1.0927152317880795	1.2737306843267109	1.2273730684326711	5.622516556291391	3.6666666666666665	0.7571743929359823
881722	0.33053221288515405	0.21288515406162464	1.0280112044817926	0.6778711484593838	0.0	0.4173669467787115	1.2745098039215685	1.5014005602240896	1.1624649859943978	0.6470588235294118	1.3137254901960784	0.7899159663865546	0.0	0.0	0.45098039215686275	2.226890756302521	1.1288515406162465	0.0196078431372549	0.42296918767507	2.226890756302521	0.6022408963585434	0.0	0.0	3.26890756302521	1.6274509803921569	2.372549019607843	0.9411764705882353	1.876750700280112	1.1316526610644257
881723	0.5948434622467772	2.802946593001842	0.0	0.3812154696132597	0.0	0.5211786372007366	0.2541436464088398	1.3462246777163904	2.1860036832412524	0.11049723756906077	0.7624309392265194	0.001841620626151013	1.1086556169429098	0.0	0.0	4.865561694290976	1.9281767955801106	1.8987108655616942	0.8342541436464088	1.6003683241252302	0.0	0.7255985267034991	0.0	5.324125230202578	0.5543278084714549	0.4088397790055249	1.5488029465930018	0.48066298342541436	0.5230202578268877
881724	0.7568922305764411	1.8045112781954886	0.0	1.1027568922305764	1.5112781954887218	0.0	1.9022556390977443	1.7543859649122806	0.8847117794486216	0.8295739348370927	1.5513784461152882	1.1904761904761905	1.0075187969924813	0.7568922305764411	0.42857142857142855	1.5037593984962405	0.7844611528822055	2.6140350877192984	0.40852130325814534	0.7919799498746867	0.0	1.669172932330827	0.7042606516290727	0.7268170426065163	1.0100250626566416	0.7669172932330827	3.1528822055137846	1.413533834586466	0.531328320802005
881726	0.2692307692307692	0.3553113553113553	0.5054945054945055	0.09706959706959707	0.3956043956043956	0.5512820512820513	1.0457875457875458	2.793040293040293	0.29853479853479853	0.8443223443223443	1.120879120879121	1.0457875457875458	0.8223443223443223	0.8736263736263736	0.20146520146520147	1.4047619047619047	1.4194139194139195	2.1227106227106227	0.20146520146520147	2.401098901098901	0.5421245421245421	0.0	0.0	2.0641025641025643	1.835164835164835	1.5164835164835164	1.2673992673992673	1.9304029304029304	1.9926739926739927
881727	0.8653846153846154	0.5961538461538461	2.019230769230769	2.448717948717949	0.7019230769230769	0.38461538461538464	0.10256410256410256	0.46474358974358976	0.782051282051282	0.057692307692307696	0.9647435897435898	2.7628205128205128	0.0	0.6923076923076923	0.7884615384615384	1.1506410256410255	0.4166666666666667	1.189102564102564	0.0	0.967948717948718	1.8044871794871795	1.4423076923076923	0.0	1.733974358974359	1.6153846153846154	0.24358974358974358	2.3653846153846154	2.826923076923077	0.9391025641025641
881728	0.8184281842818428	1.1409214092140922	0.0	1.10840108401084	0.0	0.0	0.0	0.0	2.075880758807588	0.8157181571815718	0.0	0.9105691056910569	0.0	0.13279132791327913	0.6531165311653117	4.330623306233062	1.3143631436314362	3.0813008130081303	0.5338753387533876	0.0	1.1897018970189701	2.2222222222222223	1.8238482384823849	1.1409214092140922	2.2845528455284554	1.3902439024390243	4.666666666666667	1.5555555555555556	1.6883468834688347
881729	0.0	0.6589147286821705	0.0	1.558139534883721	0.0	0.0	2.937984496124031	1.1666666666666667	1.426356589147287	0.0	1.5348837209302326	1.6472868217054264	0.1434108527131783	0.8062015503875969	4.3062015503875966	4.3604651162790695	1.127906976744186	2.5775193798449614	0.9922480620155039	1.4922480620155039	3.4573643410852712	0.4418604651162791	1.058139534883721	4.213178294573644	2.147286821705426	1.4728682170542635	5.647286821705427	2.4186046511627906	2.8333333333333335
881730	1.3880597014925373	1.109452736318408	1.8159203980099503	1.671641791044776	0.0	0.0	3.487562189054726	0.746268656716418	1.0945273631840795	0.0	1.681592039800995	0.0845771144278607	1.2885572139303483	1.671641791044776	1.427860696517413	2.9601990049751246	2.6666666666666665	1.527363184079602	1.4776119402985075	1.6517412935323383	6.278606965174129	0.9104477611940298	0.5223880597014925	10.054726368159203	0.0845771144278607	0.029850746268656716	6.054726368159204	1.6019900497512438	0.0
881731	0.30952380952380953	0.0	1.3452380952380953	1.6142857142857143	0.0	0.0	0.16904761904761906	0.6404761904761904	0.36666666666666664	0.0	0.32857142857142857	0.3523809523809524	0.0	0.0	1.3047619047619048	3.473809523809524	0.7071428571428572	1.0047619047619047	0.0	0.8214285714285714	0.15	2.642857142857143	0.8571428571428571	1.7904761904761906	2.2642857142857142	0.0	3.3095238095238093	0.0	0.6857142857142857
881732	0.46111111111111114	1.3597222222222223	0.3625	1.2638888888888888	0.0	0.6055555555555555	0.3875	0.22777777777777777	0.8375	0.5083333333333333	1.7333333333333334	0.41944444444444445	0.0	0.0	0.175	2.361111111111111	1.1111111111111112	1.7555555555555555	0.20833333333333334	1.5847222222222221	1.2555555555555555	1.2555555555555555	0.9777777777777777	1.1611111111111112	1.5694444444444444	1.2138888888888888	3.709722222222222	1.9333333333333333	0.175
881733	0.8431372549019608	1.517156862745098	0.0	1.2426470588235294	0.0	0.7303921568627451	1.3602941176470589	0.47058823529411764	0.9779411764705882	0.5490196078431373	1.7401960784313726	0.0	0.0	0.0	0.6176470588235294	2.424019607843137	1.1225490196078431	1.2450980392156863	3.1642156862745097	3.161764705882353	1.6299019607843137	3.4411764705882355	1.0269607843137254	1.8137254901960784	0.7377450980392157	1.9583333333333333	6.203431372549019	3.5588235294117645	1.8357843137254901
881734	3.007168458781362	1.7670250896057347	0.989247311827957	1.2795698924731183	0.5842293906810035	1.5806451612903225	1.6630824372759856	2.5125448028673834	1.7813620071684588	1.082437275985663	0.4731182795698925	1.07168458781362	0.0	0.0	3.007168458781362	0.8709677419354839	2.039426523297491	2.3942652329749103	1.0465949820788532	2.0931899641577063	3.1362007168458783	3.10752688172043	0.7025089605734767	4.14336917562724	3.0	0.8817204301075269	1.863799283154122	4.487455197132617	2.827956989247312
881735	0.5478787878787879	2.184242424242424	0.38181818181818183	0.7224242424242424	0.896969696969697	1.1745454545454546	2.0	1.456969696969697	0.730909090909091	1.3236363636363637	0.730909090909091	1.3127272727272727	1.4630303030303031	0.7321212121212122	1.4921212121212122	3.1575757575757577	1.290909090909091	3.3103030303030305	1.4593939393939395	2.4060606060606062	3.0606060606060606	3.2751515151515154	1.3054545454545454	3.4424242424242424	1.6933333333333334	1.490909090909091	2.144242424242424	3.515151515151515	1.183030303030303
881736	0.0	1.907216494845361	0.4845360824742268	0.4948453608247423	0.0	0.7422680412371134	0.8831615120274914	0.0	0.0	0.4845360824742268	0.8487972508591065	1.7594501718213058	0.0	0.0	2.4536082474226806	1.7147766323024054	1.6735395189003437	1.5154639175257731	0.9243986254295533	1.5807560137457044	2.7285223367697595	2.2577319587628866	0.24742268041237114	0.9072164948453608	0.0	1.8900343642611683	1.3608247422680413	3.2783505154639174	0.8797250859106529
881737	0.0	0.0	0.44542772861356933	0.17994100294985252	0.0	0.0	0.7138643067846607	0.0	0.0	0.7138643067846607	1.2094395280235988	0.0	1.775811209439528	0.443952802359882	0.7064896755162242	0.8864306784660767	1.1460176991150441	0.12389380530973451	0.42625368731563423	0.09734513274336283	1.5044247787610618	0.668141592920354	0.4410029498525074	1.407079646017699	0.6666666666666666	1.78023598820059	1.1873156342182891	2.5811209439528024	0.5737463126843658
881738	0.006472491909385114	0.127831715210356	0.9579288025889967	0.0	0.0	0.48705501618122976	2.441747572815534	0.4854368932038835	0.0	0.7459546925566343	0.24433656957928804	0.24433656957928804	0.9174757281553398	0.4854368932038835	0.45307443365695793	0.15857605177993528	1.8915857605177993	0.3122977346278317	0.38673139158576053	2.4190938511326863	0.9288025889967637	0.9773462783171522	0.02750809061488673	1.0097087378640777	1.8462783171521036	1.1310679611650485	1.8737864077669903	3.22168284789644	1.1715210355987056
881739	1.7843137254901962	0.1111111111111111	0.0	0.1503267973856209	0.0	0.0	0.0	0.11437908496732026	0.7483660130718954	2.2254901960784315	0.0	0.4934640522875817	0.0	0.0	0.9869281045751634	0.545751633986928	0.3660130718954248	0.9803921568627451	2.052287581699346	3.049019607843137	0.0	0.5196078431372549	0.9444444444444444	0.9150326797385621	1.4248366013071896	3.8006535947712417	0.13398692810457516	2.0588235294117645	0.0
1716818	0.0	0.0	0.8571428571428571	1.1794871794871795	0.5512820512820513	1.4615384615384615	0.0	1.8553113553113554	1.6575091575091576	0.38095238095238093	2.108058608058608	1.5073260073260073	0.5256410256410257	0.0018315018315018315	0.0	3.421245421245421	0.5512820512820513	1.6117216117216118	2.7234432234432235	0.5512820512820513	1.7454212454212454	2.402930402930403	0.4010989010989011	1.2875457875457876	1.6831501831501832	0.5531135531135531	5.633699633699634	1.3736263736263736	0.36446886446886445
1716819	0.3372093023255814	0.6317829457364341	0.43410852713178294	1.3410852713178294	0.0	1.6162790697674418	0.5038759689922481	1.0	2.104651162790698	0.31007751937984496	2.635658914728682	1.3333333333333333	0.0	1.124031007751938	0.0	1.3837209302325582	1.1705426356589148	1.562015503875969	2.3255813953488373	2.7713178294573644	0.375968992248062	2.375968992248062	0.8449612403100775	0.0	0.09302325581395349	1.062015503875969	3.244186046511628	3.802325581395349	0.3798449612403101
161469	0.4513888888888889	0.8013888888888889	0.6527777777777778	1.2819444444444446	1.038888888888889	1.0819444444444444	1.4125	1.7819444444444446	1.7944444444444445	1.2222222222222223	0.3972222222222222	0.10972222222222222	0.41805555555555557	0.1486111111111111	0.7125	2.6930555555555555	3.9	0.8875	1.775	1.35	2.0055555555555555	3.5805555555555557	1.1	1.7513888888888889	0.41944444444444445	0.8583333333333333	3.7416666666666667	3.0	1.4583333333333333
391384	0.7230046948356808	2.035211267605634	0.704225352112676	0.7910798122065728	0.3544600938967136	0.0	0.0	1.0633802816901408	0.34976525821596244	0.0	0.0	0.0	0.352112676056338	0.38497652582159625	0.0	3.408450704225352	1.096244131455399	0.7065727699530516	0.0	0.33568075117370894	0.7089201877934272	1.8826291079812207	0.0	1.9976525821596245	1.4788732394366197	0.17370892018779344	3.0704225352112675	1.9671361502347418	1.5422535211267605
391395	0.7396078431372549	0.9341176470588235	0.0	0.855686274509804	0.0	0.47058823529411764	0.836078431372549	1.1364705882352941	1.0650980392156864	0.17647058823529413	1.0980392156862746	0.8274509803921568	0.0	0.4407843137254902	0.908235294117647	3.8368627450980393	0.5003921568627451	1.3341176470588236	0.5458823529411765	1.0494117647058823	0.7333333333333333	1.5835294117647059	0.5435294117647059	1.2494117647058824	1.1725490196078432	0.9654901960784313	2.3756862745098037	1.1168627450980393	0.0
478517	0.0	0.3089430894308943	1.10840108401084	0.3983739837398374	0.0	0.7886178861788617	1.1761517615176151	0.0	2.4905149051490514	0.8699186991869918	1.1680216802168022	0.5447154471544715	0.7560975609756098	0.0	1.5311653116531165	1.0731707317073171	1.5989159891598916	1.4905149051490514	0.33062330623306235	0.7913279132791328	0.1897018970189702	0.0	1.127371273712737	2.102981029810298	0.8726287262872628	0.4146341463414634	3.631436314363144	1.8834688346883468	0.6612466124661247
1304056	1.264367816091954	1.7183908045977012	1.4798850574712643	0.0	0.7011494252873564	0.6149425287356322	0.8620689655172413	2.2097701149425286	1.485632183908046	0.4339080459770115	1.4454022988505748	0.19540229885057472	0.06321839080459771	0.0	0.3160919540229885	3.939655172413793	0.10919540229885058	2.1091954022988504	1.5603448275862069	1.2959770114942528	1.7471264367816093	3.8649425287356323	1.7298850574712643	1.7701149425287357	0.6293103448275862	2.1063218390804597	0.20114942528735633	0.7672413793103449	2.4885057471264367
790433	0.18055555555555555	1.386111111111111	1.9	1.9388888888888889	0.0	0.0	1.6722222222222223	0.1638888888888889	0.41944444444444445	0.725	1.011111111111111	0.0	0.0	0.5722222222222222	1.3388888888888888	2.0972222222222223	1.9083333333333334	2.5305555555555554	0.41944444444444445	2.3472222222222223	2.897222222222222	1.261111111111111	2.4555555555555557	0.7916666666666666	2.7305555555555556	2.308333333333333	2.4138888888888888	2.2777777777777777	1.4722222222222223
1106703	0.6640471512770137	1.962671905697446	0.3575638506876228	1.2082514734774066	0.0	0.6398166339227243	1.6064178127046496	1.9764243614931238	1.446627373935822	0.2455795677799607	2.323510150622135	0.6424361493123772	0.0	0.38703339882121807	0.9246889325474787	2.939751146037983	1.2298624754420433	1.7406679764243616	1.1204977079240341	1.788474132285527	1.194499017681729	2.3765553372626065	0.787819253438114	1.6588081204977079	1.6182056319580878	0.8487229862475442	4.202357563850688	1.6588081204977079	0.8028814669286182
1247102	0.4726134585289515	1.0923317683881064	0.6400625978090767	1.9640062597809076	0.01564945226917058	0.4694835680751174	1.164319248826291	0.47104851330203446	1.15962441314554	0.0	1.081377151799687	0.006259780907668232	0.0	0.0	0.4757433489827856	2.5539906103286385	1.1815336463223787	1.0672926447574336	1.405320813771518	0.5821596244131455	1.05320813771518	1.375586854460094	0.3051643192488263	1.8435054773082942	0.4788732394366197	2.2582159624413145	1.8028169014084507	1.7339593114241	0.5101721439749609
894961	1.129251700680272	1.6326530612244898	1.1496598639455782	0.46258503401360546	0.0	1.5408163265306123	1.7653061224489797	0.3945578231292517	0.0	0.0	0.14965986394557823	0.0	0.10884353741496598	0.0	1.3877551020408163	2.6122448979591835	0.0	1.1156462585034013	0.48639455782312924	1.3911564625850341	0.0	2.360544217687075	1.2380952380952381	1.2857142857142858	0.20748299319727892	0.7414965986394558	2.251700680272109	2.2244897959183674	3.2448979591836733
1120683	0.6990740740740741	0.0	0.0	0.5046296296296297	0.0	0.0	1.1018518518518519	1.2314814814814814	0.0	0.0	0.6851851851851852	1.3888888888888888	0.0	1.0324074074074074	0.7407407407407407	0.0	0.6851851851851852	3.5185185185185186	0.0	0.5740740740740741	0.0	0.0	0.7361111111111112	0.0	0.5648148148148148	0.37037037037037035	1.3611111111111112	0.0	0.6990740740740741
1552610	0.5045871559633027	0.9541284403669725	0.9847094801223242	2.327217125382263	1.581039755351682	2.330275229357798	0.9021406727828746	0.6758409785932722	0.10397553516819572	0.0	1.694189602446483	0.4954128440366973	0.0	0.7247706422018348	0.4831804281345566	1.6850152905198776	0.8868501529051988	0.39143730886850153	0.0	0.41284403669724773	2.287461773700306	3.4954128440366974	1.8501529051987768	5.400611620795107	0.4617737003058104	0.7308868501529052	3.0275229357798166	1.8837920489296636	3.63914373088685
941897	0.0	1.4074074074074074	1.1111111111111112	1.2481481481481482	0.0	2.4	0.7037037037037037	1.9259259259259258	1.537037037037037	0.0	0.4111111111111111	1.2814814814814814	0.0	0.0	1.1185185185185185	3.988888888888889	1.2962962962962963	1.8407407407407408	1.9111111111111112	3.862962962962963	1.1222222222222222	3.285185185185185	0.9777777777777777	0.27037037037037037	1.5296296296296297	1.4962962962962962	1.6481481481481481	1.651851851851852	2.5592592592592593
1114144	0.5344202898550725	0.0	1.0815217391304348	0.03985507246376811	0.48188405797101447	0.0	1.391304347826087	0.7590579710144928	1.1268115942028984	0.0	0.5181159420289855	0.0	0.0	0.0	1.2373188405797102	0.29528985507246375	0.6159420289855072	0.5452898550724637	3.2916666666666665	1.951086956521739	0.6956521739130435	1.963768115942029	2.755434782608696	0.37318840579710144	0.16304347826086957	0.730072463768116	0.9692028985507246	2.371376811594203	0.34601449275362317
1114139	0.6951754385964912	0.0	0.8640350877192983	0.35964912280701755	1.2653508771929824	0.039473684210526314	1.3223684210526316	0.0	1.0745614035087718	0.0	0.0	0.32894736842105265	0.0	0.5921052631578947	0.9276315789473685	0.6600877192982456	1.980263157894737	0.33114035087719296	0.43201754385964913	5.072368421052632	3.754385964912281	2.932017543859649	1.6271929824561404	0.7609649122807017	0.8135964912280702	0.6535087719298246	3.905701754385965	2.162280701754386	0.5635964912280702
1114140	0.06459948320413436	0.0	0.0	0.4728682170542636	0.04909560723514212	0.0	0.40310077519379844	0.0	1.4728682170542635	0.0	0.0	1.1550387596899225	0.6511627906976745	0.0	0.8940568475452196	0.39018087855297157	0.10335917312661498	1.372093023255814	0.8837209302325582	4.96640826873385	4.459948320413437	1.9612403100775193	1.0904392764857882	1.7700258397932818	1.9431524547803618	2.1782945736434107	3.0775193798449614	5.10594315245478	1.6640826873385013
1114141	0.9609053497942387	1.2932098765432098	2.182098765432099	0.30864197530864196	0.0	0.0	0.7808641975308642	0.8189300411522634	0.46502057613168724	0.8909465020576132	0.0	1.300411522633745	1.449588477366255	0.31069958847736623	1.704732510288066	0.9938271604938271	1.4835390946502058	3.0617283950617282	0.6059670781893004	0.7880658436213992	2.4495884773662553	1.794238683127572	2.133744855967078	2.4290123456790123	0.23045267489711935	2.347736625514403	2.876543209876543	2.369341563786008	0.7767489711934157
1114142	0.6678787878787878	0.0	1.5818181818181818	0.730909090909091	0.0	0.7321212121212122	1.0957575757575757	0.0	0.27515151515151515	0.31757575757575757	0.0	0.0	0.3624242424242424	0.0	1.3563636363636364	0.3660606060606061	1.6436363636363636	2.4824242424242424	0.8206060606060606	2.023030303030303	0.5224242424242425	2.149090909090909	1.096969696969697	1.7612121212121212	1.0351515151515152	1.3406060606060606	2.463030303030303	4.149090909090909	2.212121212121212
1453398	0.9444444444444444	0.82996632996633	3.2037037037037037	1.2281144781144782	0.6893939393939394	2.111952861952862	2.340909090909091	1.9528619528619529	0.8240740740740741	0.9284511784511784	1.3930976430976432	0.8821548821548821	0.7609427609427609	0.10606060606060606	2.361952861952862	2.287878787878788	2.058922558922559	2.3021885521885523	1.5446127946127945	1.9865319865319866	2.494107744107744	3.1026936026936025	2.2996632996632997	2.798821548821549	1.1102693602693603	2.3434343434343434	4.121212121212121	3.006734006734007	1.6254208754208754
664148	0.0	0.0	0.0	0.0	0.0	0.0	0.0	0.0	0.0	0.0	0.0	0.0	0.0	0.0	0.0	0.0	1.161904761904762	0.0	0.5595238095238095	0.0	1.3904761904761904	0.0	0.0	0.719047619047619	0.719047619047619	0.0	0.0	0.0	0.0
601559	0.0	0.0	0.05128205128205128	0.12179487179487179	0.0	0.038461538461538464	0.038461538461538464	0.391025641025641	1.5064102564102564	0.05128205128205128	0.0	0.8782051282051282	0.0	0.0	0.0	1.7179487179487178	0.0	1.0833333333333333	0.0	0.12179487179487179	0.0	0.0	0.0	1.3397435897435896	1.2692307692307692	0.0	0.038461538461538464	1.6987179487179487	0.0
601561	0.0	0.7211328976034859	0.24183006535947713	0.8235294117647058	0.0	1.4989106753812635	1.130718954248366	0.0	2.045751633986928	1.2440087145969498	0.9847494553376906	1.1699346405228759	0.5163398692810458	0.0	0.5860566448801743	1.4161220043572984	0.690631808278867	2.5359477124183005	0.14814814814814814	0.12636165577342048	2.6187363834422657	0.39215686274509803	0.5816993464052288	1.8583877995642701	0.3093681917211329	1.3093681917211328	6.6230936819172115	0.49673202614379086	0.0
757707	0.35119047619047616	2.46875	1.1919642857142858	0.8690476190476191	0.0	0.0	0.6666666666666666	0.44642857142857145	0.4479166666666667	0.6711309523809523	1.0788690476190477	1.4642857142857142	0.3898809523809524	1.2202380952380953	1.2157738095238095	2.900297619047619	0.4494047619047619	2.355654761904762	0.43452380952380953	1.8318452380952381	0.5803571428571429	1.4494047619047619	0.8943452380952381	2.168154761904762	2.1398809523809526	0.40476190476190477	1.4255952380952381	1.6264880952380953	0.19047619047619047
5629	0.14583333333333334	0.5086805555555556	0.5243055555555556	1.4340277777777777	0.24305555555555555	0.8940972222222222	1.3072916666666667	0.5486111111111112	0.5052083333333334	1.6510416666666667	0.5659722222222222	0.0	1.2065972222222223	0.0	1.8784722222222223	1.8854166666666667	1.7638888888888888	1.5052083333333333	0.2621527777777778	0.5190972222222222	0.0	4.336805555555555	1.1649305555555556	1.0017361111111112	2.2291666666666665	1.2274305555555556	4.727430555555555	1.5104166666666667	2.3472222222222223
346726	0.6565656565656566	1.4545454545454546	0.0	2.101010101010101	0.0	0.4444444444444444	5.222222222222222	0.0	0.7424242424242424	0.0	3.601010101010101	0.9696969696969697	0.0	0.0	0.0	3.676767676767677	1.8686868686868687	1.4848484848484849	0.0	0.0	0.0	1.1414141414141414	0.0	0.0	0.8636363636363636	0.0	3.207070707070707	1.2525252525252526	0.6919191919191919
346727	0.30144927536231886	1.0869565217391304	0.9594202898550724	0.0	0.42318840579710143	1.5594202898550724	2.1710144927536232	0.6666666666666666	0.8753623188405797	0.0	2.327536231884058	0.0463768115942029	0.0	0.0	0.8173913043478261	1.2666666666666666	0.8695652173913043	1.4231884057971014	1.655072463768116	0.6956521739130435	1.23768115942029	2.0405797101449274	0.0	0.0	0.8057971014492754	0.0	0.8260869565217391	3.918840579710145	0.8173913043478261
1072221	0.0	0.546448087431694	1.8010928961748633	1.0153005464480875	0.0	0.12459016393442623	0.9092896174863389	1.3202185792349728	0.49398907103825135	1.8469945355191257	0.9836065573770492	1.4142076502732241	0.6032786885245902	0.0	1.4907103825136612	2.3442622950819674	1.9278688524590164	1.648087431693989	0.4819672131147541	3.194535519125683	0.994535519125683	0.4633879781420765	2.0185792349726777	0.9540983606557377	2.0262295081967214	0.6054644808743169	1.3726775956284154	0.9879781420765027	1.1344262295081968
1072224	1.6903460837887068	0.47176684881602915	1.366120218579235	0.0	0.0	1.0892531876138434	1.209471766848816	0.0	0.5500910746812386	0.3861566484517304	0.46083788706739526	0.7395264116575592	0.5355191256830601	0.0	0.2750455373406193	1.5428051001821494	1.2349726775956285	1.3752276867030966	0.29143897996357016	0.9034608378870674	1.2531876138433515	1.3806921675774135	2.214936247723133	1.570127504553734	1.3806921675774135	1.122040072859745	1.9162112932604736	2.6174863387978142	3.797814207650273
1072226	0.18234610917537747	0.3170731707317073	1.0232288037166086	0.9698025551684089	0.3507549361207898	0.0	1.7433217189314751	1.018583042973287	1.0069686411149825	0.3507549361207898	0.005807200929152149	0.3252032520325203	0.0	0.0	0.3170731707317073	2.051103368176539	0.7363530778164924	1.0127758420441346	0.34843205574912894	1.4018583042973287	1.5423925667828107	0.5563298490127758	1.6898954703832754	0.7746806039488966	0.8002322880371661	1.018583042973287	2.0092915214866434	2.4552845528455283	1.1114982578397212
1101138	0.1111111111111111	1.0881226053639848	0.22796934865900384	0.5478927203065134	0.9865900383141762	0.04597701149425287	1.549808429118774	1.1973180076628354	1.128352490421456	0.0	1.0134099616858236	1.1973180076628354	0.13409961685823754	0.0	0.6551724137931034	0.9904214559386973	1.5727969348659003	1.3869731800766283	0.5766283524904214	0.7203065134099617	1.4980842911877394	2.3850574712643677	0.24521072796934865	1.0842911877394636	1.2049808429118773	0.0	1.78544061302682	0.2950191570881226	0.578544061302682
25368	0.19956140350877194	2.0548245614035086	0.21052631578947367	0.6622807017543859	0.6359649122807017	0.0	0.9100877192982456	0.0	0.33114035087719296	0.29385964912280704	0.6293859649122807	0.8771929824561403	0.11403508771929824	0.0	1.1929824561403508	3.616228070175439	1.263157894736842	0.9166666666666666	0.625	0.7653508771929824	2.9473684210526314	1.736842105263158	0.6600877192982456	2.642543859649123	1.2609649122807018	1.4451754385964912	2.8508771929824563	1.6491228070175439	0.9671052631578947
25369	2.708010335917313	2.7235142118863047	2.2377260981912146	0.8191214470284238	0.028423772609819122	0.7803617571059431	0.3875968992248062	0.6718346253229974	0.3875968992248062	0.0	0.6408268733850129	0.524547803617571	2.005167958656331	0.0	0.14728682170542637	2.343669250645995	0.0	2.020671834625323	0.1343669250645995	1.3436692506459949	1.2196382428940569	1.677002583979328	0.5322997416020672	2.8217054263565893	1.7984496124031009	1.7700258397932818	2.242894056847545	2.235142118863049	0.7932816537467701
25370	0.0	1.6015325670498084	0.6168582375478927	0.289272030651341	0.0	0.5747126436781609	0.578544061302682	1.1494252873563218	1.0383141762452108	0.578544061302682	1.1551724137931034	0.19731800766283525	0.0	0.0	0.0	2.4386973180076628	0.367816091954023	3.7241379310344827	0.19157088122605365	1.1168582375478928	0.9137931034482759	1.5842911877394636	0.289272030651341	0.5747126436781609	0.5727969348659003	0.6436781609195402	5.114942528735632	0.6283524904214559	0.29118773946360155
923581	0.5534069981583793	0.9972375690607734	1.1850828729281768	0.5561694290976059	0.27716390423572745	1.3968692449355433	1.449355432780847	0.8885819521178637	0.16022099447513813	0.0	1.3848987108655617	1.4935543278084715	0.639963167587477	0.1464088397790055	0.5552486187845304	2.4972375690607733	0.5331491712707183	0.9383057090239411	0.47974217311233885	2.1187845303867405	1.7725598526703499	0.9005524861878453	0.5773480662983426	1.5847145488029466	1.287292817679558	0.5294659300184162	2.938305709023941	1.1095764272559854	0.494475138121547
898205	0.3400900900900901	1.571509009009009	0.3474099099099099	0.8806306306306306	0.17004504504504506	0.10247747747747747	3.141891891891892	0.6165540540540541	0.9318693693693694	0.5951576576576577	0.7984234234234234	0.7528153153153153	0.5078828828828829	0.17004504504504506	0.31024774774774777	2.2837837837837838	0.49324324324324326	0.9971846846846847	0.9667792792792793	2.2871621621621623	1.7477477477477477	2.5427927927927927	1.3806306306306306	0.643581081081081	2.2466216216216215	0.33952702702702703	2.529279279279279	1.3913288288288288	1.3158783783783783
268097	0.0	0.0	0.24673202614379086	1.0359477124183007	0.0	0.19281045751633988	0.5	0.5408496732026143	0.5849673202614379	0.0	0.08986928104575163	1.727124183006536	0.0	0.07679738562091504	1.6503267973856208	2.6143790849673203	1.0980392156862746	0.8954248366013072	0.7516339869281046	2.1699346405228757	3.4526143790849675	2.392156862745098	1.553921568627451	1.1339869281045751	1.1699346405228759	1.0326797385620916	1.0098039215686274	0.8594771241830066	1.9101307189542485
949122	0.636231884057971	0.6594202898550725	0.34782608695652173	0.43768115942028984	0.43623188405797103	0.14782608695652175	0.8782608695652174	0.5014492753623189	0.5565217391304348	0.0463768115942029	0.2811594202898551	0.6376811594202898	0.8318840579710145	0.6521739130434783	1.1753623188405797	1.0971014492753624	0.591304347826087	0.4101449275362319	0.7869565217391304	1.1681159420289855	1.9130434782608696	1.1855072463768115	1.5246376811594202	0.7507246376811594	1.3231884057971015	0.8231884057971014	3.860869565217391	2.5942028985507246	1.1434782608695653
718243	0.0	0.5538461538461539	0.0	0.7025641025641025	0.0	0.0	0.9948717948717949	2.246153846153846	0.03076923076923077	0.0	1.2	0.0	0.0	0.0	0.9076923076923077	1.7333333333333334	0.6	1.4307692307692308	0.1641025641025641	2.6307692307692307	0.3076923076923077	2.0	2.8153846153846156	1.8102564102564103	0.5076923076923077	1.0307692307692307	3.994871794871795	2.928205128205128	2.933333333333333
748160	0.7198067632850241	0.6376811594202898	0.6908212560386473	2.4009661835748792	0.0	0.0	2.7342995169082127	0.04830917874396135	1.1014492753623188	1.0966183574879227	0.0	1.3478260869565217	0.0	0.0	0.0	0.7294685990338164	0.8647342995169082	1.0	0.0	0.6859903381642513	1.5603864734299517	0.8454106280193237	0.7294685990338164	0.7294685990338164	0.25120772946859904	1.2801932367149758	2.1884057971014492	3.1449275362318843	0.9903381642512077
