key	WAM_ALR	WAM_CCR	WAM_IPI	WAM_MAR	WAM_MYS	WAM_PBL	WAM_PJN	WAM_PPR	WAM_PST	WAM_ROL	WAM_SCR	WAM_SGN	WAM_SIS	WAM_TWN	WAR_ALR	WAR_CCR	WAR_IPI	WAR_MAR	WAR_MYS	WAR_PBL	WAR_PJN	WAR_PPR	WAR_PSK	WAR_PST	WAR_RNW	WAR_ROL	WAR_SCR	WAR_SGL	WAR_SIS
351001	2.145339652448657	3.0552922590837284	1.085308056872038	1.8925750394944707	0.95260663507109	4.706161137440758	10.638230647709321	4.974723538704581	2.279620853080569	0.919431279620853	3.044233807266983	2.9036334913112163	1.014218009478673	2.4296998420221168	0.0	2.8988941548183256	0.05529225908372828	0.2796208530805687	0.9320695102685624	1.8025276461295419	1.3554502369668247	1.6287519747235386	1.6303317535545023	0.0	2.2101105845181674	1.1990521327014219	8.304897314375987	0.3791469194312796	0.0
364267	2.4894514767932487	5.776371308016878	5.3881856540084385	3.8438818565400843	3.257383966244726	10.632911392405063	12.286919831223628	4.5358649789029535	4.451476793248945	2.059071729957806	4.358649789029536	1.40084388185654	2.168776371308017	5.860759493670886	0.0	3.654008438818565	0.0	2.257383966244726	2.1350210970464136	1.4725738396624473	0.0	2.160337552742616	0.0	0.4219409282700422	2.7468354430379747	0.0	15.282700421940929	0.8987341772151899	0.6244725738396625
364268	0.991869918699187	3.5609756097560976	4.097560975609756	3.040650406504065	1.016260162601626	4.260162601626016	4.536585365853658	3.16260162601626	4.0894308943089435	1.6097560975609757	1.4390243902439024	1.967479674796748	1.5609756097560976	4.666666666666667	0.0	2.032520325203252	0.0	2.975609756097561	1.6991869918699187	1.3902439024390243	0.0	0.8292682926829268	0.0	0.3333333333333333	1.9024390243902438	0.0	7.121951219512195	1.7804878048780488	1.08130081300813
940994	0.5409356725146199	1.108187134502924	0.2982456140350877	0.0	0.8187134502923976	3.6403508771929824	10.777777777777779	2.997076023391813	0.4853801169590643	0.0	2.6608187134502925	0.8216374269005848	0.21052631578947367	0.30994152046783624	0.0	2.0292397660818713	0.0	0.0	2.0116959064327484	0.0	0.0	2.026315789473684	0.0	0.0029239766081871343	0.7076023391812866	0.0	5.266081871345029	0.0	0.0
1522708	1.1746031746031746	0.5238095238095238	0.0	0.0	1.1111111111111112	2.2433862433862433	5.788359788359788	4.661375661375661	0.0	1.3492063492063493	2.7724867724867726	0.0	0.9947089947089947	0.0	0.0	2.513227513227513	0.0	0.0	1.343915343915344	0.0	0.0	0.0	1.1111111111111112	0.0	0.0	0.0	6.666666666666667	0.0	0.0
469446	0.0	0.8293650793650794	1.876984126984127	3.984126984126984	2.126984126984127	1.9365079365079365	3.2896825396825395	6.619047619047619	2.3253968253968256	1.2063492063492063	2.7023809523809526	0.0	0.0	1.6904761904761905	0.0	0.0	0.0	0.0	1.753968253968254	0.0	0.5833333333333334	0.8968253968253969	0.0	0.0	0.0	0.0	8.96031746031746	0.0	0.6507936507936508
1412895	0.0	1.0942028985507246	1.0108695652173914	1.076086956521739	3.278985507246377	3.7717391304347827	7.811594202898551	2.221014492753623	1.2355072463768115	0.09420289855072464	0.7101449275362319	0.0036231884057971015	0.09420289855072464	0.0	0.0	0.6159420289855072	0.0	0.0	0.677536231884058	0.0	0.6304347826086957	3.2681159420289854	0.0	0.0	0.0	0.0	3.4818840579710146	0.5507246376811594	0.0
1283087	0.16722408026755853	1.3004459308807135	0.17837235228539577	0.7140468227424749	1.9342251950947602	1.9983277591973243	5.659977703455964	1.810479375696767	0.5033444816053512	1.1867335562987738	2.1142697881828316	0.1677814938684504	0.6360089186176142	0.9938684503901896	0.1677814938684504	1.064102564102564	0.15719063545150502	0.16833890746934224	0.38461538461538464	0.0	0.34169453734671124	0.9609810479375697	0.0	0.3355629877369008	0.0	0.0	4.13768115942029	0.0	0.0
1458700	0.0	3.914473684210526	1.0526315789473684	1.1030701754385965	2.3464912280701755	1.625	6.469298245614035	3.557017543859649	1.8026315789473684	0.0	2.4276315789473686	0.21052631578947367	0.02412280701754386	0.6491228070175439	0.0	3.008771929824561	0.0	0.0	0.0	0.46710526315789475	1.3464912280701755	1.706140350877193	0.0	0.0	0.02412280701754386	0.3574561403508772	1.094298245614035	0.0	0.0
1350507	0.7291666666666666	1.2395833333333333	1.6319444444444444	4.944444444444445	2.763888888888889	2.1319444444444446	7.430555555555555	0.71875	1.46875	0.06597222222222222	0.7152777777777778	0.0	0.4652777777777778	1.0451388888888888	0.14930555555555555	0.5729166666666666	0.0	0.6736111111111112	0.0	1.4027777777777777	0.4444444444444444	1.8368055555555556	0.0	0.0	0.21180555555555555	0.0	7.934027777777778	0.0	0.0
727879	0.0	2.4129793510324484	0.23303834808259588	1.8141592920353982	6.035398230088496	3.15929203539823	7.150442477876106	2.837758112094395	0.9026548672566371	1.424778761061947	2.3716814159292037	0.4424778761061947	2.415929203539823	0.014749262536873156	0.0	0.9174041297935103	0.0	0.0	0.8495575221238938	0.0	0.5575221238938053	0.7345132743362832	0.0	0.061946902654867256	1.7817109144542773	0.831858407079646	4.663716814159292	0.44542772861356933	0.0
549703	0.6846846846846847	5.081081081081081	0.6621621621621622	2.0585585585585586	2.779279279279279	2.7837837837837838	5.36036036036036	4.2207207207207205	2.6486486486486487	1.8783783783783783	4.13063063063063	2.7567567567567566	2.7522522522522523	4.927927927927928	0.8063063063063063	5.707207207207207	2.4279279279279278	0.0	3.3603603603603602	1.6396396396396395	1.9324324324324325	2.6171171171171173	2.0315315315315314	1.337837837837838	2.3018018018018016	0.0	13.82882882882883	0.47297297297297297	0.9279279279279279
549705	0.7594654788418709	2.165553080920564	0.5820341499628805	1.8440979955456571	1.9925760950259837	1.9621380846325167	5.19524870081663	3.344469190794358	0.9317000742390498	0.7446176688938382	1.8188567186340014	0.4461766889383816	0.44766146993318484	0.9717891610987379	0.0	1.0103934669636228	0.0	0.33556050482553823	1.178173719376392	0.3348181143281366	1.475872308834447	2.390497401633259	0.16109873793615442	0.3080920564216778	0.36228656273199705	0.11210096510764662	7.386785449146251	0.08982925018559762	0.11210096510764662
549706	2.2865497076023393	2.5789473684210527	1.2660818713450293	5.845029239766082	4.184210526315789	1.8362573099415205	4.812865497076023	4.128654970760234	1.7690058479532165	1.1228070175438596	1.587719298245614	0.43567251461988304	0.0	5.505847953216374	0.0	2.108187134502924	0.0	0.0	0.9152046783625731	0.0	0.8801169590643275	1.8596491228070176	0.7017543859649122	0.4415204678362573	0.347953216374269	0.8830409356725146	15.105263157894736	0.5409356725146199	0.0
521435	0.6745495495495496	4.101351351351352	0.8738738738738738	1.3783783783783783	3.8716216216216215	1.4110360360360361	6.941441441441442	2.8896396396396398	1.5236486486486487	1.0698198198198199	1.6126126126126126	1.212837837837838	0.8243243243243243	0.9211711711711712	0.0	1.1542792792792793	0.3400900900900901	0.0259009009009009	1.5304054054054055	0.0	1.5146396396396395	1.4087837837837838	0.12162162162162163	0.0	1.0168918918918919	0.0	9.9740990990991	0.2635135135135135	0.0
1649192	0.6095238095238096	1.0452380952380953	1.0738095238095238	0.65	4.852380952380952	2.7642857142857142	4.502380952380952	2.0976190476190477	0.4595238095238095	0.3119047619047619	2.969047619047619	0.0	0.0	0.0	0.0	2.645238095238095	0.0	0.0	0.0	0.3476190476190476	0.2571428571428571	1.0214285714285714	0.0	0.5142857142857142	0.4238095238095238	0.0	4.664285714285715	0.0	0.0
1649203	0.37770897832817335	1.1424148606811146	0.932920536635707	1.7481940144478845	0.9607843137254902	2.1155830753353975	5.553147574819401	1.865841073271414	0.7409700722394221	0.41382868937048506	2.756449948400413	0.2961816305469556	0.06914344685242518	0.04024767801857585	0.0	1.0722394220846234	0.0	0.0	0.8235294117647058	0.5211558307533539	1.108359133126935	0.8359133126934984	0.0	0.15479876160990713	0.5717234262125903	0.0	3.454076367389061	0.0	0.0
104672	0.0	4.225950782997763	0.05592841163310962	1.516778523489933	2.684563758389262	2.5503355704697985	7.633109619686801	4.583892617449664	2.0201342281879193	0.33557046979865773	1.6465324384787472	2.3624161073825505	0.668903803131991	2.353467561521253	0.3378076062639821	1.0111856823266219	0.0	0.0	0.09843400447427293	0.5570469798657718	0.0	3.6532438478747205	0.6711409395973155	0.6756152125279642	0.33557046979865773	0.0	8.552572706935123	0.0	0.6733780760626398
357673	1.0740740740740742	1.8974358974358974	1.8746438746438747	0.0	2.341880341880342	1.7435897435897436	0.8347578347578347	2.737891737891738	0.6837606837606838	0.0	2.1880341880341883	0.13675213675213677	0.09401709401709402	0.18803418803418803	0.8034188034188035	0.23646723646723647	0.0	0.0	0.0	0.0	0.4843304843304843	0.0	1.6638176638176638	0.05698005698005698	0.8603988603988604	0.0	4.7920227920227925	0.0	0.0
1608123	0.5601851851851852	1.9212962962962963	1.1064814814814814	3.2662037037037037	0.45601851851851855	2.5833333333333335	2.372685185185185	1.9421296296296295	0.5439814814814815	0.5625	2.099537037037037	1.7638888888888888	0.24537037037037038	2.6435185185185186	0.0	0.9467592592592593	0.6990740740740741	0.6712962962962963	2.4652777777777777	0.0	0.37037037037037035	2.3402777777777777	0.21296296296296297	0.0	0.39351851851851855	0.0	8.118055555555555	0.0	0.0
68745	0.5404663923182441	1.5857338820301783	0.8257887517146777	0.6213991769547325	2.898491083676269	3.9039780521262	5.260631001371742	3.4513031550068587	0.345679012345679	0.3278463648834019	1.7873799725651578	0.7434842249657064	0.5761316872427984	0.0	0.0	2.1893004115226335	0.0	0.0	0.821673525377229	0.32373113854595337	0.9327846364883402	1.4348422496570645	0.0	0.22908093278463648	0.41426611796982166	0.0	5.724279835390947	0.0	0.0
1429583	0.3854166666666667	5.525173611111111	1.3159722222222223	1.3567708333333333	2.8723958333333335	3.970486111111111	7.052951388888889	3.8116319444444446	1.6623263888888888	0.9097222222222222	1.8784722222222223	0.7847222222222222	0.5217013888888888	0.9114583333333334	0.2604166666666667	1.5920138888888888	0.0	0.2621527777777778	1.4765625	1.0451388888888888	0.3723958333333333	1.3055555555555556	0.2621527777777778	0.7725694444444444	0.2612847222222222	0.7855902777777778	8.160590277777779	0.5225694444444444	0.0
431842	1.0411522633744856	0.1728395061728395	1.5637860082304527	1.2016460905349795	0.5061728395061729	2.60082304526749	7.469135802469136	2.0411522633744856	0.6666666666666666	0.29218106995884774	2.97119341563786	0.0	1.9300411522633745	0.0	0.0	1.4567901234567902	0.0	0.0	1.5967078189300412	0.0	0.5102880658436214	1.3703703703703705	0.0	0.37037037037037035	0.6213991769547325	1.1728395061728396	4.222222222222222	0.0	0.0
431849	0.0	3.338709677419355	0.48118279569892475	0.4032258064516129	2.704301075268817	0.12634408602150538	5.268817204301075	0.6774193548387096	0.0	0.21774193548387097	0.9112903225806451	0.6989247311827957	0.510752688172043	0.8091397849462365	0.0	0.0	0.0	0.0	1.8844086021505377	0.0	0.0	2.1048387096774195	0.31451612903225806	0.8118279569892473	0.0	0.0	5.669354838709677	0.510752688172043	0.0
788683	0.38467614533965244	1.4589257503949447	0.5924170616113744	1.7061611374407584	2.7804107424960507	1.3270142180094786	8.074249605055293	2.4605055292259084	1.0205371248025277	0.3041074249605055	1.4028436018957346	0.6018957345971564	0.3404423380726698	0.0	0.0	0.5608214849921012	0.11216429699842022	0.0	0.35624012638230645	0.2377567140600316	1.3262243285939967	1.646919431279621	0.0	0.23696682464454977	0.23854660347551343	0.0	6.328593996840443	0.2377567140600316	0.0
49397	0.3639291465378422	1.5845410628019323	1.0563607085346216	0.48470209339774556	3.0466988727858295	2.185185185185185	4.515297906602254	0.966183574879227	0.7423510466988728	0.07407407407407407	0.09339774557165861	0.9307568438003221	1.2930756843800322	0.0	0.0	0.9210950080515298	0.0	0.0	0.0	0.32689210950080516	0.286634460547504	0.5700483091787439	0.0	0.0	0.9243156199677939	0.3961352657004831	3.6473429951690823	0.0	0.0
1517905	0.0	1.324009324009324	0.6876456876456877	1.7412587412587412	1.0909090909090908	2.4428904428904428	6.610722610722611	2.2167832167832167	0.2517482517482518	0.8228438228438228	3.1235431235431235	1.5874125874125875	1.8461538461538463	0.8041958041958042	0.0	0.6666666666666666	0.0	0.2517482517482518	0.34965034965034963	0.0	0.9137529137529138	1.3962703962703962	0.0	0.0	0.47785547785547783	0.0	6.652680652680653	0.34965034965034963	0.0
652935	0.6842105263157895	1.9051332033788173	0.6952566601689408	1.1208576998050683	2.8589993502274202	1.1552956465237167	6.9564652371669915	2.5471085120207926	1.0747238466536713	0.631578947368421	2.2664067576348277	0.7706302794022092	1.0766731643924627	0.2742040285899935	0.0	0.521117608836907	0.0	0.0	0.19623131903833657	0.07602339181286549	1.8421052631578947	1.7615334632878492	0.18843404808317088	0.0	0.0	0.09616634178037686	5.781676413255361	0.1949317738791423	0.0
894385	0.0	1.6653171390013495	1.8272604588394061	2.2388663967611335	2.7719298245614037	4.417004048582996	5.10391363022942	2.309041835357625	0.8097165991902834	0.21322537112010798	2.232118758434548	0.5802968960863698	0.40620782726045884	1.4008097165991902	0.0	2.095816464237517	0.0	0.407557354925776	0.5762483130904184	0.33468286099865047	0.4048582995951417	1.8582995951417005	0.31039136302294196	0.0	0.6774628879892037	0.0	11.279352226720647	0.0	0.407557354925776
897652	1.2424242424242424	2.6742424242424243	1.75	4.295454545454546	4.291666666666667	5.617424242424242	12.693181818181818	9.920454545454545	3.121212121212121	0.0	1.428030303030303	1.9621212121212122	0.0	0.0	0.0	5.276515151515151	0.0	2.0265151515151514	4.526515151515151	1.1098484848484849	0.2765151515151515	4.178030303030303	0.375	3.8106060606060606	2.0265151515151514	0.4734848484848485	5.553030303030303	1.6325757575757576	0.8598484848484849
897653	0.037267080745341616	4.01656314699793	1.8881987577639752	4.037267080745342	2.610766045548654	14.296066252587991	5.171842650103519	3.9130434782608696	1.9565217391304348	1.5610766045548654	1.0579710144927537	0.11594202898550725	3.4285714285714284	0.9316770186335404	0.0	0.7805383022774327	1.1180124223602483	1.031055900621118	2.2256728778467907	0.0	4.625258799171843	3.391304347826087	0.6231884057971014	1.1821946169772257	0.9917184265010351	0.0	5.6770186335403725	0.5486542443064182	1.1801242236024845
568844	0.0	3.3169734151329244	0.6175869120654397	0.7770961145194274	2.1267893660531696	1.9754601226993864	4.8323108384458076	3.408997955010225	0.0	1.2903885480572597	1.8057259713701432	0.0	0.9263803680981595	1.4805725971370143	0.0	2.002044989775051	0.0	0.0	0.6012269938650306	0.37627811860940696	2.4008179959100207	1.98159509202454	0.0	0.5746421267893661	0.37627811860940696	0.0	3.936605316973415	0.0	0.0
568845	0.3875968992248062	5.2299741602067185	2.509043927648579	2.7545219638242893	4.335917312661499	3.635658914728682	13.17312661498708	5.6537467700258395	0.0	1.6537467700258397	1.6718346253229974	1.3901808785529717	1.0387596899224807	4.37984496124031	0.0	2.6744186046511627	0.6847545219638242	0.6770025839793282	0.2248062015503876	0.30749354005167956	0.37467700258397935	3.3152454780361755	0.0	0.05167958656330749	0.0	0.4754521963824289	11.328165374677003	0.0	0.7700258397932817
568846	2.508238276299113	4.096324461343473	0.9328263624841572	4.093789607097592	5.5297845373891	15.979721166032952	12.358681875792142	6.67680608365019	2.2724968314321927	2.4195183776932825	5.035487959442332	1.5285171102661597	2.670468948035488	2.8783269961977185	0.7642585551330798	4.846641318124208	0.38276299112801015	1.3891001267427123	1.358681875792142	1.0988593155893536	3.434727503168568	2.7807351077313056	1.1457541191381495	1.4397972116603295	2.467680608365019	0.019011406844106463	13.832699619771864	1.3358681875792142	0.19138149556400508
568847	0.673939393939394	2.492121212121212	1.3236363636363637	1.8387878787878789	2.7551515151515154	1.2787878787878788	9.946666666666667	3.730909090909091	0.6436363636363637	1.4884848484848485	2.8036363636363637	0.03151515151515152	0.5866666666666667	1.490909090909091	0.0	3.0824242424242425	0.0	0.36484848484848487	1.2533333333333334	0.0	3.3236363636363637	1.1854545454545455	0.36363636363636365	0.5236363636363637	0.21333333333333335	0.6206060606060606	8.700606060606061	0.6012121212121212	0.0
568849	1.2588652482269505	2.847517730496454	0.8953900709219859	1.3563829787234043	2.4450354609929077	4.294326241134752	6.797872340425532	3.326241134751773	0.1773049645390071	1.2234042553191489	3.3368794326241136	0.25354609929078015	1.3705673758865249	0.0	0.0	1.297872340425532	0.0	0.0	0.26773049645390073	0.08333333333333333	0.7943262411347518	0.6365248226950354	0.6223404255319149	0.0	0.25354609929078015	0.526595744680851	8.24645390070922	0.0	0.0
617200	0.0	2.557823129251701	1.5850340136054422	1.5578231292517006	2.580498866213152	1.6961451247165533	5.321995464852607	2.870748299319728	0.6122448979591837	0.26077097505668934	2.4988662131519273	0.3242630385487528	0.5873015873015873	0.0	0.0	2.566893424036281	0.0	0.0	0.5578231292517006	0.0	0.0	0.11337868480725624	0.0	0.0	0.0	0.0	5.825396825396825	0.0	0.0
