gene_callers_id	source	gene_name	gene_hmm_id	e_value	length	WAM_ALR	WAM_CCR	WAM_IPI	WAM_MAR	WAM_MYS	WAM_PBL	WAM_PJN	WAM_PPR	WAM_PST	WAM_ROL	WAM_SCR	WAM_SGN	WAM_SIS	WAM_TWN	WAR_ALR	WAR_CCR	WAR_IPI	WAR_MAR	WAR_MYS	WAR_PBL	WAR_PJN	WAR_PPR	WAR_PSK	WAR_PST	WAR_RNW	WAR_ROL	WAR_SCR	WAR_SGL	WAR_SIS	mag_id
367028	Archaea_76	RNA_pol_Rpb6	PF01192.22	1.9e-13	228	8.3421052631579	11.5877192982456	6.2280701754386	5.12280701754386	3.74561403508772	6.16228070175439	9.67543859649123	6.29385964912281	6.32017543859649	8.12280701754386	8.92105263157895	6.85964912280702	3.23684210526316	0	6.89473684210526	16.9210526315789	7.03508771929825	16.5877192982456	1.53070175438596	14.0394736842105	10.4780701754386	21.2412280701754	6.29385964912281	12.2324561403509	9.59649122807018	9.71929824561403	13.2675438596491	12.4605263157895	15.5482456140351	WA_Bin_00091
1264606	Archaea_76	Ribosomal_L3	PF00297.22	3e-22	522	12.2854406130268	10.0804597701149	3.91187739463602	14.0900383141762	2.5632183908046	3.93103448275862	13.8888888888889	4.72413793103448	6.08620689655172	4.73563218390805	6.90229885057471	6.59961685823755	2.34865900383142	1.51915708812261	13.4233716475096	14.6781609195402	6.31417624521073	11.6168582375479	4.2911877394636	11.3754789272031	13.1934865900383	13.7471264367816	5.63026819923372	14.235632183908	6.8448275862069	11.8180076628352	15.948275862069	9.99425287356322	16.0421455938697	WA_Bin_00091
1264607	Archaea_76	Ribosomal_L4	PF00573.22	1.5e-52	621	19.2109500805153	9.76811594202899	4.88244766505636	8.85024154589372	2.99194847020934	5.74557165861514	17.5764895330113	6.45571658615137	9.92914653784219	12.3091787439614	13.7004830917874	11.0128824476651	4.44927536231884	1.89210950080515	14.7117552334944	19.1674718196457	8.43317230273752	19.6473429951691	8.35426731078905	16.7294685990338	28.5958132045089	21.951690821256	7.7890499194847	28.5136876006441	8.04347826086956	19.1803542673108	23.9194847020934	14.8550724637681	13.8856682769726	WA_Bin_00091
1264608	Archaea_76	Ribosomal_L23	PF00276.20	4.7e-31	288	20.71875	9.05208333333333	8.85763888888889	10.2430555555556	5.90277777777778	3.86805555555556	14.7708333333333	14.8298611111111	10.8090277777778	10.1805555555556	11.8506944444444	16.8229166666667	4.21875	4.56597222222222	17.6701388888889	18.1423611111111	7.88888888888889	26.1041666666667	8.00347222222222	17.0277777777778	23.4930555555556	22.1527777777778	8.28125	30.2638888888889	9.86805555555556	14.6770833333333	33.0347222222222	13.7638888888889	18.3854166666667	WA_Bin_00091
1264610	Archaea_76	Ribosomal_S19	PF00203.21	6.9e-40	264	17.0227272727273	8.11363636363636	8.42045454545454	14.5265151515152	2.08333333333333	6.28787878787879	25.6818181818182	13.4015151515152	11.5113636363636	21.3106060606061	9.68181818181818	19.8409090909091	3.73106060606061	3.17424242424242	23.5643939393939	18.719696969697	7.73484848484848	19.0340909090909	5.95075757575758	17.0265151515152	25.4128787878788	24.1742424242424	11.4128787878788	28.3863636363636	14.8522727272727	28.2462121212121	29.8712121212121	21.0833333333333	16.8598484848485	WA_Bin_00091
1264611	Archaea_76	Ribosomal_L22	PF00237.19	1.2e-34	348	17.0201149425287	9.1264367816092	5.35919540229885	16.1465517241379	2.95689655172414	5.8132183908046	19.7672413793103	8.35632183908046	12.5459770114943	12.7097701149425	12.1580459770115	14.5488505747126	8.40804597701149	1.66666666666667	15.4396551724138	19.5201149425287	9.20114942528736	23.8735632183908	8.5632183908046	17.3333333333333	19.9367816091954	21.0114942528736	6.55747126436782	32.0229885057471	10.4511494252874	19.551724137931	30.1609195402299	15.2241379310345	12.9051724137931	WA_Bin_00091
1264613	Archaea_76	Ribosomal_L16	PF00252.18	2.7e-52	414	17.2850241545894	5.58454106280193	4.38647342995169	8.65217391304348	1.8719806763285	6.35265700483092	12.3671497584541	7.04106280193237	13.5821256038647	11.3913043478261	16.4009661835749	11.8454106280193	2.29710144927536	2.14009661835749	7.89371980676329	12.8719806763285	5.34782608695652	19.6594202898551	6.78985507246377	19.6014492753623	16.2246376811594	18.5193236714976	7.19806763285024	18.9154589371981	11.8309178743961	15.4903381642512	30.6666666666667	7.10144927536232	9.85024154589372	WA_Bin_00091
1264614	Archaea_76	Ribosomal_L29	PF00831.23	1.1e-22	213	13.7230046948357	5.52112676056338	3.53990610328638	4.16431924882629	0	2.89671361502347	8.48826291079812	2.98591549295775	9.35680751173709	6.89671361502347	10.3661971830986	12.7417840375587	1.81220657276995	2.48356807511737	14.3004694835681	7.91549295774648	5.24882629107981	16.6338028169014	5.68544600938967	16.5727699530516	15.7417840375587	13.4319248826291	4.02816901408451	19.3145539906103	4.09859154929577	12.2300469483568	22.5352112676056	13.6056338028169	11.4600938967136	WA_Bin_00091
1264615	Archaea_76	Ribosomal_S17	PF00366.20	2.7e-31	264	14.2348484848485	5.45075757575758	3.12878787878788	8.63257575757576	0.0795454545454545	5.31439393939394	12.2727272727273	6.04924242424242	9.63257575757576	5.27272727272727	12.0113636363636	7.35606060606061	3.68560606060606	2.27651515151515	10.030303030303	17.4659090909091	3.90530303030303	21.5416666666667	5.96590909090909	18.0075757575758	28.0378787878788	19.3181818181818	4.92045454545455	22.6477272727273	6.45833333333333	16.0833333333333	24.4393939393939	13.030303030303	15.2424242424242	WA_Bin_00091
1264616	Archaea_76	Ribosomal_L14	PF00238.19	1.8e-57	369	11.1382113821138	10.7967479674797	7.27913279132791	13.2547425474255	2.46883468834688	2.95663956639566	14.0433604336043	4.53658536585366	11.6287262872629	9.53116531165312	12.5582655826558	7.12466124661247	4.69376693766938	2.82926829268293	13.0325203252033	12.0650406504065	6.67479674796748	14.4227642276423	4.68021680216802	11.6585365853659	18.680216802168	22.3360433604336	9.4579945799458	18.3252032520325	11.0840108401084	19.5880758807588	21.5962059620596	16.8915989159892	15.9349593495935	WA_Bin_00091
1264620	Archaea_76	Ribosomal_S8	PF00410.19	1.1e-46	399	11.6842105263158	8.11779448621554	2.04511278195489	6.91729323308271	2.33834586466165	4.16290726817043	13.4912280701754	4.58646616541353	6.43609022556391	5.10275689223058	10.6340852130326	6.27568922305764	3.10526315789474	2.46616541353383	10.4160401002506	9.27568922305764	6.07268170426065	13.0275689223058	3.67418546365915	10.8220551378446	11.1979949874687	14.1228070175439	5.50375939849624	11.8245614035088	8.91729323308271	12.1829573934837	8.23809523809524	6.20300751879699	4.54887218045113	WA_Bin_00091
1264621	Archaea_76	Ribosomal_L6	PF00347.23	1.5e-33	552	6.40579710144928	5.18478260869565	4.08514492753623	8.08876811594203	2.95471014492754	2.24094202898551	11.5742753623188	4.88768115942029	6.8695652173913	3.67934782608696	7.06521739130435	6.65760869565217	4.07971014492754	3.15036231884058	7.41485507246377	6.31159420289855	2.28260869565217	14.2663043478261	5.80615942028986	9.59057971014493	10.0670289855072	12.8188405797101	4.84782608695652	12.4329710144928	6.22644927536232	14.625	9.125	9.59057971014493	7.01992753623188	WA_Bin_00091
1264626	Archaea_76	SecY	PF00344.20	2.1e-112	1314	18.4117199391172	9.64840182648402	5.7503805175038	14.0334855403349	3.42389649923896	3.54033485540335	16.0471841704718	8.17503805175038	11.855403348554	10.8767123287671	16.6400304414003	13.6552511415525	6.5738203957382	1.87975646879756	15.0783866057839	14.4604261796043	9.87214611872146	16.6849315068493	7.8896499238965	18.2199391171994	16.9916286149163	21.8759512937595	9.47184170471842	22.6986301369863	7.41628614916286	23.9178082191781	25.472602739726	15.0091324200913	17.5038051750381	WA_Bin_00091
1264631	Archaea_76	Ribosomal_S13	PF00416.22	4.2e-33	378	13.3280423280423	8.1031746031746	6.73280423280423	7.59523809523809	3.65873015873016	3.06084656084656	14.3015873015873	4.11375661375661	9.37830687830688	5.89153439153439	9.8968253968254	11.2142857142857	1.83862433862434	2.14550264550265	7.10582010582011	16.042328042328	7.87830687830688	9.52116402116402	11.468253968254	9.76455026455026	14.0502645502646	13.4206349206349	8.28306878306878	15.5026455026455	11.2883597883598	17.2724867724868	24.0555555555556	12.5899470899471	10.2486772486772	WA_Bin_00091
894317	Archaea_76	Ribosomal_L3	PF00297.22	1.7e-22	633	9.72985781990521	6.07266982622433	5.23696682464455	5.95734597156398	2.05529225908373	2.49605055292259	7.54186413902054	2.88309636650869	3.20379146919431	3.18009478672986	9.65244865718799	7.01421800947867	2.13270142180095	0.755134281200632	10.0363349131122	7.739336492891	5.27488151658768	13.1121642969984	3.71248025276461	7.44233807266983	10.4849921011058	13.480252764613	7.23538704581359	8.81674565560821	6.28751974723539	11.6161137440758	18.9336492890995	8.69668246445498	10.7030015797788	WA_Bin_00091
894321	Archaea_76	Ribosomal_S7	PF00177.21	3.1e-61	468	24.982905982906	13.6153846153846	10.3568376068376	16.4423076923077	4.61752136752137	5.19871794871795	24.5128205128205	7.0042735042735	16.2884615384615	15.2970085470085	20.0491452991453	12.8440170940171	4.16666666666667	2.33119658119658	12.6880341880342	15.8461538461538	9.37179487179487	25.2628205128205	6.99786324786325	18.7286324786325	22.9059829059829	28.8867521367521	12.2179487179487	16.1645299145299	13.2371794871795	27.0897435897436	32.6645299145299	24.9017094017094	17.0576923076923	WA_Bin_00091
894322	Archaea_76	Ribosom_S12_S23	PF00164.25	8.1e-45	369	21.1327913279133	14.2059620596206	9.32249322493225	17.6043360433604	3.88075880758808	4.82926829268293	23.4959349593496	10.8265582655827	13.8536585365854	9.03523035230352	18.8834688346883	16.5636856368564	4.95663956639566	5.05962059620596	20.0379403794038	14.070460704607	6.49322493224932	27.219512195122	5.09485094850949	14.2249322493225	24.289972899729	22.8482384823848	17.0677506775068	23.710027100271	23.7371273712737	15.8265582655827	33.6856368563686	22.9349593495935	16.5230352303523	WA_Bin_00091
894327	Archaea_76	Ribosomal_L1	PF00687.21	1.4e-52	687	23.4657933042213	14.9679767103348	9.48617176128093	11.5647743813683	4.13245997088792	6.87481804949054	18.7598253275109	10.9417758369723	12.6055312954876	10.1717612809316	19.117903930131	18.2707423580786	4.97234352256186	2.29985443959243	16.5167394468705	18.6157205240175	9.4919941775837	20.1266375545852	8.6783114992722	22.292576419214	24.8282387190684	25.5065502183406	13.4876273653566	29.6943231441048	13.924308588064	29.7700145560408	24.551673944687	17.9068413391558	17.3231441048035	WA_Bin_00091
937925	Archaea_76	RNase_HII	PF01351.18	2.4e-28	525	7.34857142857143	2.84380952380952	3.04190476190476	5.44952380952381	1.14857142857143	1.00952380952381	7.04761904761905	2.99047619047619	7.72571428571429	3.79428571428571	5.11809523809524	4.17333333333333	1.47619047619048	0	4.28571428571429	8.40761904761905	0.801904761904762	6.50857142857143	1.72380952380952	6.67619047619048	4.85333333333333	7.14285714285714	5.24380952380952	10.2780952380952	4.78095238095238	6.75809523809524	7.53904761904762	7.06857142857143	6.29333333333333	WA_Bin_00091
937930	Archaea_76	Ribosomal_S2	PF00318.20	9.1e-91	684	9.6593567251462	6.75	6.53070175438596	3.78070175438596	4.31286549707602	2.10964912280702	10.8172514619883	6.6140350877193	7.80847953216374	9.59649122807018	7.32456140350877	7.34502923976608	4.86111111111111	1.09941520467836	7.53801169590643	10.7675438596491	4.52046783625731	10.1154970760234	7.6140350877193	6.68859649122807	15.3815789473684	15.2909356725146	5.39619883040936	18.7090643274854	6.76754385964912	11.1578947368421	13.6315789473684	6.64766081871345	9.69152046783626	WA_Bin_00091
236562	Archaea_76	tRNA-synt_His	PF13393.6	1e-40	1173	5.86871270247229	4.32992327365729	3.86700767263427	3.62063086104007	1.15686274509804	2.6385336743393	11.6257459505541	2.39556692242114	7.72804774083546	3.71099744245524	8.25234441602728	6.42369991474851	2.69138959931799	0.709292412617221	5.84825234441603	12.3444160272805	4.04433077578858	9.21398124467178	2.93009377664109	9.24381926683717	8	6.95737425404945	4.41858482523444	11.1986359761296	6.97527706734868	6.63427109974425	11.765558397272	5.46803069053708	6.0537084398977	WA_Bin_00091
289408	Archaea_76	Ribosomal_L13	PF00572.18	2.8e-57	462	14.4480519480519	8.33982683982684	6.49134199134199	7.01515151515152	5.98051948051948	6.01731601731602	13.8506493506494	9.01948051948052	16.1926406926407	9.78787878787879	10.7034632034632	9.91125541125541	2.52813852813853	1.38311688311688	15.7575757575758	19.0541125541126	6.36363636363636	12.2251082251082	5.49350649350649	14.2207792207792	19.4891774891775	19.8787878787879	17.469696969697	16.0627705627706	9.05844155844156	16.6212121212121	18.9004329004329	11.0952380952381	14.2316017316017	WA_Bin_00091
289409	Archaea_76	Ribosomal_S9	PF00380.19	4.7e-47	390	19.2384615384615	8.5974358974359	5.52051282051282	7.67948717948718	5.11538461538461	4.30769230769231	16.9435897435897	9.55128205128205	11.3717948717949	7.4	22.4487179487179	9.26923076923077	1.42307692307692	0.0615384615384615	16.8769230769231	14.7307692307692	5.97435897435897	17.774358974359	5.22051282051282	12.9846153846154	17.0897435897436	19.1974358974359	11.3230769230769	28.7102564102564	12.4230769230769	16.5410256410256	25.9564102564103	16.7487179487179	16.1333333333333	WA_Bin_00091
