gene_callers_id	source	gene_name	gene_hmm_id	e_value	length	WAM_ALR	WAM_CCR	WAM_IPI	WAM_MAR	WAM_MYS	WAM_PBL	WAM_PJN	WAM_PPR	WAM_PST	WAM_ROL	WAM_SCR	WAM_SGN	WAM_SIS	WAM_TWN	WAR_ALR	WAR_CCR	WAR_IPI	WAR_MAR	WAR_MYS	WAR_PBL	WAR_PJN	WAR_PPR	WAR_PSK	WAR_PST	WAR_RNW	WAR_ROL	WAR_SCR	WAR_SGL	WAR_SIS	mag_id
383522	Archaea_76	tRNA-synt_1d	PF00750.19	1.8e-31	1713	1.77816695855225	1.15002918855809	2.13193228254524	0.702276707530648	1.23584354932866	1.37536485697607	1.22650321074139	1.0630472854641	1.66199649737303	0.527729130180969	1.02860478692353	1.31757151196731	0.87215411558669	0.176298890834793	2.04903677758319	3.54349095154699	2.13076474022183	1.2778750729714	1.99824868651489	1.59836544074723	1.38587273788675	2.28254524226503	0.63164039696439	1.4810274372446	1.05896088733217	1.21307647402218	4.04378283712785	2.55633391710449	1.38295388207823	WA_MAG_00065
415894	Archaea_76	eIF-6	PF01912.18	1e-52	666	0.33033033033033	0.647147147147147	1.47147147147147	0.665165165165165	0.339339339339339	0	1.24324324324324	0.423423423423423	0.845345345345345	1.19069069069069	0.0885885885885886	0.900900900900901	0.453453453453453	0.216216216216216	1.17567567567568	2.66216216216216	1.62612612612613	0.711711711711712	0.453453453453453	2.52402402402402	0.807807807807808	0.915915915915916	0	1.21771771771772	1.65165165165165	0.873873873873874	1.13513513513514	0.845345345345345	1.27177177177177	WA_MAG_00065
450324	Archaea_76	DUF359	PF04019.12	1.2e-33	990	1.98181818181818	1.19191919191919	1.2030303030303	0.911111111111111	2.37777777777778	1.22828282828283	1.38484848484848	1.52929292929293	2.59494949494949	1.11313131313131	0.608080808080808	1.51919191919192	0.304040404040404	0	0.662626262626263	3.41717171717172	2.06060606060606	1.62323232323232	0.987878787878788	2.82525252525253	0.763636363636364	2.25151515151515	1.66868686868687	1.22323232323232	1.95757575757576	2.41515151515152	4.78282828282828	1.37878787878788	0.953535353535354	WA_MAG_00065
456946	Archaea_76	Ribosomal_S13	PF00416.22	1.8e-37	462	0.0606060606060606	0.590909090909091	0.906926406926407	0.510822510822511	0.554112554112554	0.493506493506494	0.0909090909090909	1.04329004329004	0.214285714285714	0.590909090909091	0	0.651515151515151	0.0346320346320346	0.0606060606060606	0	0	0.930735930735931	0.859307359307359	0.653679653679654	2.19264069264069	0.612554112554113	0.948051948051948	0.575757575757576	0.0108225108225108	1.88961038961039	1.23809523809524	0.62987012987013	0	0	WA_MAG_00065
456948	Archaea_76	Ribosomal_S11	PF00411.19	5.8e-34	384	1.6484375	1.30989583333333	1.26302083333333	2.78645833333333	1.59375	1.59895833333333	2.17708333333333	1.24739583333333	2.88541666666667	1.3046875	1.62760416666667	2.9609375	1.16666666666667	0.4921875	1.1953125	1.37760416666667	2.29427083333333	0.700520833333333	0.635416666666667	6.4375	6.8984375	0.580729166666667	0.385416666666667	4.421875	3.90364583333333	3.01302083333333	4.12760416666667	1.06770833333333	3.36979166666667	WA_MAG_00065
1279925	Archaea_76	Ribosomal_S17e	PF00833.18	4.3e-16	192	3.03645833333333	2.91666666666667	1.50520833333333	2.10416666666667	0	1.84375	2.171875	0	2.109375	0.692708333333333	0	3.13541666666667	0.25	0.786458333333333	3.22916666666667	2.65625	0.864583333333333	5.140625	0.302083333333333	1.95833333333333	0.901041666666667	3.13541666666667	1.78125	1.671875	0	0.875	6.546875	2.78125	2.19270833333333	WA_MAG_00065
1279926	Archaea_76	Ribosomal_L31e	PF01198.19	4.2e-15	276	1.81884057971015	0.152173913043478	1.07246376811594	0.677536231884058	0	0.0217391304347826	0.793478260869565	1.46739130434783	0.949275362318841	0.532608695652174	0.568840579710145	3.84057971014493	1.45652173913043	0	2.10869565217391	1.64492753623188	1.44927536231884	0.739130434782609	1.73550724637681	3.04710144927536	1.26449275362319	2.3804347826087	0.202898550724638	0.115942028985507	0.141304347826087	1.79710144927536	5.04347826086957	2.15217391304348	0.471014492753623	WA_MAG_00065
1279927	Archaea_76	dsDNA_bind	PF01984.20	1.3e-21	360	2.16388888888889	0	1.65277777777778	0.413888888888889	1.99722222222222	0	1.06944444444444	1.70833333333333	3.38055555555556	2.01944444444444	0.0916666666666667	1.25	0.177777777777778	0.713888888888889	3.53888888888889	1.23611111111111	1.175	1.50277777777778	1.39166666666667	1.88611111111111	0.0888888888888889	2.55555555555556	2.20833333333333	1.25	1.79166666666667	0.944444444444444	3.475	0.791666666666667	2.975	WA_MAG_00065
1279928	Archaea_76	Ribosomal_S19e	PF01090.19	2.3e-45	492	0.605691056910569	0.613821138211382	0.648373983739837	1.44512195121951	0	0.172764227642276	2.66869918699187	1.32926829268293	1.32926829268293	0.617886178861789	0.48780487804878	1.13821138211382	0	0.469512195121951	1.60569105691057	1.33333333333333	0.851626016260163	3.63414634146341	0.611788617886179	1.6890243902439	0.420731707317073	1.5650406504065	1.47764227642276	1.36382113821138	2.73577235772358	1.25406504065041	2.40447154471545	1.80081300813008	2.00406504065041	WA_MAG_00065
1095400	Archaea_76	RNase_HII	PF01351.18	3.8e-44	636	0.638364779874214	0	2.56761006289308	0	0.474842767295597	0.284591194968553	1.17452830188679	1.48584905660377	3.19182389937107	0	1.57389937106918	0.772012578616352	0.783018867924528	0.356918238993711	1.69968553459119	3.54245283018868	1.82547169811321	1.68710691823899	1.31918238993711	1.97955974842767	0.863207547169811	2.0440251572327	0.767295597484277	1.24685534591195	3.92610062893082	0.566037735849057	5.05188679245283	2.00943396226415	2.58647798742138	WA_MAG_00065
1095401	Archaea_76	tRNA-synt_1c	PF00749.21	1.9e-55	1074	0.557728119180633	0.685288640595903	0.513035381750466	1.25139664804469	0.842644320297952	1.35102420856611	0.644320297951583	1.92830540037244	2.75977653631285	0.838919925512104	0.679702048417132	0.843575418994413	0.281191806331471	0.0465549348230912	2.512104283054	2.52420856610801	1.62849162011173	1.12476722532588	1.03724394785847	1.40223463687151	1.32495344506518	1.44040968342644	1.54003724394786	1.3147113594041	1.00093109869646	0.363128491620112	2.7877094972067	1.82588454376164	1.68715083798883	WA_MAG_00065
31653	Archaea_76	PyrI	PF01948.18	2.9e-34	477	3.12788259958071	0.708595387840671	1.67714884696017	0.0922431865828092	0.473794549266247	0.633123689727463	2.45911949685535	3.37526205450734	0.633123689727463	0.953878406708595	2.89308176100629	0.939203354297694	1.9622641509434	0	1.42976939203354	2.29559748427673	1.20964360587002	3.33542976939203	0.765199161425577	2.20125786163522	1.28511530398323	2.9727463312369	0.633123689727463	3.24737945492662	1.54297693920335	0.968553459119497	2.57232704402516	2.92662473794549	0.547169811320755	WA_MAG_00065
89022	Archaea_76	Archease	PF01951.16	1.3e-18	468	2.17307692307692	2.80555555555556	3.03846153846154	1.21794871794872	0.60042735042735	1.87393162393162	1.60683760683761	0	0.170940170940171	0.47008547008547	2.4957264957265	1.59615384615385	0.645299145299145	0	2.37179487179487	3.79059829059829	1.45726495726496	1.34615384615385	0.692307692307692	2.34401709401709	1.11965811965812	2.72008547008547	2.12606837606838	0.63034188034188	1.10897435897436	1.1517094017094	2.96794871794872	3.66880341880342	1.98076923076923	WA_MAG_00065
89050	Archaea_76	RtcB	PF01139.17	1.1e-129	1416	1.69844632768362	0.675141242937853	1.52471751412429	1.78531073446328	1.27471751412429	0.797316384180791	1.34463276836158	1.9138418079096	1.03389830508475	0.63135593220339	1.10169491525424	1.50988700564972	0.211864406779661	0.32274011299435	1.27754237288136	2.42443502824859	1.32203389830508	1.65395480225989	1.92796610169492	1.99011299435028	1.81850282485876	2.84251412429379	0.669491525423729	1.89124293785311	0.976694915254237	1.55225988700565	4.05437853107345	1.12358757062147	1.40607344632768	WA_MAG_00065
113440	Archaea_76	Ribosomal_L13	PF00572.18	2.1e-12	489	1.20245398773006	0.306748466257669	3.07157464212679	2.59918200408998	3.19018404907975	1.48466257668712	1.49693251533742	0.922290388548057	0.987730061349693	2.03067484662577	2.22903885480573	1.48057259713701	0.427402862985685	1.24335378323108	1.21472392638037	2.65030674846626	2.06339468302658	1.87525562372188	2.02044989775051	1.44989775051125	4.39263803680982	5.25971370143149	1.15337423312883	1.0920245398773	1.58486707566462	2.15950920245399	4.6441717791411	2.06748466257669	1.34764826175869	WA_MAG_00065
113441	Archaea_76	Ribosomal_S9	PF00380.19	1e-33	435	2.2735632183908	1.90114942528736	1.69425287356322	3.06896551724138	0.981609195402299	1.89885057471264	2.97241379310345	0.758620689655172	0.995402298850575	0.882758620689655	0.55632183908046	0.783908045977011	0.581609195402299	1.43448275862069	1.9632183908046	4.72873563218391	2.29655172413793	3.66206896551724	2.57701149425287	2.12413793103448	2.31264367816092	2.75862068965517	2.29425287356322	2.14252873563218	2.16091954022989	1.61379310344828	5.71494252873563	4.51034482758621	2.30804597701149	WA_MAG_00065
113442	Archaea_76	RNA_pol_N	PF01194.17	3e-30	204	1.8578431372549	2.14705882352941	2.14705882352941	0.0147058823529412	0	1.16666666666667	0.92156862745098	2.50490196078431	3.3578431372549	0.0490196078431372	0	1.36764705882353	1.08333333333333	0.740196078431373	3.52941176470588	4.43627450980392	1.08823529411765	8.19117647058824	1.76470588235294	7.06372549019608	2.77941176470588	4.75980392156863	0.259803921568627	1.21078431372549	2.38725490196078	0.186274509803922	10.1372549019608	5.05882352941176	1.59313725490196	WA_MAG_00065
167701	Archaea_76	Prefoldin	PF02996.17	2.1e-17	501	3.13972055888224	0	1.38323353293413	0.93812375249501	3.68662674650699	0.900199600798403	5.22754491017964	1.52894211576846	1.28542914171657	0.918163672654691	0.738522954091816	2.50299401197605	0.778443113772455	0.540918163672655	1.72455089820359	3.2435129740519	2.87624750499002	2.3313373253493	2.62674650698603	3.03992015968064	2.03193612774451	2.68662674650699	0.528942115768463	2.50698602794411	1.28942115768463	0.598802395209581	5.03792415169661	0.870259481037924	1.5189620758483	WA_MAG_00065
173751	Archaea_76	Ribosomal_L1	PF00687.21	1.4e-40	645	2.4031007751938	1.18449612403101	4.08372093023256	1.27751937984496	0.404651162790698	1.08217054263566	2.72403100775194	2.06976744186047	0.234108527131783	0.468217054263566	0.353488372093023	1.82480620155039	0.528682170542636	0	1.42015503875969	3.47131782945737	0.274418604651163	1.67286821705426	1.26201550387597	1.77209302325581	4.88062015503876	2.15968992248062	3.1984496124031	0.934883720930232	1.95813953488372	1.09922480620155	3.26356589147287	2.4015503875969	1.81395348837209	WA_MAG_00065
936410	Archaea_76	RNA_pol_L_2	PF13656.6	3.7e-13	258	1.81007751937985	0.887596899224806	2.56589147286822	2.15116279069767	0.410852713178295	2.24806201550388	2.50387596899225	1.86434108527132	1.01550387596899	0	1.83720930232558	1.54263565891473	0.806201550387597	0	0.775193798449612	0.166666666666667	1.5	2.17441860465116	0.906976744186046	2.08527131782946	1.65116279069767	2.53488372093023	1.68604651162791	1.34496124031008	1.45348837209302	1.86821705426357	3.22093023255814	3.57751937984496	0	WA_MAG_00065
936411	Archaea_76	TruD	PF01142.18	6.9e-113	1398	1.08226037195994	1.16022889842632	0.887696709585122	0.992131616595136	1.15665236051502	0.858369098712446	1.9620886981402	1.82260371959943	2.18884120171674	0.434907010014306	1.3412017167382	1.89413447782546	0.251072961373391	0	0.951359084406295	4.13447782546495	1.90057224606581	2.01859799713877	2.01359084406295	1.09656652360515	1.44420600858369	2.07868383404864	0.821173104434907	0.378397711015737	1.54721030042918	2.23390557939914	3.48640915593705	2.33905579399142	2.01359084406295	WA_MAG_00065
950937	Archaea_76	TIM	PF00121.18	7.8e-07	660	1.0969696969697	3.68030303030303	1.36666666666667	2.05151515151515	1.56969696969697	0.921212121212121	0.548484848484848	2.51060606060606	1.35606060606061	1.32424242424242	1.43787878787879	1.97727272727273	1.26818181818182	0.487878787878788	0.345454545454545	3.57424242424242	1.20151515151515	3.86515151515152	0.315151515151515	1.28484848484848	1.4469696969697	3.76818181818182	3.21363636363636	1.46212121212121	1.77575757575758	1.82727272727273	1.44242424242424	1.76060606060606	0.98030303030303	WA_MAG_00065
1582452	Archaea_76	AdoHcyase	PF05221.17	1.3e-70	1293	2.2907965970611	1.09280742459397	4.58932714617169	2.76024748646558	1.15777262180974	0.819798917246713	1.76875483372003	1.50889404485692	0.607888631090487	1.05723124516628	1.53596287703016	1.71925754060325	0	0.389791183294664	2.49651972157773	3.90564578499613	2.25212683681361	2.57927300850735	1.69760247486466	1.33255993812838	0.906419180201083	2.23201856148492	1.07501933488012	1.83449342614076	2.98221191028616	1.42846094354215	5.78808971384377	2.95282289249807	1.31399845320959	WA_MAG_00065
210400	Archaea_76	Ribosomal_S3Ae	PF01015.18	3.7e-51	993	1.44209466263847	1.20845921450151	2.57703927492447	1.30110775427996	0.689828801611279	1.17220543806647	2.29607250755287	0.454179254783484	1.11681772406848	1.13897280966767	0.173212487411883	0.903323262839879	0.853977844914401	0.304128902316213	0.600201409869084	1.93554884189325	1.36555891238671	1.27291037260826	0.874118831822759	1.60825780463243	1.02215508559919	2.51560926485398	0.911379657603223	2.10876132930514	0.936555891238671	1.55186304128902	4.20745216515609	2.36958710976838	2.13997985901309	WA_MAG_00065
257099	Archaea_76	Ribosom_S12_S23	PF00164.25	6.9e-47	474	0.512658227848101	0.213080168776371	2.20253164556962	1.17299578059072	0.316455696202532	1.24261603375527	0.883966244725738	0.892405063291139	0.681434599156118	1.55696202531646	0	1.35021097046413	0	2.13713080168776	0	1.16244725738397	1.46413502109705	0.145569620253165	1.26793248945148	0.316455696202532	2.51476793248945	3.76371308016878	0.647679324894515	0.99789029535865	0.888185654008439	0.548523206751055	1.87552742616034	0.989451476793249	0.630801687763713	WA_MAG_00065
257100	Archaea_76	Ribosomal_S7	PF00177.21	2.8e-31	627	1.6969696969697	2.11802232854864	3.06379585326954	0.315789473684211	0.792663476874003	0.939393939393939	2.99362041467305	2.05263157894737	1.07177033492823	0.958532695374801	0.768740031897927	2.20095693779904	0	0.700159489633174	1.19298245614035	3.93460925039872	3.00159489633174	2.66028708133971	2.86921850079745	0.722488038277512	1.35406698564593	2.01594896331738	1.55023923444976	4.2408293460925	2.6140350877193	2.02392344497608	2.72727272727273	2.20095693779904	1.20095693779904	WA_MAG_00065
262101	Archaea_76	Ribosomal_S8e	PF01201.22	3.2e-26	375	1.62666666666667	4.504	4.70666666666667	2.264	1.65066666666667	1.29066666666667	0.845333333333333	0.909333333333333	1.82933333333333	0.941333333333333	1.208	3.84	0.578666666666667	1.57333333333333	1.12533333333333	0.738666666666667	3.65866666666667	1.88266666666667	0.917333333333333	1.94666666666667	3.24266666666667	2.896	2.17333333333333	3.31466666666667	0	1.872	5.376	3.248	1	WA_MAG_00065
279605	Archaea_76	Ribosomal_S28e	PF01200.18	2.3e-29	225	3.23111111111111	2.84888888888889	2.28	2.53333333333333	2.03111111111111	0	1.86666666666667	2.69777777777778	1.36444444444444	0.911111111111111	1.97333333333333	1.58222222222222	0.608888888888889	0	1.84444444444444	4.89777777777778	7.61777777777778	3.71111111111111	2.89777777777778	4.36	1.71555555555556	3.54222222222222	0.768888888888889	2.46666666666667	2.44	1.07111111111111	1.33777777777778	1.16888888888889	3.62222222222222	WA_MAG_00065
279606	Archaea_76	NDK	PF00334.19	8.4e-56	447	0.597315436241611	1.48322147651007	1.09843400447427	1.41163310961969	1.87472035794183	1.3489932885906	2.29082774049217	2.90604026845638	1.46979865771812	0.0447427293064877	0.310961968680089	1.87024608501119	0	0	2.72035794183445	4.61968680089485	2.47427293064877	2.46532438478747	1.33109619686801	3.68680089485459	5.14093959731544	4.07829977628635	1.6420581655481	1.07158836689038	3.70469798657718	1.98657718120805	4.45637583892617	2.1006711409396	0.203579418344519	WA_MAG_00065
298386	Archaea_76	Ribosomal_L37ae	PF01780.19	1.3e-30	360	1.625	2.03055555555556	1.52777777777778	1.73611111111111	0.647222222222222	0.733333333333333	1.62222222222222	2.10555555555556	0.952777777777778	0.5	1.11111111111111	1.2	0	0.708333333333333	0.980555555555556	2.45555555555556	2.2	1.48333333333333	3.05277777777778	1.10833333333333	0.575	2.28055555555556	1.45277777777778	0.780555555555556	1.78055555555556	3.58611111111111	4.05833333333333	0.211111111111111	4.22777777777778	WA_MAG_00065
573595	Archaea_76	CarS-like	PF01864.17	5.1e-32	609	0.482758620689655	1.39080459770115	0.939244663382594	0.752052545155993	1.38916256157635	1.3431855500821	0.597701149425287	0.991789819376026	1.20525451559934	1.41379310344828	1.4367816091954	2.22988505747126	0.492610837438424	0.490968801313629	0.866995073891626	0.798029556650246	0.766830870279146	0.458128078817734	0.642036124794745	4.02298850574713	2.96223316912972	5.62725779967159	2.50574712643678	1.85385878489327	4.20689655172414	0.67816091954023	3.69458128078818	2.26600985221675	3.07389162561576	WA_MAG_00065
574772	Archaea_76	Ribosomal_L4	PF00573.22	1.6e-31	561	0	1.07308377896613	0	0	0	1.80213903743316	1.07486631016043	0.0249554367201426	0	0	1.46345811051693	2.59714795008913	0	0	0	5.12477718360071	0.0962566844919786	3.25846702317291	0	2.35115864527629	1.21033868092692	12.6898395721925	0	3.41711229946524	3.84313725490196	0.807486631016043	5.15686274509804	1.63814616755793	0.269162210338681	WA_MAG_00065
574773	Archaea_76	Ribosomal_L23	PF00276.20	1.7e-16	261	0	1.15325670498084	0	0	0	0.724137931034483	1.49425287356322	1.44444444444444	1.11111111111111	0	2.62068965517241	3.51724137931034	0	0	0	12.4137931034483	0.896551724137931	4.57471264367816	0	0.754789272030651	3.44444444444444	8.49425287356322	0	3.44444444444444	6.94636015325671	0.440613026819923	6.68965517241379	3.09195402298851	1.44827586206897	WA_MAG_00065
574775	Archaea_76	Ribosomal_S19	PF00203.21	4.7e-29	495	0	1.85252525252525	0	2.23838383838384	0	1.73131313131313	1.16363636363636	0.387878787878788	0.894949494949495	0	4.19393939393939	1.89494949494949	0	0	0	10.9212121212121	0	1.78383838383838	0	2.49090909090909	1.06262626262626	10.420202020202	0	1.26060606060606	2.96767676767677	0	9.55959595959596	1.45656565656566	0	WA_MAG_00065
574776	Archaea_76	Ribosomal_L22	PF00237.19	1.9e-22	603	0	0.991708126036484	0	0.641791044776119	0	1.92537313432836	0.275290215588723	0.376451077943615	1.11940298507463	0	3.80265339966832	0.898839137645108	0	0	0	10.9900497512438	0	4.52238805970149	0	4.58374792703151	2.681592039801	6.17910447761194	0	2.96351575456053	1.95024875621891	0	6.39800995024876	1.75290215588723	0.499170812603648	WA_MAG_00065
574778	Archaea_76	Ribosomal_L29	PF00831.23	9.2e-18	195	0.369230769230769	0.692307692307692	1.2974358974359	0.733333333333333	0	0.0769230769230769	0	0.769230769230769	0.58974358974359	0	8.55384615384615	1.44102564102564	0	0	0	11.9025641025641	0	6.75384615384615	0.641025641025641	5.35384615384615	2.01025641025641	12.3897435897436	0	2.08717948717949	1.93333333333333	0	6.66666666666667	1.48205128205128	0	WA_MAG_00065
574781	Archaea_76	Ribosomal_S17	PF00366.20	2e-25	336	0.0505952380952381	1.28869047619048	0	0.898809523809524	0.482142857142857	0	1.2172619047619	0	0	0	0.467261904761905	1.64285714285714	0	0	0.154761904761905	7.40476190476191	0	2.08928571428571	0	4.66071428571429	1.70833333333333	8.64285714285714	0.0595238095238095	3.05952380952381	3.76190476190476	0.348214285714286	7.36607142857143	1.20535714285714	0	WA_MAG_00065
574782	Archaea_76	Ribosomal_L14	PF00238.19	4.3e-37	399	2.35087719298246	1.43609022556391	1.38345864661654	0.19047619047619	2.88972431077694	1.13032581453634	3.33082706766917	1.51378446115288	0	0.681704260651629	0	3.00751879699248	0	0	1.44611528822055	2.69172932330827	3.21303258145363	1.76691729323308	0.335839598997494	2.14285714285714	1.61654135338346	2.89974937343358	0.869674185463659	1.15288220551378	1.92230576441103	1.91979949874687	4.93734335839599	2.53383458646617	2.50375939849624	WA_MAG_00065
574783	Archaea_76	Ribosomal_L26	PF16906.5	5.7e-18	408	0.794117647058823	2.75490196078431	1.10049019607843	0.529411764705882	1.84313725490196	1.41176470588235	2.34558823529412	0	0.78921568627451	0.0490196078431372	1.75	1.01225490196078	0	0	2.65686274509804	1.97303921568627	1.15441176470588	0.470588235294118	0.463235294117647	4.31127450980392	2.09803921568627	2.00980392156863	1.25980392156863	2.0343137254902	0.370098039215686	2.67892156862745	3.30392156862745	1.34558823529412	3.31862745098039	WA_MAG_00065
574786	Archaea_76	Ribosomal_S8	PF00410.19	5.4e-27	390	1.16153846153846	2.70512820512821	2.37692307692308	0.592307692307692	3.9	1.05384615384615	0.387179487179487	3.36410256410256	0.743589743589744	0.851282051282051	0	1.54615384615385	0.771794871794872	1.32051282051282	3.42051282051282	2.94102564102564	1.6974358974359	4.71025641025641	1.09487179487179	2.20769230769231	4.26923076923077	3.44871794871795	3.78461538461538	0.664102564102564	2.37179487179487	2.92564102564103	3.99487179487179	3.34358974358974	2.16410256410256	WA_MAG_00065
574787	Archaea_76	Ribosomal_L6	PF00347.23	9.4e-33	540	0.938888888888889	1.46481481481481	2.38703703703704	0.994444444444444	2.12037037037037	1.07222222222222	1.31296296296296	2.55185185185185	0.838888888888889	0.718518518518519	2.01481481481481	4.16851851851852	0.0759259259259259	0.0537037037037037	2.61851851851852	2.47037037037037	2.14444444444444	1.27222222222222	2.18148148148148	5.62592592592593	1.92037037037037	3.11481481481481	0.277777777777778	1.11666666666667	2.72592592592593	2.87777777777778	3.71666666666667	2.52777777777778	3.68333333333333	WA_MAG_00065
574788	Archaea_76	Ribosomal_L32e	PF01655.18	4e-37	645	2.04651162790698	0.727131782945736	1.84961240310078	1.27906976744186	1.07906976744186	0.945736434108527	1.41550387596899	1.9906976744186	1.66666666666667	0.452713178294574	1.69147286821705	4.82015503875969	0.37984496124031	0.70077519379845	2.06976744186047	3.53798449612403	1.98759689922481	2.4015503875969	4.23720930232558	1.98604651162791	1.83875968992248	3.64961240310078	1.06046511627907	2.09457364341085	1.24961240310078	0.798449612403101	7.15038759689922	1.51317829457364	2.47751937984496	WA_MAG_00065
574790	Archaea_76	Ribosomal_L5e	PF17144.4	2.9e-29	516	1.22480620155039	0	1.08333333333333	1.3546511627907	0.11046511627907	1.29457364341085	2.25193798449612	2.21511627906977	0.914728682170543	0.655038759689923	1.38565891472868	2.70348837209302	0.718992248062015	0.292635658914729	0.579457364341085	3.42829457364341	1.10658914728682	1.81589147286822	1.8953488372093	2.07558139534884	2.33333333333333	1.82170542635659	1.5484496124031	0.810077519379845	3.58914728682171	1.40503875968992	6.93410852713178	0	1.74418604651163	WA_MAG_00065
574794	Archaea_76	SecY	PF00344.20	5.5e-69	1962	1.87003058103976	1.58511722731906	2.07849133537207	0.927115188583078	1.6651376146789	0.703363914373089	1.95514780835882	2.65443425076453	1.3756371049949	0.614678899082569	1.1493374108053	1.69520897043833	0.460754332313965	0.214576962283384	1.59836901121305	1.80581039755352	1.98725790010194	1.65239551478084	2.74923547400612	3.42558613659531	2.18195718654434	2.11365953109072	1.8256880733945	2.52803261977574	1.88837920489297	2.13557594291539	4.45208970438328	3.09072375127421	1.1131498470948	WA_MAG_00065
687338	Archaea_76	RNA_pol_Rpb6	PF01192.22	6.6e-13	297	1.26936026936027	2.88552188552189	1.60942760942761	0.282828282828283	1.56565656565657	0	1.24915824915825	0.693602693602694	0.343434343434343	0.508417508417508	0.673400673400673	1.61616161616162	0	0	1.20538720538721	2.53872053872054	1.44781144781145	0.740740740740741	5.32323232323232	0.683501683501683	0.764309764309764	3.09090909090909	2.67340067340067	0.646464646464647	2.56228956228956	2.35690235690236	3.86868686868687	0.929292929292929	2.04377104377104	WA_MAG_00065
687355	Archaea_76	V_ATPase_I	PF01496.19	2.3e-35	2037	1.42218949435444	1.79430535100638	2.39764359351988	1.56062837506136	1.74374079528719	0.515954835542464	1.30878743249877	2.54099165439372	1.35297005400098	0.895925380461463	1.1507118311242	1.90623465881198	0.740304369170349	0.442317133038783	1.94845360824742	3.49533627884143	2.84094256259205	2.17771232204222	1.89248895434462	3.08345606283751	1.38831615120275	2.02110947471772	1.48159057437408	2.31418753068238	1.54933726067747	2.61168384879725	3.56357388316151	1.87481590574374	1.61904761904762	WA_MAG_00065
687357	Archaea_76	vATP-synt_E	PF01991.18	1.7e-16	564	1.52482269503546	1.10992907801418	3.32446808510638	1.90248226950355	1.06737588652482	0.659574468085106	2.09751773049645	0	1.33333333333333	0.0921985815602837	2.1241134751773	1.58156028368794	0	0.336879432624113	1.15425531914894	0.716312056737589	1.94148936170213	0.888297872340426	1.95390070921986	1.22163120567376	3.70567375886525	1.65957446808511	2.03014184397163	2.1790780141844	2.09929078014184	0.367021276595745	4.69858156028369	3.28191489361702	1.79609929078014	WA_MAG_00065
727345	Archaea_76	Ham1p_like	PF01725.16	2e-41	645	1.84651162790698	1.4031007751938	1.86511627906977	0.775193798449612	1.55813953488372	0.610852713178295	1.65426356589147	2.83720930232558	2.56589147286822	0.244961240310078	0.931782945736434	1.92403100775194	0	0.829457364341085	0.748837209302326	4.22790697674419	1.86511627906977	1.49147286821705	1.33953488372093	1.46666666666667	2.01085271317829	1.71007751937984	0.950387596899225	2.63720930232558	2.96434108527132	1.96124031007752	4.49147286821705	2.70542635658915	0	WA_MAG_00065
769039	Archaea_76	Ribosomal_L16	PF00252.18	4.3e-33	540	2.06481481481481	0.694444444444444	1.12037037037037	1.01296296296296	0.553703703703704	0.751851851851852	2.28333333333333	4.05555555555556	1.1537037037037	0.583333333333333	0.381481481481481	1.54444444444444	0.0351851851851852	0.751851851851852	2.32222222222222	4.96851851851852	1.06851851851852	2.94444444444444	1.26481481481481	1.25740740740741	1.81851851851852	2.37407407407407	1.11111111111111	1.27407407407407	3.13333333333333	1.79259259259259	3.61666666666667	3.32592592592593	2.59259259259259	WA_MAG_00065
778547	Archaea_76	PTH2	PF01981.16	2.1e-42	369	0.0487804878048781	2.12737127371274	2.01355013550135	1.07317073170732	3.34959349593496	0.821138211382114	2.45528455284553	2.08672086720867	2.14634146341463	0.501355013550135	3.66124661246612	2.42818428184282	1.289972899729	0	3.80758807588076	3.22222222222222	2.46612466124661	1.5420054200542	3.80487804878049	2.49051490514905	0.639566395663957	2.56368563685637	0.265582655826558	1.38211382113821	1.99186991869919	1.97831978319783	6.50677506775068	2.49051490514905	0.880758807588076	WA_MAG_00065
818230	Archaea_76	PPS_PS	PF02006.16	1.2e-54	753	1.82337317397078	0.767596281540505	1.62416998671979	1.14873837981408	0.276228419654714	0.677290836653386	1.12881806108898	0.49136786188579	3.36786188579017	0	0.138114209827357	1.69588313413015	0.956175298804781	1.63479415670651	0.936254980079681	3.92164674634794	2.54581673306773	5.01062416998672	2.96148738379814	4.2058432934927	1.50597609561753	2.14209827357238	0.780876494023904	1.1859229747676	2.91500664010624	1.75830013280212	5.0730411686587	0.671978751660027	0.637450199203187	WA_MAG_00065
822333	Archaea_76	Rib_5-P_isom_A	PF06026.14	1.8e-65	708	1.75988700564972	0.748587570621469	3.86581920903955	1.99152542372881	1.06073446327684	0.0593220338983051	1.56638418079096	0.213276836158192	1.35028248587571	1.05790960451977	1.60593220338983	1.31214689265537	0.274011299435028	0.231638418079096	0.519774011299435	2.14124293785311	2.76129943502825	1.23728813559322	2.62570621468927	0.611581920903955	1.92090395480226	2.00564971751412	2.04378531073446	0.78954802259887	1.6638418079096	2.50282485875706	5.22316384180791	0.728813559322034	0.799435028248588	WA_MAG_00065
1422403	Archaea_76	Spt4	PF06093.13	2.6e-13	204	1.25490196078431	0	1.54411764705882	1.00980392156863	0.92156862745098	3.68627450980392	1.94117647058824	2.81372549019608	0	0	3.90196078431373	4.98039215686275	1.30882352941176	0.127450980392157	1.49019607843137	4.58333333333333	3.35294117647059	1.34803921568627	0.965686274509804	2.85294117647059	3.56862745098039	5.15196078431373	2.67156862745098	0	3.07352941176471	1.34313725490196	2.22058823529412	1.78921568627451	0.887254901960784	WA_MAG_00065
1422404	Archaea_76	Ribosomal_S24e	PF01282.19	4.9e-17	336	0.988095238095238	0	0.360119047619048	2.82738095238095	0.708333333333333	1.5922619047619	3.5922619047619	3.83928571428571	0	1.47916666666667	3.08333333333333	1.80952380952381	0.666666666666667	0.889880952380952	1.33928571428571	3.83928571428571	1.36607142857143	3.54761904761905	1.5922619047619	2.5625	0.306547619047619	4.16071428571429	2.65178571428571	1.36607142857143	2.19642857142857	2.58928571428571	5.27083333333333	1.61904761904762	1.24702380952381	WA_MAG_00065
1493670	Archaea_76	FbpA	PF05833.11	4.8e-65	2073	1.41582247949831	1.20164013506995	2.48287506029908	1.68644476603956	1.11432706222865	1.383502170767	1.56632899179932	1.43270622286541	1.18186203569706	0.683068017366136	1.14954172696575	2.55185721177038	0.709117221418234	0.330438977327545	2.17414375301495	2.7361312108056	3.15436565364206	2.8712011577424	1.61070911722142	2.26338639652677	1.48383984563435	1.95320791123975	1.26097443318862	1.34056922334781	1.63241678726483	1.13410516160154	5.02749638205499	1.91461649782923	2.13941148094549	WA_MAG_00065
