gene_callers_id	source	gene_name	gene_hmm_id	e_value	length	WAM_ALR	WAM_CCR	WAM_IPI	WAM_MAR	WAM_MYS	WAM_PBL	WAM_PJN	WAM_PPR	WAM_PST	WAM_ROL	WAM_SCR	WAM_SGN	WAM_SIS	WAM_TWN	WAR_ALR	WAR_CCR	WAR_IPI	WAR_MAR	WAR_MYS	WAR_PBL	WAR_PJN	WAR_PPR	WAR_PSK	WAR_PST	WAR_RNW	WAR_ROL	WAR_SCR	WAR_SGL	WAR_SIS	mag_id
352273	Archaea_76	Ribosomal_S3Ae	PF01015.18	2.2e-49	1098	0.0127504553734062	0.274134790528233	0	0.195810564663024	0	0.198542805100182	0.275045537340619	0	0.814207650273224	0	0	0	0	0	0.484517304189435	0	0	0.136612021857924	0	0.627504553734062	0.13752276867031	0.13752276867031	0.816939890710383	1.091985428051	0.571948998178506	0.275045537340619	0.275045537340619	0.0355191256830601	1.25956284153005	WA_MAG_00064
353258	Archaea_76	Trm56	PF01994.16	1.8e-34	528	0.46969696969697	0	0	0	0	0.556818181818182	0	0	0	0	0	0	0	0	0.537878787878788	0	0.570075757575758	0.553030303030303	0.339015151515151	0	0	0.768939393939394	0	0	0	0.373106060606061	0.507575757575758	0.570075757575758	0.698863636363636	WA_MAG_00064
401383	Archaea_76	Archease	PF01951.16	2.3e-15	492	0.41260162601626	0	0	0	0	0	0.58130081300813	0	0.428861788617886	0.514227642276423	0.306910569105691	0	0.58130081300813	0	0.689024390243902	0.611788617886179	0.396341463414634	0	0.922764227642276	0	0.609756097560976	0	0	0.25609756097561	0	0.611788617886179	0	0	1.54065040650407	WA_MAG_00064
436471	Archaea_76	RtcB	PF01139.17	7.2e-95	1134	0.263668430335097	0	0	0	0.2663139329806	0.265432098765432	0	0	0	0.473544973544974	0.2663139329806	0.2663139329806	0	0	0	0	0.797178130511464	0.256613756613757	0.532627865961199	0.437389770723104	0.873015873015873	1.0626102292769	0.434744268077601	0.494708994708995	0.255731922398589	0.798059964726631	0	0	0.556437389770723	WA_MAG_00064
1310790	Archaea_76	tRNA-synt_1d	PF00750.19	2.3e-16	1056	0.285984848484849	0.285037878787879	0.360795454545455	0.225378787878788	0	0	0	0	0	0.283143939393939	0	0.140151515151515	0	0	0.827651515151515	0.769886363636364	0	0	0	0.285037878787879	0	0.773674242424242	0	0.857007575757576	0.147727272727273	0.820075757575758	0	0	0.570075757575758	WA_MAG_00064
1344508	Archaea_76	RNA_pol_Rpb6	PF01192.22	2.7e-14	255	0.447058823529412	0	0	0	0	0	0	0	0.407843137254902	0	0	0	0	0	1.04313725490196	0	0	1.18039215686275	0	0.925490196078431	1.56470588235294	0.447058823529412	0	0	0	0	0	0	1.77254901960784	WA_MAG_00064
1363609	Archaea_76	RNA_pol_N	PF01194.17	1.4e-29	204	0	0.387254901960784	0	0	0	0	0.274509803921569	0	0	0	0	0	0	0	0.0343137254901961	0	0	0	0	1.40196078431373	0.715686274509804	0	0	1.21078431372549	0	0	0	0.568627450980392	1.4656862745098	WA_MAG_00064
1363610	Archaea_76	Ribosomal_S9	PF00380.19	1.3e-32	435	0.537931034482759	0	0	0	0	0	1.23908045977012	0.43448275862069	0	0	0	0.337931034482759	0	0	0.259770114942529	0	0	1.18850574712644	0	1.30114942528736	2.42068965517241	0.714942528735632	0.468965517241379	0.351724137931034	0.342528735632184	0.588505747126437	0.0758620689655172	0.747126436781609	0.68735632183908	WA_MAG_00064
1363611	Archaea_76	Ribosomal_L13	PF00572.18	1.3e-07	444	0.148648648648649	0	0	0.718468468468468	0	0	0.68018018018018	0.25	0.342342342342342	0	0.68018018018018	0.349099099099099	0	0	1.09684684684685	0.65990990990991	0	0	0	0.677927927927928	0	1.28153153153153	0	0.425675675675676	0.34009009009009	1.55855855855856	1.09009009009009	0.335585585585586	0.722972972972973	WA_MAG_00064
1376131	Archaea_76	CarS-like	PF01864.17	5.5e-21	573	0	0	0.0104712041884817	0.0575916230366492	0	0	0	0	0.452006980802792	0.527050610820244	0	0.403141361256544	0	0	1.04886561954625	0.263525305410122	0.518324607329843	0	0	0.537521815008726	0.087260034904014	0.619546247818499	0	1.05061082024433	0.527050610820244	0.636998254799302	0	0	0.368237347294939	WA_MAG_00064
1156826	Archaea_76	Ribosomal_S19e	PF01090.19	1.3e-41	495	0	0	0.575757575757576	0	0	0	0	0	0.608080808080808	0	0	0	0	0	0.337373737373737	0.761616161616162	0.525252525252525	0	0	0	0	0.608080808080808	0.608080808080808	0	1.2969696969697	0.496969696969697	0.36969696969697	0.375757575757576	0.183838383838384	WA_MAG_00064
1156827	Archaea_76	dsDNA_bind	PF01984.20	6.8e-21	360	0.505555555555556	0.733333333333333	0	0	0	0	0	0	0.4	0	0	0	0	0	0	0	0.813888888888889	0	0	0	0	0.211111111111111	0	0	0	0	0	0.208333333333333	0.708333333333333	WA_MAG_00064
1156828	Archaea_76	Ribosomal_L31e	PF01198.19	5.9e-12	210	0	0	0	0	0	0	0	0	0.147619047619048	0	0	0	0	0	0	0	0	1.34761904761905	0	1.35238095238095	0	0.0857142857142857	0	0.623809523809524	0	0	0	0	0.719047619047619	WA_MAG_00064
1168776	Archaea_76	RtcB	PF01139.17	1.9e-16	198	0	0	0.671717171717172	0	0	0.0656565656565657	0.656565656565657	0.601010101010101	0	0	0	0	0	0	0.98989898989899	0	0	0	0	0	0	0	0	0	0	0.964646464646465	0	0.656565656565657	0.762626262626263	WA_MAG_00064
1184064	Archaea_76	Ribosomal_L44	PF00935.19	3.4e-28	285	0	0	0.529824561403509	0	0	1.07017543859649	0	0	0.0350877192982456	0	0	0	0	0	0.221052631578947	0	0	0	1.27719298245614	0.8	0	0	0.101754385964912	0	0	0.585964912280702	1.72982456140351	1.05263157894737	0.350877192982456	WA_MAG_00064
1184065	Archaea_76	Ribosomal_S27e	PF01667.17	1.9e-19	171	0	0	0.883040935672515	0	0	0.789473684210526	0	0	0	0	0	0	0	0	0	0	0.590643274853801	0	0.538011695906433	0.368421052631579	1.13450292397661	0	1.38011695906433	0	0	0	0.315789473684211	0.567251461988304	4.59649122807018	WA_MAG_00064
1189804	Archaea_76	Ribosomal_S2	PF00318.20	2.8e-25	606	0.422442244224423	0.12046204620462	0.592409240924092	0.498349834983498	0	0	0	0	0.0396039603960396	0	0.498349834983498	0.128712871287129	0	0	0.3003300330033	0.759075907590759	0	1.09405940594059	0	0.409240924092409	0	0.267326732673267	0	0.298679867986799	0	0	0	0	0.904290429042904	WA_MAG_00064
1228041	Archaea_76	Ribosomal_L15e	PF00827.17	1.4e-63	504	0.886904761904762	0	0.436507936507937	0	0	0	0	0	0.638888888888889	0	0.597222222222222	0	0	0	0.186507936507937	1.38690476190476	0.00198412698412698	0	0.599206349206349	0.134920634920635	0.30952380952381	0	0.0992063492063492	0.773809523809524	0.0972222222222222	1.62896825396825	0	0	0.666666666666667	WA_MAG_00064
7319	Archaea_76	Ham1p_like	PF01725.16	2.5e-38	675	0.386666666666667	0	0	0.223703703703704	0	0	0	0	0.8	0	0	0.376296296296296	0	0	0.346666666666667	0.164444444444444	0.447407407407407	0	0	0	0.223703703703704	0.222222222222222	0	0.447407407407407	0.724444444444444	0.518518518518518	0.317037037037037	0.419259259259259	0	WA_MAG_00064
52532	Archaea_76	Prefoldin	PF02996.17	5.8e-17	462	0	0	0	0	0	0	0.326839826839827	0	0.649350649350649	0.58008658008658	0	0	0	0	0.653679653679654	0.978354978354978	0.285714285714286	0	0.649350649350649	1.3961038961039	0	0.584415584415584	0	0.298701298701299	0	0	0	0	0	WA_MAG_00064
949604	Archaea_76	V_ATPase_I	PF01496.19	7.8e-28	1341	0	0	0	0.224459358687547	0	0.450410141685309	0	0	0	0	0	0	0	0	0.669649515287099	0.49813571961223	1.12378821774795	0.153616703952274	0.447427293064877	0.217002237136465	0.449664429530201	0.883668903803132	0.560775540641312	0.67337807606264	0	0.89634601043997	0.110365398956003	0.224459358687547	0.223713646532438	WA_MAG_00064
949606	Archaea_76	vATP-synt_E	PF01991.18	1.6e-11	561	0.538324420677362	0.0267379679144385	0.789661319073084	0	0	0	0	0	0	0.269162210338681	0	0.53475935828877	0	0	0.618538324420677	0	0	0	1.5222816399287	0.636363636363636	0.718360071301248	0	0	1.65953654188948	0	0.538324420677362	1.18538324420677	0.536541889483066	1.22281639928699	WA_MAG_00064
949607	Archaea_76	vATP-synt_AC39	PF01992.16	5e-52	1044	0	0	0.289272030651341	0.288314176245211	0	0	0.289272030651341	0	0	0.14367816091954	0	0.253831417624521	0.288314176245211	0	0.00670498084291187	0.567049808429119	0.255747126436782	0	0	0.576628352490421	0.289272030651341	0	0.865900383141762	0.579501915708812	0.5727969348659	0	0.423371647509579	0.28639846743295	1.72030651340996	WA_MAG_00064
949608	Archaea_76	ATP-synt_F	PF01990.17	2.3e-15	300	1.48666666666667	0	0	0	0	0	0.05	0	0	0.633333333333333	0.87	0.0533333333333333	0	0	1.28666666666667	2.89666666666667	0.0566666666666667	0	0.453333333333333	0	0	0	0	0.523333333333333	0	0	0.473333333333333	0	1.11666666666667	WA_MAG_00064
1003915	Archaea_76	PyrI	PF01948.18	7.3e-35	483	0	0	1.05383022774327	0	0	0	0.401656314699793	0	0.565217391304348	0.0248447204968944	0	0	0	0	0.0993788819875776	0.93167701863354	0.0165631469979296	0.867494824016563	0.316770186335404	0.486542443064182	0.575569358178054	1.05175983436853	0	0.958592132505176	0	0.62111801242236	1.05383022774327	0	1.39544513457557	WA_MAG_00064
1013706	Archaea_76	Archease	PF01951.16	1.9e-19	468	0.44017094017094	0	0	0	0	0	1.76709401709402	0	0	0	0	0.228632478632479	0	0	0.724358974358974	0	0.425213675213675	0.11965811965812	0.643162393162393	0.322649572649573	1.57051282051282	0	0	1.16880341880342	0.532051282051282	0	0.38034188034188	0	1.78205128205128	WA_MAG_00064
1583806	Archaea_76	FbpA	PF05833.11	1.8e-55	1962	0.153924566768603	0	0.128440366972477	0.153414882772681	0	0	0	0	0.44546381243629	0	0	0.383792048929664	0.153924566768603	0	0.761977573904179	0.304281345565749	0.306829765545362	0.306829765545362	0.307339449541284	0.767074413863405	0.307339449541284	0.461264016309888	0.153924566768603	0.152395514780836	0.153414882772681	0.306320081549439	0.153924566768603	0.128440366972477	0.999490316004078	WA_MAG_00064
1594951	Archaea_76	Ribosomal_L4	PF00573.22	1.7e-08	279	0	0	0.931899641577061	0.842293906810036	0	0	0	0	1.10035842293907	0	0	0	0	0	0	0	1.0752688172043	0	0	0.336917562724014	0	0	0	1.07168458781362	0	0	0	0	0.437275985663082	WA_MAG_00064
1594952	Archaea_76	Ribosomal_L3	PF00297.22	1.6e-85	1020	0	0	0.0372549019607843	0.0627450980392157	0	0	0	0	0.432352941176471	0.295098039215686	0	0.127450980392157	0.592156862745098	0	0.296078431372549	0.319607843137255	0.295098039215686	0.296078431372549	0	0.497058823529412	0.500980392156863	0.296078431372549	0.58921568627451	1.18137254901961	0	0	0	0	1.57058823529412	WA_MAG_00064
1635326	Archaea_76	ATP-synt_D	PF01813.17	3.9e-55	618	0	0	0.47411003236246	0	0.241100323624595	0	0.786407766990291	0	0.244336569579288	0	0	0	0	0	0	1.03074433656958	0.313915857605178	0.938511326860841	0	1.1294498381877	0	0.775080906148867	0.935275080906149	1.3462783171521	0.742718446601942	0.173139158576052	0	0.482200647249191	0.964401294498382	WA_MAG_00064
1641699	Archaea_76	RNA_pol_L_2	PF13656.6	6e-13	258	0	0	0	0	0	0	0	0	1.18604651162791	1.12403100775194	0.108527131782946	0	0	0	0.705426356589147	0	0	0	1.02325581395349	2.1937984496124	0	0	3.7093023255814	0.581395348837209	0	0	0	0.732558139534884	1.69767441860465	WA_MAG_00064
1641700	Archaea_76	TruD	PF01142.18	1.4e-114	1398	0	0	0.215307582260372	0	0	0	0.792560801144492	0	0.187410586552217	0.215307582260372	0.185979971387697	0.215307582260372	0	0	0.292560801144492	0.113018597997139	0.431330472103004	0.710300429184549	0.263948497854077	0.63519313304721	0	0.432045779685265	0.28898426323319	0.432045779685265	0.296137339055794	0.0286123032904149	0	0.647353361945637	1.06938483547926	WA_MAG_00064
1651788	Archaea_76	tRNA-synt_His	PF13393.6	1.8e-58	1350	0	0	0.446666666666667	0	0	0	0.223703703703704	0	0	0.222962962962963	0	0.447407407407407	0	0	0	0.505185185185185	0	0.697037037037037	0.223703703703704	0.446666666666667	0.702222222222222	0.354814814814815	0	1.26666666666667	0	0.211851851851852	0	0.446666666666667	0.21037037037037	WA_MAG_00064
1674151	Archaea_76	PTH2	PF01981.16	1.7e-37	480	0	0.591666666666667	0.4	0	0	0	0.252083333333333	0	0	0	0	0	0	0	0.454166666666667	0.0333333333333333	0.3125	0	0.0416666666666667	1.79791666666667	0.441666666666667	0.270833333333333	0.075	1.45	0.622916666666667	0.5375	1.06666666666667	0	0.43125	WA_MAG_00064
1674153	Archaea_76	PTH2	PF01981.16	1.6e-37	396	0.742424242424242	0	0	0.757575757575758	0.76010101010101	0	0.762626262626263	0	0.911616161616162	0	0	0.0555555555555556	0	0	1.58838383838384	0.744949494949495	0.522727272727273	0.179292929292929	0	0.106060606060606	0.838383838383838	1.12121212121212	0.378787878787879	1.0050505050505	0	0	0	1.53030303030303	0	WA_MAG_00064
1753540	Archaea_76	Ribosomal_L37ae	PF01780.19	1.3e-31	360	0.95	0	0	0	0	0	0	0	0	0	0	0	0	0	1.08888888888889	0	0.733333333333333	0.836111111111111	0	0	0.661111111111111	0	0.833333333333333	0.405555555555556	0.727777777777778	0.0111111111111111	0	0.0583333333333333	0.625	WA_MAG_00064
231372	Archaea_76	Ribosomal_S8e	PF01201.22	1.3e-28	384	0	0	0	0	0	0	0	0	0	0	0	0	0	0	0.666666666666667	0.244791666666667	0	1.5234375	0	0	0	0	0.424479166666667	0.78125	0	0.7265625	0	0	0.216145833333333	WA_MAG_00064
545799	Archaea_76	DNA_primase_lrg	PF04104.14	6.9e-18	1032	0	0	0	0	0	0	0	0	0.0843023255813953	0	0	0.291666666666667	0	0	0	1.16472868217054	0.469961240310078	0.125	0.290697674418605	1.16860465116279	0	1.16763565891473	0	1.66182170542636	0.585271317829457	0.584302325581395	0.143410852713178	0.177325581395349	0.873062015503876	WA_MAG_00064
597258	Archaea_76	CTP-dep_RFKase	PF01982.16	4.6e-08	228	0	0	0.399122807017544	0	0	0	0	0	0	0	0	0	0	0	0.100877192982456	1.08333333333333	0	0	0	0.631578947368421	0.302631578947368	0.324561403508772	0	0	0	0.653508771929825	0	0	0.346491228070175	WA_MAG_00064
621670	Archaea_76	Ribosomal_L16	PF00252.18	7.8e-32	540	0.555555555555556	0.985185185185185	0.255555555555556	0	0	0	0.559259259259259	0.27962962962963	0.837037037037037	0	0	0.464814814814815	0	0	0	0	0	0.335185185185185	0	0.637037037037037	0.559259259259259	0.775925925925926	0.237037037037037	1.7037037037037	0	1.21111111111111	0	0.212962962962963	0.087037037037037	WA_MAG_00064
621672	Archaea_76	Diphthamide_syn	PF01866.17	2.4e-71	1113	0	0.168912848158131	0.337825696316262	0.519317160826595	0	0	0.406109613656783	0	0	0.265947888589398	0.270440251572327	0	0	0	0.270440251572327	0.271338724168913	0.271338724168913	0.600179694519317	0.10062893081761	0.271338724168913	0.407008086253369	0	0.251572327044025	0.542677448337826	0.54177897574124	0.722371967654987	0	0.135669362084456	0.54177897574124	WA_MAG_00064
621679	Archaea_76	DUF357	PF04010.13	5.2e-21	291	0	0	0	0.869415807560137	0	0	0	0	0	0	0	0	0	0	0	0.735395189003436	0	0.247422680412371	0.103092783505155	0	0.852233676975945	0	0	0.54639175257732	0	0	0	0.0240549828178694	0.951890034364261	WA_MAG_00064
621682	Archaea_76	HMG-CoA_red	PF00368.18	5.9e-107	1293	0.381283836040217	0	0.48569218870843	0	0.465583913379737	0	0	0	0	0	0	0.466357308584687	0.233565351894818	0.0317092034029389	0.700696055684455	0.699149265274555	1.34184068058778	0.232791956689869	0	0.699149265274555	0.233565351894818	1.21964423820572	0.233565351894818	0.880123743232792	0.0881670533642691	0.617169373549884	0.116782675947409	0.233565351894818	0	WA_MAG_00064
661726	Archaea_76	Adenylsucc_synt	PF00709.21	2.8e-156	1305	0	0	0.460536398467433	0	0	0.230651340996169	0.666666666666667	0	0.206896551724138	0	0.462068965517241	0.0781609195402299	0	0	0.439080459770115	0.231417624521073	0	0.230651340996169	0	0.181609195402299	1.54865900383142	0.330268199233716	0.69272030651341	0.462835249042146	0.298084291187739	0.660536398467433	0.00996168582375479	0.422222222222222	0.561685823754789	WA_MAG_00064
680371	Archaea_76	Ribosomal_L14	PF00238.19	2.7e-35	339	0	0	0.312684365781711	0	0	0	0	0	0	0	0	0	0	0	0.991150442477876	0.660766961651917	0.938053097345133	0.345132743362832	0.445427728613569	0.023598820058997	0	1.76106194690265	1.07374631268437	1.13864306784661	0	0	0	0.79646017699115	0.946902654867257	WA_MAG_00064
680372	Archaea_76	Ribosomal_L26	PF16906.5	2.1e-19	405	0	0	1.11604938271605	0	0	0	0	0	0	0.597530864197531	0	0	0	0	0.604938271604938	0.167901234567901	0.649382716049383	0.42962962962963	0	0.691358024691358	0.0691358024691358	0.476543209876543	1.2641975308642	0.785185185185185	0.0790123456790123	0	0.627160493827161	0.0666666666666667	2.82716049382716	WA_MAG_00064
680375	Archaea_76	Ribosomal_S8	PF00410.19	2.7e-26	390	0.123076923076923	0	0	0	0	0	0.482051282051282	0	0.707692307692308	0	0	0	0	0	1.0974358974359	0.212820512820513	0	0.88974358974359	1.43076923076923	0	0	0.158974358974359	0.51025641025641	0	0.771794871794872	0	0	0	2.05128205128205	WA_MAG_00064
680376	Archaea_76	Ribosomal_L6	PF00347.23	2.2e-26	549	0.446265938069217	0.550091074681239	0	0.0473588342440801	0	0	0.189435336976321	0	0.0309653916211293	0.548269581056466	0	0	0	0	1.05464480874317	0.466302367941712	0	1.35336976320583	0.0437158469945355	0	0.548269581056466	0.967213114754098	0.162112932604736	2.24590163934426	0	0.502732240437158	0.262295081967213	0.544626593806922	1.1384335154827	WA_MAG_00064
680377	Archaea_76	Ribosomal_L32e	PF01655.18	6.5e-38	651	0.310291858678955	0	0	0.414746543778802	0	0	0.804915514592934	0	0	0	0	0	0	0	0	0.337941628264209	0	0.506912442396313	0.144393241167435	0.921658986175115	0	0.463901689708141	0.0583717357910906	1.7741935483871	0.1321044546851	0.462365591397849	0	0	0.863287250384025	WA_MAG_00064
680379	Archaea_76	Ribosomal_L5e	PF17144.4	1.3e-25	516	0.39922480620155	0	0.288759689922481	0.943798449612403	0.348837209302326	0	0.474806201550388	0	0	0	0	0	0	0	0.585271317829457	1.16666666666667	0.0406976744186046	0.852713178294574	0	1.1937984496124	0.0697674418604651	1.67635658914729	0	0.579457364341085	0	0	0	0.65891472868217	0.552325581395349	WA_MAG_00064
712954	Archaea_76	Ribosomal_S17	PF00366.20	5.7e-22	402	0.751243781094527	0	0	0	0	0	0	0	0.251243781094527	0	0	0	0	0	0	0	0	0.751243781094527	0.353233830845771	0.751243781094527	1.5	0.751243781094527	1.39800995024876	1.49751243781095	2.02487562189055	0.00497512437810945	0	0	0.373134328358209	WA_MAG_00064
712957	Archaea_76	Ribosomal_L29	PF00831.23	1.1e-14	204	1.39705882352941	0.0294117647058823	0.230392156862745	0	0	0	0	0	0	0	0	0.642156862745098	0	0	0	0.725490196078431	0	0	0.32843137254902	0.931372549019608	0.602941176470588	0.92156862745098	1.09313725490196	1.4656862745098	0	0	0	1.48039215686275	0	WA_MAG_00064
712959	Archaea_76	Ribosomal_L22	PF00237.19	2.6e-21	567	0.469135802469136	0	0	0	0	0	0	0	0.158730158730159	0	0	0.740740740740741	0	0	0.686067019400353	0.298059964726631	0	0.335097001763668	0.400352733686067	0	0.601410934744268	1.40917107583774	0.876543209876543	0.627865961199294	0	1.01940035273369	0	0.35626102292769	0.354497354497354	WA_MAG_00064
712960	Archaea_76	Ribosomal_S19	PF00203.21	5e-31	498	0	0	0.602409638554217	0.210843373493976	0	0	0	0	1.22489959839357	0	0	0.122489959839357	0	0	0.602409638554217	1.70481927710843	0.931726907630522	0.576305220883534	0.897590361445783	0.0100401606425703	0.606425702811245	0.801204819277108	1.18273092369478	0	0	0	0	0	0	WA_MAG_00064
712962	Archaea_76	Ribosomal_L23	PF00276.20	1.3e-17	273	1.08058608058608	0.0952380952380952	0.256410256410256	0	0	0	0	0	0	0	0.490842490842491	0	0	0	0	0	0.208791208791209	0	0	0	0.0879120879120879	1.10622710622711	0.553113553113553	0.838827838827839	0.553113553113553	0	0.230769230769231	0	0.509157509157509	WA_MAG_00064
712963	Archaea_76	Ribosomal_L4	PF00573.22	1.3e-19	492	0.613821138211382	1.09756097560976	0.613821138211382	0	0	0	0	0	0	0	0.323170731707317	0	0	0	2.45121951219512	1.15853658536585	0.304878048780488	0.611788617886179	0	0.613821138211382	0.422764227642277	0.306910569105691	0	0.420731707317073	1.22967479674797	0.548780487804878	0	0	2.13008130081301	WA_MAG_00064
723374	Archaea_76	Ribosomal_S13	PF00416.22	7.1e-37	465	0	0	0	0	0	0	0.559139784946237	0	0	0.324731182795699	0	0	0	0	0.324731182795699	1.73118279569892	0	1.94838709677419	0.864516129032258	0.870967741935484	0.0150537634408602	0	0	0.778494623655914	0	0	1.12688172043011	0	2.76774193548387	WA_MAG_00064
723376	Archaea_76	Ribosomal_S11	PF00411.19	2.1e-34	384	0.393229166666667	1.53645833333333	1.05208333333333	0	0	0	0	0	0.0885416666666667	0	0	0	0	0	0.9765625	0.5	0.6015625	0.783854166666667	0	2.81510416666667	0.348958333333333	0	0.421875	0	0.541666666666667	0	0	0.385416666666667	1.5390625	WA_MAG_00064
792299	Archaea_76	Ribosomal_S24e	PF01282.19	1.7e-16	336	0	0	0	0	0	0	0	0	0.455357142857143	0.87202380952381	0	0	0	0	0	0	0.839285714285714	0	0.476190476190476	0.270833333333333	0.705357142857143	0.803571428571429	0.898809523809524	0.526785714285714	1.67857142857143	0.470238095238095	0.410714285714286	0	1.05654761904762	WA_MAG_00064
792300	Archaea_76	Spt4	PF06093.13	5.5e-14	204	0	1.31372549019608	0.441176470588235	0	0	0	0.862745098039216	0	0	0	0	0.00490196078431372	0	0	0	0.730392156862745	0.676470588235294	0	0	0.25	2.90686274509804	1.5	0	3.95098039215686	0.558823529411765	0.642156862745098	0	0.740196078431373	1.08333333333333	WA_MAG_00064
819966	Archaea_76	eIF-6	PF01912.18	6.6e-51	663	0	0.452488687782805	0.274509803921569	0	0	0	0	0	0	0.227752639517345	0	0	0.0256410256410256	0	0.390648567119155	1.31070889894419	0.455505279034691	0.179487179487179	0	0.351432880844646	0	0.873303167420814	0	0.126696832579186	0	0.453996983408748	0	1.36199095022624	1.34087481146305	WA_MAG_00064
819972	Archaea_76	Spt4	PF06093.13	2.9e-11	204	0	0	0	0.696078431372549	0	0	0	0	0	0	0	0	0	0	0	0	0	0.485294117647059	0	2.1078431372549	0	0	0	0	0.465686274509804	0	0	0.377450980392157	0.333333333333333	WA_MAG_00064
819973	Archaea_76	Ribosomal_S24e	PF01282.19	6.6e-17	345	1.5768115942029	0	0	0	0	0	0	0	0.872463768115942	0	0	0	0	0	0.252173913043478	0	0	0.550724637681159	0	0.6	0.782608695652174	0	0	0	0	0	0	0	0.718840579710145	WA_MAG_00064
1491566	Archaea_76	DUF359	PF04019.12	1.1e-35	1008	0.598214285714286	0	0	0	0	0	0	0	0	0	0	0	0	0	0.830357142857143	0.598214285714286	0.299603174603175	0.971230158730159	0.459325396825397	0.48015873015873	0.547619047619048	0.545634920634921	0	1.24107142857143	0.265873015873016	0.296626984126984	0.299603174603175	0.215277777777778	0.535714285714286	WA_MAG_00064
1522327	Archaea_76	Ribosomal_S17e	PF00833.18	3.9e-16	192	0	0	2.20833333333333	0	0	0	0	0	0	0	0	0	0	0	0	0	0	0	0	2.03645833333333	0	0.364583333333333	0	0.401041666666667	0	1.10416666666667	0	0	0	WA_MAG_00064
1534926	Archaea_76	tRNA-synt_1c	PF00749.21	3.4e-65	1587	0	0.379962192816635	0	0.474480151228733	0	0.0951480781348456	0.470069313169502	0	0.379962192816635	0	0.093887838689351	0.0189035916824197	0	0	1.03906742281033	0.172652804032766	0	0.568998109640832	0.161940768746062	0	0.570258349086326	0.379962192816635	0.342785129174543	0.473850031505986	0.189035916824197	0.379332073093888	0.28481411468179	0.381852551984877	0.726528040327662	WA_MAG_00064
1534927	Archaea_76	RNase_HII	PF01351.18	4.3e-47	735	0.408163265306122	0	0	0	0.410884353741497	0	1.14421768707483	0	0	0	0.201360544217687	0.819047619047619	0	0	0.804081632653061	0.28843537414966	0	0.408163265306122	0.527891156462585	1.2312925170068	0.616326530612245	0	0.408163265306122	0.102040816326531	0.394557823129252	0	0.40952380952381	0.410884353741497	0.183673469387755	WA_MAG_00064
