gene_callers_id	source	gene_name	gene_hmm_id	e_value	length	WAM_ALR	WAM_CCR	WAM_IPI	WAM_MAR	WAM_MYS	WAM_PBL	WAM_PJN	WAM_PPR	WAM_PST	WAM_ROL	WAM_SCR	WAM_SGN	WAM_SIS	WAM_TWN	WAR_ALR	WAR_CCR	WAR_IPI	WAR_MAR	WAR_MYS	WAR_PBL	WAR_PJN	WAR_PPR	WAR_PSK	WAR_PST	WAR_RNW	WAR_ROL	WAR_SCR	WAR_SGL	WAR_SIS	mag_id
1246317	Archaea_76	tRNA-synt_1c	PF00749.21	9e-79	744	0	0	0	6.73118279569892	0	0.600806451612903	0.192204301075269	0.801075268817204	2.95833333333333	0	0.404569892473118	1.36559139784946	0	7.01612903225806	0	0	0	0.405913978494624	0	0	0	0	0	0	0	0	0	0	0	WA_MAG_00054
1266743	Archaea_76	Ribosomal_L23	PF00276.20	1.4e-27	291	0	0	0	2.4192439862543	0	0	0.608247422680412	0	1.07903780068729	0	0	1.6254295532646	0	3.60137457044674	0	0	0	0	0	0	0	0	0	0	1.52577319587629	0	0	0.577319587628866	0.0343642611683849	WA_MAG_00054
1266744	Archaea_76	Ribosomal_L4	PF00573.22	1.6e-14	201	0	0	0	2.1592039800995	0	0	0.557213930348259	0.751243781094527	1.33333333333333	0	0	0.656716417910448	0	2.30845771144279	0	0	0	0.751243781094527	0	0	0	0	0	0	1.3681592039801	0	0	0.606965174129353	0.666666666666667	WA_MAG_00054
1292505	Archaea_76	tRNA-synt_1d	PF00750.19	1e-15	555	0	0	0	0.344144144144144	0	0.812612612612613	0	0	0.816216216216216	0	0	2.19099099099099	0	3.11171171171171	0	0	0	0	0	0	0.544144144144144	0	0	0	0	0	0	0	0	WA_MAG_00054
1351539	Archaea_76	AdoHcyase	PF05221.17	1.9e-137	1266	0	0.119273301737757	0	3.63270142180095	0.119273301737757	0.595576619273302	0	0.475513428120063	0.834913112164297	0	0	3.48104265402844	0	5.98657187993681	0.238546603475513	0.0418641390205371	0	0.23696682464455	0	0.238546603475513	0.23696682464455	0	0	0.830963665086888	0.713270142180095	0	0	0	0	WA_MAG_00054
1151369	Archaea_76	SecY	PF00344.20	1.9e-105	1338	0.754857997010463	0	0.224215246636771	3.18908819133034	0	0.224215246636771	0	0.901345291479821	2.00298953662182	0	0.225710014947683	3.37070254110613	0	3.15022421524664	0	0	0	0	0	0.224962630792227	0	0	0	0.639760837070254	0.225710014947683	0	0.112855007473842	0	0	WA_MAG_00054
1151371	Archaea_76	Ribosomal_S13	PF00416.22	3e-34	375	0	0	0	7.512	0	1.328	0	2.18933333333333	3.13866666666667	0	0.730666666666667	1.368	0.52	5.35466666666667	0	0	0	0	0	0.576	0.965333333333333	0.384	0	0	0	0	0	0.341333333333333	0	WA_MAG_00054
1151372	Archaea_76	Ribosomal_S11	PF00411.19	8.1e-46	393	0.417302798982188	0	0	4.48346055979644	0	0.567430025445293	0	1.1704834605598	2.86005089058524	0	0.0483460559796438	3.50636132315522	0.246819338422392	3.6234096692112	0	0	0	0	0	0.956743002544529	0	0.427480916030534	0	0.753180661577608	0	0	0	0.315521628498728	0	WA_MAG_00054
1165707	Archaea_76	Ribosomal_S15	PF00312.22	2.7e-34	273	0.450549450549451	0	0	7.74725274725275	0	0.835164835164835	0	0.860805860805861	1.22344322344322	0.637362637362637	0	2.59340659340659	0	1.9047619047619	0	0	0	0	0	0	0	0	0	0	0.553113553113553	0	0	0	0	WA_MAG_00054
1227073	Archaea_76	RNA_pol_Rpb6	PF01192.22	2.2e-09	327	0.0581039755351682	0.180428134556575	0	2.75840978593272	0	0	0	0	1.85626911314985	0.795107033639144	0	3.46788990825688	0	6.6697247706422	0	0	0	0	0	0	0	0	0	0	0	0	0	0	0	WA_MAG_00054
81847	Archaea_76	Ribosomal_S17	PF00366.20	5.1e-32	258	0	1.10077519379845	0	3.22093023255814	0	1.48837209302326	0.468992248062016	0.375968992248062	0.581395348837209	0	0	1.88759689922481	0	4.7906976744186	0	0	0	0	0	0	0.395348837209302	0	0	0	0.410852713178295	0	0	0	0	WA_MAG_00054
81848	Archaea_76	Ribosomal_L29	PF00831.23	8.9e-20	192	0	0.03125	0	4.30208333333333	0	1.44270833333333	0.630208333333333	1.72395833333333	2.07291666666667	0	0	3.14583333333333	0	5.90104166666667	0	0	0	0	0	0	0	0	0	0	0.71875	0	0	0	0	WA_MAG_00054
81849	Archaea_76	Ribosomal_L16	PF00252.18	4.5e-34	252	0	0	0	4.68253968253968	0	0.0753968253968254	1.29365079365079	0.722222222222222	1.75793650793651	0	0	3.0952380952381	0	6.61904761904762	0	0	0	0	0	0	0	0	0	0.555555555555556	0.123015873015873	0	0	0	0	WA_MAG_00054
81850	Archaea_76	Ribosomal_L16	PF00252.18	8.7e-15	171	0	0	0	6.91228070175439	0	0.923976608187134	0.0409356725146199	1.51461988304094	2.88888888888889	0	1.54385964912281	1.22222222222222	0	4.28654970760234	0	0	0	0	0	0	0	0	0	0.947368421052632	0	0	0	0	0	WA_MAG_00054
81852	Archaea_76	Ribosomal_L22	PF00237.19	1e-29	411	0	0	0	4.37226277372263	0.647201946472019	0.878345498783455	0.289537712895377	0.484184914841849	1.09732360097324	0	0.630170316301703	2.25790754257908	0	3.97810218978102	0	0	0	0.141119221411192	0	0	0	0	0	0.0121654501216545	0.627737226277372	0	0	0	0	WA_MAG_00054
81853	Archaea_76	Ribosomal_S19	PF00203.21	8.3e-39	279	0	0	0	8.32616487455197	0.0931899641577061	0.3584229390681	0	0	0	0	0.129032258064516	1.53763440860215	0	8.46953405017921	0	0	0	0	0	0	0	0	0	1.03942652329749	1.37992831541219	0	1.57706093189964	0	0	WA_MAG_00054
99728	Archaea_76	Adenylsucc_synt	PF00709.21	3.1e-170	1275	0.236078431372549	0.236862745098039	0	3.15294117647059	0	0.047843137254902	0.472156862745098	0.733333333333333	2.34588235294118	0	0	3.02039215686275	0	5.41254901960784	0	0.236862745098039	0	0.236862745098039	0	0.236078431372549	0	0.236862745098039	0	0.364705882352941	0.823529411764706	0	0	0.0423529411764706	0	WA_MAG_00054
915646	Archaea_76	tRNA-synt_His	PF13393.6	8.4e-20	711	0.423347398030942	0	0	2.0379746835443	0	0	0	0	0.637130801687764	0	0	1.51054852320675	0	1.43178621659634	0	0	0	0	0	0	0	0.119549929676512	0	0.848101265822785	1.30098452883263	0	0	0	0	WA_MAG_00054
1029713	Archaea_76	Ribosomal_S15	PF00312.22	7.6e-14	135	0.555555555555556	0	0	0.911111111111111	0	0	0	0	4.37777777777778	0	0	1.81481481481481	0	2.38518518518519	0	0	0	0	0	0	0	0.874074074074074	0	0	0	0	0	0	0	WA_MAG_00054
1032148	Archaea_76	Ribosom_S12_S23	PF00164.25	4.9e-37	270	0	0	0	6.54814814814815	0	0	0	0.359259259259259	0.348148148148148	0.222222222222222	0	4	0	4.47777777777778	0	0	0	0.559259259259259	0	0	1.07407407407407	0.559259259259259	0	1.11851851851852	1.28888888888889	0	0.707407407407407	0.533333333333333	0	WA_MAG_00054
1032149	Archaea_76	Ribosomal_S7	PF00177.21	2e-64	477	0	0	0	8.26205450733753	0	0	0	2.23270440251572	1.66666666666667	0.461215932914046	0	3.0482180293501	0	4.07337526205451	0	0	0	0.316561844863732	0	0	0	0	0	0	0.459119496855346	0	0.163522012578616	0.811320754716981	0	WA_MAG_00054
1638915	Archaea_76	tRNA-synt_His	PF13393.6	3.4e-37	1101	0.274296094459582	0.272479564032698	0	4.24795640326975	0	0	0.164396003633061	0.666666666666667	0.655767484105359	0	0.23433242506812	1.8219800181653	0	3.09900090826521	0	0	0	0	0.274296094459582	0	0.138056312443233	0	0	0	0	0	0	0	0.27338782924614	WA_MAG_00054
1670602	Archaea_76	Ham1p_like	PF01725.16	2.8e-58	615	0	0	0	3.06341463414634	0	0	0	0	0.489430894308943	0	0	1.40487804878049	0	3.49268292682927	0	0	0	0	0	0	0	0	0	0.0016260162601626	0.321951219512195	0	0	0	0	WA_MAG_00054
1728529	Archaea_76	HMG-CoA_red	PF00368.18	9.7e-97	1383	0	0.218365871294288	0	5.58351409978308	0	0.545914678235719	0	0.436008676789588	1.23499638467101	0	0.218365871294288	1.89587852494577	0.109182935647144	4.0824295010846	0	0	0	0.0954446854663774	0	0	0.4352856109906	0.109182935647144	0.218365871294288	0.190166305133767	0.4352856109906	0	0	0	0	WA_MAG_00054
1754504	Archaea_76	RNase_HII	PF01351.18	2.9e-20	351	0	0	0	4.97150997150997	0	0	0	0	1.32763532763533	0	0	3.77777777777778	0	3.80626780626781	0	0	0	0.094017094017094	0	0.321937321937322	0	0	0	0	0.743589743589744	0	0	0.857549857549858	0	WA_MAG_00054
201888	Archaea_76	tRNA-synt_1d	PF00750.19	2.4e-30	1224	0	0	0	3.26062091503268	0	0.986111111111111	0	0.0506535947712418	1.14705882352941	0	0	0.850490196078431	0	2.32679738562092	0	0	0	0.246732026143791	0	0	0	0	0	0	0.490196078431373	0	0	0	0	WA_MAG_00054
216170	Archaea_76	Ribosomal_L1	PF00687.21	1.6e-53	690	0.27536231884058	0	0	7.02608695652174	0	1.0463768115942	0	0.305797101449275	1.7463768115942	0.436231884057971	0	1.70579710144928	0	6.03623188405797	0	0	0	0	0	0	0	0	0	0.710144927536232	0	0	0	0	0	WA_MAG_00054
552664	Archaea_76	RNase_HII	PF01351.18	3.3e-38	582	0	0	0	4.57044673539519	0	0	0	0	0	0	0	0	0	3.31443298969072	0	0	0	0	0	0	0	0	0	0	0	0	0	0	0	WA_MAG_00054
828203	Archaea_76	TIM	PF00121.18	5.1e-96	753	0	0	0	0.759628154050465	0	0.374501992031873	0	0	1.22310756972112	0	0	1.14209827357238	0	3.74900398406374	0	0	0	0	0	0	0	0	0	0	0.597609561752988	0	0	0	0	WA_MAG_00054
829666	Archaea_76	NDK	PF00334.19	8.5e-53	420	0	0	0	5.07857142857143	0	0.714285714285714	0	0.676190476190476	1.29047619047619	0	0	4.14285714285714	0	1.81190476190476	0	0	0	0	0	0	0	0	0	0.804761904761905	0	0	0.247619047619048	0.119047619047619	0	WA_MAG_00054
858771	Archaea_76	Ribosomal_S2	PF00318.20	9.8e-90	795	0	0	0	1.85534591194969	0	0.0276729559748428	0	0.378616352201258	0.808805031446541	0	0	5.03018867924528	0	4.01006289308176	0	0	0	0.217610062893082	0	0.379874213836478	0	0	0	1.13710691823899	0.20125786163522	0	0	0	0	WA_MAG_00054
858772	Archaea_76	Ribosomal_S9	PF00380.19	3.7e-51	387	0	0	0	4.32299741602067	0	2.25581395348837	0	0	1.22739018087855	0	0.614987080103359	2.94573643410853	0	5.43410852713178	0	0	0	0	0	0	0	0	0	0.780361757105943	0	0	0	0.369509043927649	0	WA_MAG_00054
858773	Archaea_76	Ribosomal_L13	PF00572.18	2.8e-56	456	0	0	0	4.74122807017544	0	1.53070175438596	0.697368421052632	0	1.43201754385965	0	0.125	3.40789473684211	0	8.25657894736842	0	0	0	0	0	0	0.657894736842105	0	0	0	0.660087719298246	0	0	0.109649122807018	0	WA_MAG_00054
867098	Archaea_76	Ribosomal_S8	PF00410.19	4.4e-53	399	0	0	0	3.63157894736842	0.616541353383459	0.664160401002506	0	3.35338345864662	1.70676691729323	0	0	4.88220551378446	0	8.57142857142857	0	0	0	0.706766917293233	0	0	0	0.553884711779449	0	0	0	0	0	0	0	WA_MAG_00054
867099	Archaea_76	Ribosomal_L6	PF00347.23	2.8e-36	543	0	0	0	3.1804788213628	0.0405156537753223	0.556169429097606	0.18232044198895	0.968692449355433	0.222836095764273	0	0	5.28360957642726	0	7.83793738489871	0	0	0	0.278084714548803	0	0	0	0.0902394106813996	0	0	0	0	0	0	0	WA_MAG_00054
1494612	Archaea_76	tRNA-synt_1c	PF00749.21	2.4e-27	861	0	0	0	1.79326364692218	0	0.699186991869919	0	0	1.28919860627178	0	0	1.85365853658537	0	2.87340301974448	0	0	0	0.574912891986063	0	0	0	0	0	0.306620209059233	0.630662020905923	0	0	0	0	WA_MAG_00054
1531463	Archaea_76	tRNA-synt_1c	PF00749.21	1.3e-97	1482	0	0	0	5.35964912280702	0	0.203778677462888	0	0.406207827260459	0.827260458839406	0	0.0985155195681512	1.41295546558704	0	4.93927125506073	0	0	0	0	0	0	0	0	0	0	0.203778677462888	0	0	0	0	WA_MAG_00054
