gene_callers_id	source	gene_name	gene_hmm_id	e_value	length	WAM_ALR	WAM_CCR	WAM_IPI	WAM_MAR	WAM_MYS	WAM_PBL	WAM_PJN	WAM_PPR	WAM_PST	WAM_ROL	WAM_SCR	WAM_SGN	WAM_SIS	WAM_TWN	WAR_ALR	WAR_CCR	WAR_IPI	WAR_MAR	WAR_MYS	WAR_PBL	WAR_PJN	WAR_PPR	WAR_PSK	WAR_PST	WAR_RNW	WAR_ROL	WAR_SCR	WAR_SGL	WAR_SIS	mag_id
388364	Archaea_76	Prefoldin	PF02996.17	3.1e-18	495	0	0	0.4	0	0	0	0.248484848484848	0	0.482828282828283	0	0	0	0	0	0	1.56161616161616	0	0.767676767676768	0	0	0.0909090909090909	0.909090909090909	0.0242424242424242	0.0141414141414141	0.149494949494949	0.595959595959596	0.16969696969697	0.967676767676768	0	WA_MAG_00078
405191	Archaea_76	eIF-6	PF01912.18	1.2e-55	663	0.0180995475113122	0.455505279034691	0	0	0	0	0.870286576168929	0	0	0	0.455505279034691	0.470588235294118	0	0	0	2.00603318250377	0	0	0	0	0	0.909502262443439	0	2.35897435897436	0	0	0.683257918552036	0	0	WA_MAG_00078
495143	Archaea_76	Ham1p_like	PF01725.16	1.3e-46	621	0	0	0.241545893719807	0	0	0	0.4170692431562	0	0.91304347826087	0	0	0.483091787439614	0	0.00966183574879227	0.481481481481481	0	0	0	0.447665056360709	0.394524959742351	1.38486312399356	1.99033816425121	0.447665056360709	0.769726247987118	0.243156199677939	0	0.727858293075684	0.170692431561997	0	WA_MAG_00078
1323543	Archaea_76	Ribosomal_S28e	PF01200.18	2.6e-30	219	1.35616438356164	0.812785388127854	0	0.940639269406393	0	0	0	0	0	0	0	0	0	0	0.0593607305936073	0.91324200913242	0	0	0	0	1.04109589041096	0.689497716894977	0	0.292237442922374	0	0	2.38812785388128	0.502283105022831	0	WA_MAG_00078
1323545	Archaea_76	NDK	PF00334.19	4.2e-53	447	0	0.675615212527964	0	1.35123042505593	0	0	0	0	0	0	0.391498881431767	0	0	0	0.503355704697987	1.47203579418345	0	0	0.48993288590604	0	0.0313199105145414	1.17002237136465	0.675615212527964	0.572706935123042	0.208053691275168	0	0.536912751677852	0	0	WA_MAG_00078
1338158	Archaea_76	Ribosomal_L1	PF00687.21	6e-34	645	0	0	0	0.142635658914729	0	0	0.463565891472868	0	0.234108527131783	0	0	0.234108527131783	0	0	0.24031007751938	1.26666666666667	0	1.30387596899225	0	1.50232558139535	0.936434108527132	2.03255813953488	0.342635658914729	0.406201550387597	0.466666666666667	0	0.246511627906977	0	0.327131782945736	WA_MAG_00078
1343912	Archaea_76	Ribosomal_L44	PF00935.19	1.5e-29	285	0	0	0	0	0	0	0	0	0	0	0	0	0	0.52280701754386	0	2.50526315789474	0	0	0.435087719298246	0.129824561403509	1.05614035087719	0.4	0	0.607017543859649	0	0	0	0	0	WA_MAG_00078
1361687	Archaea_76	Ribosomal_S11	PF00411.19	1.4e-34	384	0.432291666666667	0.244791666666667	0	0	0	0	0	0	0.778645833333333	0	0.848958333333333	0	0	0	0	2.359375	0.645833333333333	0.760416666666667	0	0.78125	0.9375	1.88802083333333	0	0	0.833333333333333	0	0.609375	0	0.393229166666667	WA_MAG_00078
1361689	Archaea_76	Ribosomal_S13	PF00416.22	1.6e-38	468	0	0	0	1.16880341880342	0	0	0.645299145299145	0	0	0	0.525641025641026	0	0	0	0.641025641025641	2.31837606837607	0	0	0.215811965811966	1.2991452991453	2.51282051282051	1.50641025641026	0	1.24786324786325	0	0	3.12179487179487	0.641025641025641	0	WA_MAG_00078
1158929	Archaea_76	Ribosomal_S2	PF00318.20	5.4e-22	609	0	0	0.494252873563218	0	0	0	0	0	0	0	0.118226600985222	0	0	0	0	1.40886699507389	0	0.489326765188834	0	0	0.492610837438424	1.79802955665025	0	0.0509031198686371	0.742200328407225	0	0.316912972085386	0	0	WA_MAG_00078
1188660	Archaea_76	Ribosomal_L37ae	PF01780.19	3.7e-28	363	0.09366391184573	0.184573002754821	0	0	0	0	0	0	0.143250688705234	0	1.6198347107438	0.341597796143251	0.275482093663912	0	0.415977961432507	0.173553719008264	0	0.707988980716253	0	0	0.308539944903581	3.83471074380165	0	0.460055096418733	0	0.292011019283747	0.258953168044077	0	0.00550964187327823	WA_MAG_00078
39979	Archaea_76	Ribosomal_L23	PF00276.20	2.4e-14	264	0	0	0	0.568181818181818	0	0	1.06439393939394	0	0	0	0.977272727272727	0.568181818181818	0	0	0	1.39015151515152	0	1.92424242424242	0	0.875	1.39393939393939	1.13636363636364	0.484848484848485	0.325757575757576	0	0	1.12121212121212	0	0	WA_MAG_00078
39980	Archaea_76	Ribosomal_L4	PF00573.22	3.4e-43	864	0	0.347222222222222	0	0.694444444444444	0.302083333333333	0	0.347222222222222	0	0	0	0.0150462962962963	0.603009259259259	0	0	0	0.75462962962963	0	0	0.349537037037037	0.34837962962963	0.157407407407407	1.1087962962963	0.523148148148148	0.815972222222222	0.349537037037037	0	0.347222222222222	0.349537037037037	0	WA_MAG_00078
39981	Archaea_76	Ribosomal_L3	PF00297.22	1.1e-67	858	0	0	0.175990675990676	0.527972027972028	0.041958041958042	0	0	0	0.581585081585082	0	0.122377622377622	0.441724941724942	0.212121212121212	0	0	2.20862470862471	0	0.383449883449883	0	0.651515151515151	1.22377622377622	1.91841491841492	0	0.925407925407925	0.780885780885781	0.491841491841492	1.66317016317016	0	0.351981351981352	WA_MAG_00078
74581	Archaea_76	Ribosomal_L15e	PF00827.17	8.6e-80	591	0	0	0	0	0	0	0	0	0.253807106598985	0	0	0.510998307952623	0	0	0	0.900169204737733	0	2.82910321489002	0	1.03722504230118	0.509306260575296	2.1590524534687	0	1.10490693739425	0	0.477157360406091	0.673434856175973	0.50761421319797	0.257191201353638	WA_MAG_00078
101265	Archaea_76	Diphthamide_syn	PF01866.17	8.2e-70	1110	0.544144144144144	0.500900900900901	0	0	0	0	0.272072072072072	0	0	0.153153153153153	0.452252252252252	0.233333333333333	0	0	0.272072072072072	0.813513513513514	0	0.693693693693694	0	1.22432432432432	0.27027027027027	2.0045045045045	0.271171171171171	0.272072072072072	0.815315315315315	0.398198198198198	0.321621621621622	0.513513513513513	0	WA_MAG_00078
144011	Archaea_76	Ribosomal_S8e	PF01201.22	6.4e-13	129	0	0	1.81395348837209	0	0	0	1.98449612403101	0	0	0	0.790697674418605	0	0	0	0	0.798449612403101	0	0	0	1.66666666666667	0.48062015503876	0.0387596899224806	0	1.48837209302326	0.511627906976744	0	2.52713178294574	0	0.441860465116279	WA_MAG_00078
166728	Archaea_76	ATP-synt_D	PF01813.17	4.9e-41	468	0	0	0	1.28632478632479	0	0.643162393162393	0	0	0	0	0.164529914529915	0	0	0	0	0	0	0.643162393162393	0	0.538461538461538	0	1.74786324786325	0	0.320512820512821	0	0	0	0.547008547008547	0	WA_MAG_00078
166816	Archaea_76	RtcB	PF01139.17	4e-138	1413	0.213021939136589	0	0	0.103326256192498	0	0	0.213021939136589	0	0.320594479830149	0	1.06015569709837	0	0	0	0	0.706298655343241	0.213729653220099	0.876150035385704	0.213729653220099	0.267515923566879	0	1.01698513800425	0.213021939136589	0.72965322009908	0	0	0	0	0	WA_MAG_00078
913494	Archaea_76	Rib_5-P_isom_A	PF06026.14	1.8e-59	585	0	0	0	0	0	0.514529914529914	0.514529914529914	0	0	0	0	0	0	0	0	3.45641025641026	0	1.57606837606838	0	0	0	0.514529914529914	0	0.124786324786325	0	0	0.172649572649573	0	0	WA_MAG_00078
950642	Archaea_76	Ribosomal_S15	PF00312.22	4.5e-14	456	0	0	0	0	0	0.530701754385965	0	0	0.662280701754386	0	0	0	0	0	0	0.513157894736842	0	0.508771929824561	0	0.0153508771929825	0.0263157894736842	2.55482456140351	0	0.00219298245614035	0	0.00219298245614035	0.081140350877193	0	0	WA_MAG_00078
964891	Archaea_76	Adenylsucc_synt	PF00709.21	3.4e-30	228	0	0	0	0	0	0	0	0	0	0	0	0	0	0	0	1.21052631578947	0	0	0	0	0	0	0	0.662280701754386	0	0	1	0	0	WA_MAG_00078
1041724	Archaea_76	Ribosomal_L5e	PF17144.4	1.4e-14	282	0.0602836879432624	0	0	1.06382978723404	0	0	0	0	0	0	1.53900709219858	0	0	0	0.535460992907801	1.12056737588652	0	0	0	0	1.01418439716312	0.588652482269504	0	0	0	0	0	0	0.75886524822695	WA_MAG_00078
1041726	Archaea_76	Ribosomal_L32e	PF01655.18	1.2e-33	633	0	0.252764612954186	0	0	0	0	0.00473933649289099	0	0.230647709320695	0	0	0	0	0	0	0	0	0.540284360189573	0	0	0	1.52290679304897	0	0	0.494470774091627	0.415481832543444	0.503949447077409	0	0.197472353870458	WA_MAG_00078
1041727	Archaea_76	Ribosomal_L6	PF00347.23	7.5e-19	549	0.550091074681239	0.95264116575592	0	0	0	0	1.5792349726776	0	0	0	1.86338797814208	0	0	0	0	1.8615664845173	0	0.673952641165756	0	0.513661202185792	0.029143897996357	1.45537340619308	0	0.608378870673953	0.506375227686703	0.0473588342440801	0.524590163934426	0.961748633879781	0.0947176684881603	WA_MAG_00078
1041728	Archaea_76	Ribosomal_S8	PF00410.19	2.6e-24	390	0	0	0	0	0	0	0	0.166666666666667	0.279487179487179	0	0.412820512820513	0.771794871794872	0	0	0	0.676923076923077	0	0.520512820512821	0	0.766666666666667	0.7	0.766666666666667	0.774358974358974	1.16923076923077	0	0	0.176923076923077	0	0.451282051282051	WA_MAG_00078
1706559	Archaea_76	AdoHcyase	PF05221.17	1.4e-72	1266	0	0.0205371248025276	0	0.477093206951027	0	0	0.436018957345972	0.238546603475513	0.303317535545024	0	0.477093206951027	0.476303317535545	0.238546603475513	0	0.197472353870458	0.711690363349131	0.134281200631912	1.27883096366509	0	0.712480252764613	0.954186413902054	1.86571879936809	0.123222748815166	1.21879936808847	0.23696682464455	0	0.658767772511848	0	0.71563981042654	WA_MAG_00078
1733628	Archaea_76	DUF655	PF04919.12	9e-19	549	0	0	0	0.85792349726776	0	0	0.723132969034608	0	0.4408014571949	0.225865209471767	0.36247723132969	0	0	0	0.537340619307832	0.34608378870674	0	0.0473588342440801	0	0	0.542805100182149	0	0	0.214936247723133	0	0	1.00182149362477	0.174863387978142	0	WA_MAG_00078
219127	Archaea_76	Ribosomal_S19e	PF01090.19	8.7e-34	264	0	1.10606060606061	0	0	0	0	0	0	0	0	0	0	0	0	0	0.526515151515151	0	0	0	0	2.10984848484848	1.53787878787879	0	0	0	0	0.984848484848485	0	0.348484848484849	WA_MAG_00078
276212	Archaea_76	CarS-like	PF01864.17	5.5e-13	426	0	0	0	0	0	0.403755868544601	0.708920187793427	0	0.347417840375587	0	0.535211267605634	0	0	0	0	1.03755868544601	0	1.1924882629108	0	0.63849765258216	0.708920187793427	0.699530516431925	0.708920187793427	0.664319248826291	0	0	2.21361502347418	0	0.354460093896714	WA_MAG_00078
320425	Archaea_76	Ribosomal_S19	PF00203.21	1.8e-25	408	0	0	0	0	0.370098039215686	0	0.708333333333333	0	0	0	0	0	0	0	0	1.62990196078431	0	0	0	0	0.0931372549019608	1.30637254901961	0	0	1.45343137254902	0	0.740196078431373	0.71078431372549	0	WA_MAG_00078
320426	Archaea_76	Ribosomal_L22	PF00237.19	2.6e-22	528	0	0	0	0.570075757575758	0	0	0.00378787878787878	0	0.570075757575758	0	0	0	0	0	0.541666666666667	0.365530303030303	0	0	0.568181818181818	0.789772727272727	0.884469696969697	1.25	0.571969696969697	0.153409090909091	0.0454545454545454	0	0.306818181818182	0.301136363636364	0	WA_MAG_00078
320428	Archaea_76	Ribosomal_L29	PF00831.23	6.1e-19	201	0	0	0	0	0	0	0	0	0.63681592039801	0	0	0	0	0	0	1.67661691542289	0	0.0348258706467662	0	0.45273631840796	0	1.01492537313433	0	0	0.606965174129353	0	0.592039800995025	0.358208955223881	0	WA_MAG_00078
320431	Archaea_76	Ribosomal_S17	PF00366.20	1.7e-24	336	0	0	0	0.104166666666667	0	0	0	0	0	0	0.12202380952381	0	0	0	0	0.586309523809524	0	1.86904761904762	0	0.0595238095238095	0	0.547619047619048	0	1.42261904761905	0.913690476190476	0	0.205357142857143	0	0	WA_MAG_00078
320432	Archaea_76	Ribosomal_L14	PF00238.19	3.3e-39	399	0.18796992481203	0.0150375939849624	0	0.679197994987469	0	0	0	0	0	0	0	0.756892230576441	0	0	0	2.40100250626566	0	0.982456140350877	0	0	0	1.70676691729323	0	0.629072681704261	0.37593984962406	0	0	0	0	WA_MAG_00078
320433	Archaea_76	Ribosomal_L26	PF16906.5	1.4e-13	426	0.504694835680751	0.669014084507042	0.943661971830986	0.44131455399061	0	0	0	0	0	0	0	0	0	0	0	0.596244131455399	0	0.94131455399061	0	0	0.669014084507042	2.80985915492958	0	0	0.539906103286385	0.539906103286385	0.875586854460094	0	0.706572769953052	WA_MAG_00078
582478	Archaea_76	RNA_pol_Rpb6	PF01192.22	2.8e-14	267	0	0.0262172284644195	0	0	0	0	0	0	2.97378277153558	0	1.64419475655431	0.689138576779026	0	0	0	1.63295880149813	0	1.48689138576779	0	1.11985018726592	0.565543071161049	0.565543071161049	1.43071161048689	2.59176029962547	0	0	0	0.838951310861423	0	WA_MAG_00078
631578	Archaea_76	Ribosomal_L16	PF00252.18	1.4e-29	519	0.529865125240848	0	0	0	0	0	0	0	0.695568400770713	0	0	0.901734104046243	0	0	0.662813102119461	0.398843930635838	0	0.581888246628131	0	0.8747591522158	0.680154142581888	1.76300578034682	0	0.421965317919075	1.73795761078998	0	0.745664739884393	0	0.574181117533719	WA_MAG_00078
739575	Archaea_76	ATP-synt_F	PF01990.17	9e-16	300	0.286666666666667	0	0	0.71	0	0	0	0	0	0	0.6	0	0	0	0	3.00333333333333	0.133333333333333	0.34	0	0.49	0	0.45	0	0.48	0.47	0	0	0.12	0	WA_MAG_00078
739576	Archaea_76	vATP-synt_AC39	PF01992.16	1.7e-50	1047	0	0.576886341929322	0.219675262655205	0.288443170964661	0	0	0	0	0.288443170964661	0	0.37440305635148	0.347659980897803	0	0	0	1.28271251193887	0	1.25787965616046	0.170009551098376	0.472779369627507	0.267430754536772	1.21967526265521	0	0.101241642788921	0.286532951289398	0.28748806112703	0	0.371537726838586	0	WA_MAG_00078
739577	Archaea_76	vATP-synt_E	PF01991.18	2e-08	564	0	0	0.0815602836879433	0.531914893617021	0	0	0	0	0.365248226950355	0	0.349290780141844	0.914893617021277	0	0	0	0.289007092198582	0	0.49822695035461	0.173758865248227	0.959219858156028	0.0195035460992908	0.863475177304965	0	1.1241134751773	0.370567375886525	0.131205673758865	0	0.25531914893617	0	WA_MAG_00078
739579	Archaea_76	V_ATPase_I	PF01496.19	6.5e-14	1263	0	0.825811559778306	0.475059382422803	0.477434679334917	0	0.222486144101346	0.161520190023753	0	0.22486144101346	0	0	0.239113222486144	0	0	0.239113222486144	1.49881235154394	0	1.18923198733175	0	0.953285827395091	0.541567695961995	1.41488519398258	0.158353127474268	0	0.642121931908155	0.119556611243072	1.05700712589074	0	0.238321456848773	WA_MAG_00078
746010	Archaea_76	PTH2	PF01981.16	1.1e-39	363	0	0	0	0	0	0.892561983471074	1.24517906336088	0	0.184573002754821	0	0	0	0	0	0.388429752066116	1.1900826446281	0	0	0	1.39118457300275	0.674931129476584	0	0	0	0.415977961432507	0.658402203856749	0.677685950413223	0.553719008264463	0	WA_MAG_00078
830304	Archaea_76	DUF359	PF04019.12	3.4e-28	1005	0	0	0	0	0	0.378109452736318	0.300497512437811	0	0.27363184079602	0	0	0	0	0	0	1.77512437810945	0.299502487562189	0.875621890547264	0.234825870646766	0.299502487562189	0.29452736318408	0.734328358208955	0	0.406965174129353	0.875621890547264	0.509452736318408	1.90348258706468	0.300497512437811	0	WA_MAG_00078
1488250	Archaea_76	HMG-CoA_red	PF00368.18	4.3e-108	1296	0	0.138117283950617	0	0.232253086419753	0	0	0	0.118827160493827	0	0	0.465277777777778	0.824074074074074	0	0	0.310185185185185	1.20524691358025	0	0.68287037037037	0.199074074074074	1.13657407407407	1.61342592592593	1.16820987654321	0	0.698302469135803	0.224537037037037	0	0.466049382716049	0	0.696759259259259	WA_MAG_00078
