gene_callers_id	source	gene_name	gene_hmm_id	e_value	length	WAM_ALR	WAM_CCR	WAM_IPI	WAM_MAR	WAM_MYS	WAM_PBL	WAM_PJN	WAM_PPR	WAM_PST	WAM_ROL	WAM_SCR	WAM_SGN	WAM_SIS	WAM_TWN	WAR_ALR	WAR_CCR	WAR_IPI	WAR_MAR	WAR_MYS	WAR_PBL	WAR_PJN	WAR_PPR	WAR_PSK	WAR_PST	WAR_RNW	WAR_ROL	WAR_SCR	WAR_SGL	WAR_SIS	mag_id
362556	Archaea_76	Ribosomal_S15	PF00312.22	1.1e-12	459	0	1.29847494553377	0.0522875816993464	1.17647058823529	0	2.21786492374728	1.69716775599129	0.0413943355119826	0.838779956427015	0	4.27886710239651	1.05664488017429	0	0	0.191721132897603	6.42265795206972	0	2.94117647058824	0	1.18518518518519	1.40305010893246	8.38562091503268	0	2.10893246187364	2.22875816993464	0	4.119825708061	2.05010893246187	0	WA_MAG_00062
362561	Archaea_76	tRNA-synt_1c	PF00749.21	2.7e-60	1671	0.180730101735488	0.983842010771993	0	1.26211849192101	0	0.540394973070018	1.12028725314183	0.101137043686415	0.142429682824656	0	2.59066427289048	0.882106523040096	0	0	0	6.7737881508079	0	4.38479952124476	0	1.93536804308797	1.2196289646918	6.23698384201077	0	1.22980251346499	2.71035308198683	0.333931777378815	6.04548174745661	0.805505685218432	0.663076002393776	WA_MAG_00062
362562	Archaea_76	RNase_HII	PF01351.18	5.7e-51	636	0	0.479559748427673	0	0.473270440251572	0	1.30503144654088	0.163522012578616	0.488993710691824	0.544025157232704	0	2.70911949685535	0.424528301886792	0	0	0	6.19968553459119	0	2.38993710691824	0	2.83962264150943	1.33018867924528	7.62264150943396	0	2.0062893081761	1.05817610062893	0.216981132075472	5.66509433962264	1.41981132075472	0	WA_MAG_00062
362983	Archaea_76	CTP-dep_RFKase	PF01982.16	2.1e-23	378	0	1.45502645502646	0	0.791005291005291	0	1.78571428571429	0.587301587301587	0.399470899470899	0.399470899470899	0	3.20634920634921	1.52380952380952	0	0.156084656084656	0	8.51851851851852	0	6.24867724867725	0	5.58201058201058	1.25661375661376	5.63756613756614	0	1.24338624338624	3.52116402116402	0	7.7037037037037	1.06878306878307	0	WA_MAG_00062
398863	Archaea_76	Ribosomal_S8	PF00410.19	2.6e-25	390	0	2.92307692307692	0.594871794871795	0	0	2.29487179487179	0.194871794871795	0.387179487179487	0.523076923076923	0	3.45128205128205	3.02564102564103	0	0	0.746153846153846	11.6384615384615	0	4.53846153846154	0	1.94871794871795	2.11282051282051	8.7	1.14358974358974	1.25128205128205	4.97179487179487	0	5.48974358974359	1.69230769230769	0.743589743589744	WA_MAG_00062
398864	Archaea_76	Ribosomal_L6	PF00347.23	7.3e-32	540	0	1.68148148148148	0	0.631481481481482	0	1.15	4.86666666666667	0.277777777777778	1.47777777777778	0	2.78888888888889	0.535185185185185	0	0	0	15.6462962962963	0	3.20555555555556	0	2.91111111111111	2.59444444444444	10.5092592592593	0.559259259259259	0.574074074074074	0.996296296296296	0	2.78148148148148	1.16111111111111	0	WA_MAG_00062
398865	Archaea_76	Ribosomal_L32e	PF01655.18	1.1e-36	651	0	2.1505376344086	0.462365591397849	0.379416282642089	0	1.036866359447	1.60061443932412	0.334869431643625	1.51459293394777	0	2.65130568356375	0.987711213517665	0	0	0	9.36712749615976	0	4.51305683563748	0.546850998463902	1.72811059907834	1.25499231950845	8.357910906298	0	0.751152073732719	3.69278033794163	0	7.27342549923195	2.01382488479263	0	WA_MAG_00062
398867	Archaea_76	Ribosomal_L5e	PF17144.4	3.9e-29	513	0	2.28654970760234	0	0.713450292397661	1.07017543859649	1.28654970760234	0.0175438596491228	1.12475633528265	1.08771929824561	0	2.07407407407407	1.4541910331384	0	0	0	6.90643274853801	0	2.0682261208577	0.549707602339181	4.24561403508772	1.16569200779727	6.20662768031189	0	2.57309941520468	2.23976608187135	0.239766081871345	5.33138401559454	0.935672514619883	0	WA_MAG_00062
398871	Archaea_76	SecY	PF00344.20	4.1e-69	1962	0	1.40061162079511	0.355759429153925	1.13506625891947	0.153924566768603	0.996941896024465	1.83893985728848	0.835372069317023	1.07543323139653	0	3.2579001019368	1.86901121304791	0	0.115188583078491	0	9.61213047910296	0	4.15137614678899	0.613149847094801	4.40621814475025	3.02956167176351	10.8929663608563	0.76401630988787	2.80886850152905	3.63149847094801	0	6.65545361875637	1.75484199796126	0	WA_MAG_00062
399152	Archaea_76	DUF359	PF04019.12	4.2e-33	990	0.152525252525253	1.02727272727273	0	0.567676767676768	0	0.392929292929293	1.21919191919192	0.303030303030303	0.305050505050505	0	1.45858585858586	1.75353535353535	0	0.305050505050505	0	8.10606060606061	0	3.62323232323232	0.506060606060606	4.22424242424242	2.02828282828283	6.34747474747475	0	0.680808080808081	1.8020202020202	0	7.35151515151515	1.37979797979798	0.303030303030303	WA_MAG_00062
416151	Archaea_76	Prefoldin	PF02996.17	3.4e-20	501	0	1.06387225548902	0.882235528942116	1.90818363273453	0	0	0.0119760479041916	1.20359281437126	0	0	3.39321357285429	0.630738522954092	0	0	0.584830339321357	5.35129740518962	0	3.84231536926148	0.754491017964072	4.76047904191617	5.44510978043912	8.40319361277445	0	2.25948103792415	1.21956087824351	0	4.23353293413174	1.64471057884232	0.301397205588822	WA_MAG_00062
526663	Archaea_76	Ribosomal_L37ae	PF01780.19	1.1e-30	360	0.741666666666667	1.04722222222222	0.733333333333333	1.06388888888889	0.766666666666667	1.44166666666667	1.74166666666667	1.06111111111111	1.65	0	4.45	0.683333333333333	0	0	0.402777777777778	3.79166666666667	0	0.188888888888889	0.719444444444444	1.77777777777778	2.61666666666667	9.92777777777778	0	3.98611111111111	0.727777777777778	0	7.61666666666667	0	0	WA_MAG_00062
526670	Archaea_76	Ribosom_S12_S23	PF00164.25	4e-47	429	0	0.603729603729604	0	1.78787878787879	0	0.769230769230769	0.020979020979021	0	0	0	3.04195804195804	0	0	0	0	7.68764568764569	0.594405594405594	3.61072261072261	0.34965034965035	2.56876456876457	1.77622377622378	7.76689976689977	0	1.38228438228438	0.65034965034965	0	2.5011655011655	0.776223776223776	0	WA_MAG_00062
526671	Archaea_76	Ribosomal_S7	PF00177.21	2.6e-31	627	0	1.27432216905901	0	1.50877192982456	0	1.77352472089314	1.50558213716108	0	0.681020733652313	0	2.81658692185008	0.240829346092504	0	0	0	11.3030303030303	0	2.78309409888357	1.03668261562998	3.68421052631579	1.89154704944179	7.6682615629984	0	1.64274322169059	0.727272727272727	0	5.68580542264753	0.617224880382775	0	WA_MAG_00062
1239533	Archaea_76	DNA_primase_lrg	PF04104.14	4.5e-17	1050	0	2.54857142857143	0	0.575238095238095	0	1.22285714285714	1.04952380952381	0.0419047619047619	0.307619047619048	0	2.82285714285714	2.14	0	0	0.573333333333333	10.2752380952381	0	4.27428571428571	0.431428571428571	5.93238095238095	2.9047619047619	8.59904761904762	0.712380952380952	2.11714285714286	2.29714285714286	0	7.18380952380952	1.26095238095238	0.287619047619048	WA_MAG_00062
1256562	Archaea_76	Ribosomal_L15e	PF00827.17	1.2e-77	597	0	2.48743718592965	1.91289782244556	1.48073701842546	0	3.83752093802345	1.51256281407035	0	2.66834170854271	0	6.24623115577889	0.820770519262982	0	0	0.639865996649916	11.7671691792295	0.170854271356784	7.07537688442211	1.60469011725293	3.14572864321608	1.14740368509213	8.91122278056951	1.51256281407035	3.06867671691792	5.76716917922948	0	5.72361809045226	0.834170854271357	0.701842546063652	WA_MAG_00062
1325111	Archaea_76	AdoHcyase	PF05221.17	1.4e-70	1341	0	1.75764354958986	0.252796420581655	1.37061894108874	0	0.243847874720358	1.86502609992543	1.07233407904549	0.89634601043997	0	3.54735272184937	1.38777032065623	0	0.224459358687547	0	8.43922445935869	0	1.01938851603281	0.223713646532438	2.00745712155108	0.782997762863535	7.56823266219239	0.309470544369873	2.41610738255034	1.87322893363162	0	6.56972408650261	0.759880686055183	0	WA_MAG_00062
1086929	Archaea_76	FbpA	PF05833.11	6e-55	1068	0	1.40730337078652	0	1.87921348314607	0	0.837078651685393	1.41104868913858	0.282771535580524	0.845505617977528	0	0.786516853932584	0.841760299625468	0	0.282771535580524	0	5.68164794007491	0	3.34831460674157	0.280898876404494	3.24157303370787	0.564606741573034	7.19850187265918	0.281835205992509	1.54775280898876	2.41760299625468	0	3.92415730337079	0.282771535580524	0	WA_MAG_00062
1196606	Archaea_76	RNA_pol_Rpb6	PF01192.22	4.4e-13	255	0	0.819607843137255	0	0.0392156862745098	0	0.501960784313725	2.69803921568627	1.17647058823529	0	0.635294117647059	2.82745098039216	1.07450980392157	0	0	0.403921568627451	10.7882352941176	0	3.33333333333333	0	6.25490196078431	2.2078431372549	10.6862745098039	1.36078431372549	1.30588235294118	4.26666666666667	0	4.47058823529412	0.992156862745098	0	WA_MAG_00062
77999	Archaea_76	Ribosomal_L16	PF00252.18	4.1e-33	540	0	0.557407407407407	0.522222222222222	3.14444444444444	0	0.557407407407407	0.342592592592593	0.818518518518519	0.559259259259259	0	3.72037037037037	0.557407407407407	0	0	0	9.02222222222222	0.557407407407407	5.10555555555556	0.485185185185185	1.1537037037037	2.8537037037037	8.37962962962963	0	0.557407407407407	3.19259259259259	0	9.12222222222222	2.24074074074074	0	WA_MAG_00062
141399	Archaea_76	dsDNA_bind	PF01984.20	1.3e-17	303	0	0	0	0.399339933993399	0	0.808580858085809	0	0	0.851485148514851	0	0.98019801980198	0	0	0	0	2.51155115511551	0	3.13861386138614	0	2.99009900990099	0.452145214521452	4.20792079207921	0	0	1.4950495049505	0	1.44884488448845	0.495049504950495	0	WA_MAG_00062
141400	Archaea_76	Ribosomal_S19e	PF01090.19	6.1e-46	492	0	0	0	0.485772357723577	0.589430894308943	0.0670731707317073	1.16666666666667	0	0.0142276422764228	0	1.48983739837398	0	0	0	0	2.5	0	0.646341463414634	0.40650406504065	2.39024390243902	0.306910569105691	3.80894308943089	0	1.00813008130081	2.8739837398374	0	2.96544715447154	1.53048780487805	0	WA_MAG_00062
889530	Archaea_76	AdoHcyase	PF05221.17	3.4e-09	261	0	0.524904214559387	0.509578544061303	2.1264367816092	0	1.10344827586207	1.83524904214559	0	0.0459770114942529	0	0.96551724137931	0.210727969348659	0	0	0	11.2107279693487	0.413793103448276	3.94252873563218	0	3.727969348659	2.77011494252874	11.8352490421456	0	0.0766283524904215	0.900383141762452	0	4.86973180076628	0.567049808429119	0	WA_MAG_00062
895960	Archaea_76	Ribosomal_S8e	PF01201.22	7.2e-25	375	0	4.528	0	0.576	0	0.696	1.4	0	1.21066666666667	0	3.09866666666667	2.14666666666667	0	0	0	9.49333333333333	0	3.20533333333333	0	4.688	2.656	12.5013333333333	0	1.31733333333333	2.39733333333333	0	4.95466666666667	2	0	WA_MAG_00062
941464	Archaea_76	eIF-6	PF01912.18	3.4e-49	663	0.383107088989442	1.97134238310709	0	1.3815987933635	0	0.514328808446455	1.8340874811463	0.901960784313726	1.2473604826546	0	1.30920060331825	1.4630467571644	0	0	0.0995475113122172	6.37254901960784	0.455505279034691	3.10859728506787	0	4.96078431372549	1.13574660633484	12.6500754147813	0	1.73604826546003	0.40422322775264	0	3.50075414781297	1.88536953242836	0	WA_MAG_00062
941469	Archaea_76	Spt4	PF06093.13	5.8e-12	168	0	0	1.29761904761905	2.3452380952381	0	0.946428571428571	4.07738095238095	0	0.720238095238095	0	0.392857142857143	1.76190476190476	0	0	0.726190476190476	12.5535714285714	0	2.7202380952381	0.208333333333333	3.89880952380952	4.74404761904762	15.8214285714286	0	1.94642857142857	1.60119047619048	0	7.64880952380952	1.91071428571429	0	WA_MAG_00062
941470	Archaea_76	Ribosomal_S24e	PF01282.19	2.8e-17	342	0	0.833333333333333	0.450292397660819	1.18713450292398	0.441520467836257	1.1140350877193	3.33918128654971	0	0.0497076023391813	0	1.89473684210526	2.21929824561404	0	0	0.0380116959064327	11.9298245614035	0	2.01754385964912	0.698830409356725	5.87719298245614	1.76023391812866	7.07602339181287	0	1.93567251461988	0.730994152046784	0	6.13157894736842	1.95029239766082	0	WA_MAG_00062
965240	Archaea_76	Trm56	PF01994.16	7.7e-35	540	0	0.97037037037037	0	0.0351851851851852	0.27962962962963	2.34074074074074	1.37592592592593	0.431481481481481	0	0	3.58333333333333	2.64074074074074	0	0.559259259259259	0	11.4222222222222	0	1.12407407407407	0	5.55925925925926	3.22962962962963	9.44074074074074	0	0.559259259259259	3.2	0	5.23703703703704	1.03703703703704	0	WA_MAG_00062
992615	Archaea_76	RtcB	PF01139.17	4.4e-132	1416	0	1.28036723163842	0.207627118644068	0.63771186440678	0	1.30084745762712	1.29378531073446	0.411723163841808	0.63135593220339	0	2.20550847457627	0.919491525423729	0	0	0.112994350282486	8.31002824858757	0.213276836158192	2.44774011299435	0.213276836158192	4.17302259887006	1.95268361581921	7.05367231638418	0	0.662429378531073	2.31073446327684	0	6.50706214689266	1.00847457627119	0	WA_MAG_00062
1003841	Archaea_76	Ham1p_like	PF01725.16	4e-40	645	0	2.87131782945736	0	2.74263565891473	0.17984496124031	0.90077519379845	1.83255813953488	0.232558139534884	1.08062015503876	0.468217054263566	3.42635658914729	1.63100775193798	0	0	0.462015503875969	15.9720930232558	0	6.14263565891473	0.341085271317829	3.92713178294574	3.84651162790698	7.81395348837209	0	3.0077519379845	1.8062015503876	0	7.91472868217054	0.232558139534884	0	WA_MAG_00062
1035473	Archaea_76	Ribosomal_L1	PF00687.21	1.3e-40	642	0	1.44080996884735	0	0.467289719626168	0	0.789719626168224	1.6386292834891	0.904984423676012	0	0	1.56386292834891	1.32242990654206	0	0	0.250778816199377	5.8816199376947	0.470404984423676	2.76168224299065	0.401869158878505	1.72429906542056	2.22741433021807	4.52180685358255	0	1.30996884735203	3.32710280373832	0	1.99844236760125	0.90809968847352	0	WA_MAG_00062
1588743	Archaea_76	Adenylsucc_synt	PF00709.21	5.7e-148	1287	0.00699300699300699	2.46697746697747	0.117327117327117	0.932400932400932	0.627816627816628	1.54390054390054	0.779331779331779	0.864801864801865	0.906759906759907	0	3.43667443667444	1.16938616938617	0	0	0	8.93861693861694	0.467754467754468	4.75757575757576	0.141414141414141	2.16239316239316	1.83605283605284	8.53069153069153	0.234654234654235	3.38616938616939	2.1981351981352	0	5.83993783993784	0.818181818181818	0	WA_MAG_00062
1617792	Archaea_76	TruD	PF01142.18	1.2e-114	1398	0	0.343347639484979	0	0.422031473533619	0	1.01001430615165	1.5071530758226	0	0.607296137339056	0.0171673819742489	3.10085836909871	0.660228898426323	0	0	0	7.80042918454936	0	2.90844062947067	0.532904148783977	4.34549356223176	0.907010014306152	6.19885550786838	0.216022889842632	1.04649499284692	2.80257510729614	0	4.92560801144492	1.28898426323319	0	WA_MAG_00062
1617793	Archaea_76	RNA_pol_L_2	PF13656.6	1.3e-13	258	0.472868217054264	1.96511627906977	0	0	0	0.0542635658914729	0.844961240310077	0	1.79457364341085	2.1937984496124	1.69767441860465	2.21705426356589	0	0	0	7.73255813953488	0	6.17441860465116	0	1.15116279069767	3.93798449612403	6.8953488372093	0	2.27131782945736	4.67829457364341	0	9.04651162790698	0.224806201550388	0	WA_MAG_00062
1623598	Archaea_76	Ribosomal_S3Ae	PF01015.18	1e-51	996	0.454819277108434	1.01907630522088	0.303212851405622	0.31425702811245	0	0.69578313253012	0.58433734939759	0.505020080321285	0.923694779116466	0	3.19176706827309	1.21586345381526	0	0	0	5.16867469879518	0.303212851405622	2.77911646586345	0.302208835341365	3.81626506024096	2.56726907630522	9.68373493975904	0.241967871485944	2.1074297188755	2.3574297188755	0.302208835341365	5.17369477911647	0.383534136546185	0	WA_MAG_00062
194873	Archaea_76	Ribosomal_S2	PF00318.20	3.9e-26	600	0.433333333333333	1.385	0.95	1.02333333333333	0.456666666666667	0.843333333333333	0.675	0.503333333333333	0.501666666666667	0	3.47333333333333	0.413333333333333	0	0	0	13.4166666666667	0	4.55166666666667	0.901666666666667	4.16833333333333	3.325	9.63333333333333	0	0.61	2.85333333333333	0	2.84	1.10333333333333	0	WA_MAG_00062
238502	Archaea_76	Diphthamide_syn	PF01866.17	3.7e-68	1107	0	1.483288166215	0.262872628726287	1.66666666666667	0	1.92321589882565	2.1996386630533	0.545618789521229	1.2710027100271	0	4.66666666666667	0.916892502258356	0	0	0	12.1345980126468	0	3.84914182475158	0.272809394760614	2.55916892502258	1.31255645889792	7.26558265582656	0	1.8130081300813	2.01084010840108	0	6.33965672990063	1.08943089430894	0	WA_MAG_00062
238508	Archaea_76	DUF357	PF04010.13	1.6e-23	294	0.513605442176871	1.14285714285714	0	0.445578231292517	0	2.20068027210884	1.53401360544218	0	0	0	1.94897959183673	1.2891156462585	0	0	1.02040816326531	4.16326530612245	0	0.625850340136054	0.380952380952381	1.10544217687075	1.11224489795918	7.72108843537415	0	3.40816326530612	6.28571428571429	0	7.27551020408163	0.602040816326531	0	WA_MAG_00062
238511	Archaea_76	HMG-CoA_red	PF00368.18	5.6e-110	1299	0	1.67590454195535	0	1.12625096227868	0.231716705157814	1.14703618167821	1.34103156274057	0.706697459584296	1.25019245573518	0	2.41416474210931	1.07313317936875	0	0	0.230177059276366	9.1108545034642	0	2.7752117013087	0	2.28175519630485	1.11316397228637	8.74210931485758	0.0523479599692071	0.943802925327175	2.12933025404157	0.217859892224788	4.39491916859122	1.43956889915319	0	WA_MAG_00062
238519	Archaea_76	ATP-synt_D	PF01813.17	6.7e-54	618	0	1.94498381877023	0	0.951456310679612	0	0	1.11974110032362	0.733009708737864	1.53721682847896	0	2.74757281553398	1.22168284789644	0	0	0	6.92880258899676	0	2.46925566343042	0	4.01618122977346	0	5.32686084142395	0	2.25728155339806	1.94822006472492	0	5.30582524271845	0.729773462783172	0.436893203883495	WA_MAG_00062
238522	Archaea_76	ATP-synt_F	PF01990.17	8.1e-17	300	0.91	1.52333333333333	5.18333333333333	1.1	2.25666666666667	0.42	2.97333333333333	2.10666666666667	0.5	0	0.763333333333333	3.76666666666667	0	0	1.83333333333333	1.39333333333333	2.73	3.27	1.49	1.49	2.00666666666667	4.07	2.15	2.43333333333333	3.95	0.64	1.51333333333333	3.43	1.44333333333333	WA_MAG_00062
238523	Archaea_76	vATP-synt_AC39	PF01992.16	4.2e-21	522	1.72413793103448	3.09961685823755	3.9272030651341	0.421455938697318	1.53065134099617	0.796934865900383	2.90996168582375	0.597701149425287	1.68007662835249	0.578544061302682	1.73563218390805	0.760536398467433	0	0	0.634099616858238	2.78544061302682	1.6455938697318	4.1455938697318	1.98850574712644	2.19540229885057	2.43103448275862	3.54214559386973	1.59770114942529	1.71455938697318	1.30459770114943	0.28735632183908	3.65708812260536	1.39655172413793	2.02873563218391	WA_MAG_00062
271452	Archaea_76	tRNA-synt_1d	PF00750.19	1.8e-18	1095	0	1.47945205479452	0	0.376255707762557	0	1.1013698630137	0.915068493150685	0.243835616438356	0.692237442922374	0	4.96073059360731	0.811872146118721	0	0	0	7.31780821917808	0	1.97442922374429	0.411872146118721	2.71872146118721	0.848401826484018	7.14063926940639	0	1.38447488584475	1.92420091324201	0	5.56529680365297	1.0027397260274	0	WA_MAG_00062
278488	Archaea_76	Ribosomal_L3	PF00297.22	4.7e-84	957	0.156739811912226	0.801462904911181	0	1.19644723092999	0.157784743991641	0.313479623824451	0.500522466039707	0	0.945663531870428	0	2.64681295715778	0.44932079414838	0	0	0	9.61128526645768	0	3.77533960292581	0.315569487983281	2.41483803552769	0.641588296760711	5.87774294670846	0.157784743991641	1.81086729362591	3.44305120167189	0.315569487983281	6.26227795193312	2.65308254963427	0.157784743991641	WA_MAG_00062
320109	Archaea_76	Ribosomal_S19e	PF01090.19	2.2e-45	492	0	2.06707317073171	0	1.34146341463415	0	0.703252032520325	0.697154471544715	0.245934959349594	0.613821138211382	0	1.79268292682927	1.11991869918699	0	0	0	4.57317073170732	0.611788617886179	2.25406504065041	0	2.78048780487805	1.40040650406504	7.92682926829268	0	1.16869918699187	0.904471544715447	0	2.19918699186992	0	0.534552845528455	WA_MAG_00062
320110	Archaea_76	dsDNA_bind	PF01984.20	1.4e-17	303	0	1.76897689768977	0	0.227722772277228	0	0	0.778877887788779	0.508250825082508	0	0	0.858085808580858	0	0	0	0	0.587458745874587	0	1.06270627062706	0	1.43564356435644	0.623762376237624	2.50825082508251	0	0.801980198019802	0.71947194719472	0	2.07590759075908	0	0	WA_MAG_00062
531615	Archaea_76	CarS-like	PF01864.17	4.7e-32	627	0	0.180223285486443	0.0303030303030303	1.14992025518341	0.200956937799043	0	0.934609250398724	1.16108452950558	1.31897926634769	0	3.66188197767145	1.01116427432217	0	0	0	7.51993620414673	0	2.36842105263158	0.947368421052632	3.27751196172249	0.953748006379585	6.85326953748006	0	2.93301435406699	3.03508771929825	0	5.22488038277512	0.950558213716108	0	WA_MAG_00062
537870	Archaea_76	Rib_5-P_isom_A	PF06026.14	4.2e-63	702	0	0.750712250712251	0.343304843304843	0.988603988603989	0	1.5954415954416	0.776353276353276	0	0.682336182336182	0	3.66666666666667	2.23646723646724	0	0	0	8.29202279202279	0	3.36894586894587	0.707977207977208	3.26923076923077	2.18945868945869	8.00854700854701	0.425925925925926	3.25356125356125	1.05413105413105	0	4.64245014245014	0	0.301994301994302	WA_MAG_00062
559040	Archaea_76	tRNA-synt_1d	PF00750.19	3.9e-13	756	0	1.40079365079365	0.597883597883598	1.18783068783069	0	0.399470899470899	1.19444444444444	0.984126984126984	0.78042328042328	0	2.60185185185185	0.838624338624339	0	0	0	5.34523809523809	0	4.42724867724868	0.593915343915344	2.89417989417989	1.49074074074074	9.87433862433862	0	1.18650793650794	2.48148148148148	0	4.16798941798942	0.398148148148148	0.398148148148148	WA_MAG_00062
581775	Archaea_76	Ribosomal_S28e	PF01200.18	2.3e-29	225	0	2.90222222222222	1.14666666666667	0.96	1.08444444444444	1.72888888888889	0.186666666666667	0	0.88	0	5.71111111111111	2.52444444444444	0	0	0	11.1644444444444	0.244444444444444	4.98222222222222	0	5.37777777777778	1.80444444444444	10.4977777777778	0	2.83111111111111	4.30666666666667	2.36444444444445	5.55111111111111	0.515555555555556	0	WA_MAG_00062
581776	Archaea_76	NDK	PF00334.19	4.1e-56	447	0	1.41610738255034	0.671140939597315	0.333333333333333	0	1.42281879194631	0.583892617449664	0.333333333333333	1.22595078299776	0	6.14988814317673	2.56823266219239	0	0	0	5.4675615212528	0.668903803131991	1.75615212527964	0	3.42281879194631	3.29530201342282	8.04026845637584	0.67337807606264	1.30648769574944	2.32662192393736	0	5.96420581655481	0.651006711409396	0	WA_MAG_00062
654784	Archaea_76	Ribosomal_L21e	PF01157.18	6.9e-32	291	0	2.43642611683849	0	1.42955326460481	0	2.39862542955326	0	0.694158075601375	0.515463917525773	0	5.26116838487973	0.491408934707904	0	0	0	6.17525773195876	0	1.26460481099656	0	6.00343642611684	2.58419243986254	10.0893470790378	0	3.12714776632302	2.5807560137457	0	6.49484536082474	5.12027491408935	0	WA_MAG_00062
654786	Archaea_76	DUF655	PF04919.12	5.5e-25	597	0.0753768844221105	1.30485762144054	0.730318257956449	0.901172529313233	0	1.26298157453936	1.60134003350084	0.251256281407035	1.08542713567839	0	2.67671691792295	1.44221105527638	0	0	0	9.07537688442211	0	2.63819095477387	0	3.0536013400335	2.73701842546064	13.5594639865997	0.281407035175879	2.47571189279732	3.24120603015075	0	5.02345058626466	4.214405360134	0.236180904522613	WA_MAG_00062
733722	Archaea_76	Ribosomal_L44	PF00935.19	6.6e-29	285	0	2.41052631578947	0.115789473684211	0	0	2.21052631578947	1.56140350877193	0	1.89122807017544	0	1.24210526315789	2.34035087719298	0	0	1.05263157894737	6.22105263157895	0	4.64561403508772	0	6.47017543859649	3.18245614035088	8.15438596491228	0.898245614035088	2.37543859649123	2.49473684210526	0	4.58947368421053	0.350877192982456	0	WA_MAG_00062
740955	Archaea_76	Ribosomal_L13	PF00572.18	9.3e-13	489	0	1.6278118609407	0	1.11656441717791	0	2.28220858895706	1.78936605316973	0.251533742331288	2.47648261758691	0.476482617586912	2.73415132924335	2.21472392638037	0	0	0.648261758691207	10.5746421267894	0	3.64826175869121	0	5.55419222903886	2.87525562372188	10.560327198364	0.668711656441718	2.98568507157464	2.24539877300613	0.016359918200409	8.41922290388548	2.32719836400818	1.06748466257669	WA_MAG_00062
740956	Archaea_76	Ribosomal_S9	PF00380.19	2.6e-33	435	0	4.21149425287356	0	0	0.485057471264368	0.940229885057471	0.970114942528736	1.02298850574713	1.80229885057471	0.160919540229885	4.60229885057471	1.97701149425287	0	0	0.655172413793103	10.7977011494253	0	4.36091954022988	0	3.42528735632184	1.38620689655172	7.97241379310345	0	4.13563218390805	2.6735632183908	0.63448275862069	5.7264367816092	1.15402298850575	0.183908045977011	WA_MAG_00062
740957	Archaea_76	RNA_pol_N	PF01194.17	1.3e-29	204	0	3.24019607843137	0.53921568627451	1.75980392156863	1.66666666666667	0	1.42156862745098	2.38725490196078	0.941176470588235	0	2.45588235294118	0.715686274509804	0	0	0	9.3921568627451	0	2.37254901960784	0.112745098039216	1.58823529411765	0.735294117647059	9.3921568627451	0	1.27450980392157	2.84803921568627	0.715686274509804	7.67156862745098	1.40196078431373	0	WA_MAG_00062
764508	Archaea_76	PPS_PS	PF02006.16	2e-54	753	0	2.23373173970784	0.146082337317397	2.09030544488712	0.241699867197875	0.529880478087649	1.05710491367862	0.394422310756972	0.9800796812749	0	3.55644090305445	2.14342629482072	0	0	0	15.0756972111554	0	3.8273572377158	0	3.85790172642762	1.59893758300133	10.3917662682603	0	2.05843293492696	3.81142098273572	0	10.0252324037185	2.05710491367862	0	WA_MAG_00062
773237	Archaea_76	Archease	PF01951.16	1e-18	468	0	1.28846153846154	0	0.645299145299145	0.322649572649573	1.85470085470085	0.75	0	0.623931623931624	0	2.56623931623932	0.732905982905983	0	0	0	8.23504273504273	0	3.28205128205128	0	2.70299145299145	1.28418803418803	6.43803418803419	0	1.73504273504274	3.34188034188034	0	8.70299145299145	0.75	0	WA_MAG_00062
810150	Archaea_76	Ribosomal_S11	PF00411.19	2.8e-34	384	0	1.71354166666667	0.6484375	1.63020833333333	0.684895833333333	1.55729166666667	0.8203125	0	0	0	4.09375	0.364583333333333	0	0	0.6953125	13.5911458333333	0	2.02083333333333	0	2.796875	1.13802083333333	8.328125	0	1.28125	2.90625	0.7265625	3.6796875	1.8984375	0	WA_MAG_00062
810152	Archaea_76	Ribosomal_S13	PF00416.22	1.2e-38	462	0	2.97186147186147	0	1.78571428571429	0.298701298701299	2.48484848484848	0.0108225108225108	0	1.4025974025974	0	5.90476190476191	1.91991341991342	0	0	0.978354978354978	8.90476190476191	0.0562770562770563	5.24675324675325	1.1969696969697	2.67748917748918	2.73809523809524	8.18614718614719	0	3.97835497835498	7.41341991341991	0	10.7683982683983	1.87662337662338	0.326839826839827	WA_MAG_00062
1466962	Archaea_76	Ribosomal_L31e	PF01198.19	1.7e-15	276	0	2.68478260869565	0.753623188405797	0.760869565217391	0.141304347826087	1.20289855072464	0	0	0.619565217391304	0	2.44202898550725	0.257246376811594	0	0	0	6.81884057971014	3.26811594202899	3.44927536231884	0	3.27898550724638	0	7.84782608695652	0	4.14130434782609	1.92753623188406	0	9.15217391304348	1.1231884057971	0	WA_MAG_00062
1466963	Archaea_76	Ribosomal_S17e	PF00833.18	3.4e-16	192	0	3.71354166666667	1.328125	2.15104166666667	0.572916666666667	2.1875	1.57291666666667	0	0.880208333333333	0	3.453125	1.57291666666667	0	0	0	9.05729166666667	1.3125	1.98958333333333	0	6.109375	0	6.23958333333333	0	3.3125	1.75	0	9.70833333333333	1.30729166666667	0	WA_MAG_00062
1491901	Archaea_76	PyrI	PF01948.18	4.2e-34	477	0	1.0083857442348	0.0230607966457023	3.19496855345912	0	0.626834381551363	0.40461215932914	0	0.90356394129979	0	2.29979035639413	0.633123689727463	0	0.631027253668763	0	8.63731656184486	0	4.20964360587002	0	3.42767295597484	1.39622641509434	6.45911949685535	0	2.56394129979036	2.0293501048218	0	7.020964360587	0.893081761006289	0	WA_MAG_00062
