gene_callers_id	source	gene_name	gene_hmm_id	e_value	length	WAM_ALR	WAM_CCR	WAM_IPI	WAM_MAR	WAM_MYS	WAM_PBL	WAM_PJN	WAM_PPR	WAM_PST	WAM_ROL	WAM_SCR	WAM_SGN	WAM_SIS	WAM_TWN	WAR_ALR	WAR_CCR	WAR_IPI	WAR_MAR	WAR_MYS	WAR_PBL	WAR_PJN	WAR_PPR	WAR_PSK	WAR_PST	WAR_RNW	WAR_ROL	WAR_SCR	WAR_SGL	WAR_SIS	mag_id
474733	Archaea_76	tRNA-synt_1c	PF00749.21	6.7e-99	1677	0.426952892069171	1.65891472868217	0.686940966010733	4.28801431127013	5.50805008944544	1.75611210494931	9.80858676207513	4.12760882528324	1.88849135360763	1.19499105545617	15.7322599880739	0.450208706022659	15.4388789505069	0.705426356589147	0	0.0280262373285629	0	0.178890876565295	1.25760286225402	0.178890876565295	2.46332737030411	0.409063804412642	0.0822898032200358	0.180083482409064	0.0071556350626118	0	2.94275491949911	0	0	WA_MAG_00021
474735	Archaea_76	tRNA-synt_1c	PF00749.21	6.3e-97	1467	0	2.04226312201772	1.40490797546012	2.13701431492843	4.13019768234492	0.955010224948875	7.50783912747103	2.86707566462168	1.66598500340832	1.74028629856851	15.385139740968	0.411042944785276	15.972733469666	0.734151329243354	0.0306748466257669	0.429447852760736	0	0.205862304021813	0.907975460122699	0.205862304021813	2.75800954328562	0.209952283571915	0.205862304021813	0.451261077027948	0.0913428766189502	0	2.60531697341513	0.204498977505112	0	WA_MAG_00021
521330	Archaea_76	HMG-CoA_red	PF00368.18	1e-99	1314	0.114916286149163	0.757990867579909	0.597412480974125	2.4041095890411	3.21689497716895	0.420091324200913	4.09056316590563	0.63013698630137	0.592846270928463	0.428462709284627	10.7663622526636	0.229071537290715	5.75875190258752	0	0	0.802891933028919	0	0.114916286149163	0.952054794520548	0	1.03424657534247	0.400304414003044	0	0	0	0	1.98630136986301	0.229071537290715	0.150684931506849	WA_MAG_00021
1079908	Archaea_76	RNase_HII	PF01351.18	4.4e-41	603	0.293532338308458	0.87893864013267	0	2.8424543946932	2.97180762852405	0.500829187396352	6.20232172470978	2.09784411276949	0.500829187396352	1.55058043117745	16.240464344942	0	8.35655058043118	1.14593698175788	1.08789386401327	0.39469320066335	0	0	1.13764510779436	0	1.95190713101161	0.437810945273632	0	0.293532338308458	0	0	2.52072968490879	0	0.4212271973466	WA_MAG_00021
9112	Archaea_76	TIM	PF00121.18	1.6e-93	750	0.401333333333333	0	0.628	2.832	3.084	0.4	5.80666666666667	2.84533333333333	0	1.09333333333333	8.52933333333333	0	8.82	0.318666666666667	0	0.449333333333333	0	0.401333333333333	0.345333333333333	0	1.38533333333333	1.02266666666667	0.308	0	0.402666666666667	0	1.21733333333333	0.08	0	WA_MAG_00021
69508	Archaea_76	tRNA-synt_His	PF13393.6	5e-40	1377	0.628903413217139	1.19389978213508	0.434277414669572	2.67755991285403	5.12418300653595	0.710239651416122	4.50689905591866	3.10965867828613	1.88307915758896	1.45461147421932	10.3493100944081	0.388525780682643	9.57806826434277	0.219317356572259	0	0.219317356572259	0	0.217864923747277	0.404502541757444	0	2.29266521423384	0.40958605664488	0.0791575889615105	0.217138707334786	0	0	2.67828612926652	0	0	WA_MAG_00021
69517	Archaea_76	Ham1p_like	PF01725.16	1.8e-59	585	0	0.514529914529914	0.505982905982906	1.6	4.50940170940171	1.61880341880342	6.0017094017094	1.65982905982906	1.94358974358974	1.11965811965812	8.28547008547009	0.514529914529914	16.4666666666667	0	0	0	1.41196581196581	0	0.516239316239316	0	1.93333333333333	0	0	0.647863247863248	0	0	0.769230769230769	0	0.355555555555556	WA_MAG_00021
909468	Archaea_76	Ribosomal_S15	PF00312.22	8e-34	270	0	0.992592592592593	0.459259259259259	1.72592592592593	2.75185185185185	2.16666666666667	2.52592592592593	0	0.911111111111111	1.38148148148148	12.3666666666667	0.522222222222222	13.2	0.803703703703704	0	0	0	0	0	0	0.911111111111111	1.05925925925926	0	0	0	0	2.62592592592593	0.559259259259259	0	WA_MAG_00021
990948	Archaea_76	RNA_pol_Rpb6	PF01192.22	7.4e-08	321	0	1.70093457943925	2.52647975077882	1.75077881619938	3.61993769470405	0.485981308411215	4.76947040498442	3.38629283489097	1.83800623052959	0.482866043613707	5.86604361370717	0	15.0404984423676	0.470404984423676	0	0	0	0	1.55140186915888	0	2.23676012461059	0	0	0	0	1.03115264797508	1.74454828660436	0	0	WA_MAG_00021
1052006	Archaea_76	Ribosomal_S19	PF00203.21	2.7e-38	279	0.616487455197133	1.61648745519713	0	2.49462365591398	1.38709677419355	0.537634408602151	7.43727598566308	2.92114695340502	0	0.960573476702509	7.3405017921147	0	12.1612903225806	0	0	0.419354838709677	0	0	1.53405017921147	0.275985663082437	4.27598566308244	0	0	1.2078853046595	0	0.28673835125448	1.15770609318996	0.376344086021505	0	WA_MAG_00021
1052007	Archaea_76	Ribosomal_L22	PF00237.19	9.1e-31	405	0.74320987654321	0.291358024691358	0.740740740740741	1.95555555555556	1.96296296296296	0.340740740740741	6.74567901234568	2.61975308641975	0.125925925925926	1.38765432098765	10.158024691358	0	7.57777777777778	2.23703703703704	0	0.533333333333333	0	0.0419753086419753	0.787654320987654	0.190123456790123	2.96296296296296	0	0	0	0	0.518518518518518	2.3283950617284	0	0	WA_MAG_00021
1052009	Archaea_76	Ribosomal_L16	PF00252.18	7.8e-52	420	0.719047619047619	0.685714285714286	0.373809523809524	1.30714285714286	3.58809523809524	0.0761904761904762	6.00714285714286	0.728571428571429	0.94047619047619	2.1547619047619	7.83809523809524	0.719047619047619	7.2452380952381	0	0	0	0	0	1.7547619047619	0	2.42619047619048	0	0	1.03333333333333	0	0	2.98095238095238	0	0	WA_MAG_00021
1731157	Archaea_76	Ribosom_S12_S23	PF00164.25	6.6e-47	375	0.770666666666667	2.136	0	3.832	3.37333333333333	2.14133333333333	6.21866666666667	6.08266666666667	0.762666666666667	2.14933333333333	8.33066666666667	1.20266666666667	20.1386666666667	0	0	0.645333333333333	0	0	1.744	0	1.704	0.581333333333333	0.805333333333333	0.0586666666666667	0.802666666666667	0	2.55733333333333	0.501333333333333	0	WA_MAG_00021
1731158	Archaea_76	Ribosomal_S7	PF00177.21	1.9e-64	477	0	0.167714884696017	0	0.911949685534591	3.9811320754717	2.20125786163522	3.9706498951782	2.05660377358491	2.0041928721174	0.580712788259958	13.4025157232704	0.291404612159329	14.916142557652	0	0	0	0	0	1.58490566037736	0.178197064989518	2.07337526205451	0.631027253668763	0	1.16561844863732	0.253668763102725	0	2.34800838574423	0.494758909853249	0	WA_MAG_00021
1731161	Archaea_76	Ribosomal_L3	PF00297.22	2.2e-19	618	0.485436893203884	2.3042071197411	1.22006472491909	2.7621359223301	4.35275080906149	0.812297734627832	6.97087378640777	0.729773462783172	1.31715210355987	0.48705501618123	13.4838187702265	0.852750809061489	11.4352750809061	1.08899676375405	0	0.909385113268608	0	0.488673139158576	0.488673139158576	0	3.46601941747573	0.203883495145631	0	0.226537216828479	0	0	2.59546925566343	0	0	WA_MAG_00021
1731162	Archaea_76	Ribosomal_L4	PF00573.22	5.1e-64	633	0.0442338072669826	0.360189573459716	1.19431279620853	1.81990521327014	6.84044233807267	0.0789889415481833	3.14060031595577	0.527646129541864	0.832543443917852	0.939968404423381	11.9684044233807	0.37914691943128	12.7661927330174	0.363349131121643	0	1.71563981042654	0	0	0.406003159557662	0	2.83728278041074	0	0	0	0	0	1.20379146919431	0	0	WA_MAG_00021
1731163	Archaea_76	Ribosomal_L23	PF00276.20	7.4e-31	291	0.927835051546392	3.86254295532646	1.94501718213058	2.30584192439863	7.77319587628866	0	2.55670103092783	4.39175257731959	0.243986254295533	1.05498281786942	11.0412371134021	0	18.1202749140893	0	0	0.670103092783505	0.728522336769759	0	1.03780068728522	0	0.835051546391753	0	0	0	0	0	5.79037800687285	0	0	WA_MAG_00021
176222	Archaea_76	NDK	PF00334.19	1e-52	426	0	0.354460093896714	0.354460093896714	3.96713615023474	2.24178403755869	0	5.65258215962441	2.99765258215962	0.769953051643192	1.54694835680751	7.11737089201878	0	9.87089201877934	0	0	0	0	0	0	0	1.69483568075117	0.530516431924883	0	0.422535211267606	0	1.04460093896714	1.90845070422535	0.699530516431925	0	WA_MAG_00021
176232	Archaea_76	Adenylsucc_synt	PF00709.21	5e-167	1272	0	2.71305031446541	1.42688679245283	2.4064465408805	3.22877358490566	2.25471698113208	9.47091194968554	3.49606918238994	1.07625786163522	2.13207547169811	13.0157232704403	0.736635220125786	16.0361635220126	0.474056603773585	0	0.944182389937107	0	0	1.30110062893082	0.419811320754717	2.06682389937107	0.92688679245283	0.474842767295597	0.172955974842767	0.118710691823899	0	3.67531446540881	0	0	WA_MAG_00021
176305	Archaea_76	Ribosomal_L1	PF00687.21	2.9e-53	690	0	1.27826086956522	1.80869565217391	3.3536231884058	3.29275362318841	1.66086956521739	5.3695652173913	2.70724637681159	2.52028985507246	2.3536231884058	12.3971014492754	0.330434782608696	12.6913043478261	0	0	0.482608695652174	0	0.371014492753623	1.11159420289855	0	0.952173913043478	0.728985507246377	0	0	0	0	3.50869565217391	0	0	WA_MAG_00021
623467	Archaea_76	tRNA-synt_1d	PF00750.19	4.6e-44	1779	0.175941540191119	1.09331084879146	0.663856098931984	2.8920741989882	4.40809443507589	0.78920741989882	6.9398538504778	1.56323777403035	0.594154019111861	2.23215289488477	12.0129286115795	0.337268128161889	13.3513209668353	0.169758291174817	0.0848791455874087	0.567734682405846	0.167509836987071	0.169758291174817	2.03597526700393	0.0230466554243957	2.75941540191119	0.720067453625632	0.169758291174817	0.529510961214165	0.163575042158516	0	1.78414839797639	0	0	WA_MAG_00021
623476	Archaea_76	Ribosomal_S11	PF00411.19	7e-47	384	0.783854166666667	2.13802083333333	0.2421875	3.44010416666667	6.734375	0.786458333333333	5.50520833333333	1.15885416666667	0	2.265625	12.2942708333333	0.713541666666667	12.3854166666667	0	0	0	0	0	0.822916666666667	0	0.940104166666667	0	0	0	0.739583333333333	0	1	0.606770833333333	0	WA_MAG_00021
623477	Archaea_76	Ribosomal_S13	PF00416.22	2.1e-35	375	0	0.538666666666667	0	1.81333333333333	2.63733333333333	0.722666666666667	5.79733333333333	0.952	1.296	3.016	7.152	0.0613333333333333	9.45066666666667	0.805333333333333	0	0.544	0	0	0.802666666666667	0	0.592	0	0	0	0.00266666666666666	0	2.992	0	0	WA_MAG_00021
623479	Archaea_76	SecY	PF00344.20	1.4e-107	1353	0.144863266814486	1.38654841093865	1.0820399113082	2.79379157427938	5.86548410938655	1.09830007390983	5.65779748706578	2.35254988913525	1.05912786400591	1.55062823355506	10.1662971175166	0.811529933481153	13.2830746489283	0.221729490022173	0	0.620842572062084	0	0	1.2719881744272	0	0.883222468588322	0.665927568366593	0	0.445676274944568	0.223207686622321	0	2.05173688100517	0.049519586104952	0.040650406504065	WA_MAG_00021
623484	Archaea_76	Ribosomal_L6	PF00347.23	1.1e-34	543	0	0.692449355432781	1.60773480662983	2.49171270718232	3.28545119705341	0.335174953959484	5.95027624309392	2.65745856353591	0.633517495395948	0.832412523020258	12.1104972375691	0.968692449355433	11.780847145488	0	0.0423572744014733	1.70534069981584	0	0	0.594843462246777	0	3.19889502762431	1.24125230202578	0	0	0	0	0.445672191528545	0	0	WA_MAG_00021
623485	Archaea_76	Ribosomal_S8	PF00410.19	2e-52	402	0	1.6865671641791	0.898009950248756	2.48009950248756	1.12686567164179	0	3.78358208955224	1.18407960199005	1.05721393034826	0.751243781094527	16.2611940298507	0.549751243781095	16.5646766169154	0	0.649253731343284	0.805970149253731	0	0	0.671641791044776	0	0.955223880597015	0.0199004975124378	0	0	0	0	2.43034825870647	0.462686567164179	0	WA_MAG_00021
623489	Archaea_76	Ribosomal_L14	PF00238.19	5.5e-58	369	0	0.818428184281843	1.53387533875339	4.71815718157182	2.46070460704607	2.80487804878049	4.38211382113821	3.14363143631436	1.73983739837398	1.36856368563686	22.4823848238482	0.726287262872629	15.5094850948509	0	0	0.517615176151762	0	0	1.07317073170732	0	1.14092140921409	0	0	0	0	0	6.34417344173442	0.222222222222222	0	WA_MAG_00021
623490	Archaea_76	Ribosomal_S17	PF00366.20	6.6e-31	258	0	0.821705426356589	0.903100775193798	1.6046511627907	4.13178294573643	0.391472868217054	7.50387596899225	3.29457364341085	0.662790697674419	2.07751937984496	12.8294573643411	1.45348837209302	9.72868217054264	1.08527131782946	0	0	0.271317829457364	0	0.143410852713178	0	0.275193798449612	0	0	0	0	0	4.32945736434108	1.96899224806202	0	WA_MAG_00021
623491	Archaea_76	Ribosomal_L29	PF00831.23	2.5e-20	195	0	0.435897435897436	0.794871794871795	2.21538461538462	3.98461538461538	2.09230769230769	4.36923076923077	1.01025641025641	1.51794871794872	1.74871794871795	7.5025641025641	1.27179487179487	6.52820512820513	0	0	0	0.815384615384615	0	3.03076923076923	0	0.394871794871795	0.533333333333333	0	0.774358974358974	0	0	3.91794871794872	0.0102564102564102	0	WA_MAG_00021
623492	Archaea_76	Ribosomal_L16	PF00252.18	8e-52	420	0	1.35714285714286	0.288095238095238	0.673809523809524	0.759523809523809	2.2	0.778571428571429	1.16666666666667	0.411904761904762	0.19047619047619	2.08333333333333	0	2.10952380952381	0	0	0.392857142857143	0.135714285714286	0	1.17857142857143	0.0142857142857143	0	0.8	0	0	0	0.0166666666666667	2.03095238095238	0.147619047619048	0	WA_MAG_00021
623494	Archaea_76	Ribosomal_L22	PF00237.19	1.2e-30	405	0.491358024691358	0.609876543209876	0	0	2.2716049382716	0	0.745679012345679	0.735802469135802	0.37283950617284	0	2.32345679012346	0	0.646913580246914	0	0.669135802469136	0.0345679012345679	0.906172839506173	0	0	0	0	2.20493827160494	0	0	0	0	3.4	0.479012345679012	0	WA_MAG_00021
623495	Archaea_76	Ribosomal_S19	PF00203.21	2e-38	279	0.874551971326165	0.17921146953405	0	0.831541218637993	0.870967741935484	0	1.06810035842294	1.08960573476703	0.537634408602151	0	3.00358422939068	0	0.125448028673835	0	0.666666666666667	1.07885304659498	0.39426523297491	0	0	0	0	1.86379928315412	0.129032258064516	0	0	0	0.426523297491039	0.505376344086022	0	WA_MAG_00021
747980	Archaea_76	Ribosomal_S2	PF00318.20	8.5e-92	837	0.388291517323775	0.229390681003584	1.32138590203106	2.59020310633214	3.88410991636798	0.839904420549582	4.73596176821983	2.12544802867384	2.0573476702509	1.77060931899642	11.7622461170848	0.667861409796894	11.0752688172043	0	0	0.538829151732378	0	0	0.450418160095579	0	2.05973715651135	0.360812425328554	0	0	0	0	1.46594982078853	0	0	WA_MAG_00021
747981	Archaea_76	Ribosomal_S9	PF00380.19	4.7e-51	387	0.62015503875969	2.0077519379845	1.49354005167959	5.94573643410853	3.23255813953488	1.56072351421189	5.1343669250646	4.70801033591731	1.66925064599483	0.677002583979328	17.0594315245478	1.36950904392765	13.8940568475452	0	0	3.35658914728682	0	0	0.0103359173126615	0	0	0	0	0.467700258397933	0.573643410852713	0	1.78294573643411	0.645994832041344	0	WA_MAG_00021
747982	Archaea_76	Ribosomal_L13	PF00572.18	1e-56	456	0	1.98245614035088	0.300438596491228	3.43421052631579	5.88815789473684	2.72368421052632	8.29824561403509	1.41447368421053	1.31578947368421	0.449561403508772	10.7456140350877	1.82017543859649	10.4473684210526	0	0	0.817982456140351	0	0	1.29605263157895	0	1.84429824561404	1.84649122807018	0	0.265350877192982	0.175438596491228	0	2.32456140350877	0.133771929824561	0	WA_MAG_00021
747993	Archaea_76	AdoHcyase	PF05221.17	9.1e-141	1317	0.209567198177677	2.04100227790433	0.432801822323462	2.68944570994685	3.81321184510251	0.254365983295368	6.91343963553531	2.17463933181473	0.111617312072893	2.77676537585421	14.5558086560364	0.349278663629461	14.0174639331815	0.835231586940015	0.0835231586940015	1.49962034927866	0	0.220197418375095	1.25816249050873	0	2.72057706909643	0.769172361427487	0	0.341685649202733	0	0	2.57706909643128	0	0	WA_MAG_00021
