gene_callers_id	source	gene_name	gene_hmm_id	e_value	length	WAM_ALR	WAM_CCR	WAM_IPI	WAM_MAR	WAM_MYS	WAM_PBL	WAM_PJN	WAM_PPR	WAM_PST	WAM_ROL	WAM_SCR	WAM_SGN	WAM_SIS	WAM_TWN	WAR_ALR	WAR_CCR	WAR_IPI	WAR_MAR	WAR_MYS	WAR_PBL	WAR_PJN	WAR_PPR	WAR_PSK	WAR_PST	WAR_RNW	WAR_ROL	WAR_SCR	WAR_SGL	WAR_SIS	mag_id
1374366	Archaea_76	Adenylsucc_synt	PF00709.21	6.3e-66	597	0.251256281407035	0	1.56951423785595	0	0.991624790619766	0	2.41373534338358	0.631490787269682	1.55946398659966	0.0402010050251256	0	0.0686767169179229	0	0.867671691792295	0.780569514237856	0	1.26968174204355	0	0.649916247906198	0	1.61809045226131	0	0.601340033500838	0.505862646566164	0	0.0938023450586265	0	0.443886097152429	0	WA_MAG_00033
1374367	Archaea_76	Adenylsucc_synt	PF00709.21	6e-97	714	0	0	0.920168067226891	0	0.533613445378151	0	0.565826330532213	0.929971988795518	0.521008403361345	0.760504201680672	0	0.564425770308123	0	0.802521008403361	1.1750700280112	0	1.13445378151261	0.833333333333333	0	0.420168067226891	0.684873949579832	0	0.735294117647059	0.187675070028011	0.42156862745098	3.45658263305322	1.26890756302521	0.53921568627451	0	WA_MAG_00033
1073305	Archaea_76	TIM	PF00121.18	3.5e-98	756	0.94973544973545	0.0251322751322751	1.98015873015873	0	0	0.37037037037037	0.526455026455027	0.173280423280423	0.493386243386243	0.919312169312169	0	1.96164021164021	0.198412698412698	0.341269841269841	1.78174603174603	0	1.00132275132275	0	2.75925925925926	0.374338624338624	1.18518518518519	0	1.07804232804233	2.77116402116402	0.771164021164021	1.10185185185185	0.373015873015873	0.374338624338624	0.994708994708995	WA_MAG_00033
1073309	Archaea_76	RNA_pol_Rpb6	PF01192.22	1.9e-08	273	1.11355311355311	0	2.2967032967033	0	0.714285714285714	0	1.01098901098901	0.63003663003663	0.505494505494505	1.42857142857143	0	0.802197802197802	0.0586080586080586	0.611721611721612	0	0	0.406593406593407	1.87912087912088	0.652014652014652	1.0952380952381	0	0	0.776556776556777	2.02197802197802	0	2.52014652014652	0.0256410256410256	1.28937728937729	1.58241758241758	WA_MAG_00033
1215043	Archaea_76	tRNA-synt_1c	PF00749.21	4.2e-79	777	0.388674388674389	1.08751608751609	1.5045045045045	0.395109395109395	0.311454311454311	0.247104247104247	1.21879021879022	0.732303732303732	1.96010296010296	0.428571428571429	0	1.03732303732304	0.193050193050193	1.4993564993565	2.71428571428571	0	0.777348777348777	0.397683397683398	0.36036036036036	0.777348777348777	1.26383526383526	0	1.34362934362934	2.997425997426	0.388674388674389	0.774774774774775	0	0.707850707850708	0.965250965250965	WA_MAG_00033
1215044	Archaea_76	tRNA-synt_1c	PF00749.21	2.7e-10	825	1.1769696969697	0.626666666666667	0.366060606060606	0	0.318787878787879	0.261818181818182	1.29212121212121	0	1.81212121212121	0	0	0.541818181818182	0.183030303030303	0.899393939393939	1.28	0	1.54181818181818	0.366060606060606	0.92	0.717575757575758	1.63151515151515	0	0.363636363636364	1.45454545454545	0	0.356363636363636	0	0.366060606060606	1.7830303030303	WA_MAG_00033
951957	Archaea_76	tRNA-synt_1c	PF00749.21	4.3e-12	360	0.702777777777778	0	0	0	0	0	0	0	0.683333333333333	0	0	0	0	0.0944444444444444	0	0	0.130555555555556	0.836111111111111	0.691666666666667	0.419444444444444	0	0	0	0.516666666666667	0.419444444444444	0	0	0	0	WA_MAG_00033
953290	Archaea_76	Ribosomal_L13	PF00572.18	1.1e-54	456	0.695175438596491	0.405701754385965	0.668859649122807	0.263157894736842	1.26315789473684	0.157894736842105	1.32236842105263	0	3.14035087719298	0.677631578947368	0	0	0	0.75219298245614	1.04605263157895	0.0679824561403509	1.37280701754386	0	2.66447368421053	0.660087719298246	0.223684210526316	1.50657894736842	0.826754385964912	2.78070175438596	0.833333333333333	1.12061403508772	0.971491228070175	0.546052631578947	0	WA_MAG_00033
953291	Archaea_76	Ribosomal_S9	PF00380.19	1.2e-45	414	1.78743961352657	0	0.763285024154589	0	1.20772946859903	2.04347826086957	1.71497584541063	0.613526570048309	1.28260869565217	0.589371980676328	0	0	0.618357487922705	0.504830917874396	1.41304347826087	0	0.635265700483092	0	0.954106280193237	1.02415458937198	2.10144927536232	0	0.722222222222222	2.70048309178744	1.30193236714976	1.41545893719807	0	0	0.502415458937198	WA_MAG_00033
972731	Archaea_76	Ribosomal_S7	PF00177.21	5.5e-20	177	0	0.406779661016949	0.0847457627118644	0	1.48022598870056	0	0	0	0	0	0	0	0	0	0	0	0.593220338983051	0.0621468926553672	0	0	0.497175141242938	0	0	0.180790960451977	0.259887005649718	0.259887005649718	0	0	0.11864406779661	WA_MAG_00033
1589486	Archaea_76	Ham1p_like	PF01725.16	7e-58	615	0	1.24552845528455	1.0390243902439	0.422764227642277	1.25691056910569	0	1.46829268292683	0	0.510569105691057	0.422764227642277	0	0	0.289430894308943	1.61463414634146	0.278048780487805	0	0.660162601626016	0	1.04552845528455	1.25691056910569	1.69756097560976	0	1.12682926829268	3.20813008130081	0.978861788617886	1.05691056910569	0	1.9479674796748	0.240650406504065	WA_MAG_00033
1692274	Archaea_76	Ribosomal_S13	PF00416.22	1.8e-32	384	0.697916666666667	0	1.8359375	0	0.565104166666667	0	1.80208333333333	1.51041666666667	0.393229166666667	0.778645833333333	0	0	0	0.5546875	2.64583333333333	0.393229166666667	2.19791666666667	0.393229166666667	0	0	0.9765625	1.109375	0.78125	2.37239583333333	2.5703125	0.786458333333333	0	0	2.11197916666667	WA_MAG_00033
1692275	Archaea_76	Ribosomal_S11	PF00411.19	2.7e-49	384	0.0104166666666667	0	1.94010416666667	0	0.00260416666666666	0.71875	1.01822916666667	0.760416666666667	0.393229166666667	0	0	0.747395833333333	0	0.611979166666667	1.04166666666667	0.869791666666667	0.1640625	0.346354166666667	0	0.390625	1.03385416666667	1.01302083333333	0	1.421875	0.333333333333333	1.90364583333333	0	0	0.984375	WA_MAG_00033
203498	Archaea_76	Ribosomal_L3	PF00297.22	4.4e-15	687	0.877729257641921	0.176128093158661	2.38573508005822	0	0.557496360989811	0.219796215429403	0.190684133915575	0.404657933042213	1.19650655021834	0	0	0.438136826783115	0	1.74818049490539	1.51819505094614	0	0.00727802037845706	0.433770014556041	0.655021834061135	1.68267831149927	0.209606986899563	0	0.291120815138282	1.60698689956332	0	1.24308588064047	1.05385735080058	0	0.438136826783115	WA_MAG_00033
251562	Archaea_76	tRNA-synt_1d	PF00750.19	7.2e-97	1980	0.595959595959596	0.325757575757576	0.663636363636364	0.152525252525253	0.962626262626263	0.150505050505051	0.968181818181818	0.656060606060606	1.97525252525253	0	0	0.763636363636364	0.152525252525253	0.354545454545455	0.733333333333333	0.204545454545455	0.798484848484848	0.457070707070707	1.51868686868687	0.387373737373737	0.83989898989899	0	1.06818181818182	1.46111111111111	1.12828282828283	0.978787878787879	0.478787878787879	0.455555555555556	1.03989898989899	WA_MAG_00033
546171	Archaea_76	tRNA-synt_1c	PF00749.21	7.2e-103	1689	0.793368857312019	0.602131438721137	0.479573712255773	0.532859680284192	0.421551213735938	0.271166370633511	1.35346358792185	0.357608052101835	1.82001184132623	0.178211959739491	0	0.744819419775015	0.178804026050918	0.715216104203671	1.12788632326821	0	1.61930136175252	0.356423919478982	0.579040852575488	1.15216104203671	1.37181764357608	0.178211959739491	0.776791000592066	1.64120781527531	0.873297809354648	0.803433984606276	0.840734162226169	0.419182948490231	0.891651865008881	WA_MAG_00033
563761	Archaea_76	Ribosomal_S15	PF00312.22	4.3e-36	270	0	0	0	0	0	0.57037037037037	0.177777777777778	0	0.874074074074074	0	0	0.596296296296296	0	0	1.27407407407407	0	0.933333333333333	0	1.17407407407407	0.0185185185185185	3.35185185185185	0	1.66666666666667	1.64444444444444	1.94814814814815	1.74444444444444	0	0.855555555555556	0	WA_MAG_00033
638103	Archaea_76	Ribosomal_L1	PF00687.21	5.6e-54	678	1.17551622418879	0.156342182890855	1.14306784660767	0	0.445427728613569	0.443952802359882	0.457227138643068	0.592920353982301	0	0	0	2.06489675516224	0	1.8834808259587	1.07522123893805	0.442477876106195	0.442477876106195	0.535398230088496	0.523598820058997	0.215339233038348	1.78318584070796	0	0.441002949852507	1.0117994100295	0.389380530973451	1.21386430678466	0.355457227138643	0.834808259587021	1.30678466076696	WA_MAG_00033
652990	Archaea_76	Ribosomal_L4	PF00573.22	1.6e-57	606	1.15841584158416	0	1.58580858085809	0.884488448844885	0.498349834983498	0	1.01485148514851	0	0.498349834983498	0	0	0	0	0	0.995049504950495	0	0.298679867986799	0	0	0.496699669966997	1.28547854785479	0.993399339933993	1.3960396039604	1.23927392739274	1.49009900990099	0	0.496699669966997	0	0	WA_MAG_00033
652991	Archaea_76	Ribosomal_L23	PF00276.20	3.2e-33	324	0.401234567901235	0	0.567901234567901	0	0.358024691358025	0	0.604938271604938	0.466049382716049	0	0	0	0.466049382716049	0	0	1.57098765432099	0	0.373456790123457	2.04320987654321	0.740740740740741	0	0.425925925925926	0	0.987654320987654	0	0	1.19444444444444	0	0	0	WA_MAG_00033
652993	Archaea_76	Ribosomal_S19	PF00203.21	7.1e-35	270	0.707407407407407	0.559259259259259	0.307407407407407	0.344444444444444	0.711111111111111	0	0.0296296296296296	0	0.325925925925926	0.533333333333333	0	1.24814814814815	0	0.388888888888889	0	0	0	0.12962962962963	0	0	2	0	0	0.922222222222222	0.711111111111111	1.22222222222222	0	0.381481481481481	0.259259259259259	WA_MAG_00033
652994	Archaea_76	Ribosomal_L22	PF00237.19	6.6e-28	360	0	0.669444444444444	0	1.79444444444444	0.191666666666667	0	1.45277777777778	0	2.04166666666667	0.697222222222222	0	1.01666666666667	0	0	0.158333333333333	0	0.830555555555556	0.911111111111111	0	0	0.819444444444444	0	0	2.90555555555556	0.547222222222222	0	0.811111111111111	0.838888888888889	0	WA_MAG_00033
652996	Archaea_76	Ribosomal_L16	PF00252.18	1.2e-43	417	0	0.369304556354916	1.15107913669065	0	0.215827338129496	0	1.00239808153477	0.3621103117506	1.96642685851319	0.824940047961631	0.3621103117506	0.534772182254197	1.91606714628297	0	0.342925659472422	0	0.705035971223022	0.726618705035971	2.02877697841727	0	0	0.436450839328537	0.678657074340528	1.07913669064748	0.3621103117506	0.721822541966427	0	1.14868105515588	0.71462829736211	WA_MAG_00033
652997	Archaea_76	Ribosomal_L29	PF00831.23	9.6e-20	201	0	0.308457711442786	0	0	1.72139303482587	0	2.16417910447761	0.472636815920398	0.213930348258706	0.0945273631840796	0.751243781094527	0	0	0	0.0696517412935323	0	1.17412935323383	0	0.845771144278607	1.18407960199005	0.054726368159204	1.04477611940298	0	1.07462686567164	1	2.86069651741294	0	3.34328358208955	0	WA_MAG_00033
652998	Archaea_76	Ribosomal_S17	PF00366.20	7.5e-29	330	0.206060606060606	0	0.712121212121212	0.551515151515152	1.0030303030303	0	0.163636363636364	1.21818181818182	1.82424242424242	1.00909090909091	0	0.633333333333333	1.54242424242424	0.709090909090909	0	0	0.424242424242424	0.978787878787879	0	0.63030303030303	2.07272727272727	0	0.672727272727273	0.8	0.721212121212121	1.84545454545455	0	0	0	WA_MAG_00033
652999	Archaea_76	Ribosomal_L14	PF00238.19	5.6e-57	369	0.409214092140921	0.859078590785908	0.644986449864499	0	0.016260162601626	0	0.813008130081301	2.96205962059621	0	1.12466124661247	0	0.813008130081301	0	0.43360433604336	0.688346883468835	0	0.696476964769648	0.707317073170732	0.983739837398374	0	0	1.22764227642276	0	1.8780487804878	0	1.34959349593496	0.883468834688347	0.626016260162602	1.34959349593496	WA_MAG_00033
653002	Archaea_76	Ribosomal_S8	PF00410.19	8e-49	399	2.05764411027569	0	0.754385964912281	1.50877192982456	1.48872180451128	0	1.16541353383459	0	1.7719298245614	0	0	0.338345864661654	0	0.754385964912281	1.23809523809524	1.42606516290727	0.75187969924812	0.786967418546366	0.842105263157895	0.137844611528822	0.298245614035088	0	0.892230576441103	0.817042606516291	0.724310776942356	0	0.378446115288221	1.78696741854637	0.19047619047619	WA_MAG_00033
653003	Archaea_76	Ribosomal_L6	PF00347.23	9.7e-31	546	0.551282051282051	0.551282051282051	0	0.322344322344322	0.137362637362637	0	1.14835164835165	0	0.368131868131868	0.404761904761905	0	0.192307692307692	0	1.06043956043956	2.2014652014652	0	1.1043956043956	0.441391941391941	0.168498168498169	0	2.23992673992674	0	1.2032967032967	2.72527472527473	0	0.353479853479854	0.553113553113553	1.3974358974359	0.531135531135531	WA_MAG_00033
653007	Archaea_76	SecY	PF00344.20	3.8e-115	1395	1.11756272401434	1.0494623655914	0.658781362007168	0	0.432258064516129	0.203584229390681	0.618637992831541	0.457347670250896	0.118279569892473	1.21218637992832	0	0.863082437275986	0.216487455197133	0.431541218637993	1.06523297491039	0	0.797849462365591	0	0.645161290322581	0.216487455197133	0.977777777777778	0	0	0.482437275985663	0.736200716845878	0.407168458781362	0.864516129032258	0.182078853046595	0.50752688172043	WA_MAG_00033
820705	Archaea_76	tRNA-synt_1c	PF00749.21	1.2e-47	942	1.02335456475584	0	0.388535031847134	0.959660297239915	0.826963906581741	0.248407643312102	0.407643312101911	0.318471337579618	0.955414012738854	0.495753715498938	0.267515923566879	0.777070063694268	0.0626326963906582	0	1.30042462845011	0	0.630573248407643	0.878980891719745	0.558386411889597	0.363057324840764	0.698513800424628	0.28343949044586	0.638004246284501	0.782377919320595	0.320594479830149	0.644373673036093	0.638004246284501	0	0.450106157112527	WA_MAG_00033
