gene_callers_id	source	gene_name	gene_hmm_id	e_value	length	WAM_ALR	WAM_CCR	WAM_IPI	WAM_MAR	WAM_MYS	WAM_PBL	WAM_PJN	WAM_PPR	WAM_PST	WAM_ROL	WAM_SCR	WAM_SGN	WAM_SIS	WAM_TWN	WAR_ALR	WAR_CCR	WAR_IPI	WAR_MAR	WAR_MYS	WAR_PBL	WAR_PJN	WAR_PPR	WAR_PSK	WAR_PST	WAR_RNW	WAR_ROL	WAR_SCR	WAR_SGL	WAR_SIS	mag_id
391395	Archaea_76	Adenylsucc_synt	PF00709.21	4.1e-168	1275	0.739607843137255	0.934117647058824	0	0.855686274509804	0	0.470588235294118	0.836078431372549	1.13647058823529	1.06509803921569	0.176470588235294	1.09803921568627	0.827450980392157	0	0.44078431372549	0.908235294117647	3.83686274509804	0.500392156862745	1.33411764705882	0.545882352941176	1.04941176470588	0.733333333333333	1.58352941176471	0.543529411764706	1.24941176470588	1.17254901960784	0.965490196078431	2.3756862745098	1.11686274509804	0	WA_MAG_00042
408303	Archaea_76	TIM	PF00121.18	2.4e-97	750	0.734666666666667	3.30666666666667	0.74	2.66666666666667	0.601333333333333	1.30266666666667	0.742666666666667	0.330666666666667	1.448	1.29866666666667	1.02533333333333	1.61866666666667	0.402666666666667	0.128	0.401333333333333	2.29733333333333	1.64666666666667	2.208	1.164	1.30266666666667	0.613333333333333	2.056	0.785333333333333	2.196	1.62	0.401333333333333	3.044	0.786666666666667	0.938666666666667	WA_MAG_00042
1114139	Archaea_76	Ribosomal_L13	PF00572.18	8.8e-55	456	0.695175438596491	0	0.864035087719298	0.359649122807018	1.26535087719298	0.0394736842105263	1.32236842105263	0	1.07456140350877	0	0	0.328947368421053	0	0.592105263157895	0.927631578947368	0.660087719298246	1.98026315789474	0.331140350877193	0.432017543859649	5.07236842105263	3.75438596491228	2.93201754385965	1.62719298245614	0.760964912280702	0.81359649122807	0.653508771929825	3.90570175438596	2.16228070175439	0.56359649122807	WA_MAG_00042
1114140	Archaea_76	Ribosomal_S9	PF00380.19	1e-51	387	0.0645994832041344	0	0	0.472868217054264	0.0490956072351421	0	0.403100775193798	0	1.47286821705426	0	0	1.15503875968992	0.651162790697674	0	0.89405684754522	0.390180878552972	0.103359173126615	1.37209302325581	0.883720930232558	4.96640826873385	4.45994832041344	1.96124031007752	1.09043927648579	1.77002583979328	1.94315245478036	2.17829457364341	3.07751937984496	5.10594315245478	1.6640826873385	WA_MAG_00042
1114141	Archaea_76	Ribosomal_S2	PF00318.20	4.6e-89	972	0.960905349794239	1.29320987654321	2.1820987654321	0.308641975308642	0	0	0.780864197530864	0.818930041152263	0.465020576131687	0.890946502057613	0	1.30041152263374	1.44958847736626	0.310699588477366	1.70473251028807	0.993827160493827	1.48353909465021	3.06172839506173	0.6059670781893	0.788065843621399	2.44958847736626	1.79423868312757	2.13374485596708	2.42901234567901	0.230452674897119	2.3477366255144	2.87654320987654	2.36934156378601	0.776748971193416	WA_MAG_00042
1128860	Archaea_76	tRNA-synt_1c	PF00749.21	8.9e-93	1584	0.618686868686869	0.954545454545455	1.45770202020202	1.23863636363636	0.473484848484849	2.28977272727273	0.948863636363636	0.763888888888889	1.94823232323232	1.58712121212121	0.96969696969697	0.72979797979798	0.190656565656566	0.285984848484849	1.33017676767677	2.47979797979798	1.43813131313131	2.89835858585859	0.284090909090909	1.22727272727273	1.88762626262626	4.87310606060606	2.03661616161616	1.14330808080808	1.05555555555556	1.33712121212121	4.2790404040404	3.12752525252525	1.15467171717172	WA_MAG_00042
1128862	Archaea_76	tRNA-synt_1c	PF00749.21	2.2e-40	978	0	1.48977505112474	0.350715746421268	0.421267893660532	0	0.615541922290389	0.889570552147239	0.880368098159509	0.543967280163599	0.766871165644172	0.998977505112474	0.30879345603272	1.23108384458078	0.611451942740286	1.23312883435583	0.165644171779141	1.92638036809816	1.96216768916155	0	1.15030674846626	0.532719836400818	0.614519427402863	1.36094069529652	2.76380368098159	0.985685071574642	0.92638036809816	3.06543967280164	0.923312883435583	1.01022494887526	WA_MAG_00042
25368	Archaea_76	Ribosomal_L13	PF00572.18	2.3e-55	456	0.199561403508772	2.05482456140351	0.210526315789474	0.662280701754386	0.635964912280702	0	0.910087719298246	0	0.331140350877193	0.293859649122807	0.629385964912281	0.87719298245614	0.114035087719298	0	1.19298245614035	3.61622807017544	1.26315789473684	0.916666666666667	0.625	0.765350877192982	2.94736842105263	1.73684210526316	0.660087719298246	2.64254385964912	1.2609649122807	1.44517543859649	2.85087719298246	1.64912280701754	0.967105263157895	WA_MAG_00042
25369	Archaea_76	Ribosomal_S9	PF00380.19	4.7e-51	387	2.70801033591731	2.7235142118863	2.23772609819121	0.819121447028424	0.0284237726098191	0.780361757105943	0.387596899224806	0.671834625322997	0.387596899224806	0	0.640826873385013	0.524547803617571	2.00516795865633	0	0.147286821705426	2.34366925064599	0	2.02067183462532	0.134366925064599	1.34366925064599	1.21963824289406	1.67700258397933	0.532299741602067	2.82170542635659	1.7984496124031	1.77002583979328	2.24289405684755	2.23514211886305	0.79328165374677	WA_MAG_00042
25370	Archaea_76	Ribosomal_S2	PF00318.20	7.6e-66	522	0	1.60153256704981	0.616858237547893	0.289272030651341	0	0.574712643678161	0.578544061302682	1.14942528735632	1.03831417624521	0.578544061302682	1.1551724137931	0.197318007662835	0	0	0	2.43869731800766	0.367816091954023	3.72413793103448	0.191570881226054	1.11685823754789	0.913793103448276	1.58429118773946	0.289272030651341	0.574712643678161	0.5727969348659	0.64367816091954	5.11494252873563	0.628352490421456	0.291187739463602	WA_MAG_00042
881715	Archaea_76	Ribosomal_S11	PF00411.19	3.2e-45	384	1.54947916666667	0	0.5625	1.97916666666667	0	0.231770833333333	0.143229166666667	0.203125	1.1640625	0.783854166666667	1.56510416666667	0.809895833333333	0	0.203125	1.046875	1.73958333333333	0.950520833333333	2.46875	0.432291666666667	0.963541666666667	2.13802083333333	2.23958333333333	1.54947916666667	0.854166666666667	0	3.44010416666667	4.79166666666667	0.78125	2.24739583333333	WA_MAG_00042
881716	Archaea_76	Ribosomal_S13	PF00416.22	4.6e-35	375	0	0.538666666666667	0	0.797333333333333	0.805333333333333	1.112	2	0.568	1.824	0	0.802666666666667	2.68533333333333	0	0.962666666666667	2.76	1.88	4.76	1.57866666666667	1.52266666666667	1.14133333333333	0.784	1.89866666666667	1.43466666666667	2.77333333333333	0.661333333333333	3.62666666666667	3.46933333333333	1.56	0	WA_MAG_00042
881718	Archaea_76	SecY	PF00344.20	9.6e-109	1344	0.942708333333333	1.42633928571429	0.895089285714286	0.85639880952381	0.223958333333333	0.88764880952381	1.1889880952381	1.28571428571429	1.7953869047619	0.459077380952381	0.521577380952381	0.876488095238095	0.514136904761905	0	0.222470238095238	1.85119047619048	0.718005952380952	0.715029761904762	0.744047619047619	1.7202380952381	2.0297619047619	2.95982142857143	0.339285714285714	1.26934523809524	0.673363095238095	1.12723214285714	3.40178571428571	1.20758928571429	0.6875	WA_MAG_00042
881723	Archaea_76	Ribosomal_L6	PF00347.23	8.8e-36	543	0.594843462246777	2.80294659300184	0	0.38121546961326	0	0.521178637200737	0.25414364640884	1.34622467771639	2.18600368324125	0.110497237569061	0.762430939226519	0.00184162062615101	1.10865561694291	0	0	4.86556169429098	1.92817679558011	1.89871086556169	0.834254143646409	1.60036832412523	0	0.725598526703499	0	5.32412523020258	0.554327808471455	0.408839779005525	1.548802946593	0.480662983425414	0.523020257826888	WA_MAG_00042
881724	Archaea_76	Ribosomal_S8	PF00410.19	9.9e-52	399	0.756892230576441	1.80451127819549	0	1.10275689223058	1.51127819548872	0	1.90225563909774	1.75438596491228	0.884711779448622	0.829573934837093	1.55137844611529	1.19047619047619	1.00751879699248	0.756892230576441	0.428571428571429	1.50375939849624	0.784461152882206	2.6140350877193	0.408521303258145	0.791979949874687	0	1.66917293233083	0.704260651629073	0.726817042606516	1.01002506265664	0.766917293233083	3.15288220551378	1.41353383458647	0.531328320802005	WA_MAG_00042
881728	Archaea_76	Ribosomal_L14	PF00238.19	5.9e-58	369	0.818428184281843	1.14092140921409	0	1.10840108401084	0	0	0	0	2.07588075880759	0.815718157181572	0	0.910569105691057	0	0.132791327913279	0.653116531165312	4.33062330623306	1.31436314363144	3.08130081300813	0.533875338753388	0	1.18970189701897	2.22222222222222	1.82384823848238	1.14092140921409	2.28455284552846	1.39024390243902	4.66666666666667	1.55555555555556	1.68834688346883	WA_MAG_00042
881729	Archaea_76	Ribosomal_S17	PF00366.20	5.2e-32	258	0	0.65891472868217	0	1.55813953488372	0	0	2.93798449612403	1.16666666666667	1.42635658914729	0	1.53488372093023	1.64728682170543	0.143410852713178	0.806201550387597	4.3062015503876	4.36046511627907	1.12790697674419	2.57751937984496	0.992248062015504	1.4922480620155	3.45736434108527	0.441860465116279	1.05813953488372	4.21317829457364	2.14728682170543	1.47286821705426	5.64728682170543	2.41860465116279	2.83333333333333	WA_MAG_00042
881730	Archaea_76	Ribosomal_L29	PF00831.23	1.1e-14	201	1.38805970149254	1.10945273631841	1.81592039800995	1.67164179104478	0	0	3.48756218905473	0.746268656716418	1.09452736318408	0	1.68159203980099	0.0845771144278607	1.28855721393035	1.67164179104478	1.42786069651741	2.96019900497513	2.66666666666667	1.5273631840796	1.47761194029851	1.65174129353234	6.27860696517413	0.91044776119403	0.522388059701492	10.0547263681592	0.0845771144278607	0.0298507462686567	6.0547263681592	1.60199004975124	0	WA_MAG_00042
881731	Archaea_76	Ribosomal_L16	PF00252.18	1.3e-50	420	0.30952380952381	0	1.3452380952381	1.61428571428571	0	0	0.169047619047619	0.64047619047619	0.366666666666667	0	0.328571428571429	0.352380952380952	0	0	1.3047619047619	3.47380952380952	0.707142857142857	1.0047619047619	0	0.821428571428571	0.15	2.64285714285714	0.857142857142857	1.79047619047619	2.26428571428571	0	3.30952380952381	0	0.685714285714286	WA_MAG_00042
881733	Archaea_76	Ribosomal_L22	PF00237.19	8.1e-29	408	0.843137254901961	1.5171568627451	0	1.24264705882353	0	0.730392156862745	1.36029411764706	0.470588235294118	0.977941176470588	0.549019607843137	1.74019607843137	0	0	0	0.617647058823529	2.42401960784314	1.12254901960784	1.24509803921569	3.16421568627451	3.16176470588235	1.62990196078431	3.44117647058824	1.02696078431373	1.81372549019608	0.737745098039216	1.95833333333333	6.20343137254902	3.55882352941176	1.83578431372549	WA_MAG_00042
881734	Archaea_76	Ribosomal_S19	PF00203.21	1.3e-39	279	3.00716845878136	1.76702508960573	0.989247311827957	1.27956989247312	0.584229390681004	1.58064516129032	1.66308243727599	2.51254480286738	1.78136200716846	1.08243727598566	0.473118279569892	1.07168458781362	0	0	3.00716845878136	0.870967741935484	2.03942652329749	2.39426523297491	1.04659498207885	2.09318996415771	3.13620071684588	3.10752688172043	0.702508960573477	4.14336917562724	3	0.881720430107527	1.86379928315412	4.48745519713262	2.82795698924731	WA_MAG_00042
881736	Archaea_76	Ribosomal_L23	PF00276.20	2.9e-30	291	0	1.90721649484536	0.484536082474227	0.494845360824742	0	0.742268041237113	0.883161512027491	0	0	0.484536082474227	0.848797250859107	1.75945017182131	0	0	2.45360824742268	1.71477663230241	1.67353951890034	1.51546391752577	0.924398625429553	1.5807560137457	2.72852233676976	2.25773195876289	0.247422680412371	0.907216494845361	0	1.89003436426117	1.36082474226804	3.27835051546392	0.879725085910653	WA_MAG_00042
881737	Archaea_76	Ribosomal_L4	PF00573.22	7.1e-63	678	0	0	0.445427728613569	0.179941002949853	0	0	0.713864306784661	0	0	0.713864306784661	1.2094395280236	0	1.77581120943953	0.443952802359882	0.706489675516224	0.886430678466077	1.14601769911504	0.123893805309735	0.426253687315634	0.0973451327433628	1.50442477876106	0.668141592920354	0.441002949852507	1.4070796460177	0.666666666666667	1.78023598820059	1.18731563421829	2.5811209439528	0.573746312684366	WA_MAG_00042
881738	Archaea_76	Ribosomal_L3	PF00297.22	1.2e-19	618	0.00647249190938511	0.127831715210356	0.957928802588997	0	0	0.48705501618123	2.44174757281553	0.485436893203884	0	0.745954692556634	0.244336569579288	0.244336569579288	0.91747572815534	0.485436893203884	0.453074433656958	0.158576051779935	1.8915857605178	0.312297734627832	0.386731391585761	2.41909385113269	0.928802588996764	0.977346278317152	0.0275080906148867	1.00970873786408	1.8462783171521	1.13106796116505	1.87378640776699	3.22168284789644	1.17152103559871	WA_MAG_00042
898205	Archaea_76	tRNA-synt_1d	PF00750.19	5.4e-45	1776	0.34009009009009	1.57150900900901	0.34740990990991	0.880630630630631	0.170045045045045	0.102477477477477	3.14189189189189	0.616554054054054	0.931869369369369	0.595157657657658	0.798423423423423	0.752815315315315	0.507882882882883	0.170045045045045	0.310247747747748	2.28378378378378	0.493243243243243	0.997184684684685	0.966779279279279	2.28716216216216	1.74774774774775	2.54279279279279	1.38063063063063	0.643581081081081	2.24662162162162	0.339527027027027	2.52927927927928	1.39132882882883	1.31587837837838	WA_MAG_00042
941897	Archaea_76	Ribosomal_S15	PF00312.22	3.1e-34	270	0	1.40740740740741	1.11111111111111	1.24814814814815	0	2.4	0.703703703703704	1.92592592592593	1.53703703703704	0	0.411111111111111	1.28148148148148	0	0	1.11851851851852	3.98888888888889	1.2962962962963	1.84074074074074	1.91111111111111	3.86296296296296	1.12222222222222	3.28518518518519	0.977777777777778	0.27037037037037	1.52962962962963	1.4962962962963	1.64814814814815	1.65185185185185	2.55925925925926	WA_MAG_00042
949122	Archaea_76	Ribosomal_L1	PF00687.21	1.9e-53	690	0.636231884057971	0.659420289855073	0.347826086956522	0.43768115942029	0.436231884057971	0.147826086956522	0.878260869565217	0.501449275362319	0.556521739130435	0.0463768115942029	0.281159420289855	0.63768115942029	0.831884057971015	0.652173913043478	1.17536231884058	1.09710144927536	0.591304347826087	0.410144927536232	0.78695652173913	1.16811594202899	1.91304347826087	1.18550724637681	1.52463768115942	0.750724637681159	1.3231884057971	0.823188405797101	3.86086956521739	2.59420289855072	1.14347826086957	WA_MAG_00042
1716820	Archaea_76	AdoHcyase	PF05221.17	3.1e-140	1308	0.741590214067278	1.06422018348624	1.03211009174312	1.74311926605505	0.692660550458716	0.297400611620795	1.56957186544342	1.38073394495413	0.632262996941896	0.957186544342508	1.78211009174312	0.53822629969419	0.362385321100917	0.458715596330275	1.19418960244648	3.11085626911315	0.412079510703364	1.93119266055046	0.746941896024465	1.34250764525994	2.01299694189602	3.12691131498471	0.576452599388379	1.46636085626911	0.847094801223242	1.73929663608563	4.32874617737003	2.42201834862385	0.935015290519878	WA_MAG_00042
219047	Archaea_76	NDK	PF00334.19	7.1e-53	417	1.57553956834532	0.292565947242206	0.717026378896882	1.69304556354916	0.613908872901679	0	0.772182254196643	1.33573141486811	1.1726618705036	0.0359712230215827	0	0.520383693045564	0.599520383693046	0.719424460431655	0	2.41247002398082	0	1.01199040767386	0.412470023980815	0.86810551558753	0.410071942446043	1.56594724220624	0	2.28297362110312	3.02398081534772	0.414868105515588	2.33333333333333	1.47721822541966	1.24940047961631	WA_MAG_00042
569600	Archaea_76	RNase_HII	PF01351.18	2e-40	594	1.11616161616162	0.269360269360269	0	1.5993265993266	0	1.51851851851852	0.466329966329966	0.55050505050505	0.836700336700337	0.388888888888889	2.4006734006734	0	0	0	0.983164983164983	3.41414141414141	0.910774410774411	1.01010101010101	1.59427609427609	2.42929292929293	1.23569023569024	2.73232323232323	1.71212121212121	2.23063973063973	1.51851851851852	1.80808080808081	2.56734006734007	1.90909090909091	2.72222222222222	WA_MAG_00042
601563	Archaea_76	tRNA-synt_His	PF13393.6	1.3e-39	1371	0	1.02407002188184	0.839533187454413	0.906637490882568	0.220277169948942	0.284463894967177	0.921225382932166	1.92997811816193	1.18234865061999	0.469000729394602	0.935813274981765	1.83442742523705	0.439095550692925	0.438366156090445	1.24215900802334	1.93143690736689	0.955506929248724	3.35229759299781	0.804522246535376	1.61560904449307	1.31582786287381	2.10867979576951	0.905908096280088	0.942377826404085	2.24653537563822	0.659372720641867	2.57476294675419	2.14077315827863	0.637490882567469	WA_MAG_00042
664148	Archaea_76	Ham1p_like	PF01725.16	5.9e-46	420	0	0	0	0	0	0	0	0	0	0	0	0	0	0	0	0	1.16190476190476	0	0.55952380952381	0	1.39047619047619	0	0	0.719047619047619	0.719047619047619	0	0	0	0	WA_MAG_00042
1552610	Archaea_76	RNA_pol_Rpb6	PF01192.22	6.9e-09	327	0.504587155963303	0.954128440366972	0.984709480122324	2.32721712538226	1.58103975535168	2.3302752293578	0.902140672782875	0.675840978593272	0.103975535168196	0	1.69418960244648	0.495412844036697	0	0.724770642201835	0.483180428134557	1.68501529051988	0.886850152905199	0.391437308868502	0	0.412844036697248	2.28746177370031	3.4954128440367	1.85015290519878	5.40061162079511	0.46177370030581	0.730886850152905	3.02752293577982	1.88379204892966	3.63914373088685	WA_MAG_00042
