gene_callers_id	source	gene_name	gene_hmm_id	e_value	length	WAM_ALR	WAM_CCR	WAM_IPI	WAM_MAR	WAM_MYS	WAM_PBL	WAM_PJN	WAM_PPR	WAM_PST	WAM_ROL	WAM_SCR	WAM_SGN	WAM_SIS	WAM_TWN	WAR_ALR	WAR_CCR	WAR_IPI	WAR_MAR	WAR_MYS	WAR_PBL	WAR_PJN	WAR_PPR	WAR_PSK	WAR_PST	WAR_RNW	WAR_ROL	WAR_SCR	WAR_SGL	WAR_SIS	mag_id
386648	Archaea_76	Ham1p_like	PF01725.16	6.1e-60	603	0	0	0	0	0	0	0	0.756218905472637	0	0	27.2139303482587	0	0	0	0	0	0	0	0	0	0	0	0	0	0	0	0	0	0	WA_MAG_00034
425664	Archaea_76	Rib_5-P_isom_A	PF06026.14	1.2e-60	675	0	0	0	1.38962962962963	0	0	0	0.977777777777778	0	0.364444444444444	29.1733333333333	0	0	0	0	0	0	0	0	0	0	0	0	0	0	0	0	0	0	WA_MAG_00034
511992	Archaea_76	TIM	PF00121.18	1.6e-95	762	0	0	0	0	0	0	0	0.625984251968504	0	0	25.3254593175853	0	0	0	0	0	0	0	0	0	0	0	0	0.0144356955380577	0	0	0	0	0	WA_MAG_00034
1253972	Archaea_76	tRNA-synt_1c	PF00749.21	1.8e-48	867	0	0	0	0.0173010380622837	0	0.0288350634371396	0	0.174163783160323	0.341407151095732	0	25.7912341407151	0.695501730103806	0	0	0	0	0	0	0	0	0	0	0	0.688581314878893	0	0	0	0	0	WA_MAG_00034
1253986	Archaea_76	Ribosomal_S15	PF00312.22	1.1e-38	270	0	0	0	0.555555555555556	0	0	0	0	0	0	37.2962962962963	0.555555555555556	0	1.11481481481481	0	0	0	0	0	0	0	0	0	0.988888888888889	0	0	0	0	0	WA_MAG_00034
1264553	Archaea_76	RNase_HII	PF01351.18	2.5e-43	603	0	0	0	0	0	0	0	0.517412935323383	0.0348258706467662	0	25.6351575456053	0	0	0	0	0	0	0	0	0	0	0	0	0	0	0	0	0	0	WA_MAG_00034
1281753	Archaea_76	tRNA-synt_1d	PF00750.19	1.2e-27	1758	0	0.341865756541524	0	1.02730375426621	0	0	0	0.533560864618885	0	0	30.5887372013652	0	0	0.199658703071672	0	0	0	0	0	0	0	0	0	0.15358361774744	0	0	0	0	0	WA_MAG_00034
1311447	Archaea_76	Ribosomal_S11	PF00411.19	4.5e-53	390	0	0	0	0	0	0.0794871794871795	0	0.574358974358974	0	0	38.7128205128205	0	0	2.72051282051282	0	0	0	0	0	0	0	0	0	0	0	0	0	0	0	WA_MAG_00034
1311448	Archaea_76	Ribosomal_S13	PF00416.22	4.8e-35	357	0	1.10924369747899	0	0	0	1.54341736694678	0	2.05042016806723	0	0	32.5294117647059	0	0	0.19047619047619	0	0	0	0	0	0	0	0	0	0	0	0	0	0	0	WA_MAG_00034
1311449	Archaea_76	SecY	PF00344.20	9.5e-118	1326	0	0	0	0.208144796380091	0.227752639517345	0	0	0.394419306184012	0.226244343891403	0	34.7677224736048	0	0	1.02941176470588	0	0	0	0	0	0	0	0	0	0.0761689291101056	0	0	0	0	0	WA_MAG_00034
1311454	Archaea_76	Ribosomal_L6	PF00347.23	7.1e-42	534	0	0	0	0	0	0	0	1.1123595505618	0.00187265917602996	0	40.1741573033708	0	0	0.904494382022472	0	0	0	0	0	0	0	0	0	0	0	0	0	0	0	WA_MAG_00034
1311455	Archaea_76	Ribosomal_S8	PF00410.19	4.2e-49	393	0	0	0	0	0	0.768447837150127	0	1.69465648854962	0.735368956743003	1.31297709923664	37.6055979643766	0	0	1.08651399491094	0	0	0	0	0	0.618320610687023	0	0	0	0	0	0	0	0	0	WA_MAG_00034
1311459	Archaea_76	Ribosomal_L14	PF00238.19	1e-57	369	0	0	0	0.401084010840108	1.22493224932249	1.14363143631436	0	1.37669376693767	0	0	44.0487804878049	0	0	1.76151761517615	0	0	0	0	0	0	0	0	0	0	0	0	0	0	0	WA_MAG_00034
1311460	Archaea_76	Ribosomal_S17	PF00366.20	4.6e-36	264	0	0	0	0.412878787878788	0	1.17045454545455	0	3.13636363636364	0	0	52.1590909090909	0.886363636363636	0	0.617424242424242	0	0	0	0	0	0	0	0	0	1.12121212121212	0	0	0	0	0	WA_MAG_00034
1311461	Archaea_76	Ribosomal_L29	PF00831.23	1.3e-25	195	0	0	0	0	0	0	0	2.67692307692308	0	0	38.5435897435897	0	0	1.99487179487179	0	0	0	0	0	0	0	0	0	1.54358974358974	0	0	0	0	0	WA_MAG_00034
1311462	Archaea_76	Ribosomal_L16	PF00252.18	9.3e-49	414	0	0	0	0	0.142512077294686	0	0	1.85990338164251	0	0	47.1183574879227	0	0.714975845410628	1.97101449275362	0	0	0	0	0	0	0.727053140096618	0	0	0	0	0	0	0	0	WA_MAG_00034
1311464	Archaea_76	Ribosomal_L22	PF00237.19	5.9e-36	330	0	0	0	1.04848484848485	0	0.457575757575758	0	1.93030303030303	0	0	42.9787878787879	0	0	1.77272727272727	0	0	0	0	0	0	0	0	0	1.51818181818182	0	0	0	0	0	WA_MAG_00034
1311465	Archaea_76	Ribosomal_S19	PF00203.21	4.3e-39	276	0	0	0	0.286231884057971	0	0.246376811594203	0	0.960144927536232	0	0	41.8079710144928	0	0	1.97101449275362	0	0	0	0	0	0	0	0	0	0.0543478260869565	0	0	0	0	0	WA_MAG_00034
1311467	Archaea_76	Ribosomal_L23	PF00276.20	2.5e-33	300	0	0	0	0.543333333333333	0	0.503333333333333	0	1.32333333333333	0.723333333333333	0	42.3266666666667	0	0	3.27	0	0	0	0	0	0	0	0	0	0.753333333333333	0	0	0	0	0	WA_MAG_00034
1311468	Archaea_76	Ribosomal_L4	PF00573.22	1.5e-66	606	0	0	0	1.38943894389439	0.407590759075908	0.247524752475248	0	1.48019801980198	0.141914191419142	0.221122112211221	35.6881188118812	0	0	1.94389438943894	0	0	0	0	0	0.249174917491749	0	0	0	0.844884488448845	0	0	0	0	0	WA_MAG_00034
1311469	Archaea_76	Ribosomal_L3	PF00297.22	1.5e-15	639	0	0	0	1.48043818466354	0.449139280125196	0.236306729264476	0	2.08607198748044	0.284820031298905	0	25.1862284820031	0	0	1.09546165884194	0	0	0.381846635367762	0	0	0.70735524256651	0	0	0	0.244131455399061	0	0	0	0	0	WA_MAG_00034
1170401	Archaea_76	Adenylsucc_synt	PF00709.21	2.9e-10	144	0	0	0	0.354166666666667	0	0	0	0	0	0	16.7569444444444	0	0	0	0	0	0	0	0	0	0	0	0	0	0	0	0	0	0	WA_MAG_00034
122297	Archaea_76	Adenylsucc_synt	PF00709.21	9.4e-117	828	0	0.364734299516908	0	0	0.177536231884058	0.701690821256039	0	0.451690821256039	0	0	32.969806763285	0	0	0.716183574879227	0	0	0	0	0	0	0	0	0	0.347826086956522	0	0	0	0	0	WA_MAG_00034
122298	Archaea_76	tRNA-synt_His	PF13393.6	4.3e-118	1176	0	0	0	1.14710884353742	0	0	0	0.792517006802721	0	0	35.2440476190476	0	0	0	0	0	0	0	0	0	0	0.0850340136054422	0	0.200680272108844	0.254251700680272	0	0	0	0	WA_MAG_00034
1026030	Archaea_76	Ribosomal_S2	PF00318.20	1.1e-97	738	0.20189701897019	0	0	1.59485094850949	1.02032520325203	0.292682926829268	0	0.875338753387534	0	0	37.7127371273713	0	0	1.29674796747967	0	0	0	0	0	0	0	0	0	0	0.40650406504065	0	0	0	0	WA_MAG_00034
1032964	Archaea_76	RNA_pol_Rpb6	PF01192.22	2e-20	213	0	0	0	0.253521126760563	0	0	0	0	0	0	19.8075117370892	0.164319248826291	0	0.708920187793427	0	0	0	0	0	0	0	0	0	0	0	0	0	0	0	WA_MAG_00034
1037943	Archaea_76	HMG-CoA_red	PF00368.18	1.6e-82	1038	0	0.140655105973025	0	0.288053949903661	0	0	0.240847784200385	0.290944123314065	0.766859344894027	0.249518304431599	27.155105973025	0	0	0	0	0	0	0	0	0	0	0	0	0	0	0	0	0	0	WA_MAG_00034
1743224	Archaea_76	Ribosomal_S9	PF00380.19	7.4e-50	393	0.501272264631043	0.694656488549618	0	1.53689567430025	0	1.8117048346056	0	1.09160305343511	0.536895674300254	0	39.941475826972	0	0	4.29770992366412	0	0	0	0	0	0.768447837150127	0	0	0	0.0585241730279898	0	0	0	0	0	WA_MAG_00034
1743225	Archaea_76	Ribosomal_L13	PF00572.18	1.3e-59	432	0.180555555555556	0	0	0.840277777777778	0	0.349537037037037	0	1.81944444444444	0.175925925925926	0	45.2152777777778	0	0	2.03935185185185	0	0	0	0	0	0	0	0	0	0.613425925925926	0	0	0	0	0	WA_MAG_00034
177202	Archaea_76	TruD	PF01142.18	1.6e-67	1029	0	0	0	0	0	0	0	0.402332361516035	0	0	22.5986394557823	0	0	0	0	0	0	0	0	0	0	0	0	0	0	0	0	0	0	WA_MAG_00034
210642	Archaea_76	tRNA-synt_1c	PF00749.21	1.9e-108	1479	0	0	0	0.609871534820825	0	0	0	0.594320486815416	0	0	26.342123056119	0	0	0.203515889114266	0	0	0	0	0	0	0	0	0	0.1710615280595	0	0	0	0	0	WA_MAG_00034
1449114	Archaea_76	tRNA-synt_1c	PF00749.21	3.1e-116	1677	0	0	0	0.358974358974359	0	0	0	0.3231961836613	0.272510435301133	0	23.5861657722123	0	0	0	0	0	0	0	0	0.180083482409064	0	0	0	0.35778175313059	0	0	0	0	0	WA_MAG_00034
1550340	Archaea_76	NDK	PF00334.19	1.9e-58	408	0	0	0	0	0	0.367647058823529	0	1.43137254901961	0	0	33.1544117647059	0	0	0.370098039215686	0	0	0	0	0	0	0	0	0	0.737745098039216	0	0	0	0	0	WA_MAG_00034
1550344	Archaea_76	tRNA-synt_His	PF13393.6	1.1e-50	1290	0	0	0	0.351162790697674	0	0.232558139534884	0	0.644186046511628	0	0	32.2217054263566	0	0	0	0	0	0	0	0	0.468217054263566	0	0	0	0.0596899224806201	0	0	0	0	0	WA_MAG_00034
