379903
379920
445079
445102
457121
474859
482209
482214
483901
483917
483924
485077
485078
1289205
1289209
20377
114798
114799
114807
884102
884103
884104
884106
884107
884111
884112
884113
884117
884118
884119
884121
884125
887716
938370
938372
938373
943475
1004694
1004695
1004696
1594652
1639194
1681300
186456
301158
311186
531226
531228
540143
540146
576047
760680
760682
765590
765592
765599
765602
765603
765604
765606
785458
785466
1407996
1436755
1492684
1496529
1496530
1496535
1539508
1539509
1539510
1564499
1564500
1564520
