key	WAM_ALR	WAM_CCR	WAM_IPI	WAM_MAR	WAM_MYS	WAM_PBL	WAM_PJN	WAM_PPR	WAM_PST	WAM_ROL	WAM_SCR	WAM_SGN	WAM_SIS	WAM_TWN	WAR_ALR	WAR_CCR	WAR_IPI	WAR_MAR	WAR_MYS	WAR_PBL	WAR_PJN	WAR_PPR	WAR_PSK	WAR_PST	WAR_RNW	WAR_ROL	WAR_SCR	WAR_SGL	WAR_SIS
1670446	0.7790697674418605	0.27906976744186046	0.0	0.751937984496124	0.0	0.0	0.5077519379844961	0.4728682170542636	1.0	0.0	0.0	0.0	0.0	0.29844961240310075	1.0	0.0	0.7713178294573644	1.0	0.7906976744186046	1.0	0.375968992248062	0.6782945736434108	1.0	0.9341085271317829	0.19767441860465115	0.49224806201550386	0.0	1.0	0.5852713178294574
1467114	0.8167641325536062	0.0	0.26705653021442494	0.5243664717348928	0.35282651072124754	0.0	0.5633528265107213	0.37037037037037035	0.42884990253411304	0.0	0.0	0.0	0.0	0.5906432748538012	0.12475633528265107	0.0	0.6549707602339181	0.06432748538011696	0.5282651072124757	0.0	0.4171539961013645	0.33528265107212474	0.36062378167641324	0.4619883040935672	0.6354775828460039	0.0	0.0	0.42105263157894735	0.290448343079922
675212	0.0	0.0	1.0	0.0	0.0	0.0	0.0	0.0	0.6952380952380952	0.0	0.0	0.1	0.0	0.8523809523809524	0.9761904761904762	0.0	0.0761904761904762	0.8142857142857143	1.0	0.7333333333333333	1.0	0.0	1.0	1.0	0.6333333333333333	0.18095238095238095	0.0	0.0	0.9523809523809523
675213	0.0	0.0	0.34972677595628415	0.0	0.0	0.0	0.33060109289617484	0.0	1.0	0.0	0.6557377049180327	0.366120218579235	0.0	0.0	0.6693989071038251	0.412568306010929	0.8224043715846995	0.6502732240437158	0.773224043715847	0.0	0.8524590163934426	0.0	0.1557377049180328	0.7650273224043715	0.7622950819672131	0.7349726775956285	0.0	0.7021857923497268	1.0
1092970	0.18518518518518517	0.48148148148148145	0.5666666666666667	0.9259259259259259	0.0	0.18888888888888888	0.12222222222222222	0.6703703703703704	1.0	0.6222222222222222	0.0	0.5555555555555556	0.0	0.0	0.003703703703703704	0.6555555555555556	0.0	0.7111111111111111	0.9814814814814815	0.5518518518518518	1.0	0.0	0.8555555555555555	1.0	0.0	0.3333333333333333	0.2074074074074074	0.0	0.5555555555555556
1092972	0.8458333333333333	0.4625	0.19722222222222222	0.0	0.0	0.3375	0.2388888888888889	0.0	0.9166666666666666	0.0	0.0	0.0	0.24861111111111112	0.0	0.8861111111111111	0.12777777777777777	0.0	0.3277777777777778	0.8097222222222222	0.6138888888888889	0.1638888888888889	0.15555555555555556	0.20972222222222223	0.8763888888888889	0.3277777777777778	0.8069444444444445	0.9277777777777778	0.7083333333333334	0.9083333333333333
1092973	0.43010752688172044	0.01881720430107527	0.0	0.22580645161290322	0.0	0.0	0.0	0.0	0.3467741935483871	0.3225806451612903	0.8010752688172043	0.0	0.0	0.0	0.9865591397849462	0.49731182795698925	0.6935483870967742	0.3279569892473118	0.0	1.0	0.771505376344086	0.6397849462365591	0.5188172043010753	0.9435483870967742	0.271505376344086	0.20698924731182797	1.0	0.7150537634408602	0.4946236559139785
109537	0.0	0.0	0.0	0.7389558232931727	0.0	0.0	0.20080321285140562	0.0	0.30120481927710846	0.07630522088353414	0.0	0.7269076305220884	0.0	0.0	0.0	0.642570281124498	0.4979919678714859	0.0642570281124498	0.0	0.0	0.7028112449799196	0.30120481927710846	0.0	1.0	0.30120481927710846	0.5381526104417671	0.41767068273092367	0.2570281124497992	0.0
109538	0.0	0.47435897435897434	0.4198717948717949	0.8044871794871795	0.7532051282051282	0.6474358974358975	1.0	0.0	0.8237179487179487	0.8205128205128205	0.0	0.5608974358974359	0.0	0.7243589743589743	0.0	0.0	0.24358974358974358	0.9743589743589743	0.375	0.0	0.6730769230769231	0.0	0.49038461538461536	1.0	0.0	0.0	0.18269230769230768	0.0	0.20192307692307693
844780	0.0	0.8127340823970037	0.0	0.0	0.7228464419475655	0.27340823970037453	1.0	0.3295880149812734	0.34831460674157305	0.0	0.0	0.49812734082397003	0.0	0.0	1.0	0.0	0.3707865168539326	0.4307116104868914	0.0	0.7415730337078652	0.0	0.8726591760299626	0.19850187265917604	1.0	0.8052434456928839	1.0	0.0	0.6779026217228464	0.34831460674157305
1550634	0.0	0.0	1.0	0.0	0.0	0.0	0.0	0.0	0.0	0.0	0.0	0.0	0.0	0.0	0.0	0.0	0.0	0.0	0.0	0.4	0.0	0.0	0.0	0.0	1.0	0.0	0.0	0.0	0.0
523564	0.696969696969697	0.5681818181818182	0.0	0.0	0.7878787878787878	0.8636363636363636	0.0	1.0	0.0	0.42424242424242425	0.0	0.5681818181818182	0.0	0.0	0.571969696969697	0.0	1.0	1.0	0.0	1.0	1.0	0.0	0.2878787878787879	1.0	0.7537878787878788	0.07954545454545454	0.5340909090909091	0.678030303030303	0.9621212121212122
603348	0.5312679288582903	0.1686746987951807	0.5243832472748136	0.25014343086632246	0.23293172690763053	0.13711990820424555	0.17269076305220885	0.0	0.6528973034997131	0.46184738955823296	0.0	0.6196213425129088	0.1721170395869191	0.2059667240390132	0.8209982788296041	0.006310958118187034	0.3557085484796328	0.3918531267928858	0.3557085484796328	0.13023522662076878	0.9420539300057372	0.17154331612162937	0.21055651176133103	0.3098106712564544	0.34366035570854847	0.5697074010327022	0.19334480780263913	0.4664371772805508	0.3838209982788296
528956	0.4542203147353362	0.42131616595135907	0.3855507868383405	0.6094420600858369	0.44635193133047213	0.4563662374821173	0.6137339055793991	0.7174535050071531	0.13733905579399142	0.0	0.0	0.14878397711015737	0.3605150214592275	0.33476394849785407	0.8533619456366237	0.2875536480686695	0.21602288984263232	0.0	0.5007153075822603	0.27968526466380544	0.9871244635193133	0.30257510729613735	0.3698140200286123	0.7882689556509299	0.709585121602289	0.5686695278969958	0.8497854077253219	0.2804005722460658	0.5622317596566524
528959	0.0	0.0	0.3085399449035813	0.15702479338842976	0.0	0.0	0.7768595041322314	0.6721763085399449	0.0	0.0	0.12947658402203857	0.4628099173553719	0.0	0.953168044077135	0.0	0.8760330578512396	0.8319559228650137	0.9752066115702479	0.696969696969697	0.12947658402203857	0.8044077134986226	1.0	0.0	0.9476584022038568	0.6776859504132231	0.4765840220385675	0.8622589531680441	1.0	0.0
528960	0.23684210526315788	0.0	0.49473684210526314	0.22982456140350876	0.0	0.6228070175438597	0.8929824561403509	0.6157894736842106	0.0	0.0	0.7964912280701755	0.9508771929824561	0.0	0.0	0.0	0.01929824561403509	0.47192982456140353	0.6175438596491228	0.0	0.6578947368421053	0.37894736842105264	0.6210526315789474	0.0	0.8614035087719298	0.6789473684210526	0.0	0.3087719298245614	0.20526315789473684	0.0
528962	0.6725838264299803	0.2978303747534517	0.2968441814595661	0.0	0.0	0.5710059171597633	0.7889546351084813	0.5059171597633136	0.4358974358974359	0.2958579881656805	0.0	0.5	0.14595660749506903	0.11735700197238659	0.6351084812623274	0.20907297830374755	0.0	0.27416173570019725	0.514792899408284	0.39546351084812625	0.9418145956607495	0.0	0.3086785009861933	0.5325443786982249	0.6084812623274162	0.8530571992110454	0.23668639053254437	0.17751479289940827	0.23274161735700197
528963	0.6421568627450981	0.49019607843137253	0.0	0.49019607843137253	0.0	0.0	0.7892156862745098	0.5032679738562091	0.41830065359477125	0.4150326797385621	0.0	0.49019607843137253	0.0	0.4918300653594771	0.6127450980392157	0.5816993464052288	0.0	0.4199346405228758	0.0	0.5016339869281046	0.7696078431372549	0.0	0.3349673202614379	0.9313725490196079	0.45588235294117646	0.6830065359477124	0.0	0.7238562091503268	0.2826797385620915
528955	0.59958071278826	0.0	0.0	0.33542976939203356	0.5471698113207547	0.3333333333333333	0.7169811320754716	0.0	0.0	0.5220125786163522	0.0	0.6415094339622641	0.3165618448637317	0.16142557651991615	0.6645702306079665	0.0	0.6058700209643606	0.7777777777777778	0.5241090146750524	0.9308176100628931	0.9769392033542977	0.0	0.31236897274633124	0.8092243186582809	0.4381551362683438	0.6142557651991615	0.5010482180293501	0.6729559748427673	0.0
306861	0.4787379972565158	0.33127572016460904	0.24348422496570646	0.5507544581618655	0.25171467764060357	0.2222222222222222	0.41358024691358025	0.34087791495198905	0.6776406035665294	0.12688614540466392	0.0	0.205761316872428	0.23251028806584362	0.40877914951989025	0.5850480109739369	0.22085048010973937	0.2085048010973937	0.2215363511659808	0.3628257887517147	0.5809327846364883	0.51440329218107	0.51440329218107	0.2393689986282579	0.8978052126200274	0.7297668038408779	0.4224965706447188	0.3834019204389575	0.6213991769547325	0.21810699588477367
386050	0.04329004329004329	0.17532467532467533	0.12121212121212122	0.46320346320346323	0.0	0.16017316017316016	0.43722943722943725	0.4523809523809524	0.6731601731601732	0.461038961038961	0.0	0.40476190476190477	0.0670995670995671	0.3593073593073593	0.14935064935064934	0.06926406926406926	0.3203463203463203	0.39826839826839827	0.8636363636363636	0.6082251082251082	0.7943722943722944	0.7489177489177489	0.9458874458874459	0.6255411255411255	0.19480519480519481	0.8679653679653679	0.13203463203463203	0.30735930735930733	0.7294372294372294
1544128	0.0	0.5759493670886076	0.6033755274261603	0.46624472573839665	0.43037974683544306	0.4092827004219409	0.0	0.6012658227848101	0.890295358649789	0.0	0.7447257383966245	0.7890295358649789	0.0	0.6350210970464135	0.9620253164556962	0.1940928270042194	0.6350210970464135	0.5210970464135021	0.0	0.19198312236286919	0.919831223628692	0.43037974683544306	0.7257383966244726	0.8080168776371308	0.459915611814346	0.8185654008438819	0.4388185654008439	0.07383966244725738	0.9578059071729957
1544129	0.3333333333333333	0.4776902887139108	0.0	0.0	0.0	0.0	0.7874015748031497	0.0	0.926509186351706	0.0	0.13123359580052493	0.0	0.0	0.0	0.18110236220472442	0.0	0.0	0.7191601049868767	0.6745406824146981	0.7637795275590551	0.5695538057742782	0.0	0.10498687664041995	0.5380577427821522	0.0	0.926509186351706	0.5118110236220472	0.9002624671916011	0.8267716535433071
1724165	0.7236842105263158	0.0	0.9912280701754386	0.0	0.0	0.11842105263157894	0.09649122807017543	0.0	0.9780701754385965	0.0	0.0	1.0	0.0	0.8333333333333334	0.6403508771929824	0.0	0.7543859649122807	1.0	0.5526315789473685	0.7412280701754386	0.6008771929824561	0.706140350877193	0.8464912280701754	0.9649122807017544	0.7017543859649122	0.0	0.0	0.14912280701754385	0.0
1724169	0.6687370600414079	0.0	0.5072463768115942	0.6915113871635611	0.484472049689441	0.2505175983436853	0.7039337474120083	0.0	0.0	0.5238095238095238	0.0	0.08695652173913043	0.2194616977225673	0.0	0.40165631469979296	0.0	0.0	0.6231884057971014	0.46790890269151136	0.6645962732919255	0.41200828157349895	0.3105590062111801	0.34575569358178054	0.9585921325051759	0.45962732919254656	0.5134575569358178	0.0	0.6045548654244306	0.22567287784679088
1724171	0.3565217391304348	0.4260869565217391	0.0	0.2028985507246377	0.0	0.0	0.43768115942028984	0.0	0.43768115942028984	0.0	0.0	0.3101449275362319	0.0	0.1536231884057971	0.6927536231884058	0.6869565217391305	0.0	0.4956521739130435	0.4260869565217391	0.3507246376811594	0.6492753623188405	0.5304347826086957	0.011594202898550725	0.9246376811594202	1.0	0.20579710144927535	0.0	0.0	0.1826086956521739
1724172	0.375	0.31166666666666665	0.0	0.0	0.0	0.2	0.25166666666666665	0.0	0.0	0.0	0.0	0.25666666666666665	0.0	0.115	0.38	0.0	0.385	0.3	0.615	0.3516666666666667	0.8216666666666667	0.445	0.5833333333333334	0.725	0.49833333333333335	0.45166666666666666	0.32666666666666666	0.6816666666666666	0.0
1395931	0.0	0.4671717171717172	0.17676767676767677	0.0	0.2398989898989899	0.7449494949494949	0.3813131313131313	0.5050505050505051	0.20707070707070707	0.0	0.0	0.0	0.0	0.6868686868686869	0.8863636363636364	0.0	0.0	0.0	0.3787878787878788	0.9292929292929293	0.9015151515151515	0.16161616161616163	0.0	0.42676767676767674	0.0	0.0	0.0	0.8914141414141414	0.8737373737373737
1395932	0.0	0.0	0.0	0.0	0.0	0.7494252873563219	0.9356321839080459	0.1103448275862069	0.08735632183908046	0.6298850574712643	0.0	0.8528735632183908	0.0	0.0	0.6781609195402298	0.0	0.5540229885057472	0.0	0.5563218390804597	0.8666666666666667	0.8390804597701149	0.6068965517241379	0.3839080459770115	0.0	0.0	0.167816091954023	0.04827586206896552	1.0	0.07586206896551724
906465	0.6580188679245284	0.7617924528301887	0.1918238993710692	0.23742138364779874	0.0	0.0	0.21540880503144655	0.4261006289308176	0.3341194968553459	0.14858490566037735	0.026729559748427674	0.42138364779874216	0.24921383647798742	0.20754716981132076	0.25707547169811323	0.0	0.675314465408805	0.4740566037735849	0.3050314465408805	0.6124213836477987	0.6336477987421384	0.11477987421383648	0.5212264150943396	0.7272012578616353	0.5204402515723271	0.9174528301886793	0.09984276729559749	0.37971698113207547	0.4944968553459119
368756	0.6354166666666666	0.0	0.578125	0.10677083333333333	0.0	0.0	0.08333333333333333	0.3932291666666667	0.057291666666666664	0.0	0.0	0.15625	0.0	0.8984375	0.6067708333333334	0.4713541666666667	0.6848958333333334	0.9557291666666666	0.9895833333333334	0.5026041666666666	0.9661458333333334	0.15885416666666666	0.3671875	0.6015625	0.3880208333333333	0.53125	0.5182291666666666	0.6354166666666666	0.4583333333333333
1001242	0.37092731829573933	0.0	0.47117794486215536	0.37593984962406013	0.002506265664160401	0.0	0.7017543859649122	0.0	0.6466165413533834	0.0	0.0	0.7343358395989975	0.531328320802005	0.37844611528822053	0.7543859649122807	0.0	0.0	0.9223057644110275	0.20802005012531327	0.0	0.7894736842105263	0.0	0.6892230576441103	0.6516290726817042	0.8646616541353384	0.37343358395989973	0.8446115288220551	0.5664160401002506	0.7568922305764411
1001245	0.9689922480620154	0.42248062015503873	0.5503875968992248	0.0	0.0	0.12790697674418605	0.7790697674418605	0.0	0.0	0.0	0.0	0.9728682170542635	0.0	0.0	0.0	0.0	0.875968992248062	0.5852713178294574	0.5930232558139535	0.7286821705426356	0.748062015503876	0.0	0.0	1.0	1.0	0.0	0.7015503875968992	0.875968992248062	0.0
158505	0.06878306878306878	0.8941798941798942	1.0	0.10582010582010581	0.4656084656084656	0.3968253968253968	0.0	0.798941798941799	1.0	0.0	0.0	0.0	0.3386243386243386	0.0	1.0	0.0	0.0	0.7037037037037037	0.0	0.9206349206349206	0.798941798941799	0.0	0.5026455026455027	0.25396825396825395	0.6878306878306878	0.43386243386243384	0.6243386243386243	1.0	0.42857142857142855
382947	0.5185185185185185	0.0008051529790660225	0.5499194847020934	0.07326892109500806	0.24154589371980675	0.5120772946859904	0.4694041867954911	0.3864734299516908	0.6247987117552335	0.29790660225442833	0.0	0.21578099838969403	0.0	0.34782608695652173	0.5668276972624798	0.07729468599033816	0.6376811594202898	0.2028985507246377	0.3534621578099839	0.4025764895330113	0.392109500805153	0.0	0.5869565217391305	0.5837359098228664	0.1642512077294686	0.3494363929146538	0.5120772946859904	0.8421900161030595	0.5950080515297906
324972	0.9269162210338681	0.0	0.5793226381461676	0.0	0.0	0.7468805704099821	0.0	0.45276292335115864	0.24598930481283424	0.0	0.0	0.5401069518716578	0.28342245989304815	0.31907308377896615	0.7361853832442068	0.1408199643493761	0.4295900178253119	0.0	0.38324420677361853	0.9233511586452763	0.7522281639928698	0.6078431372549019	0.22994652406417113	0.7611408199643493	0.9073083778966132	0.6310160427807486	0.37076648841354726	0.36363636363636365	0.26559714795008915
233048	0.7764518695306285	0.7064439140811456	0.3834526650755768	0.4105011933174224	0.17501988862370724	0.0	0.8329355608591885	0.0	0.5894988066825776	0.0	0.23707239459029436	0.8233890214797136	0.21877486077963404	0.5584725536992841	0.4033412887828162	0.3428798727128083	0.7987271280827367	0.26730310262529833	0.5775656324582339	0.747016706443914	0.7374701670644391	0.39777247414478917	0.8090692124105012	0.9769291964996022	0.33731105807478123	0.42402545743834524	0.294351630867144	0.3206046141607001	0.26650755767700873
233050	0.8296703296703297	0.5073260073260073	0.4139194139194139	0.8095238095238095	0.0	0.0	0.9175824175824175	0.21245421245421245	0.2765567765567766	0.0	0.0	0.0	0.0	0.2673992673992674	0.23076923076923078	0.0	0.4157509157509158	0.6263736263736264	0.4358974358974359	0.7124542124542125	0.304029304029304	0.5989010989010989	0.018315018315018316	0.9706959706959707	0.34798534798534797	0.0	0.0	0.0	0.945054945054945
1266875	0.9717514124293786	0.4887005649717514	0.03954802259887006	0.0	0.0	0.0	0.0	0.0	0.4067796610169492	0.0	0.0	0.327683615819209	0.0	1.0	0.0	0.0	0.9180790960451978	0.0	0.0	0.8785310734463276	0.9293785310734464	0.0	0.8785310734463276	0.9576271186440678	0.844632768361582	0.5338983050847458	0.827683615819209	0.748587570621469	0.0
1188174	0.22135416666666666	0.0	0.484375	0.0	0.7109375	0.0	0.578125	0.0	0.3671875	0.0	0.0	0.0	0.0	0.0	1.0	0.0	0.5703125	0.0	0.5729166666666666	0.796875	0.9114583333333334	0.5130208333333334	0.421875	0.5859375	0.9244791666666666	0.4114583333333333	0.0	1.0	0.6692708333333334
1188176	0.11851851851851852	0.22407407407407406	0.32592592592592595	0.337037037037037	0.2796296296296296	0.0	0.5314814814814814	0.13703703703703704	0.6277777777777778	0.5555555555555556	0.0	0.0	0.0	0.25925925925925924	0.8425925925925926	0.0	0.0	0.05925925925925926	0.0	0.8444444444444444	0.0	0.32222222222222224	0.29814814814814816	1.0	0.13703703703703704	0.0	0.07037037037037037	0.4759259259259259	0.13703703703703704
1188177	0.6896551724137931	0.9616858237547893	1.0	0.41379310344827586	0.0	0.0	0.210727969348659	0.22988505747126436	0.0	0.0	0.0	0.49808429118773945	0.0	0.5747126436781609	0.7586206896551724	0.5708812260536399	0.0	0.9386973180076629	0.0	0.3218390804597701	0.0	0.0	0.05747126436781609	0.9923371647509579	0.685823754789272	0.0	0.0	0.5363984674329502	0.7164750957854407
1188178	0.4562841530054645	0.4344262295081967	0.39344262295081966	0.36065573770491804	0.0	0.0	0.5956284153005464	0.8306010928961749	0.07650273224043716	0.0	0.0	0.8087431693989071	0.0	0.26229508196721313	0.9590163934426229	0.40710382513661203	0.0	0.18032786885245902	0.0	0.0	0.5683060109289617	0.0	0.6994535519125683	0.9781420765027322	0.6174863387978142	0.6174863387978142	0.0	0.3224043715846995	0.23497267759562843
1188179	0.5567765567765568	0.0	0.0	0.03663003663003663	0.0	0.0	0.8424908424908425	0.48717948717948717	0.8351648351648352	0.0	0.0	0.0	0.0	0.4652014652014652	0.8461538461538461	0.0	0.0	0.8131868131868132	0.7985347985347986	0.5677655677655677	0.9963369963369964	0.0	0.9010989010989011	0.42857142857142855	0.4725274725274725	0.46153846153846156	0.304029304029304	0.6007326007326007	0.28205128205128205
1188180	0.6047619047619047	0.0	0.7380952380952381	1.0	0.0	0.0	0.0	0.0	0.0	0.0	0.0	0.0	0.0	0.0	0.0	0.19523809523809524	0.719047619047619	0.41904761904761906	0.0	0.9476190476190476	1.0	0.0	0.4714285714285714	0.5047619047619047	0.7	0.0	0.004761904761904762	0.0	0.0
1188181	0.7513227513227513	0.0	0.8068783068783069	0.6084656084656085	0.0	0.9259259259259259	0.43386243386243384	0.0	0.3968253968253968	0.0	0.0	0.0	0.0	0.6216931216931217	0.6111111111111112	0.6587301587301587	0.3994708994708995	0.6587301587301587	0.5793650793650794	0.9417989417989417	0.5211640211640212	0.8253968253968254	0.24867724867724866	0.8015873015873016	0.8253968253968254	0.23544973544973544	0.0	0.0	0.0
1188182	0.24324324324324326	0.7777777777777778	0.8153153153153153	0.06006006006006006	0.0	0.0	0.33633633633633636	0.0	0.14264264264264265	0.0	0.0	0.0	0.42492492492492495	0.0	0.7657657657657657	0.5375375375375375	0.7237237237237237	0.42492492492492495	0.7012012012012012	0.0	0.7657657657657657	0.0	0.5045045045045045	0.7582582582582582	0.6696696696696697	0.5540540540540541	0.34234234234234234	0.052552552552552555	0.0
1188183	0.6041666666666666	0.0	0.0	0.33630952380952384	0.0	0.12797619047619047	0.0	0.0	0.44345238095238093	0.0	0.0	0.0	0.33035714285714285	0.0	0.7380952380952381	0.17857142857142858	1.0	0.9553571428571429	0.7172619047619048	0.0	0.3958333333333333	0.0	0.4523809523809524	0.6964285714285714	0.5208333333333334	1.0	0.9196428571428571	0.6011904761904762	0.6577380952380952
1188184	0.921146953405018	0.10752688172043011	0.0	0.8207885304659498	0.0	0.9247311827956989	0.5698924731182796	0.0	0.5412186379928315	0.0	0.0	0.0	0.0	0.0	0.0	0.0	0.2974910394265233	0.5985663082437276	0.5842293906810035	0.8745519713261649	0.5448028673835126	0.0	0.8172043010752689	0.6666666666666666	0.0	0.9354838709677419	0.0	0.5412186379928315	0.8924731182795699
1188185	0.5883040935672514	0.5461988304093567	0.34385964912280703	0.24678362573099416	0.0	0.4421052631578947	0.5111111111111111	0.352046783625731	0.0	0.0	0.0	0.45146198830409356	0.0	0.19883040935672514	0.6421052631578947	0.352046783625731	0.6140350877192983	0.7228070175438597	0.16257309941520467	0.8760233918128655	0.7076023391812866	0.0	0.5286549707602339	0.928654970760234	0.10058479532163743	0.7450292397660818	0.5695906432748538	0.5298245614035088	0.3929824561403509
1188186	0.14695340501792115	0.0	0.0	0.0	0.0	0.0	1.0	0.0	0.6093189964157706	0.2831541218637993	0.0	1.0	0.0	0.0	1.0	0.0	0.0	0.942652329749104	0.921146953405018	1.0	0.8566308243727598	0.0	0.6236559139784946	0.8315412186379928	0.06093189964157706	0.0	0.5376344086021505	0.0	0.8960573476702509
1188187	0.25801282051282054	0.5560897435897436	0.7467948717948718	0.358974358974359	0.046474358974358976	0.0	0.7483974358974359	0.625	0.8141025641025641	0.28205128205128205	0.0	0.5352564102564102	0.7708333333333334	0.20512820512820512	0.5080128205128205	0.6842948717948718	0.21314102564102563	0.844551282051282	0.7051282051282052	0.7628205128205128	0.8798076923076923	0.0	0.0	0.9951923076923077	0.594551282051282	0.4230769230769231	0.3189102564102564	0.0	0.5657051282051282
1188188	0.4992248062015504	0.47131782945736433	0.31937984496124033	0.30077519379844964	0.38449612403100775	0.0	0.7829457364341085	0.2062015503875969	0.3937984496124031	0.0	0.0	0.8868217054263566	0.0	0.015503875968992248	0.5038759689922481	0.262015503875969	0.5085271317829457	0.6806201550387597	0.5937984496124031	0.07286821705426356	0.8806201550387597	0.3813953488372093	0.0	0.4573643410852713	0.023255813953488372	0.28217054263565894	0.5968992248062015	0.13488372093023257	0.0
1188189	0.9579288025889967	0.0	0.5372168284789643	0.8187702265372169	0.6763754045307443	0.0	1.0	0.6440129449838188	0.9676375404530745	0.0	0.0	0.6601941747572816	0.0	0.8576051779935275	0.5760517799352751	0.0	0.6148867313915858	0.44983818770226536	0.8381877022653722	0.912621359223301	0.4336569579288026	0.0	0.6019417475728155	0.0	0.7475728155339806	0.7411003236245954	0.0	0.3300970873786408	0.04854368932038835
1188172	0.0	0.6830601092896175	0.0	0.412568306010929	0.09836065573770492	0.0	0.7923497267759563	0.46994535519125685	0.0	0.0	0.0	0.5	0.0	0.0	0.0	0.412568306010929	0.0	0.592896174863388	0.33879781420765026	0.21584699453551912	0.7103825136612022	0.0	1.0	0.773224043715847	1.0	1.0	0.9180327868852459	0.412568306010929	0.7841530054644809
1188173	0.0	0.5685185185185185	0.0	0.6259259259259259	0.1388888888888889	0.0	0.012962962962962963	0.0	0.25555555555555554	0.0	0.0	0.3888888888888889	0.0	0.0	1.0	0.2796296296296296	0.3592592592592593	0.36666666666666664	0.7555555555555555	0.4462962962962963	0.5851851851851851	0.0	0.17222222222222222	0.6833333333333333	0.7129629629629629	0.31851851851851853	0.2222222222222222	0.7481481481481481	0.0
139105	0.31851851851851853	0.34285714285714286	0.4740740740740741	0.0	0.0	0.5206349206349207	0.5650793650793651	0.7407407407407407	0.42328042328042326	0.22962962962962963	0.0	0.5862433862433862	0.04126984126984127	0.0	0.4656084656084656	0.33544973544973544	0.38941798941798944	0.047619047619047616	0.6275132275132275	0.9873015873015873	0.9788359788359788	0.31746031746031744	0.5164021164021164	0.4486772486772487	0.5883597883597883	0.6708994708994709	0.46984126984126984	0.5481481481481482	0.638095238095238
364532	0.5150421179302046	0.28760529482551145	0.45968712394705175	0.358604091456077	0.4717208182912154	0.0	0.631768953068592	0.04693140794223827	0.21299638989169675	0.0	0.3489771359807461	0.5679903730445247	0.2539109506618532	0.18170878459687123	0.0	0.21660649819494585	0.4007220216606498	0.7160048134777377	0.43080625752105894	0.8219013237063778	0.20336943441636582	0.41997593261131166	0.7809867629362214	0.9265944645006017	0.5403128760529483	0.8086642599277978	0.0	0.19975932611311673	0.0
364533	0.28841607565011823	0.49763593380614657	0.2115839243498818	0.3534278959810875	0.3546099290780142	0.37825059101654845	0.5685579196217494	0.0	0.6158392434988179	0.21394799054373523	0.0	0.20212765957446807	0.19621749408983452	0.35224586288416077	0.7375886524822695	0.0	0.3735224586288416	0.15602836879432624	0.3534278959810875	0.6052009456264775	0.35933806146572106	0.30141843971631205	0.5543735224586288	0.9858156028368794	0.7269503546099291	0.48936170212765956	0.2907801418439716	0.0	0.6501182033096927
905126	0.5833333333333334	0.437984496124031	0.7170542635658915	0.2926356589147287	0.34108527131782945	0.0	0.36046511627906974	0.6356589147286822	0.0	0.5116279069767442	0.0	0.4689922480620155	0.0	0.501937984496124	0.5290697674418605	0.0	0.29069767441860467	0.875968992248062	0.3817829457364341	0.6104651162790697	0.9205426356589147	0.5368217054263565	0.8817829457364341	0.0	0.31007751937984496	0.7616279069767442	0.3372093023255814	0.7771317829457365	0.29069767441860467
905127	0.8325581395348837	0.34108527131782945	0.12558139534883722	0.462015503875969	0.15658914728682172	0.29147286821705426	0.5503875968992248	0.23255813953488372	0.6155038759689923	0.15193798449612403	0.0	0.32248062015503876	0.0	0.0	0.7612403100775194	0.0	0.3736434108527132	0.5069767441860465	0.26976744186046514	0.6728682170542636	0.8170542635658915	0.027906976744186046	0.12713178294573643	0.13643410852713178	0.31317829457364343	0.12558139534883722	0.010852713178294573	0.5426356589147286	0.0
708908	0.2684069611780455	0.15194109772423026	0.038821954484605084	0.33668005354752345	0.0	0.11713520749665328	0.10107095046854082	0.20214190093708165	0.15595716198125836	0.18875502008032127	0.0	0.04752342704149933	0.0	0.3078982597054886	0.8500669344042838	0.0	0.3714859437751004	0.3855421686746988	0.27242302543507363	0.25301204819277107	0.9270414993306559	0.0	0.6867469879518072	0.6934404283801874	0.5488621151271754	0.5870147255689424	0.3433734939759036	0.32663989290495316	0.499330655957162
695488	0.546583850931677	0.2484472049689441	0.16873706004140787	0.42339544513457555	0.0	0.0	0.4979296066252588	0.022774327122153208	0.0	0.0	0.0	0.32608695652173914	0.07142857142857142	0.5113871635610766	0.2898550724637681	0.17805383022774326	0.08385093167701864	0.2474120082815735	0.15631469979296067	0.717391304347826	0.84472049689441	0.3115942028985507	0.2277432712215321	0.36853002070393376	0.16459627329192547	0.556935817805383	0.12008281573498965	0.30745341614906835	0.37577639751552794
695492	0.2727272727272727	0.9118457300275482	0.44077134986225897	0.0	0.0	0.2809917355371901	0.0	0.5289256198347108	0.45454545454545453	0.0	0.0	0.256198347107438	0.0	0.0	1.0	0.06060606060606061	0.977961432506887	0.19834710743801653	0.6666666666666666	0.7024793388429752	0.7988980716253443	0.9614325068870524	0.0	0.1763085399449036	0.49586776859504134	0.39944903581267216	0.0	0.6776859504132231	0.0
695494	0.6057213930348259	0.5348258706467661	0.22761194029850745	0.3644278606965174	0.0	0.11318407960199005	0.7151741293532339	0.35199004975124376	0.3582089552238806	0.09577114427860696	0.0	0.0	0.0	0.0	0.7126865671641791	0.22263681592039802	0.8022388059701493	0.31094527363184077	0.31592039800995025	0.4552238805970149	0.6902985074626866	0.4664179104477612	0.19402985074626866	0.17786069651741293	0.6007462686567164	0.45149253731343286	0.6007462686567164	0.376865671641791	0.08582089552238806
26479	0.6354916067146283	0.7529976019184652	0.0	0.0	0.0	0.0	0.6834532374100719	0.0	0.9376498800959233	0.0	0.0	0.7841726618705036	0.07673860911270983	0.0	0.6187050359712231	0.0	0.0	0.3764988009592326	0.45083932853717024	0.6091127098321343	0.7386091127098321	0.36211031175059955	0.645083932853717	0.4748201438848921	1.0	0.657074340527578	0.0	1.0	0.36211031175059955
1136780	0.7027027027027027	0.527027027027027	0.954954954954955	0.0	0.0	0.4774774774774775	0.8288288288288288	0.0045045045045045045	0.0	0.0	0.0	0.0	0.0	0.0	0.1036036036036036	0.6261261261261262	0.6666666666666666	0.0	0.0	0.8108108108108109	0.0	0.0	0.0	0.0	0.45045045045045046	1.0	0.963963963963964	0.6396396396396397	0.8243243243243243
1136782	0.8020833333333334	0.0	0.5708333333333333	0.0	0.45208333333333334	0.35625	0.59375	0.40625	0.0	0.0	0.0	0.11458333333333333	0.49375	0.0	0.9958333333333333	0.0	0.875	0.18541666666666667	0.2604166666666667	0.53125	0.7416666666666667	0.0	0.0	0.2708333333333333	0.6291666666666667	0.3229166666666667	0.47708333333333336	1.0	0.6104166666666667
1136783	0.0	0.9490196078431372	0.0	0.0	0.6549019607843137	0.6509803921568628	0.4980392156862745	0.8784313725490196	0.0	0.7529411764705882	0.0	1.0	0.2823529411764706	0.3176470588235294	0.5098039215686274	0.0	0.32941176470588235	0.0	0.4392156862745098	0.5647058823529412	0.47843137254901963	0.0	0.0	0.6431372549019608	0.12156862745098039	0.5843137254901961	0.6509803921568628	0.7215686274509804	1.0
