key	WAM_ALR	WAM_CCR	WAM_IPI	WAM_MAR	WAM_MYS	WAM_PBL	WAM_PJN	WAM_PPR	WAM_PST	WAM_ROL	WAM_SCR	WAM_SGN	WAM_SIS	WAM_TWN	WAR_ALR	WAR_CCR	WAR_IPI	WAR_MAR	WAR_MYS	WAR_PBL	WAR_PJN	WAR_PPR	WAR_PSK	WAR_PST	WAR_RNW	WAR_ROL	WAR_SCR	WAR_SGL	WAR_SIS
201888	0.0	0.0	0.0	0.9746732026143791	0.0	0.6274509803921569	0.0	0.05065359477124183	0.6478758169934641	0.0	0.0	0.3684640522875817	0.0	0.9174836601307189	0.0	0.0	0.0	0.238562091503268	0.0	0.0	0.0	0.0	0.0	0.0	0.35947712418300654	0.0	0.0	0.0	0.0
407504	0.0	0.0	0.0	0.977859778597786	0.0	0.13407134071340712	0.3714637146371464	0.2570725707257073	0.8314883148831488	0.0	0.0	0.977859778597786	0.0	0.6322263222632226	0.0	0.0	0.0	0.0	0.0	0.22878228782287824	0.08610086100861009	0.0	0.0	0.5608856088560885	0.0	0.0	0.0	0.37023370233702335	0.0
296660	0.10457516339869281	0.0	0.0	0.8736383442265795	0.3289760348583878	0.3442265795206972	0.0	0.0	0.0	0.0	0.0	1.0	0.0	0.9084967320261438	0.30718954248366015	0.0	0.0	0.0	0.0	0.0	0.0	0.44880174291938996	0.0	0.0	0.19607843137254902	0.0	0.0	0.6274509803921569	0.0
1601004	0.0	0.0	0.0	1.0	0.11195928753180662	0.0	0.0	0.15012722646310434	0.8549618320610687	0.0	0.0	1.0	0.0	1.0	0.0	0.0	0.0	0.11959287531806616	0.0	0.0	0.0	0.0	0.0	0.455470737913486	0.35368956743002544	0.0	0.17557251908396945	0.19592875318066158	0.0
211533	0.0	0.0	0.0	1.0	0.0	0.33866666666666667	0.0	0.6533333333333333	0.7946666666666666	0.0	0.0	0.7013333333333334	0.0	1.0	0.0	0.0	0.0	0.0	0.0	0.13066666666666665	0.0	0.0	0.0	0.6666666666666666	0.8533333333333334	0.0	0.0	0.0	0.0
216170	0.20579710144927535	0.0	0.0	1.0	0.0	0.5376811594202898	0.0	0.30579710144927535	0.43043478260869567	0.43623188405797103	0.0	0.5826086956521739	0.0	1.0	0.0	0.0	0.0	0.0	0.0	0.0	0.0	0.0	0.0	0.21594202898550724	0.0	0.0	0.0	0.0	0.0
163864	0.013888888888888888	0.0	0.0	1.0	0.0	0.6222222222222222	0.41944444444444445	0.013888888888888888	0.38055555555555554	0.0	0.0	1.0	0.0	0.6055555555555555	0.0	0.0	0.0	0.0	0.0	0.0	0.0	0.0	0.0	0.5527777777777778	0.41944444444444445	0.0	0.0	0.0	0.0
296432	0.0	0.4433164128595601	0.0	1.0	0.0	0.23857868020304568	0.4906937394247039	0.49746192893401014	0.9796954314720813	0.0	0.47884940778341795	0.9543147208121827	0.0	0.9966159052453468	0.0	0.0	0.0	0.0	0.0	0.0	0.0	0.7648054145516074	0.0	0.0	0.0	0.0	0.32825719120135366	0.0	0.0
215229	0.0	0.0	0.0	0.5078299776286354	0.0	0.33557046979865773	0.3982102908277405	0.0	0.7472035794183445	0.0	0.3378076062639821	0.9955257270693513	0.06711409395973154	0.4899328859060403	0.0	0.0	0.0	0.0	0.0	0.0	0.0	0.32662192393736017	0.0	0.5100671140939598	0.0	0.0	0.0	0.0	0.0
1420219	0.2388888888888889	0.0	0.0	1.0	0.0	0.0	0.0	0.3277777777777778	0.0	0.0	0.0	1.0	0.0	1.0	0.0	0.0	0.0	0.0	0.0	0.0	0.0	0.0	0.0	0.08333333333333333	1.0	0.0	0.7333333333333333	0.0	0.0
1638913	0.0	0.0	0.0	1.0	0.0	0.0	0.0	0.5266666666666666	1.0	0.0	0.0	0.9822222222222222	0.0	1.0	0.0	0.0	0.0	0.0	0.0	0.0	0.0	0.33555555555555555	0.0	0.0	0.25555555555555554	0.0	0.0	0.3888888888888889	0.0
1638911	0.0	0.0	0.0	1.0	0.0	0.0	0.0	0.0	0.8303571428571429	0.0	0.0	0.5357142857142857	0.0	1.0	0.0	0.0	0.0	0.0	0.0	0.0	0.0	0.0	0.0	1.0	0.09821428571428571	0.0	0.0	0.4494047619047619	0.0
1382424	0.0	0.0	0.0	0.9659863945578231	0.0	0.5136054421768708	0.0	0.5221088435374149	0.02891156462585034	0.0	0.0	0.8401360544217688	0.0	0.9540816326530612	0.0	0.0	0.0	0.0	0.0	0.0	0.0	0.0	0.0	0.304421768707483	0.0	0.0	0.0	0.0	0.0
1227073	0.0581039755351682	0.18042813455657492	0.0	1.0	0.0	0.0	0.0	0.0	0.8440366972477065	0.7951070336391437	0.0	1.0	0.0	0.9755351681957186	0.0	0.0	0.0	0.0	0.0	0.0	0.0	0.0	0.0	0.0	0.0	0.0	0.0	0.0	0.0
27421	0.0	0.0	0.0	0.5712788259958071	0.0	0.350104821802935	0.0	0.44339622641509435	0.17819706498951782	0.0	0.0	0.8238993710691824	0.0	0.5471698113207547	0.0	0.3165618448637317	0.0	0.26834381551362685	0.0	0.15828092243186584	0.0	0.0	0.15723270440251572	0.0	0.1719077568134172	0.0	0.0	0.3165618448637317	0.0
344319	0.0	0.0	0.0	1.0	0.0	0.4846846846846847	0.0	0.03423423423423423	0.7315315315315315	0.0	0.0	0.8198198198198198	0.0	1.0	0.0	0.0	0.0	0.0	0.0	0.0	0.0	0.0	0.0	0.7333333333333333	0.436036036036036	0.0	0.0	0.27207207207207207	0.0
922598	0.0	0.19135802469135801	0.0	0.7522045855379189	0.0	0.3289241622574956	0.0	0.2601410934744268	0.6772486772486772	0.0	0.0	0.8544973544973545	0.0873015873015873	1.0	0.0	0.0	0.0	0.0	0.0	0.0	0.0	0.0	0.0	0.1675485008818342	0.2292768959435626	0.0	0.0	0.0	0.0
922601	0.0	0.0	0.0	1.0	0.2037037037037037	0.7648148148148148	0.0	0.7407407407407407	0.7462962962962963	0.0	0.0	1.0	0.0	1.0	0.0	0.0	0.0	0.0	0.0	0.0	0.0	0.0	0.0	0.5407407407407407	0.7425925925925926	0.0	0.0	0.0	0.0
1029713	0.5555555555555556	0.0	0.0	0.37037037037037035	0.0	0.0	0.0	0.0	0.8814814814814815	0.0	0.0	1.0	0.0	1.0	0.0	0.0	0.0	0.0	0.0	0.0	0.0	0.8740740740740741	0.0	0.0	0.0	0.0	0.0	0.0	0.0
1569160	0.0	0.0	0.0	1.0	0.0	0.0	0.0	0.0	1.0	0.0	0.0	1.0	0.0	1.0	0.0	0.0	0.0	0.0	0.0	0.0	0.0	0.0	0.0	0.0	0.11616161616161616	0.0	0.8737373737373737	0.0	0.0
1569161	0.0	0.0	0.0	0.6956521739130435	0.0	0.0	0.0	0.0	0.7217391304347827	0.0	0.0	1.0	0.0	1.0	0.0	0.0	0.0	0.0	0.0	0.0	0.0	0.0	0.0	0.0	0.6985507246376812	0.0	0.0	0.0	0.0
1351540	0.0	0.0	0.0	1.0	0.8712121212121212	0.4356060606060606	0.0	0.026515151515151516	1.0	0.0	0.0	0.75	0.0	1.0	0.0	0.0	0.0	0.9318181818181818	0.0	0.0	0.0	0.0	0.0	0.25	0.0	0.0	0.0	0.0	0.0
1351541	0.0	0.0	0.0	1.0	0.0	0.6003787878787878	0.0	0.0	0.884469696969697	0.0	0.0	0.9734848484848485	0.0	1.0	0.0	0.0	0.0	0.0	0.0	0.0	0.0	0.0	0.0	0.4034090909090909	0.0	0.0	0.0	0.0	0.3106060606060606
1670602	0.0	0.0	0.0	0.8878048780487805	0.0	0.0	0.0	0.0	0.25691056910569104	0.0	0.0	0.7626016260162601	0.0	0.9967479674796748	0.0	0.0	0.0	0.0	0.0	0.0	0.0	0.0	0.0	0.0016260162601626016	0.32195121951219513	0.0	0.0	0.0	0.0
1032149	0.0	0.0	0.0	1.0	0.0	0.0	0.0	0.8909853249475891	0.859538784067086	0.4612159329140461	0.0	0.7882599580712788	0.0	1.0	0.0	0.0	0.0	0.3165618448637317	0.0	0.0	0.0	0.0	0.0	0.0	0.4444444444444444	0.0	0.16352201257861634	0.29559748427672955	0.0
1032148	0.0	0.0	0.0	0.9925925925925926	0.0	0.0	0.0	0.18518518518518517	0.34814814814814815	0.2222222222222222	0.0	1.0	0.0	1.0	0.0	0.0	0.0	0.5592592592592592	0.0	0.0	0.9444444444444444	0.5592592592592592	0.0	0.7666666666666667	0.6518518518518519	0.0	0.7074074074074074	0.2740740740740741	0.0
1691238	0.0	0.0	0.0	0.6705882352941176	0.0	0.0	0.0	0.0	0.6470588235294118	0.0	0.0	0.9294117647058824	0.0	0.0	0.0	0.0	0.0	0.0	0.0	0.0	0.0	0.0	0.0	0.0	0.13333333333333333	0.0	0.0	0.0	0.0
1202633	0.0	0.0	0.0	1.0	0.0	0.0	0.0	0.6410256410256411	0.004273504273504274	0.0	0.0	1.0	0.0	0.8888888888888888	0.0	0.0	0.0	0.0	0.0	0.0	0.0	0.0	0.0	0.8418803418803419	0.0	0.0	0.0	0.0	0.0
1023707	0.05434782608695652	0.0	0.0	1.0	0.0	0.0	0.0	0.0	1.0	0.0	0.0	0.9710144927536232	0.0	0.7137681159420289	0.0	0.05434782608695652	0.0	0.0	0.0	0.0	0.0	0.0	0.0	0.15942028985507245	0.6032608695652174	0.0	0.0	0.0	0.0
1023708	0.0	0.0	0.0	0.46984126984126984	0.0	0.5206349206349207	0.0	0.0	0.5333333333333333	0.0	0.0	0.9746031746031746	0.0	0.0	0.0	0.0	0.0	0.0	0.0	0.0	0.0	0.0	0.0	0.0	0.0	0.0	0.0	0.0	0.0
457266	0.3851851851851852	0.0	0.0	1.0	0.0	0.2237037037037037	0.0	0.10666666666666667	0.9274074074074075	0.0	0.0	0.3377777777777778	0.0	0.7288888888888889	0.0	0.0	0.0	0.0	0.0	0.0	0.0	0.2518518518518518	0.0	0.7377777777777778	0.0	0.0	0.0	0.0	0.0
457267	0.0	0.0	0.0	1.0	0.0	0.09971509971509972	0.0	0.008547008547008548	0.7350427350427351	0.0	0.0	0.42735042735042733	0.0	1.0	0.0	0.0	0.0	0.0	0.0	0.0	0.0	0.08547008547008547	0.0	0.0	0.0	0.0	0.0	0.0	0.0
867098	0.0	0.0	0.0	1.0	0.3433583959899749	0.6641604010025063	0.0	1.0	1.0	0.0	0.0	0.9949874686716792	0.0	1.0	0.0	0.0	0.0	0.706766917293233	0.0	0.0	0.0	0.3483709273182957	0.0	0.0	0.0	0.0	0.0	0.0	0.0
867099	0.0	0.0	0.0	0.7292817679558011	0.040515653775322284	0.5561694290976059	0.18232044198895028	0.7237569060773481	0.22283609576427257	0.0	0.0	1.0	0.0	1.0	0.0	0.0	0.0	0.27808471454880296	0.0	0.0	0.0	0.09023941068139964	0.0	0.0	0.0	0.0	0.0	0.0	0.0
867100	0.8192090395480226	0.0	0.0	1.0	0.0	0.011299435028248588	0.53954802259887	0.2768361581920904	0.0	0.0	0.0	1.0	0.0	1.0	0.0	0.0	0.0	0.7598870056497176	0.0	0.403954802259887	0.0	0.0	0.0	0.0	0.7344632768361582	0.0	0.0	0.0	0.0
1292505	0.0	0.0	0.0	0.25045045045045045	0.0	0.8126126126126126	0.0	0.0	0.6054054054054054	0.0	0.0	0.8900900900900901	0.0	0.9207207207207208	0.0	0.0	0.0	0.0	0.0	0.0	0.3963963963963964	0.0	0.0	0.0	0.0	0.0	0.0	0.0	0.0
1120481	0.0	0.0	0.0	1.0	0.0	0.0	0.0	0.0	0.26916221033868093	0.0	0.0	1.0	0.0	0.803921568627451	0.0	0.0	0.0	0.19786096256684493	0.0	0.0	0.0	0.0	0.0	0.0	0.7254901960784313	0.0	0.0	0.0	0.0
1537555	0.0	0.421875	0.0	0.9461805555555556	0.0	0.3819444444444444	0.0	0.3836805555555556	0.0	0.0	0.0	0.78125	0.0	0.9253472222222222	0.1736111111111111	0.0	0.0	0.0	0.0	0.0	0.0	0.0	0.0	0.3802083333333333	0.10590277777777778	0.0	0.10243055555555555	0.4947916666666667	0.0
44962	1.0	0.0	0.0	1.0	0.0	0.8683127572016461	0.5596707818930041	0.0	0.8271604938271605	0.0	0.43209876543209874	0.9958847736625515	0.0	1.0	0.0	0.0	0.0	0.0	0.0	0.0	0.0	0.0	0.0	0.0	0.9917695473251029	0.0	0.0	0.0	0.0
1278318	0.0	0.0	0.0	0.7390572390572391	0.0	0.3434343434343434	0.0	0.0	0.5673400673400674	0.0	0.0	0.946969696969697	0.0	0.898989898989899	0.0	0.0	0.0	0.0	0.0	0.0	0.0	0.12289562289562289	0.0	0.4452861952861953	0.351010101010101	0.0	0.12205387205387205	0.0	0.0
1052922	0.0	0.0	0.0	1.0	0.0	0.7064676616915423	0.6567164179104478	0.7711442786069652	0.5870646766169154	0.0	0.746268656716418	1.0	0.0	1.0	0.0	0.0	0.0	0.0	0.0	0.0	0.0	0.0	0.0	0.0	0.7711442786069652	0.0	0.0	0.0	0.0
1165707	0.24175824175824176	0.0	0.0	0.9926739926739927	0.0	0.5201465201465202	0.0	0.8608058608058609	1.0	0.4542124542124542	0.0	0.5934065934065934	0.0	0.4468864468864469	0.0	0.0	0.0	0.0	0.0	0.0	0.0	0.0	0.0	0.0	0.5531135531135531	0.0	0.0	0.0	0.0
1151368	0.0	0.0	0.0	1.0	0.0	0.0	0.0	0.0	1.0	0.0	0.0	1.0	0.0	1.0	0.0	0.0	0.0	0.0	0.0	0.0	0.0	0.0	0.0	0.719047619047619	0.0	0.0	0.0	0.0	0.0
1151369	0.4282511210762332	0.0	0.2242152466367713	0.827354260089686	0.0	0.18385650224215247	0.0	0.6136023916292974	0.8565022421524664	0.0	0.1412556053811659	1.0	0.0	1.0	0.0	0.0	0.0	0.0	0.0	0.2219730941704036	0.0	0.0	0.0	0.5029895366218237	0.2257100149476831	0.0	0.11285500747384156	0.0	0.0
1151370	0.6203703703703703	0.0	0.0	1.0	0.0	0.3055555555555556	0.0	0.0	0.6527777777777778	0.0	0.0	1.0	0.0	1.0	0.0	0.0	0.0	0.0	0.0	0.0	0.0	0.004629629629629629	0.0	0.6990740740740741	0.0	0.0	0.6990740740740741	0.0	0.0
1151371	0.0	0.0	0.0	0.9653333333333334	0.0	0.8826666666666667	0.0	0.904	1.0	0.0	0.44533333333333336	0.5866666666666667	0.52	1.0	0.0	0.0	0.0	0.0	0.0	0.56	0.48533333333333334	0.31466666666666665	0.0	0.0	0.0	0.0	0.0	0.17066666666666666	0.0
1151372	0.4122137404580153	0.0	0.0	1.0	0.0	0.5674300254452926	0.0	0.9007633587786259	0.9821882951653944	0.0	0.04834605597964377	0.9872773536895675	0.24681933842239187	1.0	0.0	0.0	0.0	0.0	0.0	0.5165394402035624	0.0	0.2951653944020356	0.0	0.7430025445292621	0.0	0.0	0.0	0.15776081424936386	0.0
1746363	0.0	0.0	0.0	0.7953020134228188	0.2841163310961969	0.0	0.0	0.16778523489932887	0.8366890380313199	0.0	0.0	0.8131991051454138	0.0	0.912751677852349	0.0	0.0	0.0	0.0	0.0	0.3825503355704698	0.20469798657718122	0.1487695749440716	0.0	0.08612975391498881	0.25279642058165547	0.0	0.0	0.3378076062639821	0.0
1266744	0.0	0.0	0.0	0.8507462686567164	0.0	0.0	0.5572139303482587	0.7512437810945274	0.6069651741293532	0.0	0.0	0.5323383084577115	0.0	0.9900497512437811	0.0	0.0	0.0	0.7512437810945274	0.0	0.0	0.0	0.0	0.0	0.0	1.0	0.0	0.0	0.6069651741293532	0.6666666666666666
1266742	0.0	0.0	0.0	0.8309002433090025	0.0	0.0	0.0	0.0	0.6411192214111923	0.0	0.0	0.8114355231143552	0.0	0.8442822384428224	0.0	0.0	0.0	0.0	0.0	0.0	0.0	0.0	0.0	0.0	0.340632603406326	0.0	0.11313868613138686	0.0	0.0
1266743	0.0	0.0	0.0	1.0	0.0	0.0	0.49828178694158076	0.0	0.6013745704467354	0.0	0.0	0.9965635738831615	0.0	1.0	0.0	0.0	0.0	0.0	0.0	0.0	0.0	0.0	0.0	0.0	0.9140893470790378	0.0	0.0	0.5773195876288659	0.03436426116838488
1076177	0.0	0.0	0.0	1.0	0.0	0.0	0.0	0.0	0.5957446808510638	0.0	0.5780141843971631	0.8971631205673759	0.0	1.0	0.0	0.0	0.0	0.0	0.0	0.0	0.0	0.0	0.0	0.6205673758865248	0.8368794326241135	0.0	0.0	0.0	0.0
784176	0.7383966244725738	0.0	0.0	1.0	0.0	0.0	0.0	0.0	0.8776371308016878	0.0	0.6371308016877637	0.7341772151898734	0.0	1.0	0.0	1.0	0.0	0.4978902953586498	0.0	0.0	0.0	0.0	0.0	0.0	0.0	0.0	0.0	0.24050632911392406	0.0
858770	0.5258467023172906	0.0	0.0	0.5846702317290553	0.0	0.0	0.0	0.0	0.3600713012477718	0.0	0.0	0.9126559714795008	0.0	0.9233511586452763	0.0	0.0	0.0	0.0	0.0	0.0	0.0	0.0	0.0	0.0	0.45989304812834225	0.0	0.0	0.0	0.0
858771	0.0	0.0	0.0	0.8754716981132076	0.0	0.027672955974842768	0.0	0.24150943396226415	0.6238993710691824	0.0	0.0	1.0	0.0	1.0	0.0	0.0	0.0	0.13584905660377358	0.0	0.28679245283018867	0.0	0.0	0.0	0.6314465408805031	0.20125786163522014	0.0	0.0	0.0	0.0
858772	0.0	0.0	0.0	1.0	0.0	0.8242894056847545	0.0	0.0	0.979328165374677	0.0	0.6149870801033591	1.0	0.0	1.0	0.0	0.0	0.0	0.0	0.0	0.0	0.0	0.0	0.0	0.5297157622739018	0.0	0.0	0.0	0.3695090439276486	0.0
858773	0.0	0.0	0.0	1.0	0.0	0.8026315789473685	0.2412280701754386	0.0	0.8969298245614035	0.0	0.125	1.0	0.0	1.0	0.0	0.0	0.0	0.0	0.0	0.0	0.6578947368421053	0.0	0.0	0.0	0.45394736842105265	0.0	0.0	0.10964912280701754	0.0
1022695	0.0	0.0	0.0	0.3106060606060606	0.0	0.11363636363636363	0.0	0.0	0.0	0.0	0.0	0.0	0.0	0.7954545454545454	0.0	0.0	0.0	0.3106060606060606	0.0	0.0	0.0	0.0	0.0	0.0	0.0	0.0	0.0	0.0	0.0
81847	0.0	0.8565891472868217	0.0	0.9961240310077519	0.0	0.872093023255814	0.4689922480620155	0.375968992248062	0.5813953488372093	0.0	0.0	1.0	0.0	1.0	0.0	0.0	0.0	0.0	0.0	0.0	0.19767441860465115	0.0	0.0	0.0	0.4108527131782946	0.0	0.0	0.0	0.0
81848	0.0	0.03125	0.0	1.0	0.0	0.984375	0.6302083333333334	1.0	0.765625	0.0	0.0	1.0	0.0	1.0	0.0	0.0	0.0	0.0	0.0	0.0	0.0	0.0	0.0	0.0	0.71875	0.0	0.0	0.0	0.0
81849	0.0	0.0	0.0	1.0	0.0	0.05952380952380952	1.0	0.7222222222222222	0.7936507936507936	0.0	0.0	1.0	0.0	1.0	0.0	0.0	0.0	0.0	0.0	0.0	0.0	0.0	0.0	0.2777777777777778	0.12301587301587301	0.0	0.0	0.0	0.0
81850	0.0	0.0	0.0	1.0	0.0	0.4619883040935672	0.04093567251461988	1.0	0.7602339181286549	0.0	0.935672514619883	0.8713450292397661	0.0	1.0	0.0	0.0	0.0	0.0	0.0	0.0	0.0	0.0	0.0	0.47368421052631576	0.0	0.0	0.0	0.0	0.0
81851	0.0	0.0	0.0	1.0	0.0	0.17704011065006917	0.24896265560165975	0.5103734439834025	0.7123098201936376	0.0	0.022130013831258646	0.921161825726141	0.0	1.0	0.0	0.0	0.0	0.17704011065006917	0.0	0.0	0.0	0.0	0.0	0.3582295988934993	0.0	0.0	0.0	0.0	0.0
81852	0.0	0.0	0.0	1.0	0.5401459854014599	0.7420924574209246	0.2895377128953771	0.43309002433090027	0.7639902676399026	0.0	0.5231143552311436	0.9318734793187348	0.0	0.8321167883211679	0.0	0.0	0.0	0.08759124087591241	0.0	0.0	0.0	0.0	0.0	0.012165450121654502	0.6277372262773723	0.0	0.0	0.0	0.0
81853	0.0	0.0	0.0	1.0	0.0931899641577061	0.3154121863799283	0.0	0.0	0.0	0.0	0.12903225806451613	0.8888888888888888	0.0	1.0	0.0	0.0	0.0	0.0	0.0	0.0	0.0	0.0	0.0	0.7634408602150538	0.9175627240143369	0.0	1.0	0.0	0.0
1531464	0.0	0.0	0.0	1.0	0.0	0.0	0.0	0.32860520094562645	1.0	0.0	0.14657210401891252	0.966903073286052	0.0	1.0	0.0	0.0	0.0	0.0	0.0	0.541371158392435	0.2789598108747045	0.0	0.0	0.20567375886524822	0.7139479905437353	0.0	0.0	0.0	0.0
99728	0.23607843137254902	0.23686274509803923	0.0	0.7701960784313725	0.0	0.021176470588235293	0.2972549019607843	0.4447058823529412	0.9137254901960784	0.0	0.0	0.9858823529411764	0.0	1.0	0.0	0.16627450980392156	0.0	0.23686274509803923	0.0	0.22588235294117648	0.0	0.23686274509803923	0.0	0.3552941176470588	0.5145098039215686	0.0	0.0	0.042352941176470586	0.0
