key	WAM_ALR	WAM_CCR	WAM_IPI	WAM_MAR	WAM_MYS	WAM_PBL	WAM_PJN	WAM_PPR	WAM_PST	WAM_ROL	WAM_SCR	WAM_SGN	WAM_SIS	WAM_TWN	WAR_ALR	WAR_CCR	WAR_IPI	WAR_MAR	WAR_MYS	WAR_PBL	WAR_PJN	WAR_PPR	WAR_PSK	WAR_PST	WAR_RNW	WAR_ROL	WAR_SCR	WAR_SGL	WAR_SIS
1179564	1.0	0.2537878787878788	0.29545454545454547	0.0	0.32954545454545453	0.0	0.3522727272727273	0.0	0.9848484848484849	0.0	0.0	0.4318181818181818	0.0	0.5416666666666666	0.9772727272727273	0.32575757575757575	0.29924242424242425	1.0	1.0	0.0	0.6553030303030303	0.0	0.0	0.32575757575757575	0.375	0.9772727272727273	0.571969696969697	0.14015151515151514	0.7840909090909091
362179	0.4136986301369863	0.13789954337899543	0.41278538812785387	0.0	0.32511415525114157	0.13881278538812786	0.21095890410958903	0.6602739726027397	0.5808219178082191	0.2648401826484018	0.0	0.4054794520547945	0.0	0.0	0.42557077625570777	0.0	0.27488584474885847	0.27488584474885847	0.6876712328767123	0.0	0.6127853881278539	0.0	0.2876712328767123	0.7808219178082192	0.771689497716895	0.1817351598173516	0.1223744292237443	0.0	0.3817351598173516
207401	0.0	0.0	0.8928571428571429	0.06666666666666667	0.014285714285714285	0.0	0.26666666666666666	0.7214285714285714	0.9976190476190476	0.0	0.0	0.9952380952380953	0.0	0.9809523809523809	0.6428571428571429	0.0	0.8738095238095238	0.1523809523809524	0.6261904761904762	0.5214285714285715	0.569047619047619	0.6476190476190476	0.33095238095238094	0.9261904761904762	0.5928571428571429	0.969047619047619	0.0	0.5595238095238095	0.0
1041855	0.0	0.9391025641025641	0.8557692307692307	0.483974358974359	0.30128205128205127	0.0	0.2948717948717949	0.5	0.7403846153846154	1.0	0.0	0.7019230769230769	0.0	0.7339743589743589	0.0	0.0	0.0	0.0	0.41346153846153844	0.0	0.8621794871794872	0.8493589743589743	0.5	1.0	0.9807692307692307	1.0	0.6185897435897436	0.8910256410256411	1.0
652992	0.6841491841491841	0.2494172494172494	0.7191142191142191	0.0	0.4393939393939394	0.0	0.3473193473193473	0.44755244755244755	0.36247086247086246	0.0	0.0	0.7808857808857809	0.46853146853146854	0.4289044289044289	0.7319347319347319	0.0	0.36946386946386944	0.2692307692307692	0.5151515151515151	0.0	0.916083916083916	0.31002331002331	0.7342657342657343	0.0	0.4358974358974359	0.45454545454545453	0.1445221445221445	0.42074592074592077	0.17365967365967366
652993	0.36666666666666664	0.5592592592592592	0.3074074074074074	0.34444444444444444	0.7111111111111111	0.0	0.02962962962962963	0.0	0.32592592592592595	0.5333333333333333	0.0	0.7185185185185186	0.0	0.3888888888888889	0.0	0.0	0.0	0.12962962962962962	0.0	0.0	1.0	0.0	0.0	0.6666666666666666	0.5592592592592592	0.9111111111111111	0.0	0.3814814814814815	0.25925925925925924
652994	0.0	0.6305555555555555	0.0	0.8583333333333333	0.19166666666666668	0.0	0.9	0.0	0.8888888888888888	0.6972222222222222	0.0	0.6111111111111112	0.0	0.0	0.15833333333333333	0.0	0.6722222222222223	0.6027777777777777	0.0	0.0	0.2972222222222222	0.0	0.0	1.0	0.3055555555555556	0.0	0.40555555555555556	0.6333333333333333	0.0
652995	0.8030942334739803	0.6976090014064698	0.4219409282700422	0.21237693389592124	0.36849507735583686	0.33473980309423346	1.0	0.4219409282700422	0.509142053445851	0.5246132208157525	0.0	0.12517580872011252	0.2250351617440225	0.42334739803094235	0.22644163150492264	0.0	0.3853727144866385	0.6230661040787623	0.8551336146272855	0.569620253164557	0.32770745428973275	0.0	0.6751054852320675	0.9845288326300985	0.6075949367088608	0.4936708860759494	0.42334739803094235	0.7946554149085795	0.07313642756680731
652996	0.0	0.3405275779376499	0.41007194244604317	0.0	0.2158273381294964	0.0	0.7290167865707434	0.36211031175059955	0.6522781774580336	0.8249400479616307	0.36211031175059955	0.40047961630695444	0.9160671462829736	0.0	0.2014388489208633	0.0	0.7050359712230215	0.5035971223021583	0.9808153477218226	0.0	0.0	0.2182254196642686	0.2829736211031175	0.7170263788968825	0.36211031175059955	0.39568345323741005	0.0	0.709832134292566	0.5899280575539568
652997	0.0	0.30845771144278605	0.0	0.0	1.0	0.0	0.9651741293532339	0.472636815920398	0.21393034825870647	0.0945273631840796	0.7512437810945274	0.0	0.0	0.0	0.06965174129353234	0.0	0.9800995024875622	0.0	0.845771144278607	0.8805970149253731	0.05472636815920398	0.9800995024875622	0.0	0.5373134328358209	1.0	0.9651741293532339	0.0	1.0	0.0
652998	0.20606060606060606	0.0	0.3939393939393939	0.27575757575757576	0.6090909090909091	0.0	0.08181818181818182	0.6818181818181818	0.9303030303030303	0.7575757575757576	0.0	0.5	1.0	0.35454545454545455	0.0	0.0	0.27575757575757576	0.4212121212121212	0.0	0.6303030303030303	1.0	0.0	0.6727272727272727	0.6606060606060606	0.7212121212121212	0.8818181818181818	0.0	0.0	0.0
652999	0.4092140921409214	0.6260162601626016	0.6449864498644986	0.0	0.016260162601626018	0.0	0.6856368563685636	1.0	0.0	0.997289972899729	0.0	0.6233062330623306	0.0	0.2764227642276423	0.6883468834688347	0.0	0.3956639566395664	0.7073170731707317	0.6585365853658537	0.0	0.0	0.8455284552845529	0.0	0.989159891598916	0.0	1.0	0.7046070460704607	0.6260162601626016	0.6639566395663956
653000	0.9686609686609686	0.4358974358974359	0.7521367521367521	0.0	0.0	0.0	0.34472934472934474	0.12535612535612536	0.9715099715099715	0.46153846153846156	0.0	0.16809116809116809	0.022792022792022793	0.6182336182336182	0.3162393162393162	0.0	0.5156695156695157	0.0	0.8888888888888888	0.5897435897435898	1.0	0.42450142450142453	0.6894586894586895	0.8091168091168092	0.4074074074074074	0.7635327635327636	0.0	0.3817663817663818	0.0
653001	0.5225694444444444	0.2829861111111111	0.9305555555555556	0.0	0.9513888888888888	0.0	0.5052083333333334	0.21354166666666666	0.6059027777777778	0.234375	0.0	0.2638888888888889	0.2864583333333333	0.9392361111111112	0.0	0.0	0.5607638888888888	0.5190972222222222	0.8246527777777778	0.140625	1.0	0.0	0.4756944444444444	0.7413194444444444	0.0	0.9166666666666666	0.4965277777777778	0.7690972222222222	0.7413194444444444
653002	0.9273182957393483	0.0	0.43107769423558895	0.5939849624060151	0.8571428571428571	0.0	0.6115288220551378	0.0	0.6215538847117794	0.0	0.0	0.3383458646616541	0.0	0.46365914786967416	0.6390977443609023	0.7744360902255639	0.7218045112781954	0.6290726817042607	0.8395989974937343	0.13784461152882205	0.2807017543859649	0.0	0.40601503759398494	0.6516290726817042	0.7017543859649122	0.0	0.37844611528822053	0.9373433583959899	0.19047619047619047
653003	0.4084249084249084	0.5073260073260073	0.0	0.16117216117216118	0.13736263736263737	0.0	0.8498168498168498	0.0	0.19230769230769232	0.40476190476190477	0.0	0.19230769230769232	0.0	0.5201465201465202	0.6153846153846154	0.0	0.6062271062271062	0.4413919413919414	0.1684981684981685	0.0	0.8791208791208791	0.0	0.6153846153846154	0.8333333333333334	0.0	0.1813186813186813	0.43040293040293043	0.6245421245421245	0.4633699633699634
653004	0.16260162601626016	0.018970189701897018	0.6287262872628726	0.0	0.8292682926829268	0.0	0.7073170731707317	0.36314363143631434	0.6964769647696477	0.0	0.0	0.9512195121951219	0.0	0.0	0.17073170731707318	0.0	1.0	0.0	0.0	0.3224932249322493	0.7588075880758808	0.0	1.0	0.8861788617886179	0.46612466124661245	0.6368563685636857	0.0	0.14363143631436315	0.0
653006	0.39759036144578314	0.0	0.748995983935743	0.0	0.0	0.0	0.8273092369477911	0.5100401606425703	0.4959839357429719	0.0	0.0	0.23493975903614459	0.44176706827309237	0.0	0.0	0.0	0.7028112449799196	0.748995983935743	0.7228915662650602	0.0	0.8473895582329317	0.0	0.3755020080321285	0.6285140562248996	0.44176706827309237	0.9016064257028112	0.7791164658634538	0.42570281124497994	0.40763052208835343
653007	0.5498207885304659	0.5856630824372759	0.4444444444444444	0.0	0.432258064516129	0.203584229390681	0.26523297491039427	0.33046594982078853	0.11827956989247312	0.6802867383512545	0.0	0.5641577060931899	0.2164874551971326	0.36845878136200716	0.7046594982078853	0.0	0.5204301075268817	0.0	0.4946236559139785	0.1956989247311828	0.610752688172043	0.0	0.0	0.3311827956989247	0.3827956989247312	0.26093189964157704	0.6164874551971327	0.15268817204301074	0.3863799283154122
652990	0.3547854785478548	0.0	0.8877887788778878	0.22112211221122113	0.4834983498349835	0.0	0.6633663366336634	0.0	0.33993399339933994	0.0	0.0	0.0	0.0	0.0	0.5825082508250825	0.0	0.17986798679867988	0.0	0.0	0.2739273927392739	0.8250825082508251	0.693069306930693	0.9471947194719472	0.7260726072607261	0.9257425742574258	0.0	0.41254125412541254	0.0	0.0
652991	0.21296296296296297	0.0	0.5679012345679012	0.0	0.3117283950617284	0.0	0.3950617283950617	0.4660493827160494	0.0	0.0	0.0	0.4660493827160494	0.0	0.0	0.8148148148148148	0.0	0.3734567901234568	0.8672839506172839	0.37037037037037035	0.0	0.42592592592592593	0.0	0.42592592592592593	0.0	0.0	0.8672839506172839	0.0	0.0	0.0
1495433	0.6055045871559633	0.345565749235474	0.4617737003058104	0.3037716615698267	0.3058103975535168	0.0	0.8756371049949032	0.6625891946992865	0.6554536187563711	0.0	0.0	0.7665647298674821	0.1692150866462793	0.7145769622833843	0.9306829765545361	0.0	0.7737003058103975	0.0	0.5891946992864424	0.30784913353720694	0.854230377166157	0.0	0.0	0.9775739041794088	0.9378185524974516	0.691131498470948	0.5739041794087666	0.436289500509684	0.3068297655453619
1374366	0.25125628140703515	0.0	0.8006700167504187	0.0	0.4371859296482412	0.0	0.7989949748743719	0.2998324958123953	0.8844221105527639	0.020100502512562814	0.0	0.06867671691792294	0.0	0.4020100502512563	0.47906197654941374	0.0	0.8458961474036851	0.0	0.47906197654941374	0.0	0.9095477386934674	0.0	0.34505862646566166	0.25963149078726966	0.0	0.04690117252931323	0.0	0.2864321608040201	0.0
1374367	0.0	0.0	0.5252100840336135	0.0	0.5336134453781513	0.0	0.3081232492997199	0.634453781512605	0.3865546218487395	0.36694677871148457	0.0	0.35294117647058826	0.0	0.603641456582633	0.634453781512605	0.0	0.42857142857142855	0.7969187675070029	0.0	0.3907563025210084	0.42436974789915966	0.0	0.5336134453781513	0.0938375350140056	0.4215686274509804	0.9901960784313726	0.6120448179271709	0.4257703081232493	0.0
1513782	0.0	0.0	1.0	0.0	0.4026666666666667	0.0	0.632	0.0	0.3466666666666667	0.0	0.0	0.8906666666666667	0.6053333333333333	0.8453333333333334	0.84	0.0	0.8773333333333333	0.0	0.712	0.0	0.7946666666666666	0.0	0.312	0.4	0.0	0.8053333333333333	0.37333333333333335	0.504	0.0
638103	0.7551622418879056	0.07817109144542773	0.7315634218289085	0.0	0.44542772861356933	0.28171091445427726	0.3407079646017699	0.3938053097345133	0.0	0.0	0.0	0.9188790560471977	0.0	0.9557522123893806	0.831858407079646	0.2728613569321534	0.3407079646017699	0.42330383480825956	0.336283185840708	0.19911504424778761	0.7536873156342183	0.0	0.3200589970501475	0.8362831858407079	0.252212389380531	0.6755162241887905	0.2640117994100295	0.4424778761061947	0.6976401179941003
300263	0.9148418491484185	0.4720194647201946	0.39172749391727496	0.0	0.25790754257907544	0.36739659367396593	0.0	0.0	0.0	0.0	0.0	0.0	0.0	0.2384428223844282	0.7785888077858881	0.0	0.8248175182481752	0.0	0.5766423357664233	0.0	0.7931873479318735	0.0	0.9002433090024331	1.0	0.0	0.0	0.5936739659367397	0.0	0.34793187347931875
581540	0.726797385620915	0.4117647058823529	0.7176470588235294	0.3633986928104575	0.3934640522875817	0.0	0.8522875816993464	0.39477124183006534	0.31895424836601305	0.7241830065359477	0.0	0.7594771241830065	0.0	0.39215686274509803	0.9228758169934641	0.0	0.1450980392156863	0.1568627450980392	0.30980392156862746	0.4928104575163399	0.9294117647058824	0.19607843137254902	0.3908496732026144	0.8849673202614379	0.7503267973856209	0.5607843137254902	0.0	0.0	0.1542483660130719
1720560	0.2641509433962264	0.0	0.27672955974842767	0.0	0.0	0.0	0.6331236897274634	0.0	0.0	0.19916142557651992	0.0	0.8197064989517819	0.0	0.31236897274633124	0.6142557651991615	0.0	0.5660377358490566	0.2976939203354298	0.909853249475891	0.0	1.0	0.4171907756813417	0.2809224318658281	0.7169811320754716	0.0	0.8951781970649895	0.0	0.4612159329140461	0.25157232704402516
1756393	0.0	0.5033670033670034	0.2542087542087542	0.0	0.18686868686868688	0.12626262626262627	0.4276094276094276	0.3114478114478115	0.2760942760942761	0.5555555555555556	0.0	0.1127946127946128	0.5084175084175084	0.0	0.5050505050505051	0.0	0.0	0.39057239057239057	0.702020202020202	0.3569023569023569	0.7441077441077442	0.0	0.30134680134680136	0.6902356902356902	0.6952861952861953	0.7104377104377104	0.32154882154882153	0.5185185185185185	0.2542087542087542
1703358	0.0	0.20352564102564102	0.5120192307692307	0.2419871794871795	0.17147435897435898	0.12099358974358974	0.47275641025641024	0.5088141025641025	0.5753205128205128	0.24118589743589744	0.0	0.23157051282051283	0.0	0.055288461538461536	0.42628205128205127	0.0	0.2091346153846154	0.5504807692307693	0.6770833333333334	0.65625	0.6330128205128205	0.30128205128205127	0.5072115384615384	0.5552884615384616	0.6378205128205128	0.7139423076923077	0.37099358974358976	0.2708333333333333	0.48878205128205127
1072096	0.4551638837353123	0.3017934446505875	0.6462585034013606	0.15584415584415584	0.48175633889919606	0.3945578231292517	0.5262832405689548	0.0	0.45949288806431665	0.5114409400123686	0.13790970933828076	0.717377860235003	0.12121212121212122	0.34260977118119973	0.7142857142857143	0.11811997526283241	0.6796536796536796	0.5800865800865801	0.6437847866419295	0.8398268398268398	0.8750773036487323	0.0	0.43846629560915273	0.8738404452690167	0.2956091527520099	0.70995670995671	0.25170068027210885	0.17810760667903525	0.5553494124922697
995938	0.6734234234234234	0.0	0.18693693693693694	0.28378378378378377	0.3063063063063063	0.7545045045045045	0.8738738738738738	0.060810810810810814	0.49099099099099097	0.5337837837837838	0.0	0.5788288288288288	0.0	0.8941441441441441	0.13513513513513514	0.0	0.9504504504504504	0.0	0.40540540540540543	0.0	1.0	0.0	0.5720720720720721	0.668918918918919	0.26576576576576577	0.07432432432432433	0.0	0.5382882882882883	0.9707207207207207
679410	0.9924242424242424	0.5909090909090909	0.9962121212121212	0.0	0.0	0.0	0.5909090909090909	0.3371212121212121	0.8295454545454546	0.0	0.0	0.0	0.0	0.6590909090909091	1.0	0.0	0.5151515151515151	0.3106060606060606	0.6477272727272727	0.0	0.4621212121212121	0.041666666666666664	0.45454545454545453	1.0	0.29545454545454547	0.7689393939393939	0.5795454545454546	0.6060606060606061	0.7007575757575758
732846	0.0	0.6552380952380953	0.88	0.0	0.5733333333333334	0.5257142857142857	0.44	0.14666666666666667	0.6895238095238095	0.0	0.0	0.0	0.0	0.43238095238095237	0.5619047619047619	0.0	0.9333333333333333	0.05142857142857143	0.2857142857142857	0.7371428571428571	0.7219047619047619	0.0	0.4704761904761905	0.6304761904761905	0.4838095238095238	0.6914285714285714	0.24	0.22666666666666666	0.5752380952380952
1073306	0.5943562610229277	0.5925925925925926	0.9982363315696648	0.0	0.8395061728395061	0.0	0.5925925925925926	0.7654320987654321	0.5943562610229277	0.0	0.0	0.4409171075837742	0.0	0.345679012345679	1.0	0.0	0.8148148148148148	0.708994708994709	0.6172839506172839	0.7795414462081128	0.3880070546737213	0.13756613756613756	0.06525573192239859	0.9541446208112875	0.0	0.9365079365079365	0.544973544973545	0.3368606701940035	0.43033509700176364
1073309	0.8901098901098901	0.0	1.0	0.0	0.7142857142857143	0.0	0.8717948717948718	0.38461538461538464	0.5054945054945055	0.9047619047619048	0.0	0.8021978021978022	0.029304029304029304	0.6117216117216118	0.0	0.0	0.4065934065934066	0.6703296703296703	0.4652014652014652	0.5860805860805861	0.0	0.0	0.7032967032967034	0.9194139194139194	0.0	0.9853479853479854	0.02564102564102564	0.5274725274725275	0.706959706959707
563761	0.0	0.0	0.0	0.0	0.0	0.2851851851851852	0.17777777777777778	0.0	0.43703703703703706	0.0	0.0	0.5962962962962963	0.0	0.0	0.8592592592592593	0.0	0.4666666666666667	0.0	1.0	0.018518518518518517	1.0	0.0	0.8333333333333334	0.8851851851851852	1.0	0.7592592592592593	0.0	0.6851851851851852	0.0
711321	0.23745819397993312	0.2140468227424749	0.43812709030100333	0.1426978818283166	0.5752508361204013	0.0	0.41025641025641024	0.4136008918617614	0.22519509476031216	0.0	0.0	0.4659977703455964	0.21070234113712374	0.3210702341137124	0.9988851727982163	0.17837235228539577	0.5741360089186176	0.0	0.5440356744704571	0.12597547380156077	0.2697881828316611	0.0	0.34894091415830547	0.8885172798216276	0.5585284280936454	0.0	0.0	0.411371237458194	0.24860646599777034
711323	0.23923444976076555	0.5215311004784688	0.6602870813397129	0.0	0.4194577352472089	0.189792663476874	0.4370015948963317	0.0	0.7384370015948963	0.6411483253588517	0.0	0.5358851674641149	0.0	0.39872408293460926	0.9362041467304625	0.0	0.48963317384370014	1.0	0.3939393939393939	0.20893141945773525	0.9330143540669856	0.3668261562998405	0.0	0.4433811802232855	0.5486443381180224	0.8516746411483254	0.0	0.3237639553429027	0.3141945773524721
711326	0.25882352941176473	0.08823529411764706	0.6450980392156863	0.2549019607843137	0.12156862745098039	0.0	0.0	0.0	0.0	0.0	0.0	0.6313725490196078	0.0	0.0	0.3843137254901961	0.0	0.3	0.5058823529411764	0.8980392156862745	0.19411764705882353	0.6823529411764706	0.38235294117647056	0.3607843137254902	0.9176470588235294	0.44509803921568625	0.23529411764705882	0.0	0.01764705882352941	0.596078431372549
711327	0.1	0.0	0.3254901960784314	0.3588235294117647	0.6215686274509804	0.0	0.8862745098039215	0.7333333333333333	0.8156862745098039	0.0	0.5901960784313726	0.0	0.0	0.7862745098039216	0.15490196078431373	0.5058823529411764	0.6568627450980392	0.39019607843137255	0.503921568627451	0.0	0.6705882352941176	0.0	0.0	0.6529411764705882	0.0	0.46078431372549017	0.0	0.22745098039215686	0.0
251561	0.20315581854043394	0.2958579881656805	0.6390532544378699	0.0	0.0	0.0	0.4516765285996055	0.3096646942800789	0.9329388560157791	0.0	0.0	0.7712031558185405	0.5877712031558185	0.5128205128205128	0.13214990138067062	0.0	0.7692307692307693	0.1952662721893491	0.35700197238658776	0.5877712031558185	0.9072978303747534	0.0	0.4970414201183432	0.9960552268244576	0.0	0.3767258382642998	0.29980276134122286	0.8067061143984221	0.6094674556213018
251562	0.40555555555555556	0.25303030303030305	0.4616161616161616	0.0898989898989899	0.5848484848484848	0.1297979797979798	0.51010101010101	0.5080808080808081	0.8343434343434344	0.0	0.0	0.502020202020202	0.11262626262626263	0.20202020202020202	0.45656565656565656	0.1782828282828283	0.51010101010101	0.3616161616161616	0.7651515151515151	0.22828282828282828	0.5	0.0	0.6898989898989899	0.7797979797979798	0.6393939393939394	0.4767676767676768	0.31414141414141417	0.32222222222222224	0.5414141414141415
1023401	1.0	0.0	0.6349206349206349	0.0	0.0	0.0	0.876984126984127	0.30952380952380953	0.0992063492063492	0.0	0.0	0.7182539682539683	0.0	0.5952380952380952	0.8095238095238095	0.0	0.9246031746031746	0.0	0.011904761904761904	0.5992063492063492	0.5992063492063492	0.0	0.0	0.8015873015873016	0.49206349206349204	0.8373015873015873	0.0	0.3531746031746032	0.5793650793650794
1033173	0.93717277486911	0.7469458987783595	0.0	0.7993019197207679	0.38394415357766143	0.18324607329842932	0.7068062827225131	0.5794066317626527	0.5235602094240838	0.0	0.0	0.0	0.38219895287958117	0.675392670157068	0.5794066317626527	0.0	0.23734729493891799	0.4694589877835951	0.1012216404886562	0.5532286212914486	0.0	0.2181500872600349	0.8254799301919721	0.9790575916230366	0.0	0.9232111692844677	0.0	0.7015706806282722	0.2844677137870855
1569467	0.6436058700209644	0.46750524109014674	0.0	0.0	0.6582809224318659	0.0	1.0	0.0	0.24737945492662475	0.0	0.0	0.7463312368972747	0.0	0.4758909853249476	0.5576519916142557	0.0	1.0	0.38784067085953877	0.909853249475891	0.0	0.939203354297694	0.0	0.6561844863731656	0.9517819706498952	0.46750524109014674	0.5010482180293501	0.7672955974842768	0.42348008385744235	0.7861635220125787
233374	0.6428571428571429	0.6084656084656085	0.7354497354497355	0.0	0.6666666666666666	0.5264550264550265	0.6428571428571429	0.2804232804232804	0.3333333333333333	0.0	0.0	0.0	0.6402116402116402	0.0	0.5978835978835979	0.0	0.5423280423280423	0.5529100529100529	0.3783068783068783	0.0	1.0	0.7407407407407407	0.43915343915343913	0.6957671957671958	0.3783068783068783	0.36507936507936506	0.0	0.2328042328042328	0.49206349206349204
1718736	0.5166666666666667	0.4074074074074074	0.7611111111111111	0.0	0.30185185185185187	0.0	0.7092592592592593	0.524074074074074	1.0	0.5111111111111111	0.0	0.8277777777777777	0.42407407407407405	0.37777777777777777	0.014814814814814815	0.0	0.9314814814814815	0.0	0.0	0.30925925925925923	0.7851851851851852	0.5592592592592592	0.3074074074074074	0.812962962962963	0.3537037037037037	0.2759259259259259	0.0	0.4777777777777778	0.6444444444444445
1718738	0.378076062639821	0.0	0.6353467561521253	0.07606263982102908	0.4563758389261745	0.0	0.9731543624161074	0.5771812080536913	0.37583892617449666	0.0	0.0	0.174496644295302	0.5704697986577181	0.3378076062639821	0.33109619686800895	0.0	0.8523489932885906	0.42058165548098436	0.3534675615212528	0.0	0.8165548098434005	0.31767337807606266	0.0	0.7606263982102909	0.6912751677852349	0.8993288590604027	0.0	0.0	0.7628635346756152
1718739	0.18421052631578946	0.32456140350877194	0.0	0.0	0.30701754385964913	0.0	0.8070175438596491	0.12982456140350876	0.9315789473684211	0.0	0.0	0.7456140350877193	0.0	0.3929824561403509	0.18421052631578946	0.0	0.5385964912280702	0.0	0.5543859649122806	0.0	0.5789473684210527	0.41754385964912283	0.38596491228070173	0.6350877192982456	0.24385964912280703	0.39824561403508774	0.24561403508771928	0.5842105263157895	0.543859649122807
383129	0.37	0.19916666666666666	0.6658333333333334	0.0	0.5066666666666667	0.30583333333333335	0.7291666666666666	0.5825	0.39916666666666667	0.265	0.0	0.49916666666666665	0.1175	0.4425	0.7783333333333333	0.0	0.14	0.0	0.6933333333333334	0.0	0.8733333333333333	0.13416666666666666	0.0	0.4625	0.22083333333333333	0.8566666666666667	0.415	0.11583333333333333	0.5041666666666667
1310193	0.5993431855500821	0.21428571428571427	0.4638752052545156	0.11330049261083744	0.3399014778325123	0.14039408866995073	0.7339901477832512	0.0	0.6042692939244664	0.229064039408867	0.0	0.5574712643678161	0.20525451559934318	0.4343185550082102	0.8579638752052545	0.0	0.6091954022988506	0.3727422003284072	0.5106732348111659	0.5254515599343186	0.21428571428571427	0.3390804597701149	0.2545155993431856	0.9047619047619048	0.8497536945812808	0.6198686371100164	0.35714285714285715	0.2315270935960591	0.5517241379310345
1692274	0.6614583333333334	0.0	0.6302083333333334	0.0	0.3307291666666667	0.0	0.9505208333333334	0.6223958333333334	0.3932291666666667	0.4921875	0.0	0.0	0.0	0.5208333333333334	0.9036458333333334	0.3932291666666667	1.0	0.3932291666666667	0.0	0.0	0.4010416666666667	0.3671875	0.546875	1.0	0.8541666666666666	0.4479166666666667	0.0	0.0	0.8984375
1692275	0.010416666666666666	0.0	1.0	0.0	0.0026041666666666665	0.3958333333333333	0.8541666666666666	0.5885416666666666	0.3932291666666667	0.0	0.0	0.7473958333333334	0.0	0.6119791666666666	0.8489583333333334	0.6536458333333334	0.1640625	0.3463541666666667	0.0	0.390625	0.6354166666666666	0.5911458333333334	0.0	0.6380208333333334	0.3333333333333333	1.0	0.0	0.0	0.5442708333333334
1692276	0.0	0.4505050505050505	0.41414141414141414	0.26464646464646463	0.20404040404040405	0.23535353535353534	0.8878787878787879	0.4797979797979798	0.3747474747474748	0.3191919191919192	0.5555555555555556	0.34040404040404043	0.0	0.494949494949495	0.5121212121212121	0.19696969696969696	0.4292929292929293	0.0	0.4686868686868687	0.4222222222222222	0.7848484848484848	0.40606060606060607	0.3878787878787879	0.7090909090909091	0.37676767676767675	0.2686868686868687	0.0	0.07272727272727272	0.4313131313131313
1692277	0.0	0.06422018348623854	0.0	0.2217125382262997	0.5672782874617737	0.0	0.7935779816513762	0.691131498470948	0.6299694189602446	0.6590214067278287	0.0	0.7584097859327217	0.0	0.2706422018348624	0.6085626911314985	0.06116207951070336	0.5412844036697247	0.0	0.2966360856269113	0.5948012232415902	0.6865443425076453	0.0	0.7996941896024465	0.5030581039755352	0.6972477064220184	0.5703363914373089	0.0	0.0	0.8012232415902141
1589486	0.0	0.6991869918699187	0.6422764227642277	0.42276422764227645	0.6178861788617886	0.0	0.48292682926829267	0.0	0.44390243902439025	0.31382113821138213	0.0	0.0	0.2894308943089431	0.8195121951219512	0.2097560975609756	0.0	0.526829268292683	0.0	0.7154471544715447	0.6439024390243903	0.8178861788617886	0.0	0.8292682926829268	0.8845528455284553	0.5089430894308943	0.7528455284552845	0.0	0.9040650406504065	0.24065040650406505
953290	0.39473684210526316	0.39473684210526316	0.5416666666666666	0.19298245614035087	0.868421052631579	0.15789473684210525	0.9671052631578947	0.0	0.8201754385964912	0.38596491228070173	0.0	0.0	0.0	0.625	0.6337719298245614	0.06798245614035088	0.5504385964912281	0.0	0.8662280701754386	0.4451754385964912	0.2236842105263158	0.6907894736842105	0.4451754385964912	1.0	0.7478070175438597	0.5460526315789473	0.6557017543859649	0.28289473684210525	0.0
953291	0.5676328502415459	0.0	0.4033816425120773	0.0	0.7318840579710145	0.6376811594202898	0.9758454106280193	0.5314009661835749	0.9130434782608695	0.5893719806763285	0.0	0.0	0.30917874396135264	0.38405797101449274	1.0	0.0	0.6352657004830918	0.0	0.6594202898550725	0.8429951690821256	0.7439613526570048	0.0	0.6256038647342995	1.0	0.7318840579710145	0.6497584541062802	0.0	0.0	0.3864734299516908
972731	0.0	0.4067796610169492	0.0847457627118644	0.0	0.7401129943502824	0.0	0.0	0.0	0.0	0.0	0.0	0.0	0.0	0.0	0.0	0.0	0.5932203389830508	0.062146892655367235	0.0	0.0	0.4971751412429379	0.0	0.0	0.1807909604519774	0.2598870056497175	0.2598870056497175	0.0	0.0	0.11864406779661017
900875	0.0	0.6314363143631436	0.4254742547425474	0.0	0.7615176151761518	0.26558265582655827	0.7831978319783198	0.6802168021680217	0.5311653116531165	0.02168021680216802	0.0	0.8265582655826558	0.45528455284552843	0.5121951219512195	0.981029810298103	0.0	0.8157181571815718	0.0	0.6937669376693767	0.07317073170731707	0.7262872628726287	0.4092140921409214	0.7669376693766937	0.46612466124661245	0.0	0.5338753387533876	0.11653116531165311	0.8943089430894309	0.7100271002710027
203498	0.5094614264919942	0.17612809315866085	0.9475982532751092	0.0	0.2052401746724891	0.2197962154294032	0.19068413391557495	0.40465793304221254	0.7510917030567685	0.0	0.0	0.34497816593886466	0.0	0.6433770014556041	0.6783114992721979	0.0	0.00727802037845706	0.25181950509461426	0.6390101892285298	0.5778748180494906	0.10480349344978165	0.0	0.21542940320232898	0.851528384279476	0.0	0.6681222707423581	0.6943231441048034	0.0	0.3508005822416303
203499	0.979381443298969	0.7147766323024055	0.10309278350515463	0.0	0.5189003436426117	0.0	0.7044673539518901	0.0	0.0	0.10309278350515463	0.0	0.25773195876288657	0.0	0.21649484536082475	0.23711340206185566	0.0	0.5189003436426117	0.07560137457044673	0.8316151202749141	0.6666666666666666	0.7353951890034365	0.0	1.0	0.8075601374570447	0.7663230240549829	0.8762886597938144	0.5945017182130584	0.0	0.08934707903780069
1120322	0.7905405405405406	0.25225225225225223	0.5698198198198198	0.481981981981982	0.9121621621621622	0.0	1.0	0.6711711711711712	0.6824324324324325	0.3400900900900901	0.0	0.6824324324324325	0.46621621621621623	0.6531531531531531	0.6171171171171171	0.0	0.5472972972972973	0.12612612612612611	0.6283783783783784	0.8018018018018018	0.9009009009009009	0.0	0.3761261261261261	0.6509009009009009	0.6148648648648649	0.713963963963964	0.6666666666666666	0.6891891891891891	0.3400900900900901
1120323	0.6820083682008368	0.2105997210599721	0.28172942817294283	0.0	0.8967921896792189	0.4211994421199442	0.8172942817294282	0.8228730822873083	0.592747559274756	0.0	0.0	0.6861924686192469	0.0	0.40585774058577406	0.5718270571827058	0.0	0.7419804741980475	0.09205020920502092	0.6345885634588564	0.4295676429567643	0.5718270571827058	0.4211994421199442	0.44630404463040446	0.8145048814504882	0.6555090655509066	0.9177126917712691	0.25523012552301255	0.7126917712691772	0.21896792189679218
1120324	0.8418079096045198	0.3672316384180791	0.4943502824858757	0.0	0.2768361581920904	0.5423728813559322	0.20056497175141244	0.0	0.6666666666666666	0.0	0.0	0.0	0.0	0.9943502824858758	0.576271186440678	0.0	0.7372881355932204	0.09887005649717515	0.576271186440678	0.0	0.9774011299435028	0.0	0.884180790960452	0.9774011299435028	0.5847457627118644	0.00847457627118644	0.0	0.4265536723163842	0.0
