key	WAM_ALR	WAM_CCR	WAM_IPI	WAM_MAR	WAM_MYS	WAM_PBL	WAM_PJN	WAM_PPR	WAM_PST	WAM_ROL	WAM_SCR	WAM_SGN	WAM_SIS	WAM_TWN	WAR_ALR	WAR_CCR	WAR_IPI	WAR_MAR	WAR_MYS	WAR_PBL	WAR_PJN	WAR_PPR	WAR_PSK	WAR_PST	WAR_RNW	WAR_ROL	WAR_SCR	WAR_SGL	WAR_SIS
777567	0.9051383399209486	0.7740447957839263	0.7490118577075099	0.738471673254282	0.0	0.44861660079051385	0.6976284584980237	0.9011857707509882	0.8893280632411067	0.24176548089591568	0.38537549407114624	0.8741765480895916	0.3168642951251647	0.40974967061923584	0.97167325428195	0.35968379446640314	0.4868247694334651	0.49209486166007904	0.37285902503293805	0.7101449275362319	0.7160737812911726	0.7068511198945981	0.6106719367588933	0.9156785243741765	0.841897233201581	0.9064558629776021	0.8827404479578392	0.8306982872200264	0.6976284584980237
1093523	1.0	0.5257270693512305	0.3378076062639821	0.7114093959731543	0.0	0.930648769574944	0.5592841163310962	0.348993288590604	0.8187919463087249	0.5167785234899329	0.0	0.9821029082774049	0.0	0.33557046979865773	0.7360178970917226	0.8568232662192393	0.2975391498881432	0.930648769574944	0.0	1.0	1.0	0.8769574944071589	0.6868008948545862	0.9932885906040269	0.8008948545861297	0.7114093959731543	0.8747203579418344	1.0	0.7807606263982103
1093526	1.0	1.0	1.0	0.2852852852852853	0.5735735735735735	0.6576576576576577	0.9519519519519519	1.0	0.5735735735735735	0.6996996996996997	0.0	0.8348348348348348	0.0	0.8138138138138138	0.4984984984984985	0.45345345345345345	0.933933933933934	1.0	0.0	1.0	0.6696696696696697	0.8738738738738738	0.987987987987988	0.8678678678678678	0.6396396396396397	1.0	0.990990990990991	0.975975975975976	1.0
1619186	0.8456486042692939	0.535303776683087	0.0	0.14614121510673234	0.40558292282430214	0.5057471264367817	0.16584564860426929	0.80623973727422	0.8752052545155994	0.46469622331691296	0.0	0.8637110016420362	0.0	0.722495894909688	0.8078817733990148	0.0	0.4302134646962233	0.28078817733990147	0.6108374384236454	0.5665024630541872	0.9556650246305419	0.34811165845648606	0.6830870279146142	0.6863711001642037	0.6781609195402298	0.5008210180623974	1.0	0.8571428571428571	0.3464696223316913
977248	0.8316993464052288	0.8709150326797386	0.946078431372549	0.26143790849673204	0.272875816993464	0.8660130718954249	0.6977124183006536	0.0	0.5555555555555556	0.4673202614379085	0.0	0.8937908496732027	0.0	0.24673202614379086	0.7303921568627451	0.7875816993464052	0.45588235294117646	0.9558823529411765	0.0	0.35130718954248363	0.9264705882352942	0.29411764705882354	0.6977124183006536	0.8202614379084967	0.6715686274509803	0.49019607843137253	0.9901960784313726	0.5980392156862745	0.8921568627450981
1652654	0.9106529209621993	0.7628865979381443	0.8797250859106529	0.6288659793814433	0.7835051546391752	0.8865979381443299	0.6013745704467354	0.8934707903780069	0.8247422680412371	0.9484536082474226	0.5051546391752577	1.0	0.9106529209621993	1.0	0.7044673539518901	0.0	0.7491408934707904	0.9896907216494846	0.46735395189003437	0.7766323024054983	0.5189003436426117	1.0	0.8419243986254296	0.9278350515463918	1.0	0.6941580756013745	0.8762886597938144	1.0	0.8487972508591065
1652657	0.9828326180257511	0.9198855507868383	0.7281831187410587	0.65379113018598	0.22603719599427755	0.2703862660944206	0.5722460658082976	0.0	0.2832618025751073	0.7467811158798283	0.0	0.8841201716738197	0.2703862660944206	0.8597997138769671	0.9856938483547926	0.5822603719599427	0.7610872675250357	0.27896995708154504	0.5822603719599427	1.0	1.0	0.43204577968526464	0.3748211731044349	0.8612303290414879	0.8683834048640916	0.8583690987124464	1.0	0.597997138769671	0.16022889842632332
1652662	0.9919354838709677	0.3844086021505376	0.5967741935483871	0.5887096774193549	0.3924731182795699	0.8279569892473119	0.9865591397849462	0.4032258064516129	0.7849462365591398	0.7768817204301075	0.40591397849462363	1.0	0.9381720430107527	0.01881720430107527	0.043010752688172046	0.0	1.0	0.2768817204301075	1.0	0.41397849462365593	0.8360215053763441	0.7473118279569892	0.6586021505376344	1.0	0.8790322580645161	0.0	0.6075268817204301	0.7795698924731183	0.5725806451612904
1652663	0.7791932059447984	0.7409766454352441	0.6284501061571125	0.43312101910828027	0.4734607218683652	0.7133757961783439	0.9554140127388535	0.0	0.8895966029723992	0.45010615711252655	0.0	0.89171974522293	0.20382165605095542	0.9511677282377919	0.5435244161358811	0.0	0.4267515923566879	1.0	0.5987261146496815	0.9660297239915074	0.7707006369426752	0.9278131634819533	0.4564755838641189	1.0	0.6199575371549894	0.6178343949044586	0.9065817409766455	1.0	0.8683651804670913
1284050	1.0	0.0	0.9682539682539683	0.626984126984127	0.0	0.5515873015873016	0.7817460317460317	0.0	0.5992063492063492	0.0	0.9801587301587301	0.2698412698412698	0.0	0.4365079365079365	0.7738095238095238	0.6309523809523809	0.0	0.8690476190476191	0.6349206349206349	0.36507936507936506	0.5952380952380952	0.5238095238095238	0.0	0.5119047619047619	0.7142857142857143	0.9642857142857143	0.0	1.0	0.0
675974	0.9094457455113193	0.6604215456674473	0.6885245901639344	0.5722092115534738	0.3942232630757221	0.5776736924277908	0.8313817330210773	0.6229508196721312	0.9430132708821234	0.23497267759562843	0.2576112412177986	0.7369242779078845	0.18969555035128804	0.41139734582357534	0.9180327868852459	0.6518345042935206	0.7876658860265418	0.750975800156128	0.6018735362997658	0.9195940671350508	0.6783762685402029	0.7892271662763466	0.6643247462919594	0.9726775956284153	0.7369242779078845	0.8040593286494926	0.9032006245120999	0.9359875097580016	0.8743169398907104
1473290	1.0	0.14157706093189965	0.6308243727598566	0.27060931899641577	0.4910394265232975	0.3387096774193548	0.6720430107526881	1.0	0.0	0.3870967741935484	0.6182795698924731	0.8799283154121864	0.0	0.3960573476702509	0.9068100358422939	0.0017921146953405018	0.7491039426523297	0.9121863799283154	0.3817204301075269	0.5698924731182796	0.946236559139785	0.3709677419354839	0.9283154121863799	0.8315412186379928	0.8476702508960573	0.7813620071684588	0.7974910394265233	0.8620071684587813	0.7849462365591398
1473292	0.5754119138149556	0.38149556400506973	0.5297845373891001	0.46134347275031684	0.0	0.532319391634981	0.8098859315589354	0.8757921419518377	0.6780735107731305	0.16223067173637515	0.34600760456273766	0.6083650190114068	0.0	0.3257287705956908	0.632446134347275	0.8250950570342205	0.5817490494296578	0.917617237008872	0.2256020278833967	0.9138149556400507	0.4017743979721166	0.9708491761723701	0.9429657794676806	0.7553865652724968	0.7591888466413181	0.9759188846641318	0.7338403041825095	0.8390367553865653	0.9138149556400507
1473293	0.6376344086021506	0.5516129032258065	0.9182795698924732	0.40860215053763443	0.13763440860215054	0.7989247311827957	0.524731182795699	0.3096774193548387	0.867741935483871	0.0	0.27419354838709675	0.8182795698924731	0.0	0.3301075268817204	0.875268817204301	0.5494623655913978	0.7634408602150538	0.7913978494623656	0.6344086021505376	0.7806451612903226	0.2989247311827957	0.6913978494623656	0.5301075268817205	0.8021505376344086	0.710752688172043	0.7591397849462366	0.5397849462365591	0.578494623655914	0.8344086021505376
1547882	0.8521046643913538	0.5813424345847554	0.5580204778156996	0.32992036405005687	0.8208191126279863	0.4465301478953356	0.5420932878270762	0.6786120591581343	0.4931740614334471	0.23890784982935154	0.4857792946530148	0.8998862343572241	0.29465301478953354	0.5921501706484642	0.6734926052332195	0.11888509670079636	0.6473265073947668	0.7554038680318543	0.4351535836177474	0.6860068259385665	0.6831626848691695	0.16666666666666666	0.6888509670079636	0.9374288964732651	0.6325369738339022	0.8612059158134243	0.608646188850967	0.8686006825938567	0.8208191126279863
1547049	0.21333333333333335	0.5973333333333334	0.2	0.28	0.005333333333333333	0.4026666666666667	0.144	0.5306666666666666	0.5066666666666667	0.48	0.43733333333333335	0.6613333333333333	0.0	0.6133333333333333	0.744	0.2773333333333333	0.49066666666666664	0.49333333333333335	0.4106666666666667	0.4053333333333333	0.192	0.6266666666666667	0.936	0.28	1.0	0.4	0.9093333333333333	0.4026666666666667	0.496
572744	0.6231884057971014	0.8115942028985508	0.039337474120082816	0.4078674948240166	0.8757763975155279	0.38923395445134573	0.38923395445134573	0.37681159420289856	0.7991718426501035	0.660455486542443	0.0	0.8053830227743272	0.0	0.6935817805383023	0.6687370600414079	0.6045548654244306	1.0	0.6873706004140787	0.0	0.8923395445134575	0.4451345755693582	0.5424430641821946	0.8053830227743272	0.7743271221532091	0.7329192546583851	0.4658385093167702	0.4865424430641822	0.6666666666666666	1.0
1592915	0.8537414965986394	1.0	0.0	0.0	0.3979591836734694	0.9217687074829932	0.0	0.4557823129251701	0.43197278911564624	0.5136054421768708	0.0	1.0	0.0	0.7482993197278912	0.40816326530612246	0.0	0.0	0.0	0.0	0.8469387755102041	0.5510204081632653	0.46258503401360546	0.0	0.19047619047619047	0.3163265306122449	0.7551020408163265	1.0	0.5476190476190477	0.8401360544217688
952671	0.6887755102040817	0.35034013605442177	0.5833333333333334	0.5170068027210885	0.0	0.47874149659863946	0.7491496598639455	0.6241496598639455	0.6156462585034014	0.461734693877551	0.0	0.6828231292517006	0.0	0.7712585034013606	0.8732993197278912	0.5433673469387755	0.3120748299319728	0.5748299319727891	0.3826530612244898	0.7423469387755102	0.7976190476190477	0.5688775510204082	0.35459183673469385	0.9540816326530612	0.44047619047619047	0.6794217687074829	0.6930272108843537	0.45918367346938777	0.9549319727891157
952674	0.9369369369369369	0.0	0.27927927927927926	0.43018018018018017	0.6373873873873874	0.3130630630630631	0.09009009009009009	0.6463963963963963	0.28153153153153154	0.4144144144144144	0.0	0.5382882882882883	0.6441441441441441	0.3400900900900901	0.02927927927927928	0.8896396396396397	0.11261261261261261	0.6036036036036037	0.36486486486486486	0.5540540540540541	0.3536036036036036	0.4099099099099099	0.7725225225225225	0.6531531531531531	0.08333333333333333	0.5855855855855856	0.8806306306306306	0.5495495495495496	0.2702702702702703
845148	0.6016260162601627	0.9479674796747968	0.4861788617886179	0.3040650406504065	0.17235772357723578	0.5804878048780487	0.4666666666666667	0.9186991869918699	0.0	0.4666666666666667	0.33658536585365856	0.8861788617886179	0.026016260162601626	0.7691056910569106	0.6894308943089431	0.5349593495934959	0.24390243902439024	0.8	0.0	0.4634146341463415	0.7495934959349594	0.7105691056910569	0.9024390243902439	0.8878048780487805	0.15284552845528454	0.7170731707317073	1.0	0.08455284552845528	0.16747967479674797
840372	0.1068075117370892	0.5880281690140845	0.3532863849765258	0.6960093896713615	0.0	0.0	0.5880281690140845	0.3568075117370892	0.4812206572769953	0.8004694835680751	0.47300469483568075	0.47417840375586856	0.0	0.7335680751173709	0.32511737089201875	0.0	0.6161971830985915	0.3086854460093897	0.07511737089201878	0.5774647887323944	0.6889671361502347	0.7230046948356808	0.6126760563380281	0.545774647887324	0.4694835680751174	0.5422535211267606	0.8497652582159625	0.642018779342723	0.8051643192488263
247209	0.6481927710843374	0.7004016064257028	0.4706827309236948	0.5839357429718876	0.42971887550200805	0.3397590361445783	0.5044176706827309	0.5903614457831325	0.5775100401606426	0.44819277108433736	0.3598393574297189	0.5293172690763053	0.3132530120481928	0.014457831325301205	0.6417670682730924	0.19919678714859437	0.5919678714859438	0.5188755020080321	0.27710843373493976	0.5582329317269076	0.3815261044176707	0.5646586345381526	0.4875502008032129	0.7204819277108434	0.37670682730923694	0.485140562248996	0.8417670682730923	0.7927710843373494	0.7606425702811245
1619242	0.8624338624338624	0.6415343915343915	0.6878306878306878	0.6124338624338624	0.27380952380952384	0.7275132275132276	1.0	0.3915343915343915	0.4828042328042328	0.6507936507936508	0.0	0.5701058201058201	0.0	0.20767195767195767	0.32275132275132273	0.0	0.36772486772486773	0.917989417989418	0.7592592592592593	0.9497354497354498	0.36243386243386244	0.27380952380952384	0.4656084656084656	0.8148148148148148	0.31613756613756616	0.5568783068783069	0.6640211640211641	0.8928571428571429	0.5608465608465608
1619246	0.8049242424242424	0.2840909090909091	0.7291666666666666	0.9734848484848485	0.9886363636363636	0.3522727272727273	0.5965909090909091	0.9621212121212122	0.5909090909090909	1.0	0.4090909090909091	0.9772727272727273	0.0	0.6458333333333334	0.5833333333333334	0.0	0.696969696969697	0.6704545454545454	0.21401515151515152	0.5056818181818182	0.8806818181818182	0.5321969696969697	0.7746212121212122	0.7424242424242424	0.9981060606060606	0.9810606060606061	0.7821969696969697	0.7348484848484849	0.8068181818181818
1619248	0.9456410256410256	0.6656410256410257	0.683076923076923	0.7015384615384616	0.5292307692307693	0.1282051282051282	0.7353846153846154	0.9641025641025641	0.5158974358974359	0.6225641025641026	0.6851282051282052	0.7784615384615384	0.15384615384615385	0.27282051282051284	0.6194871794871795	0.5261538461538462	0.4276923076923077	0.6625641025641026	0.44	0.8061538461538461	0.7661538461538462	0.8605128205128205	0.9466666666666667	0.8882051282051282	0.3394871794871795	0.6748717948717948	0.7589743589743589	0.8892307692307693	0.838974358974359
1281651	0.0	0.8585858585858586	0.7474747474747475	0.7878787878787878	0.0	0.6868686868686869	0.09595959595959595	0.9343434343434344	0.6060606060606061	0.0	0.0	0.0	0.32323232323232326	0.43434343434343436	0.9545454545454546	0.0	0.7373737373737373	0.7575757575757576	0.9444444444444444	0.18181818181818182	0.9040404040404041	0.2676767676767677	0.0	0.17676767676767677	0.696969696969697	0.7424242424242424	0.4696969696969697	0.9545454545454546	0.0
1281652	0.980225988700565	0.7711864406779662	1.0	0.2711864406779661	0.0	0.1807909604519774	0.6807909604519774	0.0423728813559322	0.8361581920903954	0.5932203389830508	0.0	0.6836158192090396	0.0	0.847457627118644	0.16101694915254236	0.0	0.632768361581921	0.0	0.4180790960451977	0.7994350282485876	0.7372881355932204	0.9689265536723164	0.0	0.20903954802259886	0.7853107344632768	0.3107344632768362	0.1977401129943503	0.6468926553672316	0.0
457552	0.06031746031746032	0.5968253968253968	0.5238095238095238	0.8222222222222222	0.0	0.19365079365079366	0.8	0.5111111111111111	0.8380952380952381	0.4984126984126984	0.5904761904761905	0.707936507936508	0.0	0.6222222222222222	0.1365079365079365	0.9682539682539683	0.9492063492063492	0.09841269841269841	0.7174603174603175	0.8698412698412699	1.0	1.0	0.8857142857142857	1.0	0.21904761904761905	0.9587301587301588	0.18412698412698414	0.7746031746031746	0.3746031746031746
457558	0.7361111111111112	0.5354938271604939	0.006172839506172839	0.35802469135802467	0.49074074074074076	0.0	1.0	0.3333333333333333	0.5802469135802469	0.2932098765432099	0.2824074074074074	1.0	0.0	0.6419753086419753	0.7716049382716049	0.25771604938271603	0.375	0.6712962962962963	0.3317901234567901	0.5308641975308642	0.8472222222222222	0.5864197530864198	0.5401234567901234	0.9814814814814815	0.39197530864197533	0.36728395061728397	0.9012345679012346	0.5432098765432098	0.7700617283950617
457559	0.6226415094339622	0.5157232704402516	0.9433962264150944	0.5691823899371069	0.3050314465408805	0.4606918238993711	0.3694968553459119	0.2389937106918239	0.9229559748427673	0.23742138364779874	0.6194968553459119	0.7012578616352201	0.6210691823899371	0.6242138364779874	0.9654088050314465	0.32547169811320753	0.2389937106918239	0.5	0.49528301886792453	0.8977987421383647	0.16037735849056603	0.5754716981132075	0.23742138364779874	0.6289308176100629	0.7169811320754716	0.9779874213836478	0.5471698113207547	0.5015723270440252	0.9009433962264151
457560	0.6041666666666666	0.0	0.08333333333333333	0.0	0.5243055555555556	0.6597222222222222	0.8715277777777778	0.9027777777777778	0.13194444444444445	0.14930555555555555	0.0	0.7430555555555556	0.06944444444444445	0.0	0.6875	0.6979166666666666	0.9756944444444444	0.6423611111111112	0.5555555555555556	0.625	0.0	1.0	0.4791666666666667	0.3576388888888889	0.8923611111111112	1.0	0.13194444444444445	1.0	0.4548611111111111
457561	0.6391875746714456	0.6427718040621266	0.6320191158900836	0.8530465949820788	0.45997610513739545	0.4934289127837515	0.6678614097968937	0.8267622461170848	0.946236559139785	0.45758661887694146	0.0	0.7120669056152927	0.7156511350059738	0.0	0.5161290322580645	0.5161290322580645	0.9247311827956989	0.7168458781362007	0.6905615292712067	0.7252090800477897	0.6881720430107527	0.5675029868578255	0.6248506571087217	0.8685782556750299	0.8446833930704899	0.9522102747909199	0.5232974910394266	0.7825567502986858	0.8399044205495818
457562	0.7956989247311828	1.0	0.967741935483871	0.3154121863799283	0.8064516129032258	0.0	0.9247311827956989	0.9068100358422939	1.0	0.45161290322580644	0.0	1.0	0.13978494623655913	0.8315412186379928	0.967741935483871	0.5232974910394266	0.5663082437275986	0.08602150537634409	0.5017921146953405	0.989247311827957	0.7275985663082437	1.0	0.7419354838709677	1.0	0.5412186379928315	1.0	1.0	1.0	0.0
457563	0.842741935483871	0.5094086021505376	0.8239247311827957	0.8723118279569892	0.4153225806451613	0.13844086021505375	0.8897849462365591	0.7997311827956989	0.8548387096774194	0.3790322580645161	0.25	1.0	0.6478494623655914	0.4596774193548387	0.8481182795698925	0.006720430107526882	0.7486559139784946	0.6774193548387096	0.385752688172043	0.8655913978494624	0.8924731182795699	0.6451612903225806	0.842741935483871	0.7540322580645161	0.4543010752688172	0.5846774193548387	0.9489247311827957	0.9543010752688172	0.3077956989247312
457564	1.0	0.16780045351473924	0.3435374149659864	0.7142857142857143	0.0	0.6179138321995464	0.7630385487528345	0.5816326530612245	0.7018140589569161	0.3401360544217687	0.28798185941043086	0.481859410430839	0.3072562358276644	0.645124716553288	1.0	0.4931972789115646	0.5124716553287982	0.6315192743764172	0.30612244897959184	0.7471655328798186	1.0	0.6746031746031746	0.5408163265306123	0.8072562358276644	0.7086167800453514	0.6020408163265306	1.0	0.3401360544217687	0.7312925170068028
457565	0.36211031175059955	0.8968824940047961	0.6402877697841727	0.0	0.0	0.36211031175059955	0.5755395683453237	0.5179856115107914	0.37170263788968827	0.9232613908872902	0.0	0.8129496402877698	0.33573141486810554	0.7649880095923262	0.9040767386091128	0.0	0.486810551558753	0.9904076738609112	0.16546762589928057	0.6666666666666666	0.7721822541966427	0.815347721822542	0.5995203836930456	0.8249400479616307	0.8561151079136691	0.4844124700239808	0.6522781774580336	0.9160671462829736	0.829736211031175
457566	0.8544600938967136	1.0	0.24413145539906103	0.009389671361502348	0.971830985915493	0.3380281690140845	1.0	0.0	1.0	0.7887323943661971	0.0	0.9671361502347418	0.3051643192488263	1.0	1.0	0.7089201877934272	1.0	0.7089201877934272	0.3474178403755869	1.0	1.0	0.568075117370892	0.7511737089201878	1.0	1.0	0.0	1.0	0.028169014084507043	0.5446009389671361
457567	0.8703703703703703	0.4222222222222222	0.35185185185185186	0.8777777777777778	0.6666666666666666	0.2777777777777778	0.9925925925925926	0.9185185185185185	1.0	0.0	0.0	1.0	0.6925925925925925	0.737037037037037	0.762962962962963	0.9185185185185185	0.9333333333333333	0.5592592592592592	0.5592592592592592	1.0	0.9555555555555556	0.9740740740740741	1.0	1.0	0.48518518518518516	0.42962962962962964	0.9888888888888889	0.937037037037037	1.0
457568	0.9186991869918699	1.0	0.20596205962059622	1.0	0.7425474254742548	0.5121951219512195	0.46612466124661245	0.3008130081300813	1.0	0.7696476964769647	0.0	0.9376693766937669	0.13279132791327913	0.8157181571815718	0.9728997289972899	0.9105691056910569	0.6585365853658537	0.983739837398374	0.5636856368563685	1.0	0.6476964769647696	0.6395663956639567	0.4634146341463415	1.0	0.7750677506775068	0.8455284552845529	0.8482384823848238	0.7859078590785907	0.43089430894308944
457569	1.0	0.6666666666666666	0.9575163398692811	1.0	0.5294117647058824	0.8823529411764706	0.17973856209150327	0.0	0.7777777777777778	0.4934640522875817	0.9379084967320261	0.9967320261437909	0.5392156862745098	0.7712418300653595	1.0	0.0	0.1895424836601307	0.5947712418300654	0.5032679738562091	1.0	0.6045751633986928	0.5032679738562091	0.5490196078431373	1.0	0.8562091503267973	0.6437908496732027	1.0	0.5163398692810458	0.8333333333333334
457570	0.7878787878787878	0.4864433811802233	0.7272727272727273	0.9122807017543859	0.405103668261563	0.21212121212121213	0.7543859649122807	0.682615629984051	0.31738437001594894	0.0	0.29505582137161085	1.0	0.21212121212121213	0.6347687400318979	0.5167464114832536	0.4944178628389155	0.7384370015948963	0.9346092503987241	0.35566188197767146	0.7655502392344498	0.9856459330143541	0.9234449760765551	0.37799043062200954	1.0	0.6618819776714514	0.8022328548644339	0.5773524720893142	0.4768740031897927	0.33014354066985646
457571	0.9800995024875622	0.35323383084577115	0.4626865671641791	0.9353233830845771	0.0	0.599502487562189	0.44527363184079605	0.0	0.9104477611940298	0.8009950248756219	0.0	0.7338308457711443	0.3756218905472637	0.8258706467661692	0.8980099502487562	0.6865671641791045	0.9427860696517413	0.8059701492537313	0.6666666666666666	0.8507462686567164	0.7562189054726368	0.6915422885572139	1.0	0.9601990049751243	0.40049751243781095	0.9850746268656716	0.9104477611940298	1.0	0.3333333333333333
457572	0.6813996316758748	0.6906077348066298	0.5285451197053407	1.0	0.1141804788213628	0.36095764272559855	0.4198895027624309	0.427255985267035	0.7937384898710865	0.8011049723756906	0.3296500920810313	0.8710865561694291	0.40331491712707185	0.8103130755064457	1.0	0.567219152854512	0.6979742173112339	0.9337016574585635	0.35543278084714547	0.9116022099447514	0.9447513812154696	0.27808471454880296	0.8176795580110497	1.0	0.10497237569060773	1.0	0.9779005524861878	0.6648250460405156	0.3572744014732965
457573	0.6530054644808743	0.6256830601092896	0.0	0.6338797814207651	0.5683060109289617	0.0	0.7158469945355191	0.5655737704918032	0.5765027322404371	0.27049180327868855	0.0	1.0	0.0	0.6857923497267759	0.9781420765027322	0.2677595628415301	0.2814207650273224	0.5191256830601093	0.0	1.0	0.5245901639344263	0.14754098360655737	0.4098360655737705	1.0	0.5245901639344263	0.8524590163934426	0.7786885245901639	0.9726775956284153	0.319672131147541
457576	0.4536489151873767	0.6706114398422091	0.873767258382643	0.5956607495069034	0.6331360946745562	0.8579881656804734	0.4339250493096647	0.33530571992110453	1.0	0.5305719921104537	0.8915187376725838	1.0	0.5266272189349113	0.0	0.5364891518737672	0.5384615384615384	0.8560157790927022	0.8422090729783037	0.4930966469428008	1.0	0.4714003944773176	0.378698224852071	0.9743589743589743	0.9368836291913215	0.73767258382643	0.5069033530571992	1.0	0.7534516765285996	0.20907297830374755
457577	0.7732426303854876	0.6122448979591837	0.6213151927437641	0.3378684807256236	0.6031746031746031	0.5865457294028723	0.5555555555555556	0.3333333333333333	0.3975812547241119	0.35525321239606955	0.4399092970521542	0.7558578987150416	0.19349962207105065	0.3975812547241119	0.7717309145880574	0.3310657596371882	0.5525321239606954	0.6394557823129252	0.30385487528344673	0.9486016628873771	0.6772486772486772	0.3371126228269085	0.2758881330309902	0.9327286470143613	0.6341647770219199	0.6016628873771731	1.0	0.7316704459561603	0.8510959939531368
457578	1.0	0.4418960244648318	0.6788990825688074	0.599388379204893	0.38685015290519875	0.42507645259938837	0.46636085626911317	1.0	0.8654434250764526	0.5504587155963303	0.6238532110091743	0.8287461773700305	0.3944954128440367	0.9235474006116208	0.44648318042813456	0.23394495412844038	0.0	0.6009174311926605	0.5886850152905199	0.9480122324159022	0.7293577981651376	0.9067278287461774	0.908256880733945	0.808868501529052	0.7935779816513762	0.8577981651376146	0.9709480122324159	0.7889908256880734	0.42813455657492355
457579	1.0	0.6746031746031746	0.0	0.6216931216931217	0.6428571428571429	0.9444444444444444	0.7037037037037037	0.15343915343915343	0.5211640211640212	0.0	0.4074074074074074	0.843915343915344	0.4074074074074074	0.9470899470899471	0.6693121693121693	0.7645502645502645	0.26455026455026454	0.3941798941798942	0.7354497354497355	0.9629629629629629	1.0	0.3968253968253968	0.0	0.9708994708994709	0.8068783068783069	0.9894179894179894	1.0	0.7248677248677249	0.5264550264550265
457580	0.8972431077694235	1.0	0.0	1.0	0.9047619047619048	0.0	0.7518796992481203	1.0	0.8972431077694235	0.6666666666666666	0.7343358395989975	0.8646616541353384	0.14035087719298245	1.0	0.6666666666666666	0.6340852130325815	0.8546365914786967	1.0	0.9223057644110275	0.8295739348370927	0.7669172932330827	0.5037593984962406	0.48370927318295737	0.8421052631578947	0.9273182957393483	0.43859649122807015	0.7719298245614035	1.0	0.48621553884711777
457582	0.9873015873015873	0.0	0.5164021164021164	0.7301587301587301	0.1925925925925926	0.7037037037037037	0.4783068783068783	0.0	0.48148148148148145	0.37777777777777777	0.819047619047619	0.852910052910053	0.2052910052910053	0.7714285714285715	0.728042328042328	0.4984126984126984	0.6772486772486772	0.34074074074074073	0.47195767195767196	0.9058201058201059	0.7661375661375661	0.6296296296296297	0.580952380952381	0.6962962962962963	0.4783068783068783	0.9978835978835979	0.9597883597883597	0.8328042328042328	0.5026455026455027
457583	1.0	0.0	0.3655913978494624	0.9086021505376344	0.0	0.532258064516129	0.0	0.3870967741935484	0.3333333333333333	0.0	0.6344086021505376	0.7903225806451613	0.6397849462365591	0.40053763440860213	1.0	0.0	0.5456989247311828	0.739247311827957	0.0	0.8467741935483871	1.0	0.05913978494623656	0.5913978494623656	1.0	0.8118279569892473	0.9435483870967742	1.0	0.3763440860215054	1.0
457585	0.7048192771084337	0.8714859437751004	0.2389558232931727	0.6746987951807228	0.3353413654618474	0.5923694779116466	0.8293172690763052	0.7871485943775101	0.3172690763052209	0.0	0.5341365461847389	0.9257028112449799	0.3232931726907631	0.6726907630522089	0.3232931726907631	0.3895582329317269	0.4759036144578313	0.5020080321285141	0.7831325301204819	0.7871485943775101	1.0	0.012048192771084338	0.9497991967871486	0.8514056224899599	0.7289156626506024	0.6726907630522089	0.8253012048192772	0.6144578313253012	0.6365461847389559
457586	0.8142493638676844	0.455470737913486	0.7735368956743003	0.5241730279898219	0.6463104325699746	0.4173027989821883	0.4758269720101781	0.3486005089058524	0.9847328244274809	0.6106870229007634	0.7684478371501272	0.8676844783715013	0.0	0.544529262086514	1.0	0.3791348600508906	0.7531806615776081	0.712468193384224	0.0	0.4351145038167939	0.9821882951653944	0.6895674300254453	0.10178117048346055	1.0	0.7455470737913485	0.0	1.0	0.3842239185750636	0.8193384223918575
1383753	0.7653631284916201	0.1191806331471136	0.6033519553072626	0.7635009310986964	0.0	0.7821229050279329	0.47113594040968343	0.0	0.3221601489757914	0.0	0.4972067039106145	0.5121042830540037	0.40409683426443205	0.0	0.0670391061452514	0.0	0.6126629422718808	0.29608938547486036	0.2774674115456238	0.8379888268156425	0.819366852886406	0.27932960893854747	0.0	1.0	0.702048417132216	0.43575418994413406	0.9925512104283054	0.813780260707635	0.8472998137802608
1278919	0.33053221288515405	0.21008403361344538	0.0	0.19607843137254902	0.6526610644257703	0.9467787114845938	0.7535014005602241	0.45098039215686275	0.2689075630252101	0.0	0.0	0.453781512605042	0.0	0.0	0.42016806722689076	0.0	0.0	1.0	0.23809523809523808	0.876750700280112	0.8403361344537815	0.2857142857142857	0.21008403361344538	0.6526610644257703	0.37815126050420167	0.9971988795518207	0.7058823529411765	0.8263305322128851	0.6302521008403361
1401669	0.5019607843137255	0.7647058823529411	1.0	0.592156862745098	0.8862745098039215	0.0	0.6666666666666666	0.33725490196078434	0.7490196078431373	0.8392156862745098	0.592156862745098	0.8313725490196079	0.592156862745098	0.0	0.6745098039215687	0.5803921568627451	0.7803921568627451	0.0	0.0	0.34509803921568627	0.8431372549019608	0.788235294117647	0.30980392156862746	1.0	0.9607843137254902	0.0	0.28627450980392155	0.7176470588235294	0.49411764705882355
1401670	0.7440476190476191	1.0	0.5416666666666666	0.4494047619047619	0.36904761904761907	0.7410714285714286	0.9196428571428571	0.0	0.0	0.41964285714285715	0.0	0.8422619047619048	0.0	0.008928571428571428	0.39880952380952384	0.0	0.011904761904761904	0.0	0.0	1.0	1.0	0.7857142857142857	0.7976190476190477	0.6726190476190477	0.9107142857142857	0.9077380952380952	0.3958333333333333	0.17857142857142858	1.0
557019	0.8903508771929824	0.0	0.0	0.0	0.4517543859649123	0.22807017543859648	0.3201754385964912	0.11842105263157894	0.7894736842105263	0.3026315789473684	0.6578947368421053	0.0	0.0	0.0	1.0	0.42105263157894735	0.6140350877192983	1.0	0.0	0.0	1.0	0.30701754385964913	0.0	1.0	0.4692982456140351	1.0	0.868421052631579	0.0	0.6096491228070176
557022	0.34929078014184395	0.18085106382978725	0.0	0.38386524822695034	0.7145390070921985	0.2907801418439716	0.8351063829787234	0.46631205673758863	0.6418439716312057	0.01950354609929078	0.2828014184397163	0.26595744680851063	0.425531914893617	0.26773049645390073	0.526595744680851	0.0	0.17464539007092197	0.724290780141844	0.39273049645390073	0.848404255319149	0.7287234042553191	0.5159574468085106	0.10460992907801418	0.8980496453900709	0.3554964539007092	0.5966312056737588	0.8182624113475178	0.5062056737588653	0.4166666666666667
1525139	0.16333333333333333	0.6366666666666667	0.0	0.0	0.23	0.10666666666666667	0.36333333333333334	0.18333333333333332	0.0	0.9333333333333333	0.88	0.0	0.0	0.41	0.5133333333333333	1.0	0.75	0.0	0.59	0.7566666666666667	0.04666666666666667	0.0	0.67	0.7766666666666666	0.41	0.61	0.7766666666666666	0.6366666666666667	0.76
1525142	0.775894538606403	0.5329566854990584	0.3013182674199623	0.0	0.0	0.08097928436911488	0.15254237288135594	0.21468926553672316	0.711864406779661	0.047080979284369114	0.5235404896421846	0.32015065913371	0.0	0.4952919020715631	0.5612052730696798	0.1977401129943503	0.5480225988700564	0.2919020715630885	0.2749529190207156	0.9849340866290018	0.0	0.9623352165725048	0.8267419962335216	0.8041431261770244	0.559322033898305	0.8192090395480226	0.32015065913371	0.8587570621468926	1.0
1747000	1.0	0.0	1.0	0.6867816091954023	0.5287356321839081	0.3793103448275862	0.6293103448275862	0.7988505747126436	0.6695402298850575	0.0	0.8103448275862069	0.3045977011494253	0.0	0.11494252873563218	0.6551724137931034	0.7557471264367817	0.5057471264367817	0.5517241379310345	0.0	0.7097701149425287	0.1896551724137931	0.47988505747126436	0.5919540229885057	0.9080459770114943	0.7729885057471264	0.0	0.8706896551724138	0.3563218390804598	0.41954022988505746
1747001	0.7875166002656042	0.2948207171314741	0.3187250996015936	0.897742363877822	0.4302788844621514	0.3346613545816733	0.0	0.10624169986719788	0.5617529880478087	0.0	0.13678618857901725	0.6892430278884463	0.26162018592297476	0.5524568393094289	0.249667994687915	0.5883134130146083	0.46215139442231074	1.0	0.0	0.7184594953519257	0.5869853917662683	0.8419654714475432	0.43691899070385126	0.9867197875166003	0.7357237715803453	0.8911022576361222	0.7078353253652059	0.39575033200531207	0.8924302788844621
1747004	0.11481481481481481	0.0	0.9037037037037037	0.7296296296296296	0.8037037037037037	0.4444444444444444	1.0	1.0	1.0	0.0	0.0	1.0	0.0	0.9074074074074074	0.5555555555555556	0.7555555555555555	0.6074074074074074	0.3111111111111111	0.21851851851851853	0.8703703703703703	0.5	0.0	0.9481481481481482	0.6888888888888889	1.0	0.15925925925925927	1.0	0.8222222222222222	0.9555555555555556
557051	0.6772908366533864	0.4302788844621514	0.05046480743691899	0.21115537848605578	0.1593625498007968	0.7436918990703851	0.1699867197875166	0.7569721115537849	0.21779548472775564	0.40903054448871184	0.0	0.9176626826029216	0.0	0.6427622841965471	0.4913678618857902	0.4103585657370518	0.199203187250996	0.3054448871181939	0.6653386454183267	0.0	0.8671978751660027	0.6069057104913679	0.8021248339973439	0.6254980079681275	0.0	0.2682602921646746	0.8326693227091634	0.5896414342629482	0.9269588313413014
