key	WAM_ALR	WAM_CCR	WAM_IPI	WAM_MAR	WAM_MYS	WAM_PBL	WAM_PJN	WAM_PPR	WAM_PST	WAM_ROL	WAM_SCR	WAM_SGN	WAM_SIS	WAM_TWN	WAR_ALR	WAR_CCR	WAR_IPI	WAR_MAR	WAR_MYS	WAR_PBL	WAR_PJN	WAR_PPR	WAR_PSK	WAR_PST	WAR_RNW	WAR_ROL	WAR_SCR	WAR_SGL	WAR_SIS
1095392	0.6313559322033898	0.7853107344632768	0.7387005649717514	0.4576271186440678	0.5338983050847458	0.268361581920904	0.4152542372881356	0.519774011299435	0.7146892655367232	0.0014124293785310734	0.806497175141243	0.5	0.0	0.0	0.3954802259887006	0.9081920903954802	0.905367231638418	0.751412429378531	0.8870056497175142	0.8418079096045198	0.0	0.7161016949152542	0.6384180790960452	0.4138418079096045	0.9322033898305084	0.827683615819209	0.9745762711864406	0.559322033898305	0.7471751412429378
257099	0.5126582278481012	0.21308016877637131	0.9430379746835443	0.6371308016877637	0.31645569620253167	0.7805907172995781	0.4620253164556962	0.4620253164556962	0.3924050632911392	0.959915611814346	0.0	0.5907172995780591	0.0	0.8502109704641351	0.0	0.3881856540084388	0.8270042194092827	0.12869198312236288	0.8185654008438819	0.31645569620253167	1.0	0.9957805907172996	0.39662447257383965	0.679324894514768	0.4620253164556962	0.43037974683544306	1.0	0.8924050632911392	0.630801687763713
257100	0.773524720893142	0.9425837320574163	0.9712918660287081	0.21212121212121213	0.2679425837320574	0.7049441786283892	0.9617224880382775	1.0	0.7001594896331739	0.7974481658692185	0.47208931419457734	0.9744816586921851	0.0	0.5582137161084529	0.5247208931419458	1.0	0.9330143540669856	0.9346092503987241	1.0	0.6427432216905901	0.5917065390749602	0.7894736842105263	0.5980861244019139	1.0	1.0	1.0	0.8325358851674641	0.9282296650717703	0.886762360446571
1496293	0.6920077972709552	1.0	0.8713450292397661	0.7621832358674464	0.8713450292397661	0.6081871345029239	0.631578947368421	0.8421052631578947	0.9044834307992202	0.47953216374269003	0.44834307992202727	1.0	0.0	0.0	0.4678362573099415	1.0	1.0	0.8927875243664717	1.0	0.7621832358674464	0.7602339181286549	0.695906432748538	0.8245614035087719	0.29239766081871343	0.8927875243664717	0.6101364522417154	1.0	0.9122807017543859	0.7660818713450293
687338	0.8518518518518519	1.0	0.7508417508417509	0.25925925925925924	1.0	0.0	0.7306397306397306	0.6262626262626263	0.23232323232323232	0.5084175084175084	0.3367003367003367	0.7575757575757576	0.0	0.0	0.8686868686868687	0.8215488215488216	0.6026936026936027	0.40404040404040403	1.0	0.4882154882154882	0.6296296296296297	0.9158249158249159	1.0	0.5521885521885522	0.9730639730639731	1.0	1.0	0.6262626262626263	1.0
705134	1.0	0.3445121951219512	0.8414634146341463	0.5386178861788617	0.23577235772357724	0.3983739837398374	0.5050813008130082	0.8241869918699187	0.6199186991869918	0.6117886178861789	0.6991869918699187	0.9603658536585366	0.35772357723577236	0.39939024390243905	0.7032520325203252	0.7195121951219512	0.7865853658536586	0.766260162601626	0.7022357723577236	0.7835365853658537	0.782520325203252	0.7947154471544715	0.5660569105691057	0.4735772357723577	0.7713414634146342	0.47052845528455284	0.9928861788617886	0.6026422764227642	0.6991869918699187
383522	0.8126094570928196	0.6339754816112084	0.6438995913601868	0.5604203152364273	0.6217162872154116	0.5791009924109749	0.6287215411558669	0.5855224751897257	0.8021015761821366	0.4103911266783421	0.5166374781085814	0.5820198482194979	0.6433158201984822	0.08990075890251022	0.7530647985989493	0.9813193228254524	0.8365440747227088	0.6357267950963222	0.8937536485697607	0.7717454757734968	0.6544074722708698	1.0	0.4956217162872154	0.5995329830706363	0.6771745475773496	0.688849970811442	1.0	0.8884997081144191	0.7063631056625803
113439	0.0	0.0	0.8873873873873874	0.0	0.9324324324324325	0.0	0.6711711711711712	0.6756756756756757	0.8108108108108109	0.46846846846846846	0.8288288288288288	0.990990990990991	0.6711711711711712	0.15315315315315314	0.6801801801801802	0.9099099099099099	0.0	0.9099099099099099	0.6801801801801802	0.0	0.6711711711711712	0.7792792792792793	0.0	0.0	0.0	0.1891891891891892	0.35135135135135137	0.509009009009009	0.0
113440	0.6257668711656442	0.3067484662576687	1.0	0.8261758691206544	0.9815950920245399	0.9120654396728016	0.8834355828220859	0.8159509202453987	0.6012269938650306	0.7464212678936605	0.8179959100204499	0.8732106339468303	0.4274028629856851	0.9693251533742331	0.8670756646216768	0.8302658486707567	0.7995910020449898	0.83640081799591	0.8323108384458078	0.6196319018404908	0.9141104294478528	1.0	0.47443762781186094	0.47443762781186094	0.6155419222903885	1.0	1.0	0.9754601226993865	0.6646216768916156
113441	1.0	0.9517241379310345	0.7609195402298851	1.0	0.5586206896551724	1.0	1.0	0.7586206896551724	0.6367816091954023	0.6436781609195402	0.3563218390804598	0.5839080459770115	0.5264367816091954	0.8	0.5471264367816092	1.0	1.0	0.9195402298850575	1.0	0.896551724137931	0.9402298850574713	1.0	0.8183908045977012	0.9770114942528736	1.0	0.7379310344827587	0.9954022988505747	1.0	0.8229885057471265
727345	0.8790697674418605	0.8527131782945736	0.724031007751938	0.17519379844961241	0.8821705426356589	0.3798449612403101	0.8635658914728682	0.9751937984496124	1.0	0.24496124031007752	0.7534883720930232	0.6015503875968993	0.0	0.4666666666666667	0.4310077519379845	0.9069767441860465	0.7162790697674418	0.7209302325581395	0.9798449612403101	0.6728682170542636	0.7116279069767442	0.7922480620155039	0.8155038759689922	1.0	0.9612403100775194	0.8914728682170543	1.0	0.8651162790697674	0.0
173751	0.9178294573643411	0.3875968992248062	0.8201550387596899	0.7953488372093023	0.4046511627906977	0.7782945736434108	0.9674418604651163	0.8217054263565892	0.23410852713178296	0.24186046511627907	0.20310077519379846	0.6356589147286822	0.3333333333333333	0.0	0.8232558139534883	0.8325581395348837	0.1875968992248062	0.7147286821705426	0.6449612403100775	0.6155038759689923	1.0	0.6108527131782946	0.7906976744186046	0.4604651162790698	0.931782945736434	0.4325581395348837	0.7875968992248062	1.0	0.9395348837209302
173756	0.5543071161048689	0.0	0.7490636704119851	0.0	0.947565543071161	0.12734082397003746	0.9962546816479401	0.5655430711610487	1.0	0.5655430711610487	0.2209737827715356	1.0	0.0	0.7453183520599251	1.0	1.0	1.0	1.0	0.15355805243445692	1.0	0.6816479400749064	1.0	0.7790262172284644	0.8614232209737828	0.8426966292134831	0.6853932584269663	1.0	1.0	0.0
392734	0.391132224861441	0.9105304829770388	0.7973079968329374	0.7458432304038005	0.48139350752177357	0.601741884402217	0.7220902612826603	0.4742676167854315	0.5471100554235946	0.21298495645288995	0.3665874901029295	0.6904196357878069	0.44576405384006335	0.0	0.2034837688044339	0.6373713380839272	0.9160728424386382	0.5653206650831354	0.6603325415676959	0.78701504354711	0.5771971496437055	0.7561361836896279	0.931908155186065	0.33174980205859067	0.4615993665874901	0.7062549485352335	0.7719714964370546	0.41250989707046715	0.8471892319873318
1547328	0.8587140439932318	0.04230118443316413	0.7411167512690355	0.637901861252115	0.20558375634517767	0.32148900169204736	0.8705583756345178	0.5803722504230119	0.3079526226734349	0.8223350253807107	0.9247038917089678	0.8155668358714044	0.0	0.0	0.7148900169204738	0.8011844331641286	1.0	0.8883248730964467	0.8570219966159053	0.9695431472081218	0.43147208121827413	0.916243654822335	0.7284263959390863	0.6023688663282571	0.5304568527918782	0.7402707275803723	0.9568527918781726	0.7318104906937394	0.8824027072758037
574772	0.0	0.6488413547237076	0.0	0.0	0.0	0.49732620320855614	0.6755793226381461	0.012477718360071301	0.0	0.0	0.7522281639928698	1.0	0.0	0.0	0.0	0.9928698752228164	0.0962566844919786	0.9126559714795008	0.0	0.9590017825311943	0.5472370766488414	1.0	0.0	0.9590017825311943	0.9518716577540107	0.32798573975044565	0.8894830659536542	0.803921568627451	0.26916221033868093
574773	0.0	0.8390804597701149	0.0	0.0	0.0	0.7241379310344828	0.9080459770114943	0.6475095785440613	0.9157088122605364	0.0	1.0	1.0	0.0	0.0	0.0	1.0	0.7969348659003831	1.0	0.0	0.5938697318007663	1.0	1.0	0.0	1.0	1.0	0.44061302681992337	1.0	1.0	0.6743295019157088
574774	0.0	0.49444444444444446	0.25833333333333336	0.41805555555555557	0.1527777777777778	0.7583333333333333	0.2791666666666667	0.20833333333333334	0.45694444444444443	0.0	1.0	0.47638888888888886	0.0	0.0	0.41805555555555557	1.0	0.0	1.0	0.0	1.0	0.9375	1.0	0.825	0.9847222222222223	1.0	0.03333333333333333	1.0	0.5819444444444445	0.0875
574775	0.0	0.5494949494949495	0.0	0.8383838383838383	0.0	0.9595959595959596	0.9353535353535354	0.3878787878787879	0.5050505050505051	0.0	1.0	0.4404040404040404	0.0	0.0	0.0	1.0	0.0	0.8646464646464647	0.0	0.9090909090909091	0.802020202020202	1.0	0.0	0.5353535353535354	1.0	0.0	1.0	0.7777777777777778	0.0
574776	0.0	0.7014925373134329	0.0	0.2736318407960199	0.0	0.8623548922056384	0.2752902155887231	0.37645107794361526	0.8822553897180763	0.0	1.0	0.5406301824212272	0.0	0.0	0.0	1.0	0.0	1.0	0.0	1.0	0.9071310116086235	0.9651741293532339	0.0	1.0	0.956882255389718	0.0	1.0	0.7164179104477612	0.4461028192371476
574777	0.2127659574468085	0.774468085106383	0.03971631205673759	0.9234042553191489	0.0	0.275177304964539	0.2127659574468085	0.5106382978723404	0.6737588652482269	0.0	1.0	1.0	0.0	0.0	0.0	1.0	0.0	0.9588652482269504	0.19574468085106383	0.9744680851063829	0.8907801418439716	1.0	0.0	0.8907801418439716	0.8567375886524823	0.0	1.0	0.8198581560283688	0.0
574778	0.36923076923076925	0.5487179487179488	1.0	0.7333333333333333	0.0	0.07692307692307693	0.0	0.7692307692307693	0.39487179487179486	0.0	1.0	0.6871794871794872	0.0	0.0	0.0	1.0	0.0	1.0	0.6410256410256411	1.0	1.0	1.0	0.0	0.7743589743589744	0.9435897435897436	0.0	1.0	1.0	0.0
574781	0.050595238095238096	0.8720238095238095	0.0	0.6607142857142857	0.48214285714285715	0.0	0.7589285714285714	0.0	0.0	0.0	0.4583333333333333	0.8690476190476191	0.0	0.0	0.15476190476190477	1.0	0.0	1.0	0.0	1.0	0.9017857142857143	1.0	0.05952380952380952	1.0	0.9791666666666666	0.3482142857142857	1.0	0.9077380952380952	0.0
574782	1.0	0.7293233082706767	0.8270676691729323	0.19047619047619047	1.0	0.2907268170426065	1.0	0.7192982456140351	0.0	0.44360902255639095	0.0	1.0	0.0	0.0	0.8345864661654135	0.9273182957393483	0.9824561403508771	0.9523809523809523	0.16791979949874686	0.8446115288220551	0.8345864661654135	1.0	0.6766917293233082	0.7744360902255639	0.7543859649122807	1.0	1.0	1.0	0.9523809523809523
574785	0.4185606060606061	0.696969696969697	0.13825757575757575	0.375	0.7102272727272727	0.6174242424242424	0.2878787878787879	0.5946969696969697	0.8579545454545454	0.6401515151515151	0.0	0.8181818181818182	0.0	0.2840909090909091	0.6325757575757576	0.4810606060606061	0.7443181818181818	0.23106060606060605	1.0	0.8068181818181818	0.45265151515151514	1.0	0.0	0.45075757575757575	0.45075757575757575	0.696969696969697	1.0	0.7386363636363636	0.6742424242424242
574786	0.7974358974358975	1.0	0.882051282051282	0.5641025641025641	1.0	0.6692307692307692	0.3871794871794872	0.9051282051282051	0.3871794871794872	0.6666666666666666	0.0	0.6923076923076923	0.5871794871794872	0.9128205128205128	1.0	0.7794871794871795	0.6358974358974359	0.7435897435897436	0.6615384615384615	0.8897435897435897	1.0	0.9871794871794872	0.9692307692307692	0.4307692307692308	0.9025641025641026	0.9948717948717949	1.0	1.0	0.8025641025641026
574787	0.7388888888888889	0.8148148148148148	0.7648148148148148	0.6777777777777778	0.9648148148148148	0.412962962962963	0.7018518518518518	0.8870370370370371	0.65	0.4759259259259259	0.9185185185185185	0.9148148148148149	0.07592592592592592	0.053703703703703705	0.975925925925926	0.8833333333333333	0.9722222222222222	0.5018518518518519	0.9703703703703703	1.0	0.7944444444444444	1.0	0.2777777777777778	0.825925925925926	0.8759259259259259	0.8740740740740741	0.8703703703703703	0.9944444444444445	1.0
574793	0.9440389294403893	0.0	0.8102189781021898	0.7858880778588808	0.7518248175182481	0.8369829683698297	0.9172749391727494	0.8759124087591241	0.6472019464720195	0.0	0.8345498783454988	0.4744525547445255	0.0	0.8905109489051095	0.8345498783454988	0.5547445255474452	0.6666666666666666	1.0	1.0	1.0	0.878345498783455	1.0	1.0	0.0413625304136253	0.46472019464720193	1.0	1.0	0.46472019464720193	0.9002433090024331
574794	0.827217125382263	0.7900101936799184	0.8593272171253823	0.5815494393476045	0.7135575942915392	0.49184505606523954	0.9011213047910296	0.95361875637105	0.7833843017329256	0.3669724770642202	0.5779816513761468	0.7140672782874617	0.25891946992864423	0.11671763506625892	0.6065239551478083	0.7528032619775739	0.8863404689092762	0.762487257900102	0.9342507645259939	0.9663608562691132	0.8211009174311926	0.9072375127420998	0.7986748216106014	0.8878695208970439	0.7910295616717635	0.8521916411824668	0.9984709480122325	0.9887869520897044	0.5300713557594292
456946	0.06060606060606061	0.4025974025974026	0.6038961038961039	0.28354978354978355	0.5086580086580087	0.3051948051948052	0.09090909090909091	0.3593073593073593	0.21428571428571427	0.5909090909090909	0.0	0.6515151515151515	0.03463203463203463	0.06060606060606061	0.0	0.0	0.8614718614718615	0.487012987012987	0.6536796536796536	1.0	0.37445887445887444	0.2878787878787879	0.45670995670995673	0.010822510822510822	0.7922077922077922	0.8116883116883117	0.4393939393939394	0.0	0.0
456948	1.0	0.5703125	0.9140625	1.0	0.8098958333333334	0.6640625	0.9817708333333334	0.8697916666666666	1.0	0.7552083333333334	0.9427083333333334	1.0	0.4375	0.4713541666666667	0.7239583333333334	1.0	1.0	0.16927083333333334	0.5677083333333334	1.0	1.0	0.5234375	0.3854166666666667	1.0	1.0	0.9505208333333334	0.9348958333333334	0.7734375	0.984375
456949	0.6548004314994607	0.6138079827400216	0.7206040992448759	0.9406688241639698	0.9374325782092773	0.7357065803667745	0.8996763754045307	0.8576051779935275	0.6235167206040992	0.4703344120819849	0.9158576051779935	0.8176914778856527	0.26105717367853293	0.552319309600863	0.8586839266450917	0.9741100323624595	1.0	1.0	0.8220064724919094	0.9730312837108953	0.9331175836030206	0.8748651564185544	0.7259978425026968	0.7842502696871629	0.8867313915857605	0.924487594390507	1.0	0.8122977346278317	0.8392664509169363
1691139	1.0	0.9693877551020408	0.9489795918367347	0.0	0.2925170068027211	0.9863945578231292	0.7721088435374149	0.0	0.7142857142857143	0.013605442176870748	0.9285714285714286	0.6904761904761905	0.0	0.8979591836734694	0.18027210884353742	0.6360544217687075	0.8299319727891157	0.7142857142857143	0.782312925170068	0.9931972789115646	0.9251700680272109	0.608843537414966	0.9863945578231292	0.24489795918367346	0.8571428571428571	0.5136054421768708	0.8367346938775511	0.8571428571428571	0.1054421768707483
769039	1.0	0.45555555555555555	0.7425925925925926	0.8203703703703704	0.5537037037037037	0.5462962962962963	0.6351851851851852	0.9925925925925926	0.9444444444444444	0.5537037037037037	0.3814814814814815	0.5333333333333333	0.03518518518518519	0.6166666666666667	0.8851851851851852	1.0	0.8425925925925926	0.9944444444444445	0.6518518518518519	0.8666666666666667	0.8444444444444444	0.9185185185185185	0.4777777777777778	0.8388888888888889	0.6925925925925925	0.7722222222222223	1.0	0.9981481481481481	0.9777777777777777
234688	0.11553030303030302	0.0	0.6060606060606061	0.6477272727272727	0.5928030303030303	0.0	0.9734848484848485	0.6704545454545454	0.45454545454545453	0.946969696969697	0.44696969696969696	1.0	0.06439393939393939	0.0	0.4810606060606061	0.9810606060606061	0.6704545454545454	0.7651515151515151	0.803030303030303	0.8939393939393939	0.4640151515151515	0.9053030303030303	0.9526515151515151	0.6117424242424242	0.8541666666666666	0.8674242424242424	1.0	1.0	0.9242424242424242
