key	WAM_ALR	WAM_CCR	WAM_IPI	WAM_MAR	WAM_MYS	WAM_PBL	WAM_PJN	WAM_PPR	WAM_PST	WAM_ROL	WAM_SCR	WAM_SGN	WAM_SIS	WAM_TWN	WAR_ALR	WAR_CCR	WAR_IPI	WAR_MAR	WAR_MYS	WAR_PBL	WAR_PJN	WAR_PPR	WAR_PSK	WAR_PST	WAR_RNW	WAR_ROL	WAR_SCR	WAR_SGL	WAR_SIS
747404	0.0	1.078247261345853	0.0	2.1205007824726136	0.47104851330203446	0.7089201877934272	1.4287949921752738	1.1752738654147106	0.3474178403755869	0.0	0.23630672926447574	1.65414710485133	0.06416275430359937	6.953051643192488	0.0	1.4147104851330203	0.0	0.5915492957746479	0.8591549295774648	0.9420970266040689	0.7276995305164319	0.4538341158059468	0.47104851330203446	0.7089201877934272	2.5023474178403755	0.46635367762128327	0.9327073552425665	4.073552425665102	0.0
482305	0.0	0.0	0.0	0.0	0.0	0.817351598173516	0.1095890410958904	0.8127853881278538	0.0	0.0	0.0	0.0	0.0	2.5707762557077625	0.0	0.0	0.0	0.4474885844748858	0.3972602739726027	0.680365296803653	0.1872146118721461	0.0	0.0	0.0	1.36986301369863	0.0	0.0	0.0	0.0
482307	0.28171091445427726	0.2042772861356932	0.16224188790560473	1.3075221238938053	0.2205014749262537	0.9048672566371682	0.7330383480825958	0.8687315634218289	0.3333333333333333	0.0	0.44542772861356933	0.7551622418879056	0.0	2.8134218289085546	0.0	0.0029498525073746312	0.15855457227138642	0.8915929203539823	0.668141592920354	2.00811209439528	1.1091445427728615	0.556047197640118	0.3746312684365782	1.4941002949852507	0.9535398230088495	0.0	0.5376106194690266	1.9557522123893805	0.2920353982300885
482308	0.0	0.6688888888888889	0.17333333333333334	2.7377777777777776	0.0	1.5866666666666667	0.7311111111111112	1.2355555555555555	0.0	0.0	0.0	0.33555555555555555	0.0	2.933333333333333	0.0	1.9933333333333334	0.0	0.7022222222222222	0.6711111111111111	0.47333333333333333	1.228888888888889	0.0	0.6688888888888889	1.0422222222222222	2.037777777777778	0.0	1.7066666666666668	1.728888888888889	0.33555555555555555
1398506	0.2127659574468085	0.42836879432624114	0.0	1.550354609929078	0.0	2.2581560283687945	0.8808510638297873	0.45673758865248226	0.0	0.0	1.2765957446808511	0.0	0.0	2.4553191489361703	0.0	0.6397163120567376	0.0	0.7290780141843972	0.0	1.4978723404255319	1.0354609929078014	0.8964539007092198	0.0	0.9574468085106383	1.3446808510638297	0.0	1.7120567375886524	3.998581560283688	0.0
1398507	0.0	1.1904761904761905	0.0	3.265873015873016	0.0	2.015873015873016	2.261904761904762	0.49603174603174605	1.1944444444444444	0.0	0.0	0.3253968253968254	0.0	4.337301587301587	0.0	0.0	0.0	2.0753968253968256	0.5992063492063492	3.0753968253968256	0.0	0.47619047619047616	0.0	3.0992063492063493	1.003968253968254	0.0	2.0992063492063493	0.9722222222222222	0.0
1398509	0.0	0.48792270531400966	0.0	0.0	1.0144927536231885	0.0	0.11594202898550725	0.0	0.0	0.0	0.0	0.0	0.0	0.9468599033816425	0.0	0.0	0.10144927536231885	0.8888888888888888	0.0	0.7198067632850241	0.391304347826087	0.0	0.0	0.0	0.0	1.1497584541062802	1.1594202898550725	0.2898550724637681	0.0
252353	0.0	0.0	0.0	1.0751633986928104	0.2549019607843137	0.3137254901960784	0.4934640522875817	0.0	0.0	0.0	0.0	0.6111111111111112	0.0	4.3202614379084965	0.0	0.7483660130718954	0.4934640522875817	1.3594771241830066	0.0	0.20588235294117646	0.0	0.06209150326797386	0.5686274509803921	0.0	0.40522875816993464	0.0	1.2875816993464053	0.6470588235294118	0.9869281045751634
1016972	1.082437275985663	0.18996415770609318	0.27060931899641577	0.5412186379928315	0.0	0.0	0.26881720430107525	1.5268817204301075	0.2867383512544803	0.0	0.0	0.0	0.0	1.1971326164874552	0.0	1.6738351254480286	0.503584229390681	0.0	0.0	1.3440860215053763	0.0	0.0	0.5394265232974911	0.02867383512544803	0.13261648745519714	0.0	0.3870967741935484	0.0	0.0
591313	0.0	0.0	0.3875968992248062	1.9354005167958657	0.6459948320413437	0.4909560723514212	0.002583979328165375	1.9767441860465116	0.0	0.0	0.0	0.0	0.0	2.896640826873385	0.0	0.0	0.6770025839793282	0.5038759689922481	0.4599483204134367	1.6925064599483204	1.1705426356589148	0.7777777777777778	0.10852713178294573	0.2351421188630491	1.1162790697674418	0.0	1.1369509043927648	0.979328165374677	0.0
591314	0.0	0.18032786885245902	0.0	2.6885245901639343	1.2704918032786885	0.8797814207650273	0.7459016393442623	0.3907103825136612	0.7595628415300546	0.0	0.0	0.0	0.0	4.467213114754099	0.0	0.0	0.0	1.7513661202185793	0.0	1.3797814207650274	0.9234972677595629	2.478142076502732	1.1639344262295082	0.3114754098360656	2.740437158469945	0.04644808743169399	1.6721311475409837	2.7540983606557377	0.0
591316	0.0	0.684931506849315	0.0	1.2146118721461188	0.0	1.817351598173516	0.5296803652968036	0.7442922374429224	0.0319634703196347	0.0	0.0	1.1278538812785388	0.0	1.7031963470319635	0.0	0.8082191780821918	0.0	0.4383561643835616	0.0	0.0	0.6484018264840182	0.3789954337899543	0.0	0.8310502283105022	0.2922374429223744	0.3150684931506849	1.0365296803652968	1.6803652968036529	0.0
1059067	0.8509803921568627	0.0	0.0	0.807843137254902	1.4901960784313726	0.0	1.4352941176470588	0.1803921568627451	0.0	0.0	0.0	1.3058823529411765	0.0	2.5843137254901962	0.6	0.0	0.0	0.0	0.0	0.0	0.0	0.592156862745098	0.0	2.368627450980392	0.5803921568627451	0.0	0.0	0.0784313725490196	0.592156862745098
1116483	0.0	0.7852906287069988	0.2597864768683274	1.0747330960854093	1.3274021352313168	0.3155397390272835	0.36298932384341637	0.3570581257413998	0.0	0.0	0.8386714116251482	1.0830367734282325	0.3570581257413998	7.708185053380783	0.0	0.3570581257413998	0.6737841043890866	0.24673784104389088	0.5373665480427047	1.5539739027283512	0.002372479240806643	1.0688018979833926	0.5361803084223014	0.17912218268090155	0.608540925266904	0.3570581257413998	1.833926453143535	1.4673784104389087	0.20759193357058126
1116484	0.0	0.7777777777777778	2.0258397932816536	1.8113695090439277	0.4625322997416021	1.702842377260982	2.3669250645994833	1.6046511627906976	0.0	0.0	0.0	1.2248062015503876	0.0	9.276485788113694	0.6770025839793282	0.0	0.0	1.4108527131782946	0.2351421188630491	1.6537467700258397	0.45478036175710596	0.0	0.0	0.537467700258398	0.14470284237726097	0.0	1.5064599483204135	0.6511627906976745	0.0
1116485	0.0	0.07333333333333333	0.8822222222222222	1.22	1.3733333333333333	3.6044444444444443	0.6244444444444445	1.9622222222222223	0.0	0.0	0.6311111111111111	0.0	0.0	11.186666666666667	0.6688888888888889	0.04666666666666667	0.6688888888888889	2.4955555555555557	0.0	1.6111111111111112	0.0	0.0	0.0	0.6888888888888889	2.6333333333333333	0.0	0.28888888888888886	3.98	0.0
1205994	0.31452455590386624	0.0	0.3155694879832811	0.7857889237199582	0.4702194357366771	0.5642633228840125	0.6280041797283177	1.4117032392894462	0.034482758620689655	0.0	0.0	0.15569487983281086	0.0	4.100313479623824	0.0	0.0	0.0	1.0564263322884013	0.31347962382445144	1.2549634273772206	0.0	0.31347962382445144	0.15464994775339602	0.0	1.0794148380355277	0.3155694879832811	0.5862068965517241	0.6290491118077325	0.0
1638532	0.0	1.8997584541062802	0.36231884057971014	0.8454106280193237	0.15579710144927536	1.4057971014492754	1.396135265700483	0.8683574879227053	0.751207729468599	0.36231884057971014	0.0	0.0	0.0	3.4516908212560384	0.0	1.0929951690821256	0.0	2.356280193236715	0.06642512077294686	0.9927536231884058	0.9975845410628019	0.5181159420289855	0.10628019323671498	0.967391304347826	1.9927536231884058	0.7053140096618358	0.9106280193236715	1.2681159420289856	0.8115942028985508
1638533	0.0	0.16923076923076924	0.0	0.7692307692307693	0.0	0.38461538461538464	1.0179487179487179	1.1666666666666667	0.7076923076923077	0.0	0.0	0.0	0.0	1.5153846153846153	0.0	0.0	0.0	0.0	0.0	0.8384615384615385	0.07692307692307693	1.0179487179487179	0.0	0.8	0.0	0.0	1.1564102564102565	1.541025641025641	0.0
1416578	0.0	2.453074433656958	0.9741100323624595	0.6957928802588996	1.0938511326860842	0.4174757281553398	0.511326860841424	0.0	0.0	0.0	0.0	0.0	0.0	5.391585760517799	0.0	0.0	0.0	1.8122977346278317	0.0	1.7055016181229774	0.5631067961165048	0.0	0.0	3.401294498381877	1.86084142394822	0.0	1.7378640776699028	0.9741100323624595	0.0
1416579	0.0	1.8031746031746032	0.4777777777777778	0.8492063492063492	1.6031746031746033	1.1476190476190475	1.565079365079365	0.14444444444444443	0.4746031746031746	0.47619047619047616	0.0	0.0	0.0	5.9222222222222225	0.0	0.719047619047619	0.0	1.53015873015873	0.4793650793650794	1.2555555555555555	0.43333333333333335	0.4158730158730159	0.23809523809523808	1.326984126984127	2.1777777777777776	0.0	1.5317460317460319	1.6507936507936507	0.0
1416580	0.0	0.36704119850187267	0.0	1.692883895131086	0.5655430711610487	0.6423220973782772	1.4775280898876404	0.951310861423221	0.0	0.0	0.0	0.0	0.0	2.3876404494382024	0.0	1.1310861423220975	0.0	1.5411985018726593	0.27902621722846443	1.6629213483146068	0.0	0.06741573033707865	0.0	0.9400749063670412	0.8164794007490637	0.0	1.1273408239700375	0.5617977528089888	0.0
1052600	0.0	0.0	0.1276595744680851	1.6560283687943262	0.0	1.0638297872340425	0.5354609929078015	1.6028368794326242	0.0	0.0	0.0	1.826241134751773	0.0	4.698581560283688	0.0	0.46099290780141844	0.5354609929078015	1.6028368794326242	0.5319148936170213	0.574468085106383	0.0	0.5319148936170213	0.5780141843971631	1.4113475177304964	1.5177304964539007	0.0	1.5780141843971631	4.531914893617022	0.9822695035460993
1052598	0.0	0.42836879432624114	0.2127659574468085	1.0964539007092198	0.19432624113475178	2.1347517730496453	0.8439716312056738	1.926241134751773	0.6794326241134752	0.0028368794326241137	0.0	1.6198581560283687	0.0	6.822695035460993	0.4269503546099291	0.3971631205673759	0.4269503546099291	1.0680851063829788	0.42836879432624114	0.4368794326241135	0.0	0.5815602836879432	0.0	2.573049645390071	1.4893617021276595	0.0	0.0	1.4950354609929077	0.0
1052599	0.0	0.0	0.23558897243107768	0.5714285714285714	0.40601503759398494	0.506265664160401	0.40100250626566414	0.7518796992481203	1.4486215538847118	0.7543859649122807	0.0	0.9147869674185464	0.0	12.676691729323307	0.0	1.93734335839599	0.0	1.887218045112782	0.0	3.2581453634085213	0.7568922305764411	3.1353383458646618	0.24561403508771928	1.4711779448621554	1.912280701754386	0.0	1.7894736842105263	2.3709273182957395	0.012531328320802004
341189	0.0	0.7769953051643192	0.0	2.687793427230047	1.4812206572769953	0.0	0.0	1.4295774647887325	0.0	0.0	0.0	1.3779342723004695	0.0	1.5187793427230047	0.0	0.0	0.0	0.3544600938967136	0.2511737089201878	0.2863849765258216	0.7018779342723005	0.0	2.2417840375586855	0.29107981220657275	0.1572769953051643	0.0	0.8427230046948356	1.7089201877934272	0.0
3272	0.0	1.275462962962963	0.6990740740740741	1.0486111111111112	0.3101851851851852	2.0949074074074074	0.0	0.4976851851851852	1.2662037037037037	0.0	0.0	0.6689814814814815	0.0	0.9513888888888888	0.0	0.9722222222222222	0.6990740740740741	0.16898148148148148	0.6944444444444444	1.1481481481481481	1.9884259259259258	0.0	0.0	0.8634259259259259	0.9606481481481481	0.0	2.2430555555555554	1.7430555555555556	0.0
3273	0.0	2.213888888888889	0.41944444444444445	0.6055555555555555	0.0	0.41944444444444445	0.0	1.1972222222222222	0.09444444444444444	0.0	0.0	0.55	0.0	2.897222222222222	0.0	0.9833333333333333	0.41944444444444445	1.7805555555555554	0.0	2.4916666666666667	1.1444444444444444	0.0	0.0	0.15555555555555556	3.0277777777777777	1.125	2.4194444444444443	0.19722222222222222	1.55
