key	WAM_ALR	WAM_CCR	WAM_IPI	WAM_MAR	WAM_MYS	WAM_PBL	WAM_PJN	WAM_PPR	WAM_PST	WAM_ROL	WAM_SCR	WAM_SGN	WAM_SIS	WAM_TWN	WAR_ALR	WAR_CCR	WAR_IPI	WAR_MAR	WAR_MYS	WAR_PBL	WAR_PJN	WAR_PPR	WAR_PSK	WAR_PST	WAR_RNW	WAR_ROL	WAR_SCR	WAR_SGL	WAR_SIS
1098000	18.34320987654321	12.180246913580246	9.234567901234568	7.098765432098766	3.6839506172839505	3.0197530864197533	12.28641975308642	4.451851851851852	8.676543209876543	7.4641975308641975	9.71111111111111	6.730864197530864	1.9753086419753085	0.745679012345679	12.439506172839506	15.424691358024692	8.925925925925926	11.837037037037037	6.985185185185185	14.777777777777779	12.624691358024691	10.866666666666667	8.535802469135803	18.446913580246914	12.88888888888889	11.167901234567902	18.214814814814815	14.056790123456791	11.395061728395062
1123898	17.732656514382402	11.97715736040609	7.480541455160744	10.975465313028765	5.016920473773266	5.692893401015229	18.369712351945854	8.72419627749577	13.604906937394247	12.296954314720812	14.87140439932318	13.37140439932318	6.965313028764806	1.4196277495769882	14.266497461928934	15.385786802030458	8.714890016920474	19.14213197969543	7.50761421319797	16.620135363790187	19.12098138747885	18.911167512690355	7.893401015228426	29.115059221658207	13.01269035532995	23.782571912013537	21.989001692047378	14.687817258883248	15.728426395939087
894317	9.729857819905213	6.072669826224328	5.23696682464455	5.957345971563981	2.0552922590837284	2.4960505529225907	7.541864139020537	2.883096366508689	3.203791469194313	3.1800947867298577	9.652448657187994	7.014218009478673	2.132701421800948	0.7551342812006319	10.036334913112164	7.739336492890995	5.274881516587678	13.11216429699842	3.712480252764613	7.442338072669826	10.484992101105846	13.480252764612954	7.235387045813586	8.816745655608214	6.287519747235387	11.616113744075829	18.933649289099527	8.696682464454977	10.703001579778832
894318	20.458333333333332	13.541666666666666	10.560897435897436	16.625	3.125	6.897435897435898	24.278846153846153	10.314102564102564	10.78525641025641	8.041666666666666	20.923076923076923	16.903846153846153	4.9743589743589745	2.926282051282051	21.60576923076923	10.076923076923077	4.403846153846154	20.80448717948718	9.012820512820513	21.371794871794872	24.615384615384617	30.451923076923077	12.689102564102564	27.983974358974358	15.487179487179487	22.182692307692307	36.0224358974359	13.570512820512821	24.753205128205128
894321	24.982905982905983	13.615384615384615	10.356837606837606	16.442307692307693	4.617521367521367	5.198717948717949	24.512820512820515	7.004273504273504	16.28846153846154	15.297008547008547	20.049145299145298	12.844017094017094	4.166666666666667	2.3311965811965814	12.688034188034187	15.846153846153847	9.371794871794872	25.262820512820515	6.997863247863248	18.728632478632477	22.905982905982906	28.886752136752136	12.217948717948717	16.164529914529915	13.237179487179487	27.08974358974359	32.664529914529915	24.9017094017094	17.057692307692307
894322	21.132791327913278	14.205962059620596	9.322493224932249	17.604336043360433	3.8807588075880757	4.829268292682927	23.495934959349594	10.826558265582657	13.853658536585366	9.035230352303524	18.883468834688347	16.56368563685637	4.956639566395664	5.059620596205962	20.037940379403793	14.070460704607045	6.493224932249323	27.21951219512195	5.094850948509485	14.224932249322492	24.289972899728998	22.848238482384822	17.067750677506776	23.710027100271002	23.73712737127371	15.826558265582657	33.68563685636856	22.934959349593495	16.523035230352303
894327	23.46579330422125	14.967976710334788	9.486171761280932	11.564774381368268	4.132459970887918	6.874818049490538	18.759825327510917	10.941775836972344	12.605531295487628	10.171761280931587	19.117903930131003	18.270742358078603	4.9723435225618635	2.2998544395924307	16.516739446870453	18.61572052401747	9.491994177583697	20.12663755458515	8.678311499272198	22.292576419213972	24.828238719068413	25.50655021834061	13.487627365356623	29.694323144104803	13.924308588064047	29.770014556040756	24.551673944687046	17.90684133915575	17.323144104803493
894330	18.026402640264028	9.534653465346535	7.425742574257426	11.422442244224422	2.537953795379538	5.161716171617162	12.455445544554456	4.924092409240924	12.986798679867986	13.448844884488448	11.94059405940594	21.943894389438945	5.422442244224422	1.5016501650165017	10.828382838283828	23.287128712871286	6.597359735973598	24.511551155115512	7.861386138613861	7.534653465346534	17.858085808580856	18.72937293729373	7.693069306930693	21.937293729372936	8.191419141914192	21.673267326732674	24.07920792079208	16.95049504950495	9.498349834983498
937930	9.659356725146198	6.75	6.530701754385965	3.780701754385965	4.312865497076023	2.1096491228070176	10.817251461988304	6.614035087719298	7.808479532163743	9.596491228070175	7.324561403508772	7.345029239766082	4.861111111111111	1.0994152046783625	7.538011695906433	10.767543859649123	4.52046783625731	10.115497076023392	7.614035087719298	6.68859649122807	15.381578947368421	15.29093567251462	5.396198830409356	18.70906432748538	6.767543859649122	11.157894736842104	13.631578947368421	6.64766081871345	9.691520467836257
1264608	20.71875	9.052083333333334	8.85763888888889	10.243055555555555	5.902777777777778	3.8680555555555554	14.770833333333334	14.82986111111111	10.809027777777779	10.180555555555555	11.850694444444445	16.822916666666668	4.21875	4.565972222222222	17.67013888888889	18.14236111111111	7.888888888888889	26.104166666666668	8.003472222222221	17.02777777777778	23.493055555555557	22.15277777777778	8.28125	30.26388888888889	9.868055555555555	14.677083333333334	33.03472222222222	13.76388888888889	18.385416666666668
1264609	23.55275779376499	12.515587529976019	9.884892086330936	17.996402877697843	5.39568345323741	6.695443645083933	20.06474820143885	11.252997601918466	13.601918465227818	13.515587529976019	17.93525179856115	15.136690647482014	6.106714628297362	3.342925659472422	23.96282973621103	16.206235011990408	11.82853717026379	21.80335731414868	8.569544364508394	16.68345323741007	25.534772182254198	24.483213429256594	13.06115107913669	29.335731414868107	13.971223021582734	22.140287769784173	29.202637889688248	20.689448441247002	18.390887290167864
1264610	17.022727272727273	8.113636363636363	8.420454545454545	14.526515151515152	2.0833333333333335	6.287878787878788	25.681818181818183	13.401515151515152	11.511363636363637	21.310606060606062	9.681818181818182	19.84090909090909	3.731060606060606	3.1742424242424243	23.564393939393938	18.71969696969697	7.734848484848484	19.03409090909091	5.950757575757576	17.026515151515152	25.41287878787879	24.174242424242426	11.412878787878787	28.386363636363637	14.852272727272727	28.24621212121212	29.87121212121212	21.083333333333332	16.859848484848484
1264611	17.020114942528735	9.126436781609195	5.359195402298851	16.146551724137932	2.956896551724138	5.813218390804598	19.767241379310345	8.35632183908046	12.545977011494253	12.709770114942529	12.158045977011493	14.548850574712644	8.408045977011493	1.6666666666666667	15.439655172413794	19.520114942528735	9.201149425287356	23.873563218390803	8.563218390804598	17.333333333333332	19.936781609195403	21.011494252873565	6.557471264367816	32.02298850574713	10.451149425287356	19.551724137931036	30.160919540229884	15.224137931034482	12.905172413793103
1264612	16.993333333333332	7.842222222222222	3.1055555555555556	9.493333333333334	2.1633333333333336	5.2844444444444445	15.431111111111111	10.373333333333333	13.14	9.95888888888889	14.014444444444445	15.314444444444444	3.0366666666666666	1.6266666666666667	12.585555555555555	16.656666666666666	7.58	17.036666666666665	4.6755555555555555	17.302222222222223	20.874444444444446	21.34777777777778	7.917777777777777	22.97111111111111	12.588888888888889	14.292222222222222	21.37	12.123333333333333	12.543333333333333
1264613	17.285024154589372	5.584541062801932	4.386473429951691	8.652173913043478	1.8719806763285025	6.352657004830918	12.367149758454106	7.041062801932367	13.582125603864734	11.391304347826088	16.40096618357488	11.845410628019323	2.2971014492753623	2.140096618357488	7.893719806763285	12.871980676328503	5.3478260869565215	19.659420289855074	6.7898550724637685	19.60144927536232	16.22463768115942	18.519323671497585	7.1980676328502415	18.915458937198068	11.830917874396135	15.490338164251208	30.666666666666668	7.101449275362318	9.85024154589372
1264614	13.72300469483568	5.52112676056338	3.539906103286385	4.164319248826291	0.0	2.896713615023474	8.488262910798122	2.9859154929577465	9.35680751173709	6.896713615023474	10.366197183098592	12.741784037558686	1.812206572769953	2.483568075117371	14.300469483568076	7.915492957746479	5.248826291079812	16.633802816901408	5.685446009389671	16.572769953051644	15.741784037558686	13.431924882629108	4.028169014084507	19.314553990610328	4.098591549295775	12.230046948356808	22.535211267605632	13.605633802816902	11.460093896713616
1264615	14.234848484848484	5.450757575757576	3.128787878787879	8.632575757575758	0.07954545454545454	5.3143939393939394	12.272727272727273	6.049242424242424	9.632575757575758	5.2727272727272725	12.011363636363637	7.356060606060606	3.6856060606060606	2.2765151515151514	10.030303030303031	17.46590909090909	3.9053030303030303	21.541666666666668	5.965909090909091	18.007575757575758	28.03787878787879	19.318181818181817	4.920454545454546	22.647727272727273	6.458333333333333	16.083333333333332	24.439393939393938	13.030303030303031	15.242424242424242
1264616	11.138211382113822	10.796747967479675	7.279132791327913	13.254742547425474	2.4688346883468837	2.956639566395664	14.043360433604336	4.536585365853658	11.628726287262873	9.531165311653117	12.558265582655826	7.124661246612466	4.693766937669377	2.8292682926829267	13.032520325203253	12.065040650406504	6.67479674796748	14.422764227642276	4.6802168021680215	11.658536585365853	18.680216802168022	22.336043360433603	9.4579945799458	18.32520325203252	11.084010840108402	19.588075880758808	21.59620596205962	16.89159891598916	15.934959349593496
1264617	15.805280528052805	10.726072607260726	7.792079207920792	15.521452145214521	3.277227722772277	7.32013201320132	11.884488448844884	5.099009900990099	10.099009900990099	9.716171617161717	19.900990099009903	15.544554455445544	4.600660066006601	2.165016501650165	7.326732673267327	14.788778877887788	10.603960396039604	18.316831683168317	9.24092409240924	15.478547854785479	15.099009900990099	23.471947194719473	13.145214521452145	20.21122112211221	11.310231023102311	19.29042904290429	23.455445544554454	14.709570957095709	23.283828382838283
1264618	18.93040293040293	11.047619047619047	8.402930402930403	15.19047619047619	4.6098901098901095	9.448717948717949	13.56959706959707	9.023809523809524	15.172161172161172	12.368131868131869	15.02014652014652	15.382783882783883	5.131868131868132	1.1556776556776556	11.611721611721611	17.34065934065934	9.49084249084249	21.94139194139194	7.010989010989011	15.886446886446887	19.54945054945055	20.476190476190474	10.021978021978022	26.424908424908423	14.415750915750916	24.772893772893774	23.336996336996336	23.142857142857142	20.41025641025641
1264620	11.68421052631579	8.117794486215539	2.045112781954887	6.917293233082707	2.338345864661654	4.162907268170426	13.491228070175438	4.586466165413534	6.43609022556391	5.102756892230577	10.63408521303258	6.275689223057644	3.1052631578947367	2.4661654135338344	10.416040100250626	9.275689223057643	6.072681704260652	13.027568922305765	3.674185463659148	10.822055137844611	11.197994987468672	14.12280701754386	5.503759398496241	11.824561403508772	8.917293233082706	12.18295739348371	8.238095238095237	6.203007518796992	4.548872180451128
1264621	6.405797101449275	5.184782608695652	4.0851449275362315	8.08876811594203	2.954710144927536	2.2409420289855073	11.57427536231884	4.88768115942029	6.869565217391305	3.6793478260869565	7.065217391304348	6.657608695652174	4.079710144927536	3.1503623188405796	7.4148550724637685	6.311594202898551	2.282608695652174	14.266304347826088	5.806159420289855	9.590579710144928	10.067028985507246	12.818840579710145	4.8478260869565215	12.432971014492754	6.226449275362318	14.625	9.125	9.590579710144928	7.019927536231884
1264622	6.560344827586207	3.3563218390804597	3.0833333333333335	9.89655172413793	0.1896551724137931	1.3591954022988506	5.258620689655173	3.721264367816092	6.778735632183908	3.031609195402299	1.5086206896551724	4.485632183908046	1.4885057471264367	0.22126436781609196	5.471264367816092	9.649425287356323	2.7758620689655173	9.816091954022989	2.6206896551724137	5.163793103448276	5.278735632183908	9.528735632183908	2.5833333333333335	8.566091954022989	3.0948275862068964	4.652298850574713	4.637931034482759	5.511494252873563	7.5344827586206895
1264625	11.124444444444444	7.208888888888889	4.16	9.906666666666666	1.6088888888888888	4.026666666666666	14.246666666666666	7.017777777777778	13.92	11.155555555555555	11.726666666666667	9.964444444444444	6.22	2.66	9.94	11.973333333333333	10.002222222222223	14.222222222222221	7.22	13.915555555555555	11.64	16.72888888888889	5.742222222222222	18.86888888888889	7.591111111111111	21.877777777777776	17.95111111111111	8.26	10.217777777777778
1264626	18.411719939117198	9.648401826484019	5.750380517503805	14.033485540334855	3.423896499238965	3.5403348554033487	16.04718417047184	8.17503805175038	11.855403348554033	10.876712328767123	16.640030441400306	13.655251141552512	6.5738203957382035	1.8797564687975648	15.078386605783866	14.460426179604262	9.872146118721462	16.684931506849313	7.889649923896499	18.21993911719939	16.991628614916287	21.875951293759513	9.471841704718416	22.698630136986303	7.416286149162861	23.91780821917808	25.472602739726028	15.009132420091325	17.503805175038053
1264627	14.4349376114082	7.057040998217468	5.048128342245989	10.294117647058824	2.9215686274509802	5.994652406417113	17.814616755793228	6.1319073083778965	10.563279857397504	6.623885918003565	16.062388591800357	8.14795008912656	5.146167557932264	3.4010695187165774	11.229946524064172	14.221033868092691	7.777183600713013	14.989304812834225	6.793226381461675	11.153297682709447	15.438502673796792	20.14795008912656	10.946524064171124	19.732620320855617	9.563279857397504	14.319073083778965	25.08199643493761	9.55258467023173	12.623885918003564
1264629	18.072222222222223	14.677777777777777	2.2055555555555557	11.11111111111111	1.8055555555555556	6.722222222222222	18.072222222222223	7.794444444444444	12.96111111111111	11.63888888888889	12.277777777777779	16.477777777777778	6.533333333333333	2.2777777777777777	9.977777777777778	11.916666666666666	12.05	16.605555555555554	11.194444444444445	13.616666666666667	17.594444444444445	19.394444444444446	15.405555555555555	21.144444444444446	14.45	13.738888888888889	18.77777777777778	17.005555555555556	16.583333333333332
1264631	13.328042328042327	8.103174603174603	6.732804232804233	7.595238095238095	3.6587301587301586	3.060846560846561	14.301587301587302	4.113756613756614	9.378306878306878	5.891534391534392	9.896825396825397	11.214285714285714	1.8386243386243386	2.1455026455026456	7.105820105820106	16.04232804232804	7.878306878306878	9.52116402116402	11.468253968253968	9.764550264550264	14.05026455026455	13.420634920634921	8.283068783068783	15.502645502645503	11.288359788359788	17.272486772486772	24.055555555555557	12.58994708994709	10.248677248677248
1264633	16.55185185185185	9.35	8.327777777777778	12.705555555555556	2.4092592592592594	7.470370370370371	18.05185185185185	6.5055555555555555	11.601851851851851	11.02037037037037	18.316666666666666	10.048148148148147	4.955555555555556	1.3925925925925926	8.41851851851852	18.003703703703703	10.766666666666667	15.781481481481482	10.131481481481481	18.444444444444443	18.28148148148148	16.014814814814816	7.107407407407408	24.831481481481482	10.501851851851852	19.868518518518517	20.477777777777778	18.52962962962963	17.425925925925927
1264606	12.28544061302682	10.080459770114942	3.9118773946360155	14.090038314176246	2.5632183908045976	3.9310344827586206	13.88888888888889	4.724137931034483	6.086206896551724	4.735632183908046	6.902298850574713	6.599616858237548	2.3486590038314175	1.5191570881226053	13.423371647509578	14.67816091954023	6.314176245210728	11.616858237547893	4.291187739463601	11.375478927203066	13.193486590038313	13.74712643678161	5.630268199233717	14.235632183908047	6.844827586206897	11.81800766283525	15.948275862068966	9.994252873563218	16.042145593869733
1264607	19.210950080515296	9.768115942028986	4.882447665056361	8.85024154589372	2.9919484702093397	5.745571658615137	17.576489533011273	6.455716586151369	9.92914653784219	12.309178743961352	13.70048309178744	11.012882447665056	4.449275362318841	1.892109500805153	14.711755233494364	19.167471819645733	8.43317230273752	19.647342995169083	8.35426731078905	16.729468599033815	28.595813204508858	21.95169082125604	7.789049919484702	28.513687600644122	8.043478260869565	19.18035426731079	23.9194847020934	14.855072463768115	13.885668276972625
367022	3.835978835978836	5.317460317460317	1.052910052910053	2.2962962962962963	2.505291005291005	2.1904761904761907	12.328042328042327	1.5952380952380953	4.632275132275132	3.857142857142857	6.044973544973545	3.5185185185185186	0.3862433862433862	0.0	4.809523809523809	6.420634920634921	5.941798941798941	9.722222222222221	2.002645502645503	8.457671957671957	6.560846560846561	4.8201058201058204	4.272486772486772	10.576719576719576	4.317460317460317	4.0	7.092592592592593	2.1296296296296298	6.828042328042328
367028	8.342105263157896	11.587719298245615	6.228070175438597	5.12280701754386	3.745614035087719	6.162280701754386	9.675438596491228	6.293859649122807	6.3201754385964914	8.12280701754386	8.921052631578947	6.859649122807017	3.236842105263158	0.0	6.894736842105263	16.92105263157895	7.035087719298246	16.587719298245613	1.530701754385965	14.039473684210526	10.478070175438596	21.24122807017544	6.293859649122807	12.232456140350877	9.596491228070175	9.719298245614034	13.267543859649123	12.460526315789474	15.548245614035087
210454	28.081439393939394	13.077651515151516	12.808712121212121	18.018939393939394	7.973484848484849	11.583333333333334	35.15530303030303	15.490530303030303	21.435606060606062	15.160984848484848	26.522727272727273	22.026515151515152	5.464015151515151	4.348484848484849	21.325757575757574	28.333333333333332	15.861742424242424	33.80113636363637	11.962121212121213	35.40909090909091	32.020833333333336	45.946969696969695	17.94128787878788	34.97727272727273	18.65909090909091	37.52462121212121	35.89962121212121	28.18371212121212	31.835227272727273
210451	18.132589838909542	14.956629491945478	6.884758364312268	11.612143742255267	5.4684014869888475	6.247831474597274	18.954151177199503	8.386617100371748	14.146220570012392	8.961586121437422	16.322180916976457	15.384138785625774	6.966542750929368	2.6059479553903344	20.138785625774474	19.923172242874845	11.351920693928129	22.029739776951672	8.866171003717472	15.425030978934325	23.044609665427508	25.530359355638165	11.090458488228006	22.75092936802974	18.613382899628252	20.1635687732342	34.33085501858736	17.431226765799256	17.171003717472118
1128065	10.247222222222222	8.76388888888889	11.186111111111112	10.022222222222222	1.7861111111111112	4.538888888888889	11.372222222222222	7.541666666666667	7.661111111111111	9.333333333333334	9.858333333333333	8.622222222222222	5.8694444444444445	0.8277777777777777	8.283333333333333	9.58611111111111	4.066666666666666	15.305555555555555	7.3694444444444445	12.975	22.163888888888888	15.338888888888889	8.51388888888889	16.73611111111111	9.077777777777778	16.97222222222222	14.636111111111111	14.71111111111111	9.813888888888888
1128066	11.756613756613756	5.751322751322752	6.936507936507937	11.005291005291005	2.9365079365079363	4.529100529100529	17.486772486772487	8.571428571428571	8.841269841269842	10.788359788359788	13.592592592592593	9.53968253968254	4.71957671957672	0.783068783068783	10.798941798941799	12.058201058201059	5.941798941798941	13.037037037037036	15.640211640211641	16.306878306878307	15.793650793650794	7.931216931216931	11.232804232804233	13.232804232804233	5.603174603174603	9.068783068783068	19.64021164021164	11.989417989417989	16.037037037037038
361933	8.358649789029537	3.2742616033755274	0.4177215189873418	2.8987341772151898	2.1223628691983123	1.5358649789029535	7.793248945147679	3.0548523206751055	3.7510548523206753	7.2405063291139244	7.772151898734177	4.654008438818566	0.620253164556962	0.4978902953586498	2.7763713080168775	9.244725738396625	2.8776371308016877	12.784810126582279	4.852320675105485	10.620253164556962	8.413502109704641	7.890295358649789	6.6835443037974684	10.156118143459915	4.936708860759493	12.68776371308017	11.831223628691983	9.569620253164556	6.493670886075949
289408	14.448051948051948	8.33982683982684	6.491341991341991	7.015151515151516	5.98051948051948	6.017316017316017	13.85064935064935	9.019480519480519	16.192640692640694	9.787878787878787	10.703463203463203	9.91125541125541	2.5281385281385282	1.3831168831168832	15.757575757575758	19.054112554112553	6.363636363636363	12.225108225108226	5.4935064935064934	14.220779220779221	19.48917748917749	19.87878787878788	17.46969696969697	16.062770562770563	9.058441558441558	16.62121212121212	18.9004329004329	11.095238095238095	14.231601731601732
289409	19.23846153846154	8.597435897435897	5.52051282051282	7.67948717948718	5.115384615384615	4.3076923076923075	16.943589743589744	9.551282051282051	11.371794871794872	7.4	22.44871794871795	9.26923076923077	1.4230769230769231	0.06153846153846154	16.876923076923077	14.73076923076923	5.9743589743589745	17.774358974358975	5.220512820512821	12.984615384615385	17.08974358974359	19.1974358974359	11.323076923076924	28.71025641025641	12.423076923076923	16.54102564102564	25.956410256410255	16.74871794871795	16.133333333333333
289405	17.877492877492877	10.88888888888889	13.948717948717949	16.492877492877493	3.3333333333333335	5.524216524216524	19.037037037037038	10.142450142450143	9.316239316239317	10.028490028490028	13.427350427350428	10.131054131054132	2.905982905982906	2.8917378917378915	13.367521367521368	19.495726495726494	9.262108262108262	17.233618233618234	8.23076923076923	15.028490028490028	15.327635327635328	15.549857549857549	7.806267806267806	22.752136752136753	14.774928774928775	21.615384615384617	22.245014245014247	16.495726495726494	13.396011396011396
1411974	10.920227920227921	3.886039886039886	3.0	10.749287749287749	0.2905982905982906	5.908831908831909	15.475783475783476	6.048433048433049	8.683760683760683	7.837606837606837	13.803418803418804	10.125356125356126	2.6552706552706553	0.8603988603988604	11.743589743589743	9.396011396011396	10.048433048433049	9.074074074074074	8.88888888888889	11.504273504273504	18.316239316239315	21.427350427350426	10.903133903133902	16.017094017094017	9.49002849002849	15.558404558404558	18.165242165242166	13.672364672364672	10.461538461538462
1411966	8.984313725490196	7.356862745098039	4.588235294117647	4.074509803921568	0.807843137254902	2.976470588235294	10.403921568627451	5.145098039215687	10.04313725490196	5.509803921568627	7.949019607843137	6.176470588235294	2.196078431372549	0.9568627450980393	5.5019607843137255	10.647058823529411	8.709803921568627	16.72156862745098	5.850980392156862	7.466666666666667	15.627450980392156	13.427450980392157	7.713725490196079	16.525490196078433	6.741176470588235	14.501960784313725	25.686274509803923	8.24705882352941	9.215686274509803
236567	5.240963855421687	4.244979919678715	0.6265060240963856	7.168674698795181	0.4899598393574297	2.2329317269076303	8.943775100401606	3.1204819277108435	3.0602409638554215	3.3453815261044175	2.5461847389558234	6.008032128514056	0.642570281124498	0.0	2.208835341365462	10.923694779116467	4.714859437751004	5.220883534136546	2.42570281124498	3.6586345381526106	2.3815261044176705	7.586345381526105	6.421686746987952	10.730923694779117	2.7751004016064256	6.6546184738955825	4.377510040160643	6.879518072289157	5.634538152610442
1615779	8.661375661375661	12.042328042328043	5.978835978835979	9.724867724867725	1.0634920634920635	4.015873015873016	7.5661375661375665	3.8624338624338623	21.582010582010582	8.291005291005291	9.206349206349206	3.867724867724868	2.4761904761904763	0.5608465608465608	7.814814814814815	12.513227513227513	8.989417989417989	7.650793650793651	3.677248677248677	10.285714285714286	12.952380952380953	14.084656084656086	4.560846560846561	12.206349206349206	6.2063492063492065	9.455026455026456	8.137566137566138	5.804232804232805	6.084656084656085
1615785	21.92349726775956	11.360655737704919	4.918032786885246	6.73224043715847	0.912568306010929	2.3333333333333335	13.229508196721312	12.366120218579235	17.027322404371585	9.896174863387978	8.426229508196721	13.33879781420765	3.551912568306011	4.1256830601092895	10.808743169398907	15.431693989071038	2.73224043715847	14.841530054644808	4.0710382513661205	12.185792349726777	19.704918032786885	17.74863387978142	10.28415300546448	17.437158469945356	6.14207650273224	23.404371584699454	23.202185792349727	13.163934426229508	18.808743169398905
