key	WAM_ALR	WAM_CCR	WAM_IPI	WAM_MAR	WAM_MYS	WAM_PBL	WAM_PJN	WAM_PPR	WAM_PST	WAM_ROL	WAM_SCR	WAM_SGN	WAM_SIS	WAM_TWN	WAR_ALR	WAR_CCR	WAR_IPI	WAR_MAR	WAR_MYS	WAR_PBL	WAR_PJN	WAR_PPR	WAR_PSK	WAR_PST	WAR_RNW	WAR_ROL	WAR_SCR	WAR_SGL	WAR_SIS
1075248	0.7705399061032864	0.1772300469483568	0.0	0.17194835680751175	0.352112676056338	0.1772300469483568	0.6208920187793427	0.02112676056338028	0.09507042253521127	0.8215962441314554	0.176056338028169	0.2312206572769953	0.19953051643192488	0.1766431924882629	0.795774647887324	0.0	1.0205399061032865	0.5099765258215962	0.1766431924882629	0.5070422535211268	0.5874413145539906	0.1772300469483568	0.1772300469483568	1.1273474178403755	0.20950704225352113	0.8761737089201878	0.1766431924882629	0.9653755868544601	2.0434272300469485
94217	0.5402298850574713	0.0	0.0	0.578544061302682	0.0	0.0	1.6590038314176245	0.45977011494252873	1.3333333333333333	0.0	0.0	0.0	0.0	0.0421455938697318	0.5862068965517241	1.367816091954023	0.9080459770114943	0.6896551724137931	0.0	1.7126436781609196	0.0	0.0	0.0	1.9233716475095786	0.0	1.4827586206896552	0.578544061302682	0.0	1.1302681992337165
988246	0.8566308243727598	0.0	0.6893667861409797	0.36081242532855434	0.0	0.0	0.7849462365591398	0.0	1.130227001194743	0.7574671445639187	0.0	0.35961768219832735	0.0	0.0	0.3859020310633214	0.27001194743130225	1.136200716845878	0.47072879330943845	0.35961768219832735	0.0	1.087216248506571	0.0	0.0	1.2735961768219832	0.3106332138590203	1.3452807646356033	0.8363201911589009	0.7144563918757467	1.8661887694145758
577281	0.0	0.3378995433789954	1.226027397260274	0.0	0.0	0.0	0.0	0.4246575342465753	0.5342465753424658	0.0958904109589041	0.0	0.0	0.08904109589041095	0.12557077625570776	1.0091324200913243	0.0	1.7123287671232876	0.6872146118721462	0.5593607305936074	0.0	0.15753424657534246	0.6004566210045662	0.3127853881278539	3.1872146118721463	0.21232876712328766	1.45662100456621	0.0	0.0	0.865296803652968
577284	0.4301994301994302	0.4287749287749288	0.0	0.0698005698005698	0.0	0.0	1.3646723646723646	0.0	0.24786324786324787	0.04843304843304843	0.0	0.0	0.0	0.0	1.7692307692307692	0.0	1.5014245014245013	0.6823361823361823	0.3732193732193732	0.01566951566951567	0.7606837606837606	0.0	0.2150997150997151	0.3831908831908832	0.0	1.8262108262108263	0.42735042735042733	0.0	0.0
1039560	0.48856209150326796	0.0	0.0	0.0	0.13398692810457516	0.0	0.4918300653594771	0.0	0.4395424836601307	0.6388888888888888	0.0	0.0	0.0	0.0	0.6830065359477124	0.0	0.46895424836601307	0.0	0.42810457516339867	0.27124183006535946	0.1437908496732026	0.0	0.4918300653594771	0.8725490196078431	0.0	1.4362745098039216	0.0	0.0	0.7173202614379085
32992	1.146551724137931	0.0	0.0	0.0	0.49137931034482757	0.0	0.0	0.0	0.6609195402298851	1.2270114942528736	0.0	0.13793103448275862	0.0	0.0	0.8620689655172413	0.0	0.8649425287356322	0.0	0.0	0.5459770114942529	0.5833333333333334	0.0	0.0	1.2988505747126438	0.7442528735632183	2.8649425287356323	0.0	0.0	1.3879310344827587
32991	0.36932707355242567	0.0	0.0	0.0	0.21752738654147105	0.47104851330203446	0.36932707355242567	0.0	0.12363067292644757	0.42566510172143973	0.0	0.3536776212832551	0.0	0.0	0.7417840375586855	0.0	0.49608763693270735	0.0	0.0	0.2644757433489828	1.676056338028169	0.0	1.294209702660407	1.6870109546165883	0.07981220657276995	0.918622848200313	0.0	0.3427230046948357	1.568075117370892
1233295	2.465721040189125	0.0	0.6619385342789598	0.0	0.0	0.0	0.0	0.35697399527186763	0.35697399527186763	0.3262411347517731	0.0	0.0	0.35224586288416077	0.0	1.5933806146572105	0.07328605200945626	0.24113475177304963	0.9125295508274232	0.0	0.0	0.6335697399527187	0.640661938534279	0.0	0.8983451536643026	0.0	0.9078014184397163	0.0	0.0	0.4657210401891253
953198	1.9918032786885247	0.7814207650273224	0.0	0.0	0.0	0.43169398907103823	0.7814207650273224	0.0	0.6530054644808743	0.1994535519125683	0.0	0.00546448087431694	0.412568306010929	0.0	3.76775956284153	0.412568306010929	0.13387978142076504	0.14754098360655737	1.2349726775956285	0.0	1.6174863387978142	0.0	0.48360655737704916	0.8224043715846995	0.0	1.150273224043716	0.8224043715846995	0.6284153005464481	0.5601092896174863
406645	0.0	0.0	0.0	0.6688888888888889	0.0	0.0	0.0	0.0	0.52	0.5466666666666666	0.0	0.0	0.17555555555555555	0.0	0.5888888888888889	0.0	0.0	0.3333333333333333	0.42444444444444446	0.0	0.0	0.3333333333333333	0.33111111111111113	1.0333333333333334	0.0	0.7555555555555555	0.0	0.0	0.0
254479	0.9198966408268734	0.0	0.0	0.3875968992248062	0.29198966408268734	0.0	0.3888888888888889	0.0	0.479328165374677	0.686046511627907	0.0	0.29457364341085274	0.8669250645994832	0.0	1.7093023255813953	0.39018087855297157	0.39018087855297157	0.39018087855297157	0.42377260981912146	0.09560723514211886	0.5839793281653747	0.0	0.37209302325581395	0.39018087855297157	0.39018087855297157	0.789405684754522	0.3733850129198966	0.0	0.3669250645994832
446371	1.4	1.3967479674796748	0.6390243902439025	0.24715447154471545	0.0	0.0	0.2764227642276423	0.0	0.0	0.0	0.24552845528455283	0.0	0.0	0.0	1.9300813008130082	0.0	1.2308943089430895	0.24390243902439024	0.6666666666666666	0.0	1.183739837398374	0.4894308943089431	0.24390243902439024	2.3495934959349594	0.0	1.6813008130081302	0.0	0.23414634146341465	1.6341463414634145
446372	0.0	0.1	0.0	0.0	0.0	1.0033333333333334	0.46	0.0	1.0033333333333334	0.0	0.5	1.38	0.0	0.0	1.7133333333333334	0.0	1.2333333333333334	0.0	0.6266666666666667	0.0	0.8466666666666667	0.0	0.5033333333333333	1.7466666666666666	0.0	1.2	0.0	0.36666666666666664	2.2666666666666666
1553197	2.180428134556575	0.0	0.0	0.0	0.0	0.42813455657492355	0.03669724770642202	0.45871559633027525	0.7400611620795107	0.0	0.0	0.0	0.0	0.0	1.889908256880734	0.2018348623853211	1.4648318042813455	0.7614678899082569	0.0	0.4617737003058104	0.0	0.0	1.382262996941896	0.636085626911315	0.41590214067278286	1.5229357798165137	0.0	0.0	0.9113149847094801
646072	0.0	0.0	0.5886939571150097	0.621832358674464	1.2514619883040936	0.0	1.1715399610136452	0.0	0.0	1.064327485380117	0.0	0.5828460038986355	0.0	0.0	2.085769980506823	0.0	1.0116959064327486	0.0	0.5867446393762183	0.0	0.3157894736842105	0.0	0.9941520467836257	0.8654970760233918	0.0	1.405458089668616	1.003898635477583	0.5536062378167641	0.3138401559454191
294338	2.4022988505747125	0.0	0.0	0.0	0.789272030651341	0.0	0.0	0.0	0.5747126436781609	2.2835249042145596	0.0	0.0	0.0	0.0	2.0383141762452106	0.0	0.9961685823754789	0.40229885057471265	0.0	1.3754789272030652	2.1149425287356323	0.0	0.0	1.1264367816091954	0.0	0.9233716475095786	0.0	0.7509578544061303	0.34099616858237547
294339	1.0129870129870129	0.0	0.6536796536796536	0.0	0.0	0.0	0.9848484848484849	0.0	0.3246753246753247	0.5930735930735931	0.0	0.0	0.1341991341991342	0.22727272727272727	1.673160173160173	0.0	0.0	0.3268398268398268	0.6536796536796536	0.29653679653679654	1.2121212121212122	0.0	0.0	0.5086580086580087	0.0	1.1753246753246753	1.225108225108225	0.9329004329004329	0.0
1475921	1.5077881619937694	0.0	0.03426791277258567	0.0	0.0	0.2834890965732087	0.4984423676012461	0.0	0.9345794392523364	0.0	0.0	0.0	0.0	0.0	1.9190031152647975	0.0	0.470404984423676	0.0	0.0	0.26791277258566976	0.3613707165109034	0.04984423676012461	0.3302180685358255	1.074766355140187	0.0	0.0	0.0	0.0	0.67601246105919
1126144	1.7344827586206897	0.1735632183908046	0.864367816091954	0.29310344827586204	0.0	0.0	0.49195402298850577	0.0	0.013793103448275862	0.5206896551724138	0.0	0.3390804597701149	0.5206896551724138	0.3448275862068966	2.9275862068965517	0.3471264367816092	1.3850574712643677	0.0	0.0	0.34367816091954023	1.4724137931034482	0.3471264367816092	1.7057471264367816	1.8988505747126436	0.3471264367816092	1.782758620689655	0.0	0.3448275862068966	1.1206896551724137
1126145	1.6728971962616823	0.470404984423676	0.0	0.09968847352024922	0.0	0.0	0.4672897196261682	0.24610591900311526	1.2087227414330217	0.0	0.0	0.0	0.4672897196261682	0.0	5.093457943925234	0.0	0.42679127725856697	0.0	0.0	0.0	1.074766355140187	0.0	1.2554517133956387	0.0	0.0	6.719626168224299	0.0	0.9345794392523364	0.9781931464174455
1126146	1.5023696682464456	0.0	0.0	0.47709320695102686	0.0	0.0	0.47709320695102686	0.3522906793048973	0.46919431279620855	0.0	0.0	0.0	0.47709320695102686	0.0	2.3191153238546605	0.0	1.9447077409162716	0.95260663507109	0.9510268562401264	0.0	0.8862559241706162	0.9494470774091627	0.8025276461295419	1.7440758293838863	0.9510268562401264	2.622432859399684	0.0	0.0	1.5734597156398105
1126147	0.36251920122887865	0.0	0.4792626728110599	0.0	0.0	0.0	0.5791090629800307	0.0	0.23195084485407066	0.695852534562212	0.0	0.0	0.0	0.0	0.0	0.0	0.1674347158218126	0.0	0.0	0.46236559139784944	0.009216589861751152	0.1781874039938556	0.0	1.41321044546851	0.2887864823348694	0.7465437788018433	0.0	0.9262672811059908	0.0706605222734255
1126148	0.0	0.0	0.9079365079365079	0.0	0.0	0.0	0.9650793650793651	0.0	0.0	0.3396825396825397	0.0	0.0	0.0	0.0	1.3650793650793651	0.0	0.0	0.0	0.0	0.20317460317460317	0.9904761904761905	0.5746031746031746	0.7238095238095238	0.7619047619047619	0.34285714285714286	0.09841269841269841	0.0	0.0	0.09841269841269841
1126151	2.318840579710145	0.0	0.0	0.0	0.0	0.0	0.6847826086956522	0.3804347826086957	0.5434782608695652	0.20652173913043478	0.0	0.5434782608695652	0.5652173913043478	0.0	1.0289855072463767	0.0	0.5760869565217391	0.36594202898550726	0.0	0.10869565217391304	1.3804347826086956	0.8405797101449275	0.2644927536231884	0.5471014492753623	0.44565217391304346	0.42391304347826086	0.5615942028985508	0.2210144927536232	1.0942028985507246
1126152	3.1354166666666665	0.0	0.0	0.0	0.0	0.0	0.0	0.0	0.8411458333333334	0.3125	0.0	0.0	0.0	0.0	2.4270833333333335	0.0	1.1223958333333333	1.5677083333333333	1.0234375	0.0	0.0	0.0	0.0	1.0911458333333333	0.0	0.9114583333333334	0.0	0.7838541666666666	2.0416666666666665
1126128	1.3021346469622332	0.0	0.0	0.0	0.0	0.0	0.49589490968801314	0.0	0.0	0.49589490968801314	0.0	0.0	0.0	0.49589490968801314	1.735632183908046	0.0	0.729064039408867	1.4844006568144499	0.0	0.24630541871921183	0.06403940886699508	0.0	0.7389162561576355	0.8243021346469622	0.0	1.0722495894909687	0.0	0.49589490968801314	1.0443349753694582
1126129	0.044444444444444446	0.604040404040404	0.0	0.0	0.0	0.0	0.6080808080808081	0.0	0.9050505050505051	0.0	0.0	0.0	0.022222222222222223	0.30505050505050507	0.6565656565656566	0.0	0.4121212121212121	0.23636363636363636	0.0	0.7717171717171717	4.042424242424242	0.34949494949494947	0.9151515151515152	2.696969696969697	0.5333333333333333	2.9535353535353535	0.42424242424242425	0.6101010101010101	0.8323232323232324
1126131	0.9354838709677419	0.0	0.0	0.0	0.0	0.5376344086021505	1.1344086021505377	0.0	0.0	0.6639784946236559	0.0	0.4220430107526882	0.013440860215053764	0.0	0.008064516129032258	1.1209677419354838	0.0	1.2150537634408602	0.8064516129032258	0.45698924731182794	0.0	0.0	0.13440860215053763	2.225806451612903	0.0967741935483871	1.4193548387096775	0.0	0.0	1.2096774193548387
1126132	1.148975791433892	0.0	0.0	0.0	0.5605214152700186	0.0	0.3761638733705773	0.0	0.7951582867783985	1.1396648044692737	0.0	0.0	0.5102420856610801	0.0	2.094972067039106	0.2383612662942272	1.8286778398510242	0.6368715083798883	0.5623836126629422	1.4320297951582868	0.6294227188081937	0.0	1.6163873370577282	0.521415270018622	0.4543761638733706	1.914338919925512	0.0	1.404096834264432	0.7206703910614525
1126133	0.4375	0.0	0.2552083333333333	0.0	0.0	0.0	1.25	0.0	0.0	0.4375	0.0	0.0	0.0	0.0	1.9244791666666667	0.0	0.7682291666666666	0.20052083333333334	0.0	0.0	2.0338541666666665	0.0	0.0	0.2838541666666667	0.0	2.8541666666666665	0.0	0.171875	0.0
1126135	0.06813996316758748	0.5543278084714549	0.01289134438305709	0.13075506445672191	0.6151012891344383	0.0	1.0202578268876612	0.0	0.7090239410681399	0.0	0.0	0.8176795580110497	0.0	0.0	2.29097605893186	0.0	0.8342541436464088	0.5561694290976059	0.8324125230202578	0.0	1.869244935543278	0.0	0.5303867403314917	2.2283609576427255	1.0957642725598526	0.992633517495396	0.21731123388581952	0.5561694290976059	3.10865561694291
1126137	0.02710027100271003	1.4146341463414633	0.14905149051490515	0.0	0.975609756097561	0.0	1.2249322493224932	0.0	0.4281842818428184	0.6747967479674797	0.07588075880758807	0.7235772357723578	0.0	0.0	1.119241192411924	0.0	0.37669376693766937	0.926829268292683	0.0	0.6233062330623306	0.0	0.0	2.2195121951219514	1.4823848238482384	0.0	0.8265582655826558	0.0	0.8157181571815718	0.4092140921409214
1126138	0.0	0.7635658914728682	1.2868217054263567	0.0	0.9224806201550387	0.0	0.5852713178294574	1.0	1.5775193798449612	0.44573643410852715	0.9767441860465116	0.24031007751937986	0.0	0.0	0.9341085271317829	0.0	0.0	0.25193798449612403	0.0	0.0	0.5193798449612403	0.0	0.46511627906976744	2.065891472868217	0.0	1.6666666666666667	0.6201550387596899	1.1317829457364341	1.1356589147286822
1126139	0.0	0.6127450980392157	0.9509803921568627	0.0	0.0	0.0	0.0	0.14705882352941177	1.0833333333333333	0.29411764705882354	0.0	0.0	0.0	0.0	0.47549019607843135	0.0	0.5343137254901961	0.3088235294117647	0.38235294117647056	0.2107843137254902	0.0	0.0	0.7696078431372549	1.392156862745098	0.43137254901960786	0.8088235294117647	0.5784313725490197	0.0	0.06862745098039216
1126140	0.31873479318734793	0.13138686131386862	0.15328467153284672	0.0	0.0	0.0	0.36496350364963503	0.0	0.1411192214111922	0.7347931873479319	0.0	0.0	0.0	0.0	0.5571776155717761	0.0	0.948905109489051	0.5766423357664233	0.5352798053527981	1.6812652068126521	0.36739659367396593	0.6423357664233577	0.0	0.26520681265206814	0.5060827250608273	1.6739659367396593	0.0	0.0	1.6253041362530414
1126141	0.6415929203539823	0.3421828908554572	0.0029498525073746312	0.0	0.7536873156342183	0.0	0.443952802359882	0.0	0.4616519174041298	0.22271386430678466	0.0	0.44542772861356933	0.0	0.0	0.6460176991150443	0.0	0.8451327433628318	0.1592920353982301	1.051622418879056	0.504424778761062	0.6533923303834809	0.44542772861356933	1.1061946902654867	0.56047197640118	0.0	2.634218289085546	0.0	0.443952802359882	2.601769911504425
1126142	0.2474437627811861	0.5787321063394683	0.6625766871165644	0.0	1.3640081799591002	1.229038854805726	1.231083844580777	0.0	0.5419222903885481	0.9570552147239264	0.6175869120654397	0.0	0.0	0.0	2.460122699386503	0.0	0.11042944785276074	0.3721881390593047	0.19222903885480572	0.41513292433537835	1.5787321063394684	0.0	0.656441717791411	2.5848670756646217	0.0	1.0265848670756645	0.016359918200409	0.0	1.3067484662576687
1126143	2.792114695340502	0.0	0.9498207885304659	0.0	0.0	0.0	0.0	0.0	1.014336917562724	0.4838709677419355	0.0	0.0	0.0	0.0	5.10752688172043	0.0	0.0	0.0	0.0	0.0	1.0788530465949822	0.0	1.5017921146953406	2.8637992831541217	0.0	3.111111111111111	1.0465949820788532	0.0	2.369175627240143
56448	0.0	0.0	0.0	0.0	0.07723577235772358	0.0	0.0	0.0	0.0	0.5447154471544715	0.0	0.0	0.0	0.0	0.8943089430894309	0.0	0.0	0.33739837398373984	0.21138211382113822	0.02032520325203252	0.44715447154471544	0.0	0.3943089430894309	0.0	0.6097560975609756	1.8048780487804879	0.0	0.0	0.5528455284552846
451966	0.0	0.0	0.9894179894179894	0.0	0.0	0.0	0.0	0.0	0.0	0.0	0.0	0.335978835978836	0.0	0.0	0.3994708994708995	0.6746031746031746	0.36243386243386244	0.0	0.3994708994708995	0.0	0.9497354497354498	0.0	1.6111111111111112	0.6587301587301587	0.0	0.0	0.0	0.0	0.7513227513227513
479380	0.0	0.0	0.7687074829931972	0.0	0.6496598639455783	0.0	0.0	0.0	0.5306122448979592	0.3378684807256236	0.0	0.3424036281179138	0.0	0.3424036281179138	2.122448979591837	0.0	0.5260770975056689	0.0	0.0	0.3299319727891156	0.3401360544217687	0.6836734693877551	0.36394557823129253	0.5113378684807256	0.0	1.0147392290249433	0.6836734693877551	0.0	0.8616780045351474
253735	0.5733333333333334	0.4704761904761905	1.4247619047619047	0.0	0.0	0.0	1.2914285714285714	0.0	0.9638095238095238	0.0	0.0	0.5828571428571429	0.14095238095238094	0.0	0.5733333333333334	0.37523809523809526	1.1485714285714286	0.0	0.9028571428571428	0.0	0.0	0.0	1.4952380952380953	2.2514285714285713	0.4685714285714286	1.3638095238095238	0.5276190476190477	0.0	1.3123809523809524
1363654	1.9412429378531073	0.2994350282485876	1.224858757062147	0.34124293785310733	0.2248587570621469	0.0	0.9344632768361582	0.0	2.450847457627119	1.0203389830508474	0.0	0.0	0.896045197740113	0.0	1.8632768361581922	0.0	1.5299435028248587	0.6790960451977401	1.193220338983051	0.6440677966101694	0.8508474576271187	0.0	0.34011299435028247	1.951412429378531	0.0	0.6146892655367232	0.5096045197740113	0.34689265536723163	1.0203389830508474
563221	0.0	0.0	0.0	0.0	0.0	0.0	0.0	0.0	0.3217391304347826	0.0	0.0	0.0	0.034782608695652174	0.0	1.0057971014492753	0.0	1.0202898550724637	2.1043478260869564	0.43768115942028984	0.3391304347826087	0.5449275362318841	0.7072463768115942	0.0	0.0	0.0	1.107246376811594	0.0	0.0	0.9072463768115943
994802	0.0	0.0	0.2835820895522388	0.0	0.0	0.0	0.746268656716418	0.0	0.0	0.0	0.0	0.0	0.0	0.0	0.5174129353233831	0.0	0.208955223880597	0.3482587064676617	0.0	0.0	1.2238805970149254	0.0	0.0	0.8208955223880597	0.22885572139303484	0.5373134328358209	0.0	0.0	0.0
994803	1.5618556701030928	0.0	0.8969072164948454	0.0	0.0	0.0	0.9639175257731959	0.0	0.5292096219931272	0.9106529209621993	0.0	0.0	0.0	0.0	1.365979381443299	0.0	0.7903780068728522	0.5893470790378007	0.0	0.2663230240549828	0.5171821305841925	0.0	0.0	2.5446735395189	0.4020618556701031	1.3350515463917525	0.0	0.44329896907216493	1.0360824742268042
994805	1.2225274725274726	0.2765567765567766	0.0	0.0	0.0	0.0	1.1236263736263736	0.0	0.14835164835164835	0.4816849816849817	0.0	0.2765567765567766	0.0	0.0	1.3305860805860805	0.13736263736263737	0.2765567765567766	0.4368131868131868	0.27564102564102566	0.7298534798534798	0.27472527472527475	0.2765567765567766	0.5467032967032966	1.4633699633699633	0.0	1.7243589743589745	0.0	0.0	1.38003663003663
994806	1.352092352092352	0.0	0.0	0.0	0.0	0.0	0.7070707070707071	0.0	0.14862914862914864	0.0	0.0	0.0	0.0	0.0	1.619047619047619	0.215007215007215	0.8686868686868687	0.30447330447330445	1.7388167388167388	0.5396825396825397	1.8326118326118326	0.0	0.468975468975469	3.8686868686868685	0.8556998556998557	0.5757575757575758	0.4357864357864358	0.0	0.4329004329004329
71239	1.5936507936507935	0.0	0.5841269841269842	0.0	1.434920634920635	0.0	0.6730158730158731	1.0793650793650793	1.1650793650793652	0.031746031746031744	0.0	0.0	0.0	0.0	4.041269841269841	0.0	0.43492063492063493	1.107936507936508	0.0	0.08571428571428572	1.4444444444444444	0.4793650793650794	0.0	0.9174603174603174	0.47619047619047616	0.031746031746031744	0.0	0.0	0.7873015873015873
71240	0.8426966292134831	0.0	0.018726591760299626	0.0	0.0	1.1310861423220975	0.0	0.9138576779026217	0.45692883895131087	0.0	0.0	0.0	0.0	0.0	1.2209737827715357	0.6966292134831461	0.0	0.8951310861423221	0.0	1.0674157303370786	0.651685393258427	0.5655430711610487	0.0	0.0	0.0	0.6853932584269663	0.0	0.0	2.50187265917603
347844	0.0	0.0	0.06633499170812604	1.3665008291873963	0.3548922056384743	0.0	0.1956882255389718	0.0	1.3250414593698177	0.24875621890547264	0.0	0.09286898839137644	0.4975124378109453	0.0	1.2255389718076286	0.0	0.27197346600331673	0.1791044776119403	0.5008291873963516	0.0	1.6533996683250414	0.2504145936981758	0.24875621890547264	0.9087893864013267	0.0	2.3482587064676617	0.0	0.3648424543946932	0.8258706467661692
74302	0.9075268817204301	0.0	0.20430107526881722	0.3247311827956989	0.0	0.0	0.6473118279569893	0.0	0.6494623655913978	0.2623655913978495	0.0	0.0	0.0	0.0	2.118279569892473	0.0	0.0	0.9655913978494624	0.5655913978494623	1.9440860215053763	0.8516129032258064	0.0	0.956989247311828	0.44731182795698926	0.0	0.043010752688172046	0.3247311827956989	0.5548387096774193	1.735483870967742
74303	0.0	0.0	0.5061728395061729	0.0	0.0	0.0	0.39012345679012345	0.0	0.1925925925925926	1.145679012345679	0.5382716049382716	0.0	0.745679012345679	0.0	3.9407407407407407	0.0	0.0	1.1703703703703703	0.39012345679012345	0.7530864197530864	0.7308641975308642	0.0	0.2814814814814815	0.745679012345679	0.0	0.26666666666666666	0.3728395061728395	1.6962962962962962	1.0444444444444445
1151458	0.32682574114244395	0.40563991323210413	0.32682574114244395	0.08966015907447578	0.10918293564714389	0.0	0.21764280549530007	0.21836587129428778	0.0	0.532176428054953	0.5126536514822849	0.21764280549530007	0.3767172812725958	0.0	1.740419378163413	0.0	0.8148951554591468	0.0	0.21691973969631237	0.433116413593637	0.8221258134490239	0.0	0.6536514822848879	0.7628344179320318	0.27910339840925524	1.5582067968185105	0.0	0.1099060014461316	1.168474331164136
1178	0.923728813559322	0.0	0.8220338983050848	0.0	0.0	0.0	0.0423728813559322	0.0	0.4265536723163842	2.652542372881356	0.4689265536723164	0.0	0.0	0.01694915254237288	0.7457627118644068	0.0	0.192090395480226	0.6186440677966102	0.8502824858757062	0.0	0.655367231638418	0.7542372881355932	0.15819209039548024	3.1553672316384183	0.7203389830508474	3.7824858757062145	3.1836158192090394	1.073446327683616	2.07909604519774
1706516	0.684931506849315	0.0	0.0	0.0	0.0	0.0	0.0	0.0	0.8447488584474886	1.2420091324200913	0.0	0.0	0.0	0.0	1.1461187214611872	0.0	2.17351598173516	0.0	0.0	1.2922374429223744	0.3881278538812785	0.0	0.0	0.908675799086758	0.0	2.835616438356164	0.0	1.1141552511415524	0.3378995433789954
1006414	0.4942528735632184	0.0	0.4501915708812261	0.0	0.0	0.0	0.0	0.0	0.19157088122605365	0.0	0.0	0.0	0.0	0.0	0.0	0.0	0.0	0.0	0.0	0.0	0.0	0.28735632183908044	0.0	0.8659003831417624	0.0	0.3314176245210728	0.0	0.0	1.4789272030651341
1542829	0.3300546448087432	0.0	0.3289617486338798	0.0	0.0	0.0	0.32786885245901637	0.0	0.9879781420765027	0.0	0.0	0.0	0.0	0.0	1.1213114754098361	0.0	0.9868852459016394	0.326775956284153	0.3289617486338798	0.0	0.746448087431694	0.26885245901639343	0.659016393442623	0.13114754098360656	0.0	0.9879781420765027	0.1650273224043716	0.3289617486338798	0.659016393442623
31451	0.09501557632398754	0.0	0.0	0.0	1.0700934579439252	0.0	0.2336448598130841	0.0	0.0	0.4688473520249221	0.0	0.0	0.0	0.2336448598130841	0.7305295950155763	0.0	1.2040498442367602	0.3302180685358255	0.470404984423676	0.0	1.158878504672897	1.0046728971962617	0.4672897196261682	0.5529595015576324	0.0	0.7383177570093458	0.4672897196261682	0.4688473520249221	1.4470404984423677
31452	0.1708542713567839	0.0	1.0083752093802345	0.3132328308207705	0.1624790619765494	0.0	1.3417085427135678	0.0	1.2629815745393635	0.0	0.0	1.0619765494137354	0.0	0.0	1.5678391959798994	0.5025125628140703	0.8760469011725294	0.0	0.0	0.7319932998324958	0.7554438860971524	0.9597989949748744	0.8375209380234506	1.7688442211055277	0.5058626465661642	1.016750418760469	0.0	0.3601340033500838	0.7755443886097152
31454	1.298474945533769	0.09803921568627451	0.0	0.0	0.9651416122004357	0.0	0.0	0.054466230936819175	0.0	0.616557734204793	0.0	0.0	0.0	0.0	2.5860566448801743	0.38344226579520696	1.2657952069716776	0.0	0.1655773420479303	0.6579520697167756	1.3093681917211328	0.0	0.0	1.289760348583878	0.0	0.5163398692810458	0.2549019607843137	2.0588235294117645	1.9607843137254901
138824	1.2049180327868851	0.0	0.0	0.0	0.0	0.0	0.9426229508196722	0.0	0.412568306010929	1.2322404371584699	0.0	0.0	0.0	0.0	1.9426229508196722	0.0	0.855191256830601	1.459016393442623	1.2486338797814207	1.1092896174863387	1.860655737704918	0.8005464480874317	0.0	1.7240437158469946	0.0	0.5382513661202186	0.0	0.8224043715846995	2.901639344262295
138825	0.704225352112676	0.9295774647887324	0.0	0.13145539906103287	0.6713615023474179	0.0	0.6666666666666666	0.0	0.704225352112676	0.704225352112676	0.0	0.0	0.0	0.0	2.2863849765258215	0.0	2.4178403755868545	0.9671361502347418	0.0	1.4507042253521127	1.056338028169014	0.0	0.45539906103286387	0.14553990610328638	0.0	0.7511737089201878	0.0	1.7136150234741785	1.1408450704225352
