key	WAM_ALR	WAM_CCR	WAM_IPI	WAM_MAR	WAM_MYS	WAM_PBL	WAM_PJN	WAM_PPR	WAM_PST	WAM_ROL	WAM_SCR	WAM_SGN	WAM_SIS	WAM_TWN	WAR_ALR	WAR_CCR	WAR_IPI	WAR_MAR	WAR_MYS	WAR_PBL	WAR_PJN	WAR_PPR	WAR_PSK	WAR_PST	WAR_RNW	WAR_ROL	WAR_SCR	WAR_SGL	WAR_SIS
1081525	1.0861423220973783	0.8689138576779026	0.0	3.704119850187266	4.872659176029963	0.7715355805243446	1.1235955056179776	0.0	0.7415730337078652	0.0	41.30711610486891	2.258426966292135	0.0	18.685393258426966	0.0	0.0	0.0	1.1198501872659177	0.0	0.0	0.0	0.0	0.0	0.5617977528089888	0.0	0.0	0.0	0.0	0.0
253706	0.0	0.3888888888888889	0.0	1.9583333333333333	3.433333333333333	7.8277777777777775	0.0	0.6833333333333333	1.0222222222222221	0.3972222222222222	69.71388888888889	0.11944444444444445	0.0	2.808333333333333	0.0	0.0	0.0	0.0	0.0	0.0	0.0	0.0	0.0	0.0	0.0	0.0	0.0	0.0	0.0
601986	0.4417531718569781	0.0	0.0	1.0392156862745099	4.185697808535179	1.665513264129181	0.0	2.3333333333333335	1.5790080738177623	1.6147635524798154	55.95040369088812	0.6920415224913494	0.0	7.201845444059977	0.0	0.0	0.0	0.0	0.0	0.0	0.0	0.0	0.0	0.0	0.0	0.0	0.0	0.0	0.0
601988	1.0161290322580645	0.0	0.0	0.3888888888888889	11.06989247311828	2.8620071684587813	0.0	0.9623655913978495	1.8118279569892473	0.956989247311828	82.5931899641577	0.0	0.0	9.519713261648745	0.0	0.0	0.0	0.0	0.0	0.0	0.0	0.0	0.0	0.0	0.0	0.0	0.0	0.0	0.0
394502	0.8387978142076503	0.0	0.0	0.16302367941712204	6.60655737704918	1.837887067395264	0.0	1.2868852459016393	1.0974499089253187	0.8925318761384335	61.66393442622951	0.5491803278688525	0.0	6.069216757741348	0.0	0.0	0.0	0.0	0.5500910746812386	0.0	0.0	0.0	0.0	0.5437158469945356	0.0	0.0	0.0	0.0	0.0
1444845	0.6451204055766794	0.5728770595690748	0.0	1.4157160963244613	5.524714828897339	2.8098859315589353	0.0	0.4188846641318124	1.0183776932826363	0.5215462610899874	61.56147021546261	0.8124207858048162	0.0	5.562737642585551	0.0	0.0	0.0	0.0	0.0	0.0	0.0	0.0	0.0	0.0	0.0	0.0	0.0	0.0	0.13814955640050697
789564	0.45454545454545453	0.9444444444444444	0.0	1.121212121212121	6.606060606060606	0.6346801346801347	1.0117845117845117	1.1481481481481481	2.7643097643097643	0.49326599326599324	69.04545454545455	0.2878787878787879	0.0	8.818181818181818	0.0	0.0	0.5067340067340067	0.0	0.0	0.0	0.0	0.0	0.0	0.08249158249158249	0.0	0.0	0.0	0.0	0.0
435227	0.0	0.05	0.0	2.658333333333333	2.95	2.2	0.0	1.0	0.0	0.7583333333333333	52.608333333333334	0.0	0.0	3.158333333333333	0.0	1.0	0.0	0.0	0.0	0.0	0.0	0.0	0.0	0.0	0.0	0.0	0.0	0.0	0.0
608386	0.7804878048780488	0.7046070460704607	0.0	6.636856368563685	4.682926829268292	1.932249322493225	0.0	1.8943089430894309	0.13008130081300814	0.4796747967479675	64.84823848238483	3.910569105691057	0.0	25.959349593495936	0.0	0.0	0.0	0.22764227642276422	0.0	0.0	0.0	0.0	0.0	0.08401084010840108	0.0	0.0	0.4065040650406504	0.0	0.0
608389	0.5876436781609196	0.7025862068965517	0.0	7.886494252873563	10.227011494252874	2.4770114942528734	0.4295977011494253	1.625	4.297413793103448	0.3275862068965517	82.95402298850574	3.163793103448276	0.0	31.663793103448278	0.0	0.3261494252873563	0.0	0.0	0.0	0.2801724137931034	0.0	0.0	0.4295977011494253	0.0	0.0	0.0	0.0	0.0	0.0
1554370	0.949685534591195	0.0	0.0	0.7358490566037735	1.8553459119496856	0.0	0.0	3.3333333333333335	0.8427672955974843	0.0	61.82389937106918	2.6226415094339623	0.0	32.314465408805034	0.0	0.0	0.0	0.0	0.0	0.0	0.0	0.0	0.949685534591195	0.0	0.0	0.0	0.0	0.0	0.0
1554371	0.4026666666666667	0.0	0.0	10.704	11.597333333333333	3.458666666666667	0.0	3.1546666666666665	1.624	0.35733333333333334	94.18133333333333	0.30933333333333335	0.0	36.888	0.0	0.0	0.0	0.0	0.0	0.0	0.0	0.0	0.4026666666666667	0.704	0.0	0.4026666666666667	0.0	0.0	0.0
172287	1.3055555555555556	0.6890432098765432	0.0	1.3896604938271604	9.090277777777779	3.199074074074074	0.6967592592592593	3.1628086419753085	1.662037037037037	1.1195987654320987	84.82407407407408	0.38503086419753085	0.0	7.589506172839506	0.0	0.0	0.0	0.0	0.0	0.23148148148148148	0.0	0.0	0.0	0.3595679012345679	0.0	0.2322530864197531	0.2322530864197531	0.0	0.0
1615494	0.9467787114845938	0.0	0.0	2.310924369747899	5.641456582633054	3.8011204481792715	0.40896358543417366	0.43977591036414565	0.6106442577030813	0.8263305322128851	83.36414565826331	0.9299719887955182	0.0	19.759103641456583	0.0	0.0	0.0	0.0	0.0	0.0	0.0	0.0	0.0	0.0	0.0	0.0	0.0	0.0	0.0
1615495	0.4709851551956815	0.40620782726045884	0.0	1.205128205128205	3.8434547908232117	1.2172739541160593	0.1282051282051282	0.5452091767881242	0.4183535762483131	1.6275303643724697	42.43724696356275	0.7692307692307693	0.0	13.097165991902834	0.0	0.0	0.0	0.0	0.0	0.0	0.0	0.0	0.0	0.0	0.0	0.0	0.0	0.0	0.0
1615497	2.3092369477911645	0.0	0.0	10.943775100401606	4.975903614457831	3.004016064257028	0.0	2.8072289156626504	2.0843373493975905	0.606425702811245	87.71887550200803	1.2369477911646587	0.0	36.144578313253014	0.0	0.0	0.0	0.0	0.0	0.0	0.0	1.3975903614457832	0.0	0.0	0.0	0.0	0.0	0.0	0.0
734860	1.6467661691542288	0.0	0.0	1.2189054726368158	7.192371475953565	0.6451077943615257	0.0	1.9701492537313432	1.4660033167495854	0.5008291873963516	85.23548922056385	0.5804311774461028	0.0	9.988391376451078	0.0	0.0	0.0	0.0	0.0	0.0	0.0	0.0	0.49917081260364843	0.7495854063018242	0.0	0.0	0.0	0.0	0.0
734872	0.0	0.6431623931623932	0.6452991452991453	1.5876068376068375	6.478632478632479	1.294871794871795	0.7841880341880342	1.294871794871795	0.7606837606837606	0.47435897435897434	69.42521367521367	1.0128205128205128	0.0	6.888888888888889	0.0	0.0	0.0	0.0	0.0	0.0	0.0	0.0	0.0	0.0	0.0	0.0	0.0	0.0	0.0
1174006	0.6894977168949772	0.0	0.0	3.219178082191781	5.0	0.5159817351598174	0.0	3.9086757990867578	1.3287671232876712	0.0	31.80821917808219	0.3926940639269406	0.0	14.831050228310502	0.0	0.0	0.0	0.0	0.0	0.0	0.0	0.0	0.0	0.0	0.0	0.0	0.0	0.0	0.0
1245954	0.5093062605752962	0.0	0.0	3.766497461928934	6.109983079526227	2.2978003384094756	0.505922165820643	2.3164128595600677	1.8240270727580372	0.25549915397631134	61.367174280879865	0.5093062605752962	0.0	14.28087986463621	0.0	0.0	0.0	0.0	0.0	0.0	0.0	0.0	0.0	0.233502538071066	0.0	0.0	0.0	0.0	0.0
1245959	0.6452991452991453	0.0	0.717948717948718	1.7606837606837606	4.722222222222222	5.52991452991453	0.0	1.2606837606837606	1.5085470085470085	0.0	54.41880341880342	0.8760683760683761	0.0	12.316239316239317	0.0	0.0	0.0	0.25213675213675213	0.0	0.0	0.0	0.0	0.0	0.0	0.0	0.0	0.0	0.0	0.0
80704	1.2138794084186575	0.17178612059158135	0.0	3.15358361774744	8.944254835039818	2.478953356086462	0.3435722411831627	2.279863481228669	2.279863481228669	0.8304891922639362	81.98976109215018	1.0216154721274175	0.0	10.012514220705347	0.0	0.0	0.0	0.0	0.0	0.0	0.0	0.0	0.0	1.025028441410694	0.0	0.0	0.17178612059158135	0.0	0.0
1273027	0.5184233076263924	0.0	0.11311053984575835	2.05484147386461	6.859468723221936	2.7883461868037704	0.0	1.68808911739503	0.7197943444730077	0.6246786632390745	68.3847472150814	0.5612682090831191	0.0	8.39502999143102	0.0	0.0	0.0	0.0	0.0	0.0	0.0	0.0	0.0	0.17309340188517566	0.258783204798629	0.0	0.0	0.0	0.0
1138713	0.0	0.39215686274509803	0.0	0.08823529411764706	2.3823529411764706	0.0	0.0	0.0	0.5784313725490197	0.0	32.84313725490196	2.9215686274509802	0.0	2.5686274509803924	0.0	0.0	0.0	0.0	0.0	0.0	0.0	0.0	0.0	0.0	0.0	1.4019607843137254	0.0	0.0	0.0
706281	0.6422222222222222	0.0	0.0	0.0	5.871111111111111	1.74	0.0	2.0355555555555553	3.16	0.38	65.9	0.5044444444444445	0.0	13.688888888888888	0.0	0.0	0.0	0.0	0.0	0.0	0.0	0.0	0.0	0.0	0.0	0.0	0.0	0.0	0.0
723847	1.0625	1.83125	0.0	0.9291666666666667	4.295833333333333	5.104166666666667	0.0	3.314583333333333	0.94375	0.11875	66.79791666666667	0.6270833333333333	0.0	3.30625	0.0	0.0	0.0	0.0	0.0	0.0	0.0	0.0	0.0	0.0	0.0	0.0	0.0	0.0	0.0
723850	0.3247311827956989	0.0	0.0	1.8731182795698924	8.233333333333333	2.164516129032258	0.2924731182795699	2.750537634408602	1.646236559139785	0.4075268817204301	57.65698924731183	0.6494623655913978	0.0	8.868817204301076	0.0	0.0	0.0	0.0	0.0	0.32365591397849464	0.0	0.0	0.0	0.7387096774193549	0.0	0.0	0.0	0.0	0.0
911960	0.5340632603406326	0.0	0.0	9.182481751824817	9.386861313868613	1.4355231143552312	0.0	2.519464720194647	2.664233576642336	1.9026763990267639	96.04501216545012	2.6350364963503647	0.0	30.09367396593674	0.0	0.0	0.0	0.18369829683698297	0.0	0.36739659367396593	0.0	0.0	0.2895377128953771	0.0	0.0	0.0	0.0	0.0	0.0
911963	1.0093109869646182	0.5456238361266295	0.0	6.916201117318436	4.716945996275605	3.2756052141527	0.0	1.5176908752327747	0.9236499068901304	1.148975791433892	69.52886405959032	2.515828677839851	0.0	29.897579143389198	0.0	0.0	0.0	0.0	0.0	0.14338919925512103	0.0	0.0	0.2811918063314711	0.7616387337057728	0.5456238361266295	0.0	0.0	0.0	0.0
1247080	0.4424778761061947	0.0	0.0	0.6084070796460177	2.9277286135693217	1.696165191740413	0.0	0.775811209439528	0.8266961651917404	0.14085545722713863	34.107669616519175	0.011061946902654867	0.0	6.058259587020649	0.0	0.0	0.0	0.0	0.0	0.0	0.0	0.0	0.0	0.3864306784660767	0.0	0.22123893805309736	0.0	0.0	0.0
1059766	1.6756152125279642	0.0	0.0	2.272930648769575	9.684563758389261	3.946308724832215	0.6017897091722595	0.8232662192393736	3.0357941834451903	0.2058165548098434	74.50111856823266	0.6756152125279642	0.0	10.105145413870247	0.0	0.0	0.0	0.0	0.0	0.0	0.0	0.0	0.0	0.0	0.0	0.0	0.0	0.0	0.0
1615176	1.0642201834862386	0.0	0.0	3.801223241590214	5.842507645259939	3.253822629969419	0.0	2.154434250764526	1.892966360856269	0.0	65.91284403669725	0.37155963302752293	0.0	8.637614678899082	0.0	0.0	0.0	0.0	0.0	0.0	0.0	0.0	0.0	0.4617737003058104	0.0	0.0	0.0	0.0	0.0
1615182	1.6226950354609928	0.0	0.0	2.8141843971631206	6.483687943262411	3.7929078014184396	0.0	1.449645390070922	5.265248226950354	0.42836879432624114	78.99716312056738	0.1900709219858156	0.0	5.859574468085106	0.0	0.0	0.0	0.0	0.0	0.425531914893617	0.0	0.0	0.0	0.5205673758865248	0.0	0.0	0.0	0.0	0.0
1087763	0.0	0.0	0.0	6.057971014492754	6.507246376811594	0.2753623188405797	0.10869565217391304	3.9347826086956523	0.5217391304347826	0.0	54.65942028985507	1.3985507246376812	0.0	16.217391304347824	0.0	0.0	0.0	0.0	0.0	0.0	0.0	0.0	0.0	0.0	0.0	0.0	0.0	0.0	0.0
1255744	0.14545454545454545	0.0	0.0	6.763636363636364	8.7	4.142424242424243	0.0	2.963636363636364	1.8181818181818181	0.24545454545454545	74.28787878787878	0.9090909090909091	0.0	9.606060606060606	0.0	0.0	0.0	0.0	0.0	0.0	0.0	0.0	0.0	0.0	0.0	0.0	0.0	0.0	0.0
543170	0.36217948717948717	1.5929487179487178	0.0	9.73076923076923	5.7243589743589745	7.003205128205129	0.0	2.782051282051282	0.23076923076923078	0.0	53.618589743589745	0.9615384615384616	0.0	32.708333333333336	0.0	0.0	0.0	0.0	0.0	0.0	0.0	0.0	0.0	0.0	0.0	0.0	0.0	0.0	0.0
543171	1.4224806201550388	1.5775193798449612	0.0	6.213178294573644	5.988372093023256	5.151162790697675	0.0	2.937984496124031	1.565891472868217	0.0	58.736434108527135	1.0077519379844961	0.0	24.3062015503876	0.0	0.0	0.0	0.0	0.0	0.0	0.0	0.0	0.0	0.0	0.0	0.0	0.0	0.0	0.0
953556	0.0	0.0	0.0	3.5654008438818567	8.278481012658228	3.3544303797468356	0.569620253164557	2.130801687763713	2.70042194092827	1.270042194092827	65.37130801687763	0.0	0.0	30.320675105485233	0.0	0.5907172995780591	0.0	0.0	0.0	0.0	0.0	0.0	0.0	0.0	0.0	0.0	0.0	0.0	0.0
1274672	0.17424242424242425	0.23863636363636365	0.0	9.799242424242424	10.829545454545455	1.803030303030303	0.0	0.24621212121212122	3.0265151515151514	0.2159090909090909	92.3219696969697	2.507575757575758	0.0	43.53030303030303	0.0	0.0	0.0	0.0	0.0	0.0	0.0	0.0	0.0	0.0	0.0	0.0	0.0	0.0	0.0
1274673	0.24661246612466126	0.94579945799458	0.0	9.94579945799458	5.05420054200542	1.7046070460704608	0.0	0.7127371273712737	3.3252032520325203	2.3902439024390243	88.86449864498645	2.5501355013550135	0.0	41.40108401084011	0.0	0.0	0.0	0.6720867208672087	0.0	0.0	0.0	0.0	0.0	0.6639566395663956	0.0	0.0	0.0	0.0	0.0
1274674	0.0	0.23809523809523808	0.0	10.044444444444444	4.457142857142857	2.3492063492063493	0.0	2.425396825396825	0.0	0.43492063492063493	72.61904761904762	1.1206349206349207	0.0	35.263492063492066	0.0	0.0	0.0	0.0	0.0	0.0	0.0	0.0	0.0	0.0	0.0	0.0	0.0	0.0	0.0
1274675	1.2	0.3888888888888889	0.0	5.912962962962963	8.311111111111112	1.9185185185185185	0.0	3.237037037037037	3.588888888888889	1.4537037037037037	86.07962962962964	2.787037037037037	0.0	38.1	0.0	0.0	0.5592592592592592	0.0	0.0	0.0	0.0	0.0	0.0	1.048148148148148	0.0	0.0	0.0	0.0	0.0
1274677	0.6717557251908397	1.1653944020356235	0.0	12.870229007633588	6.4910941475826975	4.712468193384224	0.0	0.9720101781170484	2.5368956743002546	0.4732824427480916	104.68193384223919	4.338422391857506	0.0	36.71501272264631	0.0	0.0	0.0	0.0	0.0	0.0	0.0	0.0	0.017811704834605598	1.4376590330788803	0.0	0.0	0.0	0.0	0.0
1274678	0.9606741573033708	0.3913857677902622	0.0	7.803370786516854	11.99625468164794	4.00374531835206	0.0	1.3707865168539326	1.0898876404494382	0.31086142322097376	89.50561797752809	2.0187265917602994	0.6722846441947565	37.058052434456926	0.0	0.0	0.0	0.09176029962546817	0.0	0.31273408239700373	0.0	0.0	0.8108614232209738	1.0898876404494382	0.0	0.0	0.0	0.0	0.0
1274679	1.0142450142450143	0.0	0.0	8.418803418803419	7.113960113960114	5.293447293447294	1.1082621082621082	2.7094017094017095	0.8376068376068376	1.4672364672364673	76.9002849002849	1.98005698005698	0.4444444444444444	28.618233618233617	0.0	0.0	0.0	1.1225071225071226	0.50997150997151	0.3561253561253561	0.0	0.0	0.4301994301994302	0.0	0.0	0.0	0.0	0.0	0.0
1274682	0.5195402298850574	0.0	0.0	7.11264367816092	8.050574712643678	3.3701149425287356	0.4666666666666667	0.6528735632183909	1.8091954022988506	0.6896551724137931	67.35172413793103	2.12183908045977	0.0	28.95632183908046	0.0	0.0	0.0	0.0	0.0	0.17011494252873563	0.0	0.0	0.0	0.39770114942528734	0.0	0.0	0.0	0.0	0.0
1274683	0.4200603318250377	0.4464555052790347	0.0	10.346907993966818	7.910256410256411	4.5143288084464555	0.0746606334841629	2.760180995475113	1.456259426847662	1.0731523378582202	90.54147812971343	1.6809954751131222	0.0	35.79260935143288	0.0	0.0	0.0	0.13273001508295626	0.0	0.1726998491704374	0.0	0.0	0.0	1.2481146304675717	0.0	0.0	0.0	0.0	0.0
1274685	0.04201680672268908	0.03361344537815126	0.0	6.761904761904762	7.187675070028011	1.9831932773109244	0.0	3.515406162464986	4.383753501400561	0.1792717086834734	78.16806722689076	1.6610644257703082	0.0	31.85434173669468	0.0	0.0	0.0	0.2549019607843137	0.0	0.0	0.0	0.0	0.0	0.6974789915966386	0.0	0.0	0.0	0.0	0.0
1274686	0.0	0.6948717948717948	0.0	6.302564102564102	9.57948717948718	0.7333333333333333	0.0	3.4641025641025642	2.0076923076923077	2.712820512820513	95.33333333333333	0.9692307692307692	0.0	23.533333333333335	0.0	0.0	0.0	0.441025641025641	0.0	0.0	0.0	0.0	0.4153846153846154	0.0	0.0	0.11538461538461539	0.0	0.0	0.0
1274688	0.5970149253731343	1.1651741293532338	0.0	10.729353233830846	9.007960199004975	4.7343283582089555	0.0	2.897512437810945	2.009950248756219	0.5711442786069652	90.2407960199005	1.7512437810945274	0.0	38.87860696517413	0.0	0.0	0.0	0.7482587064676617	0.0	0.008955223880597015	0.0	0.0	0.1572139303482587	0.0	0.0	0.0	0.0	0.0	0.0
1274689	0.7664041994750657	0.3937007874015748	0.0	6.078740157480315	7.3569553805774275	3.0341207349081363	0.0	2.2755905511811023	0.12598425196850394	0.4566929133858268	82.97112860892389	0.5039370078740157	0.0	18.566929133858267	0.0	0.0	0.0	0.0	0.0	0.0	0.0	0.0	0.0	1.7034120734908136	0.0	0.0	0.0	0.0	0.0
1274662	0.956386292834891	0.470404984423676	0.0	5.314641744548287	2.3956386292834893	3.498442367601246	0.0	3.3551401869158877	1.6884735202492211	1.1838006230529594	66.82242990654206	0.940809968847352	0.0	38.18691588785047	0.0	0.0	0.0	0.0	0.0	0.0	0.0	0.0	0.0	0.5700934579439252	0.0	0.0	0.0	0.0	0.0
1274663	0.0	0.2347417840375587	0.0	9.954616588419405	5.111111111111111	2.5492957746478875	0.26917057902973396	0.39906103286384975	1.1549295774647887	0.0	67.01721439749609	1.6103286384976525	0.0	35.070422535211264	0.0	0.0	0.0	0.0	0.0	0.0	0.0	0.0	0.0	0.001564945226917058	0.0	0.0	0.0	0.0	0.0
1274664	0.6204620462046204	0.0	0.0	8.3003300330033	8.396039603960396	1.2343234323432344	0.0462046204620462	1.9125412541254125	2.5247524752475248	0.9933993399339934	78.10561056105611	2.1518151815181517	0.0	28.844884488448844	0.0	0.0	0.4966996699669967	0.0	0.0	0.0	0.0	0.0	0.0	0.0	0.0	0.0	0.0	0.0	0.0
1274665	0.7866666666666666	0.49333333333333335	0.0	6.0633333333333335	5.513333333333334	1.8266666666666667	0.9166666666666666	1.7266666666666666	3.7733333333333334	0.0	82.54333333333334	3.3766666666666665	0.0	33.343333333333334	0.0	0.0	0.0	0.0	0.0	0.0	0.0	0.0	0.0	1.0066666666666666	0.0	0.0	0.0	0.0	0.0
1274666	0.32971014492753625	0.8611111111111112	0.0	9.173913043478262	6.961352657004831	3.5652173913043477	0.3635265700483092	2.568840579710145	1.5905797101449275	0.14492753623188406	89.8780193236715	1.4190821256038648	0.0	38.72222222222222	0.0	0.0	0.0	0.012077294685990338	0.0	0.3647342995169082	0.0	0.0	0.0	0.050724637681159424	0.0	0.0	0.0	0.0	0.0
1274667	0.41304347826086957	0.0	0.0	3.4528985507246377	7.217391304347826	3.9420289855072466	0.0	1.5905797101449275	3.3079710144927534	0.5362318840579711	86.8623188405797	2.9528985507246377	0.0	31.597826086956523	0.0	0.0	0.0	1.0108695652173914	0.0	1.0942028985507246	0.0	0.0	0.0	1.4456521739130435	0.0	0.0	0.0	0.0	0.0
1274668	0.4090909090909091	0.0	0.0	14.124242424242425	11.56969696969697	3.5242424242424244	0.0	1.9303030303030304	1.4878787878787878	0.43636363636363634	78.45454545454545	6.351515151515152	0.0	33.25151515151515	0.0	0.0	0.0	0.0	0.0	0.0	0.0	0.0	0.0	2.2181818181818183	0.0	0.0	0.0	0.0	0.0
1274669	0.04405286343612335	0.8223201174743024	0.0	10.537444933920705	9.694566813509544	3.1762114537444934	0.4023494860499266	1.6387665198237886	2.484581497797357	1.3920704845814977	80.81204111600587	2.8604992657856094	0.0	39.286343612334804	0.0	0.0	0.0	0.4434654919236417	0.0	0.0	0.0	0.0	0.0	0.4052863436123348	0.0	0.0	0.0	0.0	0.0
1274670	0.28019323671497587	2.0458937198067635	0.0	5.48792270531401	9.36231884057971	2.579710144927536	0.04106280193236715	1.3743961352657006	2.9420289855072466	0.0	80.76328502415458	0.1570048309178744	0.5603864734299517	35.8743961352657	0.0	0.0	0.0	0.0	0.0	0.0	0.0	0.0	0.0	1.2246376811594204	0.0	0.0	0.0	0.0	0.0
1274671	0.9739583333333334	1.875	0.0	7.197916666666667	10.703125	2.0364583333333335	0.0	0.4375	2.3020833333333335	0.0	82.859375	2.1302083333333335	0.2708333333333333	45.0	0.0	0.0	0.0	0.0	0.0	0.0	0.0	0.0	0.0	0.0	0.0	0.0	0.0	0.0	0.0
1628862	2.1784037558685445	0.6995305164319249	0.0	4.957746478873239	10.492957746478874	1.7934272300469483	0.0	0.0	0.0	0.0	66.14553990610328	2.112676056338028	0.0	5.276995305164319	0.0	0.0	0.0	0.0	0.0	0.0	0.0	0.0	0.0	0.0	0.0	0.0	0.0	0.0	0.6619718309859155
1489214	0.1568627450980392	0.8207282913165266	0.0	8.103641456582633	10.509803921568627	0.19047619047619047	0.42296918767507	6.067226890756302	2.1064425770308124	2.5294117647058822	92.17927170868347	2.1204481792717087	1.2941176470588236	35.089635854341736	0.0	0.0	0.16806722689075632	0.0784313725490196	0.0	0.0	0.0	0.0	0.0	0.9523809523809523	0.0	0.0	0.0	0.0	0.0
1489215	3.5435897435897434	0.0	0.0	10.723076923076922	4.794871794871795	4.235897435897436	0.6461538461538462	2.3384615384615386	4.271794871794872	2.2666666666666666	81.06666666666666	2.241025641025641	0.0	38.84102564102564	0.0	0.0	0.0	1.2153846153846153	0.0	0.0	0.0	0.0	0.0	0.18461538461538463	0.0	0.0	0.0	0.0	0.0
480057	0.71900826446281	1.4931129476584022	0.0	0.6639118457300276	9.066115702479339	0.977961432506887	0.0	0.5840220385674931	0.7658402203856749	0.0	77.10468319559229	0.0	0.0	6.360881542699724	0.0	0.0	0.0	0.0	0.0	0.0	0.0	0.0	0.0	0.8319559228650137	0.0	0.7465564738292011	0.0	0.0	0.0
8151	0.7418981481481481	0.4988425925925926	0.0	10.666666666666666	4.27662037037037	3.189814814814815	0.0	4.861111111111111	1.6446759259259258	0.9849537037037037	81.60185185185185	2.056712962962963	0.0	28.48611111111111	0.0	0.0	0.0	0.34837962962962965	0.0	0.29282407407407407	0.0	0.0	0.17476851851851852	0.17476851851851852	0.0	0.0	0.0	0.0	0.0
