key	WAM_ALR	WAM_CCR	WAM_IPI	WAM_MAR	WAM_MYS	WAM_PBL	WAM_PJN	WAM_PPR	WAM_PST	WAM_ROL	WAM_SCR	WAM_SGN	WAM_SIS	WAM_TWN	WAR_ALR	WAR_CCR	WAR_IPI	WAR_MAR	WAR_MYS	WAR_PBL	WAR_PJN	WAR_PPR	WAR_PSK	WAR_PST	WAR_RNW	WAR_ROL	WAR_SCR	WAR_SGL	WAR_SIS
1110654	1.3744292237442923	0.3447488584474886	1.95662100456621	0.5616438356164384	0.0	0.0	0.6598173515981736	0.228310502283105	0.0	0.0	0.0	0.632420091324201	0.0	0.639269406392694	1.6643835616438356	0.0	0.0	0.0	0.0	0.0	0.0	0.547945205479452	0.0	0.6484018264840182	0.0	0.6894977168949772	2.7077625570776256	1.3401826484018264	0.0
1688767	0.8875968992248062	0.3850129198966408	0.0	0.582687338501292	0.040051679586563305	0.0	0.39018087855297157	0.5555555555555556	0.3863049095607235	0.0	0.0	0.32170542635658916	0.0	0.1937984496124031	0.2364341085271318	0.0	0.0	0.3875968992248062	0.3888888888888889	0.09431524547803617	0.0	0.3888888888888889	0.10077519379844961	0.0	0.0	0.6511627906976745	1.082687338501292	0.19509043927648578	1.7532299741602067
1262905	2.0860927152317883	0.5077262693156733	0.6357615894039735	0.4282560706401766	0.6534216335540839	0.0	0.6026490066225165	2.2141280353200883	0.0	0.0	0.33112582781456956	0.6644591611479028	0.32891832229580575	0.9514348785871964	0.5894039735099338	0.6666666666666666	0.0	0.6600441501103753	0.293598233995585	0.0	0.0	0.6401766004415012	1.185430463576159	0.0	0.33112582781456956	0.9359823399558499	1.4878587196467992	0.0	0.9337748344370861
454230	3.2109144542772863	1.3141592920353982	0.0	0.19469026548672566	0.44542772861356933	0.887905604719764	0.0	1.78023598820059	0.7654867256637168	0.8864306784660767	0.0	0.44542772861356933	0.3008849557522124	0.48525073746312686	0.3554572271386431	0.0	0.22271386430678466	0.0	0.2935103244837758	0.0	0.0	2.6651917404129795	1.9174041297935103	1.9941002949852507	0.0	0.4085545722713864	0.45722713864306785	0.0	0.5589970501474927
454253	1.5258620689655173	0.7959770114942529	0.46264367816091956	0.0	0.8045977011494253	0.0	0.0	0.29310344827586204	0.8649425287356322	0.6091954022988506	0.0	0.7586206896551724	0.0	0.9655172413793104	2.1149425287356323	0.0	0.0	0.0	1.117816091954023	0.10057471264367816	0.0	0.8620689655172413	1.0977011494252873	0.3649425287356322	0.7068965517241379	0.11206896551724138	1.9597701149425288	0.735632183908046	3.3505747126436782
454256	0.8022222222222222	0.7155555555555555	0.33555555555555555	0.0	1.491111111111111	0.0	0.3333333333333333	3.628888888888889	0.0	0.0	0.28	0.0	0.24222222222222223	0.008888888888888889	3.2133333333333334	0.0	0.0	0.0	0.3333333333333333	0.0	0.0	0.16444444444444445	1.0444444444444445	0.0	0.0	0.3888888888888889	1.9355555555555555	0.33555555555555555	0.13777777777777778
1391958	3.393939393939394	0.4628099173553719	0.31129476584022037	0.0	0.7052341597796143	0.0	0.7162534435261708	0.8292011019283747	0.0	0.0	0.20798898071625344	0.0	0.3746556473829201	0.5289256198347108	1.9325068870523416	0.0	0.0	0.41460055096418735	0.8622589531680441	0.0	0.0	1.3884297520661157	1.2424242424242424	0.5041322314049587	0.0	0.9366391184573003	3.8856749311294765	0.41597796143250687	1.2369146005509641
1599965	0.6938569989929506	1.0382678751258811	0.7069486404833837	1.0594159113796575	0.5337361530715005	0.0	0.0	1.2588116817724069	0.0	0.4340382678751259	0.7099697885196374	0.0	0.45317220543806647	0.0	0.5186304128902316	0.0	0.0	0.0	0.07452165156092648	0.0	0.3031218529707956	0.0	1.2124874118831823	0.2104733131923464	0.0	0.9204431017119838	0.6263846928499497	0.16515609264853978	0.6012084592145015
1599967	1.502857142857143	2.4076190476190478	0.0	0.1619047619047619	1.3104761904761906	0.0	0.0	2.782857142857143	0.44571428571428573	0.0	0.5714285714285714	1.2838095238095237	0.0	0.29714285714285715	0.6761904761904762	0.0	0.0	0.0	0.06095238095238095	0.0	0.4419047619047619	0.7980952380952381	0.580952380952381	0.0	0.2876190476190476	1.7961904761904761	2.1485714285714286	0.0	2.1904761904761907
399680	1.7320261437908497	0.45751633986928103	0.5925925925925926	0.0	0.7952069716775599	0.5642701525054467	0.6557734204793029	1.6557734204793029	0.2962962962962963	1.3747276688453158	0.3289760348583878	2.167755991285403	0.0	0.1111111111111111	1.224400871459695	0.0	0.6013071895424836	0.0	0.6993464052287581	0.0	0.0	0.19607843137254902	0.9629629629629629	0.017429193899782137	0.8518518518518519	0.6579520697167756	3.4052287581699345	0.0	0.08932461873638345
399681	1.168384879725086	1.2096219931271477	0.17525773195876287	0.0	1.168384879725086	0.0	0.7697594501718213	0.8762886597938144	0.4948453608247423	1.0	0.2508591065292096	0.5051546391752577	0.0	0.12027491408934708	0.9656357388316151	0.0	0.9828178694158075	0.0	0.0	0.0	0.0	0.0	0.5189003436426117	0.3436426116838488	0.0	1.6838487972508591	2.4364261168384878	0.32646048109965636	1.0446735395189004
399683	1.3991228070175439	0.04824561403508772	0.0	0.22807017543859648	0.7083333333333334	0.0	0.0	0.8289473684210527	0.0	0.33114035087719296	1.3201754385964912	1.019736842105263	0.32894736842105265	0.0	0.48903508771929827	0.793859649122807	0.3574561403508772	0.3026315789473684	0.8552631578947368	0.0	0.0	1.4956140350877194	0.0	0.0	0.3925438596491228	0.046052631578947366	2.3815789473684212	0.6052631578947368	1.2960526315789473
399684	3.2569974554707377	0.0	0.0	1.0127226463104326	1.0381679389312977	0.0	0.0	1.6259541984732824	0.0	0.48346055979643765	0.0	0.5139949109414759	0.3816793893129771	1.3002544529262086	1.816793893129771	0.38676844783715014	0.0	0.0	0.8346055979643766	0.0	0.0	1.1501272264631044	0.04834605597964377	0.0	0.628498727735369	0.3816793893129771	0.8854961832061069	0.7811704834605598	2.5572519083969465
399673	1.5147058823529411	0.0	0.0	0.7728758169934641	0.9852941176470589	0.0	0.2434640522875817	0.4722222222222222	0.4803921568627451	0.738562091503268	0.0	0.0	0.0	0.6405228758169934	0.24673202614379086	0.0	0.0	0.0	0.4918300653594771	0.0	0.024509803921568627	0.12091503267973856	0.511437908496732	0.0	0.0	0.43790849673202614	0.4934640522875817	0.0	0.8202614379084967
399674	1.528673835125448	0.8118279569892473	0.0	0.20967741935483872	0.07526881720430108	0.0	0.5340501792114696	1.3261648745519714	0.26881720430107525	0.08243727598566308	0.0	0.0	0.0	0.3602150537634409	0.26881720430107525	0.0	0.899641577060932	0.0	0.0	0.33512544802867383	0.4121863799283154	3.216845878136201	0.48028673835125446	0.5394265232974911	0.0	0.525089605734767	2.421146953405018	0.3010752688172043	0.13978494623655913
399675	2.1910569105691056	1.8333333333333333	0.3902439024390244	0.0	0.6138211382113821	0.0	0.0	1.548780487804878	0.1910569105691057	0.5894308943089431	0.8495934959349594	0.0	1.0	1.443089430894309	0.6707317073170732	0.0	1.056910569105691	0.0	0.0	0.024390243902439025	0.24796747967479674	0.25203252032520324	0.04065040650406504	0.23983739837398374	0.10569105691056911	2.1016260162601625	1.7479674796747968	0.0	0.959349593495935
399676	0.21138211382113822	0.6043360433604336	0.06775067750677506	0.5772357723577236	0.983739837398374	0.0	0.0	3.127371273712737	0.5853658536585366	0.16531165311653118	0.3902439024390244	0.0	1.032520325203252	0.4092140921409214	0.14634146341463414	0.0	0.35772357723577236	0.0	0.0	0.0	0.33604336043360433	0.6287262872628726	1.6124661246612466	0.0027100271002710027	0.06504065040650407	2.4661246612466123	1.032520325203252	0.12466124661246612	0.7967479674796748
399677	3.9674185463659146	0.0	0.24812030075187969	0.0	1.3283208020050126	0.0	0.0	2.769423558897243	0.37844611528822053	0.37343358395989973	0.0	0.0	1.493734335839599	0.020050125313283207	2.982456140350877	0.37844611528822053	0.37593984962406013	0.0	0.3533834586466165	0.899749373433584	0.37844611528822053	1.6541353383458646	0.7518796992481203	0.0	0.0	0.6842105263157895	0.7794486215538847	0.631578947368421	3.388471177944862
399679	2.1677852348993287	1.5861297539149888	0.6666666666666666	0.44742729306487694	0.33557046979865773	0.0	0.31767337807606266	3.751677852348993	0.1476510067114094	0.3422818791946309	0.668903803131991	1.0559284116331096	0.0	0.2371364653243848	0.87248322147651	0.31767337807606266	0.0	0.0	0.7941834451901566	0.0	0.0	0.738255033557047	0.23937360178970918	0.0	0.738255033557047	0.5771812080536913	1.9530201342281879	0.34451901565995524	0.7874720357941835
1381612	0.76	0.0	1.16	0.0	1.0711111111111111	0.0	0.0	0.4622222222222222	0.0	0.6711111111111111	0.0	1.6444444444444444	0.0	0.0	0.0	0.0	0.0	0.0	0.0	0.0	0.15555555555555556	0.25333333333333335	0.0	0.0	0.0	0.0	4.4222222222222225	0.0	0.0
1381614	2.0919540229885056	1.526083112290009	1.0804597701149425	0.0	0.13262599469496023	0.0	0.0	1.53315649867374	0.13351016799292661	0.2396109637488948	0.0	0.381078691423519	0.53315649867374	0.7550839964633068	0.5322723253757736	0.40848806366047746	0.1883289124668435	0.0	0.13262599469496023	0.2661361626878868	0.13351016799292661	0.7939876215738285	0.6772767462422635	0.17506631299734748	0.2502210433244916	0.596816976127321	1.704686118479222	0.48717948717948717	0.41025641025641024
406384	1.3781094527363185	0.9767827529021559	0.0	0.2504145936981758	0.2504145936981758	0.0	0.49917081260364843	1.6086235489220564	0.0	0.0	0.0	0.0	0.36981757877280264	0.9054726368159204	1.6965174129353233	0.3598673300165838	0.0	0.0	0.0	0.4975124378109453	0.0	0.0	1.2222222222222223	0.0	0.0	0.3250414593698176	1.2885572139303483	0.9966832504145937	0.3034825870646766
406389	1.1993464052287581	0.0	0.7679738562091504	0.7124183006535948	0.9150326797385621	0.0	1.3725490196078431	0.20588235294117646	0.15359477124183007	0.0	0.0	0.5588235294117647	0.0	0.0	0.0	0.0	0.17647058823529413	0.0	0.35294117647058826	0.0	0.0	0.0	0.5588235294117647	0.7908496732026143	0.49019607843137253	0.0	1.2222222222222223	0.0	1.5457516339869282
258693	2.23	0.49333333333333335	0.8433333333333334	0.13333333333333333	0.69	0.0	0.7433333333333333	1.3366666666666667	0.0	0.0	0.0	1.2933333333333332	0.0	0.0	0.0	0.0	1.4933333333333334	0.0	0.0	0.0	0.0	1.1133333333333333	0.59	1.32	0.0	0.22666666666666666	2.76	0.0	2.1566666666666667
258696	1.8934707903780068	0.5171821305841925	1.0360824742268042	0.5120274914089347	0.8831615120274914	0.0	0.0	2.0635738831615122	0.20446735395189003	0.19243986254295534	0.0	0.03608247422680412	0.25945017182130586	0.9639175257731959	2.2130584192439864	0.0	0.7749140893470791	0.0	0.2508591065292096	0.0	0.0	0.2542955326460481	0.5515463917525774	0.5395189003436426	0.0	0.0	1.3487972508591066	0.0	1.238831615120275
456893	1.3227611940298507	0.4465174129353234	0.18718905472636815	0.18718905472636815	0.36629353233830847	0.4191542288557214	0.18718905472636815	2.2568407960199006	0.5603233830845771	0.35074626865671643	0.6007462686567164	0.26554726368159204	0.12935323383084577	0.3743781094527363	0.39303482587064675	0.35945273631840796	0.3725124378109453	0.0	1.3109452736318408	0.18781094527363185	0.18718905472636815	0.3737562189054726	0.18718905472636815	0.375	0.0	1.2879353233830846	1.396144278606965	0.3743781094527363	0.5031094527363185
1414917	2.219461697722567	1.1159420289855073	0.0	0.47619047619047616	0.0	0.057971014492753624	0.21325051759834368	2.256728778467909	0.0	0.6211180124223602	0.3105590062111801	0.7267080745341615	0.2153209109730849	0.6252587991718427	0.3105590062111801	0.11387163561076605	0.0	0.0	0.20496894409937888	0.0	0.0	0.0	0.8385093167701864	0.0	0.484472049689441	0.2608695652173913	2.389233954451346	0.3105590062111801	1.7142857142857142
204294	1.9407831900668577	2.530085959885387	0.8595988538681948	0.5826170009551098	0.08022922636103152	0.0	0.28462273161413565	0.6609360076408787	1.0066857688634192	0.7870105062082139	0.0	0.0	0.0	0.22922636103151864	0.12225405921680993	0.5663801337153773	0.47277936962750716	0.7125119388729704	0.47277936962750716	0.28844317096466093	0.0	0.28844317096466093	1.0448901623686724	0.018147086914995225	0.0	1.0066857688634192	2.4297994269340975	0.55396370582617	0.565425023877746
204295	0.7858048162230672	0.5703422053231939	0.0	0.3193916349809886	0.21926489226869456	0.0	0.0	0.5855513307984791	0.0	0.13054499366286437	0.6286438529784537	0.37389100126742714	0.2458808618504436	0.024081115335868188	0.0	1.144486692015209	0.0	0.0	0.7655259822560203	0.38149556400506973	0.0	0.0	0.3320659062103929	0.2509505703422053	0.19518377693282637	0.5728770595690748	1.211660329531052	0.5716096324461344	0.15462610899873258
204297	2.2045855379188715	2.329805996472663	0.5326278659611993	0.5291005291005291	0.5326278659611993	0.0	0.0	1.4550264550264551	0.32275132275132273	0.49029982363315694	0.0	0.5291005291005291	0.0	0.6860670194003528	1.3139329805996474	0.5326278659611993	0.0	0.0	1.5308641975308641	0.0	0.0	0.7936507936507936	0.9135802469135802	0.0	1.0846560846560847	0.0	1.9788359788359788	0.5308641975308642	0.7425044091710759
1153318	1.5244161358811041	0.43312101910828027	0.7600849256900213	0.3205944798301486	1.2738853503184713	0.0	0.7154989384288747	1.1740976645435244	0.4883227176220807	0.0	0.524416135881104	0.3184713375796178	0.0	0.0	1.3970276008492568	0.0	0.008492569002123142	0.5265392781316348	0.0	0.3184713375796178	0.0	1.0212314225053079	0.0	0.0	0.7791932059447984	1.872611464968153	2.917197452229299	1.316348195329087	0.5392781316348195
1153319	2.247311827956989	0.0	0.2446236559139785	0.0	0.40591397849462363	0.0	0.7123655913978495	0.532258064516129	1.3091397849462365	0.07526881720430108	0.9516129032258065	1.60752688172043	0.0	0.07795698924731183	1.2473118279569892	0.0	0.7903225806451613	0.0	0.8064516129032258	0.4032258064516129	0.4650537634408602	0.9059139784946236	0.0	0.0	0.40053763440860213	0.7338709677419355	2.653225806451613	0.16666666666666666	1.2956989247311828
745508	2.723809523809524	0.0	0.0	0.0	0.473015873015873	0.0	0.0	0.9555555555555556	0.0	1.0952380952380953	0.32063492063492066	0.0	0.0	0.48253968253968255	0.873015873015873	0.0	1.438095238095238	0.4793650793650794	0.0	0.7238095238095238	0.0	0.26031746031746034	0.0	1.3206349206349206	2.3904761904761904	0.0	0.9523809523809523	1.511111111111111	0.4793650793650794
899331	0.9989316239316239	0.5384615384615384	1.7852564102564104	0.0	0.32264957264957267	0.0	0.16025641025641027	1.0726495726495726	0.0	0.8044871794871795	0.3215811965811966	0.2905982905982906	0.48183760683760685	0.32051282051282054	1.0747863247863247	0.32051282051282054	0.24786324786324787	0.6431623931623932	0.0	0.16132478632478633	0.7147435897435898	0.6442307692307693	0.5576923076923077	0.0	0.18696581196581197	0.6442307692307693	1.0245726495726495	0.8333333333333334	0.9316239316239316
1385969	2.7827715355805243	0.5599250936329588	0.4307116104868914	0.10299625468164794	0.0	0.0	0.28277153558052437	2.3333333333333335	1.3164794007490637	1.1760299625468165	0.5617977528089888	2.400749063670412	0.0	0.5636704119850188	1.7902621722846441	0.13670411985018727	0.28277153558052437	0.2808988764044944	0.6985018726591761	0.0	0.0	0.25280898876404495	1.0936329588014981	0.40074906367041196	0.0	0.8595505617977528	1.7078651685393258	0.0	0.3089887640449438
1385974	1.8571428571428572	1.5555555555555556	0.0	0.8253968253968254	0.24603174603174602	0.0	0.24603174603174602	0.24603174603174602	0.0	2.1587301587301586	0.1349206349206349	0.46825396825396826	0.0	0.0	0.2698412698412698	0.7142857142857143	0.35714285714285715	0.0	0.0	0.0	0.0	2.365079365079365	0.8253968253968254	0.0	0.0	0.6031746031746031	1.5634920634920635	2.1904761904761907	1.4841269841269842
1262980	2.475806451612903	0.13978494623655913	0.0	0.40591397849462363	0.0	0.0	0.021505376344086023	2.225806451612903	0.0	0.40591397849462363	1.2150537634408602	0.0	0.8064516129032258	0.40591397849462363	0.23387096774193547	0.20967741935483872	0.0	0.0	0.0	0.0	0.8118279569892473	0.0	0.45698924731182794	0.0	0.0	0.5349462365591398	4.42741935483871	0.6720430107526881	1.0295698924731183
1262981	1.9791666666666667	0.484375	0.0	0.5052083333333334	0.0	0.0	0.0	2.0416666666666665	0.0	1.1927083333333333	0.4270833333333333	0.0	0.7760416666666666	1.375	2.7708333333333335	2.5208333333333335	0.0	0.0	0.0	0.0	0.0	0.5052083333333334	0.3333333333333333	0.0	0.0	0.7864583333333334	2.6666666666666665	0.0	0.9166666666666666
1262997	2.1009174311926606	0.45871559633027525	0.4617737003058104	0.3058103975535168	0.7584097859327217	0.0	0.0	3.2691131498470947	0.2782874617737003	0.43730886850152906	0.8685015290519877	1.5932721712538227	0.0	0.0	0.3669724770642202	0.8715596330275229	0.0	0.0	0.0764525993883792	0.0	0.0	0.15902140672782875	1.908256880733945	0.0	0.0	0.37003058103975534	3.238532110091743	0.8837920489296636	0.6146788990825688
653759	5.0256410256410255	0.0	0.0	0.0	0.0	0.0	0.0	2.927350427350427	0.0	1.141025641025641	0.0	0.9743589743589743	0.0	0.0	0.0	0.0	1.2136752136752136	0.0	0.0	0.0	0.0	0.0	0.0	0.0	1.1324786324786325	1.2521367521367521	3.8461538461538463	0.6410256410256411	1.8418803418803418
1604124	3.1965811965811968	0.40550807217473883	0.14339981006647673	0.0	1.8936372269705604	0.0	0.0	2.288698955365622	0.28679962013295346	0.7150997150997151	0.288698955365622	0.42165242165242167	0.2241215574548908	0.019943019943019943	1.7559354226020893	0.5698005698005698	0.0	0.0	0.0	0.2849002849002849	0.0	2.1937321937321936	0.07977207977207977	0.785375118708452	0.22981956315289648	0.5811965811965812	1.134852801519468	0.0	2.5754985754985755
1604125	1.5595959595959596	0.98989898989899	1.4484848484848485	0.6060606060606061	2.206060606060606	0.0	0.48282828282828283	2.43030303030303	0.0	0.0	0.4626262626262626	0.8141414141414142	0.0	0.4505050505050505	0.7393939393939394	1.1292929292929292	0.3333333333333333	0.0	0.0	0.0	0.6060606060606061	1.0808080808080809	0.30303030303030304	0.0	0.0	0.14545454545454545	0.7535353535353535	0.0	0.6080808080808081
1604128	2.6885245901639343	0.3551912568306011	0.0	0.5491803278688525	0.0	0.0	0.4890710382513661	1.4098360655737705	0.592896174863388	0.5573770491803278	0.4644808743169399	0.9289617486338798	0.0	0.412568306010929	1.3797814207650274	0.0	1.5846994535519126	0.0	0.6256830601092896	0.0	0.0	1.0136612021857923	1.2923497267759563	0.0	0.3551912568306011	0.27049180327868855	2.814207650273224	0.3770491803278688	0.6147540983606558
1604129	4.218518518518518	1.0314814814814814	1.1444444444444444	1.4722222222222223	0.0	0.0	0.053703703703703705	1.6925925925925926	0.0	0.2796296296296296	0.12962962962962962	0.7592592592592593	0.0	1.1777777777777778	0.7314814814814815	0.0	0.2962962962962963	0.0	0.12962962962962962	0.0	0.0	0.8388888888888889	0.6962962962962963	0.16666666666666666	0.3148148148148148	1.6592592592592592	4.074074074074074	0.29814814814814816	1.2203703703703703
1604130	3.0617283950617282	1.2	1.3209876543209877	0.0	1.0641975308641975	0.0	0.6493827160493827	2.533333333333333	0.0	0.0	0.0	0.0	1.288888888888889	2.1259259259259258	1.1135802469135803	0.0	0.0	0.0	0.0	0.3802469135802469	0.0	1.05679012345679	1.7580246913580246	0.4962962962962963	0.0	0.7061728395061728	2.034567901234568	0.7876543209876543	1.5432098765432098
1604132	1.6648936170212767	0.07801418439716312	1.1897163120567376	0.0	0.8031914893617021	0.0	0.0	0.7109929078014184	0.0	0.4769503546099291	0.9787234042553191	0.5354609929078015	0.0	0.8439716312056738	1.5124113475177305	0.0	0.5336879432624113	0.12234042553191489	0.0	0.4095744680851064	0.0	0.9840425531914894	1.8829787234042554	0.0	0.26773049645390073	1.0620567375886525	0.37056737588652483	0.2553191489361702	1.6081560283687943
1604133	1.1378205128205128	1.1538461538461537	1.1442307692307692	0.003205128205128205	0.0	0.0	0.0	1.0705128205128205	0.0	0.05448717948717949	0.5641025641025641	0.8397435897435898	0.0	0.9166666666666666	1.1442307692307692	0.1794871794871795	0.0	0.6314102564102564	0.0	0.0	0.0	1.7692307692307692	2.673076923076923	0.15384615384615385	0.4807692307692308	0.038461538461538464	0.2980769230769231	0.0	0.9551282051282052
1604134	1.6666666666666667	1.6910569105691058	1.4092140921409213	1.5149051490514904	0.4065040650406504	0.0	0.0	1.4010840108401084	0.0	1.4607046070460705	1.3685636856368564	1.2303523035230353	0.7696476964769647	0.4065040650406504	1.2303523035230353	0.6612466124661247	0.0	0.10840108401084012	0.0	0.0	0.0	0.8482384823848238	0.0	0.6910569105691057	0.0	0.3983739837398374	1.948509485094851	0.0	0.8292682926829268
1604135	0.8111111111111111	0.14814814814814814	1.0074074074074073	0.1962962962962963	0.5444444444444444	0.0	1.114814814814815	2.2888888888888888	0.0	0.3814814814814815	0.8888888888888888	1.2851851851851852	0.08148148148148149	0.0	0.5592592592592592	0.9481481481481482	1.0	0.0	0.6962962962962963	0.0	0.0	0.5592592592592592	0.34074074074074073	0.5555555555555556	0.0	0.5888888888888889	2.185185185185185	0.0	0.8296296296296296
1604136	3.1333333333333333	1.1733333333333333	1.248888888888889	1.1066666666666667	0.0	0.0	0.0	1.5733333333333333	0.07555555555555556	1.1022222222222222	0.8488888888888889	0.0	0.0	0.035555555555555556	0.48	1.5377777777777777	0.14222222222222222	0.0	0.5066666666666667	0.0	0.0	0.0	0.7022222222222222	0.6711111111111111	0.0	0.0	1.1866666666666668	1.2177777777777778	1.1733333333333333
1604137	1.7074340527577938	0.5323741007194245	1.249400479616307	0.12949640287769784	1.5947242206235013	0.6163069544364509	0.0	5.757793764988009	0.6834532374100719	0.0	1.0767386091127098	0.2589928057553957	0.0	1.0359712230215827	1.0359712230215827	0.7529976019184652	0.7218225419664268	0.2182254196642686	0.7242206235011991	0.0	0.0	0.0	0.9664268585131894	0.5947242206235012	0.290167865707434	0.1366906474820144	2.7314148681055155	0.06954436450839328	1.4412470023980815
1604138	2.017543859649123	1.055921052631579	1.2379385964912282	0.6611842105263158	0.25109649122807015	0.03728070175438596	0.9923245614035088	1.0745614035087718	0.0	0.49451754385964913	0.5372807017543859	0.36403508771929827	0.33114035087719296	1.1392543859649122	2.0197368421052633	0.9243421052631579	1.156798245614035	0.05482456140350877	0.5975877192982456	0.0	0.0	0.32894736842105265	0.8903508771929824	0.3969298245614035	0.5153508771929824	1.5153508771929824	1.7521929824561404	0.125	2.7916666666666665
1604139	1.2780410742496051	0.8262243285939969	0.9304897314375987	0.23696682464454977	0.6461295418641391	0.9636650868878357	1.3412322274881516	1.4770932069510267	0.0	0.23696682464454977	0.4755134281200632	0.0	0.0	0.4075829383886256	1.8262243285939967	0.17061611374407584	1.0695102685624012	0.0	1.6998420221169037	0.0	0.0	0.0	0.3949447077409163	0.8657187993680885	0.0	1.249605055292259	1.2906793048973144	0.28751974723538704	1.0900473933649288
1604140	1.7455197132616487	1.5161290322580645	2.010752688172043	0.16487455197132617	0.6989247311827957	1.5949820788530467	0.7311827956989247	1.6200716845878136	0.0	0.0	0.0	0.0	0.0	1.2437275985663083	1.82078853046595	0.7025089605734767	0.25448028673835127	0.0	1.960573476702509	0.0	0.0	0.0	1.2652329749103943	0.26881720430107525	0.0	0.3835125448028674	2.017921146953405	0.5412186379928315	0.46953405017921146
1604141	2.5364396654719235	1.5340501792114696	0.5770609318996416	0.5304659498207885	0.2819593787335723	0.35961768219832735	0.899641577060932	2.6678614097968936	0.17921146953405018	0.0	0.0	0.0	0.0	0.0	1.1505376344086022	0.6499402628434886	0.2078853046594982	0.0	0.7885304659498208	0.33930704898446834	0.35842293906810035	0.94026284348865	1.081242532855436	1.015531660692951	0.0	0.13381123058542413	1.7467144563918757	0.5292712066905615	1.2485065710872163
1604142	6.470790378006873	1.5601374570446735	0.0	0.48109965635738833	0.21649484536082475	0.5189003436426117	0.5189003436426117	0.9553264604810997	0.0	0.0	0.0	0.5498281786941581	0.0	0.0	1.3367697594501717	0.0	1.611683848797251	0.0	0.12714776632302405	0.044673539518900345	0.0	0.5773195876288659	0.0	0.0	0.0	0.6460481099656358	3.254295532646048	0.8900343642611683	1.3676975945017182
1604143	2.0709876543209877	0.33487654320987653	0.037037037037037035	0.023148148148148147	0.0	0.0	0.25462962962962965	3.4814814814814814	0.0	1.4259259259259258	0.44753086419753085	0.9197530864197531	0.2993827160493827	0.4660493827160494	0.4861111111111111	0.0	0.8626543209876543	0.0	0.4645061728395062	0.0	0.0	1.3209876543209877	0.9830246913580247	0.037037037037037035	0.0	0.4645061728395062	1.3395061728395061	0.3101851851851852	0.9305555555555556
1604144	1.4647887323943662	0.7151799687010955	0.4303599374021909	0.0	0.7057902973395931	0.0	0.6666666666666666	2.0938967136150235	0.918622848200313	0.43661971830985913	0.460093896713615	2.1236306729264474	0.1643192488262911	0.9577464788732394	0.4475743348982786	0.0	0.0	0.40062597809076683	0.47104851330203446	0.23317683881064163	0.4726134585289515	1.5993740219092332	1.1768388106416277	0.4303599374021909	0.0	0.0	2.2347417840375585	0.0	0.47104851330203446
1604150	2.5763239875389408	0.0	0.0	0.0	1.2554517133956387	0.0	0.4485981308411215	0.14018691588785046	1.3925233644859814	0.0	0.0	0.01557632398753894	0.0	0.26479750778816197	0.056074766355140186	0.49221183800623053	0.7165109034267912	0.29595015576323985	0.5763239875389408	0.0	0.0	0.7538940809968847	0.3613707165109034	0.0	0.0	0.4672897196261682	0.0	0.3613707165109034	2.5077881619937696
1707620	0.6919540229885057	1.3586206896551725	0.0	0.09885057471264368	0.6919540229885057	0.0	0.0	2.0	0.0	0.0	1.3149425287356322	0.0	0.3103448275862069	1.0390804597701149	0.0	0.0	0.6919540229885057	0.0	0.0	0.3103448275862069	0.0	0.3448275862068966	0.7310344827586207	0.5724137931034483	0.3448275862068966	0.0	0.6827586206896552	0.0	0.0
1707623	1.817687074829932	0.16054421768707483	0.7496598639455783	0.20408163265306123	0.04217687074829932	0.4054421768707483	0.0	0.5061224489795918	0.19727891156462585	0.0	0.0	0.0380952380952381	0.0	0.4095238095238095	0.20272108843537415	0.8136054421768707	0.3346938775510204	0.0	0.0	0.40680272108843535	0.5428571428571428	0.4108843537414966	1.3918367346938776	0.4231292517006803	0.0	0.20408163265306123	2.074829931972789	0.0	0.20408163265306123
1707624	0.8649425287356322	0.1839080459770115	1.2270114942528736	0.22701149425287356	0.0	0.0	0.0	1.8275862068965518	0.3764367816091954	0.0	0.867816091954023	1.25	1.9367816091954022	0.0	1.5689655172413792	0.6350574712643678	0.5632183908045977	0.735632183908046	0.0	0.0	0.15517241379310345	0.25	0.4339080459770115	0.0	1.589080459770115	0.07471264367816093	1.0689655172413792	1.3448275862068966	1.9310344827586208
461578	2.2761250953470635	0.9610983981693364	0.0	0.4591914569031274	0.0	0.0	0.6918382913806255	1.3096872616323416	0.2410373760488177	0.459954233409611	0.0	0.14645308924485126	0.6903127383676583	0.547673531655225	0.17315026697177727	0.4591914569031274	0.4591914569031274	0.18154080854309687	0.2288329519450801	0.2463768115942029	0.2295957284515637	0.459954233409611	0.2212051868802441	0.0	0.11517925247902365	0.16781083142639205	1.0755148741418765	0.7513348588863463	0.84744469870328
517217	1.088527551942186	0.2728093947606143	0.07136404697380307	0.0	0.13640469738030714	0.0	0.08491418247515808	0.5022583559168925	0.0	0.10388437217705511	0.0	0.2728093947606143	0.0	0.35591689250225833	0.33152664859981934	0.0	0.0	0.0	0.5745257452574526	0.5456187895212286	0.5429087624209575	0.8166214995483289	1.088527551942186	0.4056007226738934	0.2719060523938573	0.13640469738030714	1.6079494128274616	0.5953026196928636	0.9728997289972899
1637533	1.4068343004513217	1.1766602192134108	0.0	0.08059316569954868	0.0	0.0973565441650548	0.19406834300451323	0.5196647324306899	0.22372662798194712	0.34493874919406836	0.19406834300451323	0.218568665377176	0.09671179883945841	0.38813668600902645	0.6782720825274017	0.38878143133462284	0.5054803352675693	0.025145067698259187	0.379110251450677	0.0	0.0	0.6492585428755642	0.4835589941972921	0.19342359767891681	0.0973565441650548	0.968407479045777	1.88394584139265	0.1470019342359768	0.48549323017408125
1689291	2.309921962095875	1.391304347826087	0.8383500557413601	0.3366778149386845	1.3422519509476032	0.0	0.0	1.6677814938684503	0.0	0.5863991081382386	0.3366778149386845	0.5752508361204013	0.3355629877369008	0.3355629877369008	1.4526198439241917	0.5039018952062431	0.5027870680044593	0.0	0.33444816053511706	0.0	0.0	0.8416945373467113	0.6488294314381271	0.0	1.3968784838350057	1.1159420289855073	0.9219620958751393	0.33444816053511706	0.5027870680044593
1154251	1.0861788617886179	2.1154471544715445	0.975609756097561	0.3105691056910569	0.0	0.0	0.22601626016260162	0.7951219512195122	0.0	0.0	0.06829268292682927	0.16260162601626016	0.0	0.0	0.4894308943089431	0.767479674796748	0.0	0.0	0.0	0.0	0.0	0.4666666666666667	0.026016260162601626	0.0	0.0	1.5951219512195123	0.9804878048780488	0.24552845528455283	0.9804878048780488
1299024	1.9361702127659575	3.1950354609929077	0.09929078014184398	0.0	0.0	0.0	0.0	1.4716312056737588	0.6985815602836879	0.0	0.0	0.5319148936170213	0.0	0.0	1.5	0.0	0.8368794326241135	0.0	1.1170212765957446	0.0	0.4716312056737589	0.26595744680851063	0.7340425531914894	0.0	0.0	1.5212765957446808	1.5106382978723405	0.31560283687943264	0.0
720905	0.5070921985815603	1.0673758865248226	0.0	0.7659574468085106	0.0	0.14184397163120568	0.0	0.7021276595744681	0.7056737588652482	0.0	0.0	0.0	0.10638297872340426	0.36524822695035464	0.8829787234042553	0.13120567375886524	0.1950354609929078	0.0	0.0	0.0	0.13829787234042554	0.0	0.7340425531914894	0.0	0.0	0.0	2.421985815602837	0.0	0.5354609929078015
320854	1.2	0.23870967741935484	1.010752688172043	0.5053763440860215	0.0	0.0	0.0	1.010752688172043	0.0	0.0	0.0	1.3763440860215055	0.1935483870967742	1.1526881720430107	1.0731182795698924	0.23225806451612904	0.0	0.0	0.5290322580645161	0.0	0.0	0.23440860215053763	0.0	0.3311827956989247	0.0	0.0	1.6688172043010752	0.5290322580645161	0.11827956989247312
