key	WAM_ALR	WAM_CCR	WAM_IPI	WAM_MAR	WAM_MYS	WAM_PBL	WAM_PJN	WAM_PPR	WAM_PST	WAM_ROL	WAM_SCR	WAM_SGN	WAM_SIS	WAM_TWN	WAR_ALR	WAR_CCR	WAR_IPI	WAR_MAR	WAR_MYS	WAR_PBL	WAR_PJN	WAR_PPR	WAR_PSK	WAR_PST	WAR_RNW	WAR_ROL	WAR_SCR	WAR_SGL	WAR_SIS
319551	0.0	0.235202492211838	0.4696261682242991	0.0	0.17990654205607476	0.0	0.0	0.35046728971962615	0.0	0.0	0.588006230529595	0.0	0.0	0.0	0.235202492211838	0.5397196261682243	0.21339563862928349	0.0	0.0	0.0	0.0	1.9517133956386292	0.632398753894081	0.0	0.42133956386292837	0.0	3.0514018691588785	0.0	0.4369158878504673
615270	0.0	0.5171821305841925	0.4742268041237113	0.0	0.0	0.0	0.0	0.5171821305841925	0.0	0.0	0.1958762886597938	0.0	0.0	0.0	0.0	0.16151202749140894	0.0	0.5189003436426117	0.4742268041237113	0.0	0.0	1.0945017182130585	0.0	0.0	0.0	0.0	1.4518900343642611	0.0	0.0
963749	0.0	0.1380952380952381	0.8904761904761904	0.0	0.0	0.0	0.0	0.0	0.0	0.0	1.0095238095238095	0.8666666666666667	0.0	0.0	0.0	0.719047619047619	0.0	0.0	0.0	0.0	0.7904761904761904	1.4952380952380953	1.138095238095238	0.0	0.0	0.7380952380952381	5.228571428571429	0.0	0.0
1022980	0.27579908675799086	0.27579908675799086	0.0	0.0	0.0	0.0	0.0	0.0	0.0	0.0	0.0	0.0	0.0	0.0	0.2410958904109589	0.891324200913242	0.27579908675799086	0.0	0.27488584474885847	0.0	0.0	1.936986301369863	0.273972602739726	0.0	0.0	0.27488584474885847	1.4127853881278538	0.5515981735159817	0.273972602739726
871391	0.0	0.706766917293233	0.09649122807017543	0.18922305764411027	0.0	0.0	0.0	0.0	0.0	0.0	0.0	0.0	0.0	0.0	0.0	0.23057644110275688	0.0	0.0	0.0	0.0	0.37719298245614036	0.9987468671679198	0.0	0.0	0.0	0.0	1.0300751879699248	0.14411027568922305	0.0
802190	0.0	0.36468984321745057	0.0	0.0	0.0	0.0	0.0	0.2058623040218132	0.0	0.0	0.0	0.0	0.0	0.0	0.0	1.7791411042944785	0.0	0.0	0.0	0.0	0.0	1.4369461486025903	0.0	0.0	0.20245398773006135	0.18132242672119972	1.3285616905248807	0.0	0.8234492160872529
1528043	0.0	0.8268398268398268	0.0	0.0	0.0	0.0	0.0	0.0	0.38961038961038963	0.0	0.0	0.0	0.0	0.0	0.0	1.0909090909090908	0.0	0.0	0.0	0.0	0.0	0.5757575757575758	0.0	0.0	0.0	0.030303030303030304	2.6623376623376624	0.0	0.0
1528044	0.0	0.19943019943019943	0.0	0.0	0.0	0.0	0.0	0.0	0.358974358974359	0.0	0.0	0.0	0.0	0.0	0.0	0.8547008547008547	0.0	0.0	0.0	0.0	0.0	0.9857549857549858	0.8603988603988604	0.0	0.0	0.0	1.415954415954416	0.0	0.8518518518518519
1122017	0.17366946778711484	0.0	0.9019607843137255	0.0	0.0	0.0	0.0	0.0	0.0	0.0	0.0	0.0	0.0	0.0	0.0	0.20728291316526612	0.0	0.0	0.0	0.0	0.0	2.7591036414565826	0.0	0.0	0.0	0.0	1.0140056022408963	0.0	0.0
1122018	0.0	0.0	0.0	0.0	0.0	0.0	0.0	0.0	0.0	0.0	0.0	0.0	0.0	0.0	0.0	0.8888888888888888	0.0	0.0	0.0	0.0	0.0	4.018518518518518	0.7469135802469136	0.0	0.0	0.0	0.0	0.0	0.0
72475	0.0	0.0	0.0	0.0	0.0	0.0	0.0	0.0	0.0	0.2698412698412698	0.0	0.0	0.0	0.0	0.0	2.611111111111111	0.0	0.026455026455026454	0.10052910052910052	0.0	0.0	2.4206349206349205	0.0	0.0	0.0	0.0	1.91005291005291	0.8465608465608465	0.843915343915344
72476	0.0	0.0	0.0	0.42094017094017094	0.0	0.0	0.0	0.0	0.0	0.0	0.0	0.0	0.0	0.0	0.0	0.0	0.0	0.5961538461538461	0.5384615384615384	0.0	0.6410256410256411	0.8076923076923077	0.0	0.0	0.0	0.0	2.4572649572649574	0.0	0.452991452991453
1424879	0.0	1.4774774774774775	0.0	0.0	0.0	0.0	0.0	0.0	0.0	0.0	0.35585585585585583	0.0	0.0	0.0	0.0	0.8918918918918919	0.0	0.0	0.0	0.0	0.0	0.6351351351351351	0.0	0.0	0.0	0.6891891891891891	1.5	0.0	0.0
1424881	0.0	0.7512820512820513	0.0	0.0	0.0	0.0	0.0	0.0	0.0	0.0	1.528205128205128	0.0	0.0	0.0	0.0	1.0384615384615385	0.6487179487179487	0.0	0.0	0.0	0.0	1.3794871794871795	0.0	0.0	0.0	0.4	1.4564102564102563	0.0	0.0
1424882	0.0	0.484375	0.0	0.0	0.0	0.0	0.0	0.0	0.0	0.0	0.0	0.0	0.0	0.0	0.0	2.2734375	0.0	0.0	0.0	0.6692708333333334	0.0	1.7786458333333333	0.0	0.0	0.0	0.24479166666666666	1.3359375	0.0	0.0
766300	0.0	0.4688995215311005	0.20893141945773525	0.0	0.0	0.0	0.0	0.4800637958532695	0.4433811802232855	0.0	0.1547049441786284	0.0	0.0	0.0	0.0	2.602870813397129	0.24082934609250398	0.0	0.0	0.0	0.0	1.1881977671451356	0.48165869218500795	0.0	0.0	0.12599681020733652	2.696969696969697	0.23923444976076555	0.0
766301	0.0	0.4444444444444444	0.2714285714285714	0.0	0.0	0.0	0.0	0.30952380952380953	0.0	0.0	0.32063492063492066	0.0	0.0	0.0	0.0	2.422222222222222	0.2396825396825397	0.0	0.9571428571428572	0.0	0.0	0.7031746031746032	0.0	0.0	0.0	0.35714285714285715	0.9	0.0	0.0
1211914	0.5080168776371308	0.1620253164556962	0.0	0.0	0.0	0.0	0.0	0.0	0.0	0.0	0.509704641350211	0.0	0.0	0.0	0.0	0.21940928270042195	0.0	0.2514767932489452	0.2548523206751055	0.0	0.0	2.5848101265822785	0.0	0.0	0.2548523206751055	0.0	2.6345991561181434	0.25316455696202533	0.0
1305751	0.0	0.0	0.0	0.0	0.0	0.0	0.0	0.0	0.0	0.0	0.0	0.0	0.0	0.0	0.0	1.0	0.0	0.0	0.0	0.0	0.0	0.0	0.0	0.15625	0.0	0.0	0.0	0.0	0.0
1305752	0.0	0.6190476190476191	0.0	0.0	0.0	0.0	0.0	0.37844611528822053	0.0	0.0	0.37593984962406013	0.0	0.0	0.0	0.0	1.2982456140350878	0.0	0.0	0.0	0.0	0.0	0.7543859649122807	0.0	0.6691729323308271	0.0	0.0	2.6340852130325816	0.0	0.0
1305753	0.0	0.2857142857142857	0.19187675070028012	0.0	0.42296918767507	0.0	0.0	0.8361344537815126	0.0	0.0	0.211484593837535	0.0	0.0	0.0	0.0	0.3907563025210084	0.4215686274509804	0.0	0.0	0.0	0.0	1.180672268907563	1.5518207282913166	0.0	0.0	0.0	2.9677871148459385	0.42296918767507	0.0
1305754	0.0	0.0	0.33095238095238094	0.0	0.0	0.0	0.0	0.719047619047619	0.3547619047619048	0.719047619047619	0.0	0.0	0.0	0.3595238095238095	0.0	1.2642857142857142	0.0	0.0	0.15476190476190477	0.0	0.0	2.8047619047619046	0.638095238095238	0.0	0.0	0.0	4.247619047619048	0.0	0.719047619047619
1305755	1.0238095238095237	0.6	0.0	0.0	0.0	0.0	0.0	0.0	0.0	0.0	0.0	0.0	0.0	0.0	0.0	1.980952380952381	0.0	1.0761904761904761	0.5619047619047619	0.0	1.3142857142857143	0.0	0.3047619047619048	0.0	0.0	0.0	4.619047619047619	0.0	0.0
1305756	0.3148148148148148	0.6296296296296297	0.0	0.0	0.0	0.0	0.0	0.0	0.0	0.0	0.0	0.0	0.0	0.0	0.0	3.0148148148148146	0.0	0.27037037037037037	0.7333333333333333	0.0	0.0	0.9222222222222223	0.3148148148148148	0.0	0.0	0.0	3.77037037037037	0.0	0.0
1305757	0.0	1.151761517615176	0.0	0.0	0.0	0.0	0.0	0.0	0.0	0.0	0.0	0.0	0.0	0.0	0.0	1.4525745257452574	0.0	0.0	0.0	0.0	0.0	1.6612466124661247	0.0	0.0	0.0	0.4065040650406504	2.6910569105691056	0.0	0.0
1305758	0.0	0.49221183800623053	0.43302180685358255	0.0	0.0	0.0	0.0	0.0	0.0	0.0	0.9376947040498442	0.0	0.0	0.0	0.0	0.5109034267912772	0.0	0.0	0.0	0.0	0.0	0.5046728971962616	0.6292834890965732	0.0	0.0	0.4672897196261682	4.074766355140187	0.0	0.03426791277258567
1305759	0.0	0.0	0.5	0.0	0.0	0.0	0.0	0.0	0.0	0.0	0.0	0.0	0.0	0.0	0.0	0.4533333333333333	0.0	0.0	0.0	0.0	0.0	0.9633333333333334	0.3333333333333333	0.0	0.0	0.0	1.0866666666666667	0.0	0.96
954395	0.0	0.8301886792452831	0.6918238993710691	0.0	0.0	0.0	0.0	0.0	0.0	0.0	0.0	0.0	0.0	0.0	0.0	0.8459119496855346	0.6949685534591195	0.0	0.0	0.5314465408805031	0.0	0.46855345911949686	0.0	0.0	0.0	0.0	1.8867924528301887	0.4371069182389937	0.0
954396	0.0	2.1684782608695654	0.1322463768115942	0.0	0.0	0.0	0.0	0.27355072463768115	0.0	0.0	0.5833333333333334	0.0	0.0	0.0	0.0	1.0054347826086956	0.1322463768115942	0.0	0.7391304347826086	0.21014492753623187	0.0	1.1702898550724639	0.0	0.0	0.0	0.2246376811594203	4.036231884057971	0.0	0.0
954397	0.0	0.5639097744360902	0.0	0.0	0.37844611528822053	0.0	0.0	0.8270676691729323	0.0	0.0	0.43107769423558895	0.0	0.0	0.0	0.0	0.8195488721804511	0.0	0.0	0.39097744360902253	0.0	0.0	0.5288220551378446	0.0	0.0	0.17042606516290726	0.0	3.518796992481203	0.5213032581453634	0.0
1231917	0.0	0.8422619047619048	0.10863095238095238	0.0	0.0	0.0	0.0	0.0	0.0	0.0	0.5208333333333334	0.0	0.0	0.0	0.0	1.9970238095238095	0.0	0.0	0.0	0.0	0.0	0.27976190476190477	0.0	0.0	0.0	0.0	2.306547619047619	0.0	0.0
119680	0.0	0.6788321167883211	0.1386861313868613	0.0	0.36739659367396593	0.0	0.0	0.0	0.0	0.0	0.36009732360097324	0.0	0.0	0.0	0.36496350364963503	0.8990267639902676	0.0	0.0	0.0	0.3260340632603406	0.0	2.1800486618004866	0.0413625304136253	0.0	0.0	0.0	1.7153284671532847	0.11070559610705596	0.36739659367396593
119681	0.0	0.36231884057971014	1.2801932367149758	0.0	0.0	0.0	0.0	0.0	0.0	0.0	1.429951690821256	0.3635265700483092	0.0	0.0	0.0	0.8599033816425121	0.0	0.0	0.0	0.0	0.0	1.5640096618357489	0.2898550724637681	0.0	0.0	0.0	2.2910628019323673	0.21859903381642512	0.18115942028985507
119683	0.22163120567375885	0.41843971631205673	0.0	0.0	0.0	0.5336879432624113	0.0	0.0	0.0	0.0	0.374113475177305	0.0	0.0	0.0	0.0	0.526595744680851	0.0	0.0	0.0	0.0	0.0	1.74822695035461	0.0	0.0	0.0	0.0	2.0673758865248226	0.5460992907801419	0.0
1717138	0.4149377593360996	0.0	0.0	0.0	0.8354080221300139	0.0	0.0	0.0	0.04426002766251729	0.0	0.7579529737206085	0.0	0.0	0.0	0.33748271092669435	1.2904564315352698	0.0	0.0	0.19363762102351315	0.0	0.0	2.6791147994467495	0.0	0.0	0.0	0.41770401106500693	3.6431535269709543	0.0	0.2074688796680498
1199136	0.0	0.0	0.0	0.0	0.0	0.0	0.0	0.0	0.0	0.0	0.0	0.0	0.0	0.0	0.0	0.6027944111776448	0.19760479041916168	0.0	0.0	0.0	0.0	1.221556886227545	1.3333333333333333	0.0	0.0	0.0	1.624750499001996	0.0	0.3073852295409182
781887	0.0	0.6075268817204301	0.0	0.0	0.0	0.0	0.0	0.0	0.0	0.0	0.6182795698924731	0.0	0.0	0.0	0.0	0.6272401433691757	0.0	0.0	0.0	0.0	0.0	3.5448028673835124	0.5412186379928315	0.0	0.0	0.0	0.9946236559139785	0.16487455197132617	0.0
800648	0.0	0.0	0.0	0.0	0.0	0.0	0.0	0.0	0.0	0.0	1.5567765567765568	0.0	0.0	0.0	0.0	0.7692307692307693	0.0	0.0	0.0	1.0476190476190477	0.0	1.26007326007326	0.0	0.0	0.0	0.0	7.326007326007326	0.0	0.0
1212118	0.0	0.0	0.0	0.0	0.0	0.0	0.0	0.0	0.0	0.0	1.0588235294117647	0.0	0.0	0.0	0.0	1.6274509803921569	0.0	0.0	0.0	0.0	0.0	1.0862745098039215	0.34509803921568627	0.0	0.0	0.0	3.0352941176470587	0.0	0.0
327765	0.0	0.0	0.29894179894179895	0.0	0.0	0.0	0.0	0.0	0.0	0.0	0.0	0.0	0.0	0.0	0.0	0.7936507936507936	0.0	0.0	0.0	0.0	0.0	3.312169312169312	0.0	0.0	0.0	0.4074074074074074	0.22486772486772486	0.0	0.0
1633613	0.0	0.0	0.0	0.0	0.0	0.0	0.0	0.0	0.0	0.0	0.0	0.0	0.0	0.0	0.0	1.4947368421052631	0.0	0.0	0.0	0.0	0.0	2.2526315789473683	0.0	0.0	0.0	0.0	0.19649122807017544	0.0	0.0
120104	0.0	1.6	0.0	0.0	0.0	0.0	0.0	0.0	0.0	0.8412698412698413	0.0	0.0	0.0	0.0	0.0	0.8571428571428571	0.6	0.0	0.0	0.0	0.0	0.9301587301587302	1.2698412698412698	0.0	0.0	0.0	0.09523809523809523	0.0	0.0
1717788	0.0	0.0	0.0	0.6312684365781711	0.0	0.0	0.0	0.0	0.0	0.0	0.0	0.0	0.0	0.0	0.0	3.1209439528023597	0.0	0.0	0.0	0.0	0.0	1.873156342182891	0.6578171091445427	0.0	0.0	0.0	2.4454277286135695	0.0	0.12684365781710916
113825	0.0	0.22448979591836735	0.6303854875283447	0.0	0.4444444444444444	0.0	0.0	0.0	0.0	0.0	0.5578231292517006	0.0	0.0	0.0	0.0	0.0	0.36507936507936506	0.0	0.10430839002267574	0.0	0.0	3.6417233560090705	0.5986394557823129	0.0	0.0	0.0	1.7120181405895691	0.0	1.0272108843537415
1313100	0.0	0.0	0.0	0.0	0.0	0.0	0.0	0.0	0.0	0.0	0.0	0.0	0.0	0.0	0.0	2.4424242424242424	0.0	0.0	0.0	0.0	0.0	1.006060606060606	0.0	0.0	0.0	0.0	2.175757575757576	0.0	0.0
639533	0.0	0.3412969283276451	0.013651877133105802	0.0	0.0	0.0	0.0	0.18657565415244595	0.0	0.0	0.0	0.0	0.0	0.0	0.0	2.2514220705346983	0.3435722411831627	0.0	0.6791808873720137	0.3435722411831627	0.0	0.931740614334471	0.3412969283276451	0.0	0.0	0.0	2.032992036405006	0.19226393629124006	0.34015927189988626
639535	0.0	1.3727598566308243	0.0	0.0	0.0	0.0	0.06272401433691756	0.21863799283154123	0.0	0.0	0.0	0.0	0.0	0.0	0.0	0.06810035842293907	0.034050179211469536	0.0	0.0	0.0	0.0	2.982078853046595	0.0	0.36917562724014336	0.0	0.0	1.935483870967742	0.0	0.5412186379928315
639538	0.0	0.26773049645390073	0.0	0.0	0.0	0.0	0.0	0.0	0.0	0.0	0.22163120567375885	0.0	0.0	0.0	0.0	1.6054964539007093	0.0	0.0	0.4379432624113475	0.6196808510638298	0.0	1.7145390070921986	0.0	0.0	0.0	0.26773049645390073	1.9867021276595744	0.0	0.0
786713	0.0	0.4453551912568306	0.0	0.0	0.0	0.0	0.0	0.0	0.0	0.0	0.0	0.0	0.0	0.0	0.0	0.0	0.0	0.0	0.0	0.0	0.0	0.08196721311475409	0.0	0.0	0.0	0.0	0.3743169398907104	0.825136612021858	0.7650273224043715
630981	0.0	0.05714285714285714	0.0	0.430952380952381	0.0	0.0	0.0	0.0	0.0	0.0	0.6166666666666667	0.0	0.0	0.0	0.0	0.719047619047619	0.0	0.0	0.0	0.0	0.0	0.1261904761904762	0.3	0.0	0.0	0.0	3.5833333333333335	0.2976190476190476	0.0
1098872	0.0	0.543859649122807	0.0	0.0	0.0	0.0	0.0	0.0	0.0	0.0	0.5964912280701754	0.0	0.0	0.0	0.0	1.056140350877193	0.0	0.0	1.0596491228070175	0.0	0.0	0.3	0.0	0.0	0.0	0.0	2.024561403508772	0.3	0.5298245614035088
138287	0.0	0.44173441734417346	0.2005420054200542	0.0	0.0	0.0	0.0	0.0	0.0	0.0	0.0	0.0	0.0	0.0	0.0	0.6111111111111112	0.0	0.2032520325203252	0.0	0.0	0.0	0.6111111111111112	0.0	0.0	0.0	0.4065040650406504	1.2073170731707317	0.0	0.0
