key	WAM_ALR	WAM_CCR	WAM_IPI	WAM_MAR	WAM_MYS	WAM_PBL	WAM_PJN	WAM_PPR	WAM_PST	WAM_ROL	WAM_SCR	WAM_SGN	WAM_SIS	WAM_TWN	WAR_ALR	WAR_CCR	WAR_IPI	WAR_MAR	WAR_MYS	WAR_PBL	WAR_PJN	WAR_PPR	WAR_PSK	WAR_PST	WAR_RNW	WAR_ROL	WAR_SCR	WAR_SGL	WAR_SIS
704857	0.7702265372168284	5.6537216828478964	0.45307443365695793	0.7378640776699029	0.0	0.07766990291262135	2.656957928802589	2.029126213592233	0.5242718446601942	0.6472491909385113	0.7281553398058253	0.4886731391585761	0.22330097087378642	0.4886731391585761	2.074433656957929	4.436893203883495	2.56957928802589	2.4271844660194173	2.763754045307443	2.8478964401294498	3.352750809061489	4.990291262135922	0.0	2.394822006472492	1.5113268608414239	5.029126213592233	10.385113268608414	3.0032362459546924	4.883495145631068
704858	1.6103059581320451	3.392914653784219	1.9162640901771337	0.5603864734299517	0.4830917874396135	1.4057971014492754	2.9597423510466987	2.966183574879227	2.887278582930757	0.4863123993558776	1.9484702093397746	2.4879227053140096	0.3607085346215781	0.23349436392914655	2.813204508856683	2.2673107890499193	2.0483091787439616	1.9049919484702094	2.429951690821256	1.1320450885668276	1.1400966183574879	5.5909822866344605	0.8341384863123994	4.524959742351046	1.7294685990338163	4.750402576489533	8.082125603864734	1.827697262479871	4.919484702093397
704859	0.9174757281553398	4.519417475728155	1.2702265372168284	0.030744336569579287	0.5922330097087378	0.0	2.1391585760517797	2.779935275080906	3.071197411003236	1.535598705501618	2.6019417475728157	2.6067961165048543	0.0	0.0	0.6310679611650486	3.1957928802588995	0.470873786407767	0.8414239482200647	0.4854368932038835	1.192556634304207	0.24433656957928804	2.733009708737864	2.470873786407767	3.527508090614887	0.6634304207119741	3.7427184466019416	7.94336569579288	1.0679611650485437	3.0938511326860842
704860	1.5352564102564104	3.8205128205128207	4.141025641025641	0.967948717948718	1.419871794871795	0.09294871794871795	3.2083333333333335	3.5224358974358974	1.1666666666666667	2.7564102564102564	5.737179487179487	0.0	0.11858974358974358	0.0	2.076923076923077	3.798076923076923	1.5256410256410255	5.935897435897436	1.0737179487179487	0.6346153846153846	0.6474358974358975	2.5096153846153846	2.71474358974359	4.6826923076923075	1.6442307692307692	6.355769230769231	5.503205128205129	0.7243589743589743	2.6826923076923075
704861	2.236714975845411	3.2089371980676327	1.3019323671497585	1.2717391304347827	0.7391304347826086	1.1582125603864735	1.1231884057971016	2.506038647342995	1.538647342995169	1.6545893719806763	2.933574879227053	0.5495169082125604	1.5603864734299517	0.0	3.880434782608696	2.2729468599033815	3.0072463768115942	2.345410628019324	2.072463768115942	2.751207729468599	0.8309178743961353	4.361111111111111	0.8381642512077294	3.5144927536231885	0.2246376811594203	5.76207729468599	6.871980676328502	0.7282608695652174	3.53743961352657
704862	0.6336996336996337	3.5347985347985347	0.0	0.4945054945054945	0.9706959706959707	1.934065934065934	0.8864468864468864	2.6227106227106227	0.6263736263736264	0.6886446886446886	0.5384615384615384	3.2454212454212454	0.5970695970695971	1.1062271062271063	0.0	4.402930402930403	3.6446886446886446	0.0	2.567765567765568	0.3333333333333333	3.871794871794872	4.388278388278389	0.5494505494505495	3.5494505494505493	0.684981684981685	6.0256410256410255	7.981684981684982	1.8315018315018314	3.241758241758242
704863	3.9910714285714284	3.544642857142857	1.5476190476190477	2.2351190476190474	0.11011904761904762	1.2202380952380953	1.1011904761904763	3.8035714285714284	2.0952380952380953	2.1398809523809526	1.369047619047619	2.0327380952380953	0.4494047619047619	0.002976190476190476	2.5267857142857144	3.080357142857143	2.0863095238095237	0.3541666666666667	1.3244047619047619	1.3482142857142858	1.3988095238095237	6.473214285714286	0.9642857142857143	2.9166666666666665	2.886904761904762	5.482142857142857	6.4851190476190474	0.5029761904761905	3.7916666666666665
704864	3.907668231611894	7.09546165884194	2.491392801251956	1.8200312989045384	0.3223787167449139	1.805946791862285	4.809076682316119	2.928012519561815	2.6353677621283254	1.4773082942097027	5.482003129890454	2.0672926447574334	2.1236306729264474	0.0	5.0	3.31924882629108	0.7183098591549296	3.428794992175274	2.5555555555555554	2.632237871674491	4.964006259780907	7.278560250391236	1.6854460093896713	3.30829420970266	0.6588419405320813	8.123630672926447	13.31298904538341	1.782472613458529	7.137715179968701
704865	4.380614657210402	4.01418439716312	2.2907801418439715	2.408983451536643	0.7470449172576832	0.0	4.614657210401892	5.1725768321513	2.5815602836879434	2.513002364066194	6.631205673758865	2.7423167848699763	0.6524822695035462	0.0	3.182033096926714	1.9716312056737588	3.8463356973995273	1.9787234042553192	2.1229314420803784	4.24822695035461	3.50354609929078	1.8534278959810875	2.491725768321513	2.0307328605200947	1.4515366430260048	7.74468085106383	9.51063829787234	0.7139479905437353	3.817966903073286
704866	4.661764705882353	2.2254901960784315	0.0	0.5637254901960784	1.357843137254902	0.0	2.7745098039215685	4.578431372549019	2.838235294117647	0.8333333333333334	2.5686274509803924	0.0	0.1715686274509804	0.0	0.8186274509803921	1.5686274509803921	2.2794117647058822	2.1519607843137254	0.0	0.0196078431372549	0.1568627450980392	0.4950980392156863	0.8774509803921569	3.7401960784313726	2.1911764705882355	5.181372549019608	11.799019607843137	2.0294117647058822	3.269607843137255
704867	2.5058823529411764	1.388235294117647	2.5137254901960784	0.592156862745098	0.0	0.3176470588235294	2.9098039215686273	1.5058823529411764	0.6627450980392157	0.592156862745098	2.4352941176470586	0.0	1.380392156862745	0.0	3.847058823529412	3.996078431372549	3.4313725490196076	0.9176470588235294	0.3176470588235294	3.7490196078431373	0.12549019607843137	3.8705882352941177	1.4	2.7098039215686276	1.2509803921568627	4.517647058823529	11.027450980392157	2.6980392156862747	1.5568627450980392
704868	2.2195121951219514	6.59349593495935	1.5230352303523036	1.5853658536585367	0.0	1.010840108401084	1.3929539295392954	4.384823848238482	1.8075880758807588	0.4065040650406504	5.677506775067751	0.04878048780487805	0.8157181571815718	0.0	4.902439024390244	5.235772357723577	1.4932249322493225	1.5609756097560976	3.051490514905149	4.487804878048781	3.0189701897018972	5.5528455284552845	1.6829268292682926	3.3875338753387534	0.1897018970189702	2.915989159891599	19.24661246612466	1.2764227642276422	2.8428184281842817
704869	2.4411764705882355	4.454248366013072	1.0098039215686274	0.5490196078431373	0.0	0.43790849673202614	2.7679738562091503	4.15359477124183	2.395424836601307	2.869281045751634	3.4901960784313726	1.196078431372549	0.8137254901960784	0.0	1.6764705882352942	1.2254901960784315	0.7124183006535948	1.107843137254902	0.4934640522875817	2.1013071895424837	1.1895424836601307	3.3137254901960786	2.9444444444444446	4.196078431372549	0.673202614379085	3.0588235294117645	7.4411764705882355	0.8235294117647058	2.4901960784313726
704870	3.195876288659794	3.176975945017182	0.7250859106529209	2.4140893470790377	1.5154639175257731	0.993127147766323	1.5996563573883162	3.216494845360825	1.1872852233676976	3.4965635738831615	3.323024054982818	0.0	0.9415807560137457	0.6460481099656358	0.845360824742268	2.8178694158075603	0.18556701030927836	1.1288659793814433	1.9914089347079038	1.8195876288659794	1.0	3.7920962199312713	1.7439862542955327	3.5171821305841924	0.4725085910652921	2.9621993127147768	9.38659793814433	1.2766323024054982	4.412371134020619
704872	3.5764411027568923	5.090225563909774	0.9674185463659147	0.949874686716792	1.2230576441102756	0.6842105263157895	1.5087719298245614	1.162907268170426	1.5463659147869675	3.080200501253133	3.518796992481203	0.0	1.0802005012531328	0.0	2.293233082706767	3.6090225563909772	1.5112781954887218	0.9097744360902256	3.3684210526315788	1.3107769423558897	1.9248120300751879	4.090225563909774	1.6591478696741855	4.1002506265664165	3.5789473684210527	5.583959899749374	6.857142857142857	1.31328320802005	4.052631578947368
704873	5.140625	3.282986111111111	3.3958333333333335	3.8975694444444446	2.2934027777777777	0.8888888888888888	1.9184027777777777	3.876736111111111	2.689236111111111	2.626736111111111	3.4965277777777777	0.6579861111111112	0.08680555555555555	0.0	2.0885416666666665	3.6753472222222223	1.5260416666666667	2.2934027777777777	2.8315972222222223	2.4791666666666665	1.3420138888888888	4.539930555555555	1.1770833333333333	3.392361111111111	1.5329861111111112	10.828125	10.88888888888889	1.5711805555555556	6.071180555555555
704874	2.311111111111111	2.3833333333333333	0.9916666666666667	1.0361111111111112	1.636111111111111	0.4166666666666667	1.1388888888888888	3.2222222222222223	2.3333333333333335	2.077777777777778	1.163888888888889	0.6777777777777778	1.6055555555555556	0.0	1.3333333333333333	2.283333333333333	0.3888888888888889	1.7277777777777779	0.8638888888888889	0.8305555555555556	1.6583333333333334	2.7444444444444445	0.9194444444444444	2.4138888888888888	1.8083333333333333	2.563888888888889	5.416666666666667	0.0	2.886111111111111
704877	1.8842592592592593	2.361111111111111	1.3935185185185186	0.9652777777777778	0.19675925925925927	0.0	1.849537037037037	2.627314814814815	2.4791666666666665	2.511574074074074	0.9004629629629629	1.0439814814814814	1.0462962962962963	0.0	1.0671296296296295	3.5625	0.34953703703703703	0.6157407407407407	3.388888888888889	0.8611111111111112	2.9791666666666665	5.94212962962963	1.9097222222222223	2.9791666666666665	1.5810185185185186	3.4375	10.23611111111111	0.0	4.263888888888889
704878	2.2262996941896023	3.7400611620795106	2.2805810397553516	1.275993883792049	1.0932721712538227	0.2308868501529052	1.864678899082569	5.600152905198777	2.379204892966361	1.8555045871559632	6.159021406727828	0.8111620795107034	0.7385321100917431	0.0	3.334862385321101	2.632262996941896	1.6903669724770642	0.8149847094801224	2.479357798165138	0.8058103975535168	2.5779816513761467	5.636850152905199	1.3019877675840978	7.642966360856269	0.9120795107033639	4.81039755351682	10.457186544342507	1.2377675840978593	5.301223241590214
704880	4.351111111111111	3.2177777777777776	0.0	0.7511111111111111	0.3111111111111111	1.5777777777777777	1.5555555555555556	3.9644444444444447	5.075555555555556	2.52	3.76	2.7155555555555555	2.533333333333333	0.0	6.431111111111111	6.053333333333334	1.768888888888889	2.2711111111111113	3.4755555555555557	1.791111111111111	1.6311111111111112	4.613333333333333	3.391111111111111	2.7377777777777776	0.28444444444444444	4.613333333333333	14.088888888888889	2.7955555555555556	3.1955555555555555
704882	3.425196850393701	2.4146981627296586	1.5406824146981628	1.2257217847769029	2.832020997375328	0.7139107611548556	2.2755905511811023	4.986876640419948	1.4068241469816274	3.425196850393701	2.658792650918635	2.0026246719160103	2.4803149606299213	0.0	5.73753280839895	6.475065616797901	3.236220472440945	2.1338582677165356	2.456692913385827	3.3490813648293964	2.4829396325459316	5.535433070866142	0.6692913385826772	6.225721784776903	0.7139107611548556	5.15748031496063	11.774278215223097	0.4068241469816273	3.461942257217848
704883	2.2868217054263567	3.945736434108527	1.1369509043927648	1.5142118863049097	0.05167958656330749	0.7751937984496124	2.956072351421189	3.2790697674418605	2.9483204134366927	3.875968992248062	6.025839793281654	0.7700258397932817	0.7906976744186046	0.0	3.310077519379845	5.462532299741602	1.37984496124031	1.6253229974160206	1.8242894056847545	2.2816537467700257	1.7260981912144704	4.511627906976744	1.5219638242894056	3.842377260981912	1.1912144702842378	7.777777777777778	13.317829457364342	0.7751937984496124	5.090439276485788
704885	1.886128364389234	4.690476190476191	2.2132505175983437	1.4037267080745341	0.0	0.2111801242236025	1.7142857142857142	2.6873706004140785	2.0755693581780537	2.0372670807453415	4.280538302277432	0.6811594202898551	0.6252587991718427	0.2981366459627329	3.7939958592132506	2.870600414078675	1.5351966873706004	1.8685300207039337	2.1345755693581783	2.1697722567287783	2.3768115942028984	3.4679089026915113	2.270186335403727	5.937888198757764	1.450310559006211	4.70703933747412	11.426501035196688	1.160455486542443	1.7505175983436854
704886	4.542253521126761	5.328638497652582	0.6525821596244131	1.0610328638497653	0.0	0.7065727699530516	4.230046948356808	4.124413145539906	2.035211267605634	4.21830985915493	5.953051643192488	1.5305164319248827	2.964788732394366	0.0	6.852112676056338	3.2816901408450705	2.511737089201878	2.147887323943662	0.9765258215962441	1.1455399061032865	0.6384976525821596	5.21830985915493	1.4413145539906103	2.699530516431925	0.09154929577464789	1.8990610328638498	8.150234741784038	0.5563380281690141	4.051643192488263
704890	2.8478802992518704	4.359933499584373	2.3059019118869495	1.4405652535328346	0.8985868661679135	0.9800498753117207	2.346633416458853	5.605153782211139	1.8944305901911886	1.7356608478802993	3.6109725685785534	0.970074812967581	0.2510390689941812	0.010806317539484621	4.626766417290108	3.793848711554447	1.9592684954280963	1.6392352452202825	3.3017456359102244	1.0532003325020782	2.708229426433915	4.221113881961762	3.9617622610141314	4.226101413133832	1.1496259351620948	5.789692435577722	8.463840399002494	1.4796342477140483	2.3300083125519535
704892	3.0455840455840457	1.7378917378917378	2.7777777777777777	0.7948717948717948	1.2678062678062678	0.7521367521367521	2.07977207977208	0.9971509971509972	1.6638176638176638	1.9401709401709402	2.757834757834758	1.5527065527065527	0.6381766381766382	0.0	2.8974358974358974	3.7464387464387463	1.358974358974359	1.6951566951566952	0.8547008547008547	2.9686609686609686	2.6866096866096867	4.683760683760684	1.7521367521367521	3.658119658119658	0.150997150997151	4.27065527065527	5.6752136752136755	0.9544159544159544	4.002849002849003
173155	2.3596491228070176	0.7609649122807017	0.3399122807017544	0.17982456140350878	0.28289473684210525	0.0	0.08114035087719298	1.9100877192982457	0.10526315789473684	2.6710526315789473	0.5986842105263158	0.7412280701754386	0.33114035087719296	0.0	2.745614035087719	2.8333333333333335	2.1951754385964914	0.2719298245614035	0.6600877192982456	0.32894736842105265	0.6622807017543859	2.050438596491228	0.09210526315789473	3.8530701754385963	0.0	2.2478070175438596	5.743421052631579	0.0	1.8837719298245614
1085365	3.8011204481792715	1.350140056022409	0.0	0.0	0.0	0.42296918767507	1.6890756302521008	0.84593837535014	1.2969187675070029	1.123249299719888	0.0	0.0	0.6386554621848739	0.0	1.69187675070028	1.6442577030812324	1.3865546218487395	1.26890756302521	0.0	0.0	2.9019607843137254	0.0	0.0	1.1708683473389356	0.0	4.0588235294117645	0.927170868347339	0.84593837535014	0.84593837535014
198251	0.0	1.8361581920903955	0.0	0.8305084745762712	0.0	0.0	0.2711864406779661	0.8531073446327684	2.937853107344633	0.0	0.0	0.0	0.0	0.0	0.0	1.4350282485875707	0.0	0.0	0.0	0.5875706214689266	0.0	0.0	0.5988700564971752	0.0	0.0	1.8644067796610169	2.288135593220339	0.0	0.0
301899	1.4963089153889835	2.099375354911982	1.5848949460533788	0.6927881885292447	1.1135718341851222	0.5133446905167518	1.1930721181147075	1.2606473594548553	1.2651902328222602	0.3418512208972175	1.807495741056218	1.3691084611016469	0.17149346961953435	0.0	0.5031232254400908	3.6660988074957412	2.2918796138557638	1.1482112436115843	1.236229415105054	2.094832481544577	0.8551959114139693	7.016467915956842	1.2481544576944918	1.887563884156729	0.9449176604202157	1.698466780238501	6.592844974446337	1.6280522430437252	1.7194775695627484
1607602	2.4266666666666667	3.474666666666667	1.5973333333333333	0.0	1.4933333333333334	0.7413333333333333	2.7973333333333334	2.352	3.029333333333333	1.2266666666666666	4.994666666666666	1.5973333333333333	1.856	0.0	3.562666666666667	4.317333333333333	0.33866666666666667	1.8026666666666666	1.4773333333333334	2.72	3.176	8.856	2.525333333333333	1.8426666666666667	1.168	5.029333333333334	13.76	0.9813333333333333	3.3066666666666666
1607603	3.0431372549019606	4.227450980392157	1.0627450980392157	0.0	2.396078431372549	0.6352941176470588	0.047058823529411764	4.2784313725490195	2.466666666666667	1.7294117647058824	6.443137254901961	3.9176470588235293	1.3019607843137255	0.0	3.3529411764705883	1.3254901960784313	0.8352941176470589	3.83921568627451	0.7294117647058823	1.8509803921568628	1.415686274509804	9.223529411764705	1.6784313725490196	2.7411764705882353	0.8156862745098039	7.1607843137254905	13.95686274509804	1.8313725490196078	5.8313725490196076
188496	0.6470588235294118	4.122549019607843	2.3284313725490198	0.5833333333333334	1.196078431372549	0.0	2.0833333333333335	1.7794117647058822	0.5	1.7696078431372548	2.769607843137255	4.098039215686274	0.0	0.0	3.161764705882353	1.8137254901960784	0.3627450980392157	2.107843137254902	3.392156862745098	0.28431372549019607	0.08333333333333333	3.622549019607843	1.3725490196078431	1.9803921568627452	0.0	5.0245098039215685	8.534313725490197	2.264705882352941	4.509803921568627
188497	1.754985754985755	5.2421652421652425	0.05698005698005698	0.08831908831908832	1.5128205128205128	0.0	0.8290598290598291	1.6752136752136753	1.4245014245014245	0.1794871794871795	2.3703703703703702	0.22792022792022792	0.7948717948717948	0.0	3.4415954415954415	1.4444444444444444	0.6438746438746439	2.358974358974359	1.7321937321937322	1.2307692307692308	0.38746438746438744	4.783475783475783	1.4102564102564104	3.339031339031339	0.8746438746438746	1.03988603988604	5.9601139601139606	2.0313390313390314	3.6296296296296298
9652	2.7111111111111112	1.9272727272727272	0.9131313131313131	0.4686868686868687	0.6101010101010101	0.0	0.6060606060606061	4.377777777777778	2.7454545454545456	1.7676767676767677	1.5171717171717172	0.6060606060606061	0.30505050505050507	0.0	2.7232323232323234	0.5454545454545454	1.595959595959596	2.2585858585858585	1.5191919191919192	0.6060606060606061	1.0747474747474748	0.9292929292929293	1.2202020202020203	4.7272727272727275	1.6808080808080808	3.618181818181818	7.197979797979798	0.30505050505050507	2.4101010101010103
1002011	3.44585448392555	4.248730964467005	4.000846023688664	2.155668358714044	1.6590524534686972	1.377326565143824	3.1624365482233503	4.366328257191201	2.6844331641285955	1.0016920473773265	4.924703891708968	2.0287648054145517	2.6269035532994924	0.7639593908629442	1.272419627749577	4.99492385786802	3.7055837563451774	3.5862944162436547	4.16243654822335	3.0549915397631136	2.05668358714044	9.298646362098138	3.8045685279187818	4.2428087986463625	2.5668358714043995	2.8240270727580374	12.684433164128595	4.1082910321489	3.1023688663282574
1497350	1.8818565400843883	0.0	2.957805907172996	2.8987341772151898	0.9156118143459916	1.270042194092827	2.3164556962025316	2.5316455696202533	1.5063291139240507	1.1772151898734178	2.9451476793248945	0.0	0.0	0.0	0.9029535864978903	0.6075949367088608	1.371308016877637	0.15611814345991562	0.14345991561181434	0.6075949367088608	1.3459915611814346	4.409282700421941	2.1645569620253164	1.7637130801687764	1.3248945147679325	2.4008438818565403	8.835443037974683	1.5822784810126582	0.7383966244725738
1497343	4.96045197740113	1.0960451977401129	0.9887005649717514	0.6440677966101694	0.8531073446327684	0.0	1.4576271186440677	1.11864406779661	1.694915254237288	0.7288135593220338	0.0	2.76271186440678	0.6384180790960452	0.3785310734463277	4.31638418079096	1.8700564971751412	0.4124293785310734	0.5028248587570622	1.2881355932203389	1.0451977401129944	1.2824858757062148	5.88135593220339	1.694915254237288	2.1016949152542375	1.6666666666666667	7.056497175141243	8.152542372881356	2.6045197740112993	3.2768361581920904
567664	1.443159922928709	1.186897880539499	0.838150289017341	0.7726396917148363	0.23892100192678228	0.17533718689788053	2.394990366088632	1.2273603082851638	1.188824662813102	1.4219653179190752	1.3217726396917149	0.8728323699421965	0.4624277456647399	0.2909441233140655	0.9595375722543352	1.8439306358381502	1.3680154142581888	1.9653179190751444	1.3352601156069364	1.6840077071290944	0.48940269749518306	4.585741811175337	0.5915221579961464	2.140655105973025	0.20616570327552985	5.362235067437379	5.782273603082851	1.1676300578034682	2.3333333333333335
933313	2.1134751773049647	2.1382978723404253	2.4609929078014185	0.6312056737588653	0.22695035460992907	0.0	2.2375886524822697	3.8333333333333335	1.8546099290780143	2.851063829787234	2.1879432624113475	0.10638297872340426	0.8829787234042553	0.0	1.6595744680851063	1.7907801418439717	1.7127659574468086	1.5460992907801419	1.0177304964539007	3.102836879432624	2.2127659574468086	4.911347517730497	1.5	1.9042553191489362	0.0	7.070921985815603	10.670212765957446	0.0	2.3297872340425534
933311	4.440715883668904	4.823266219239374	1.1543624161073827	1.6465324384787472	0.5190156599552572	1.2393736017897092	6.375838926174497	5.914988814317673	2.7069351230425056	4.469798657718121	2.7606263982102908	2.684563758389262	1.116331096196868	0.0	3.472035794183445	6.266219239373601	4.472035794183445	3.178970917225951	2.5794183445190155	1.3288590604026846	2.472035794183445	9.04026845637584	3.4876957494407157	7.087248322147651	1.9105145413870246	8.322147651006711	13.65324384787472	1.5100671140939597	6.686800894854586
41573	4.072727272727272	5.072727272727272	0.3303030303030303	2.5575757575757576	2.706060606060606	1.7272727272727273	1.4575757575757575	4.578787878787879	3.1787878787878787	1.506060606060606	4.33939393939394	1.7393939393939395	0.703030303030303	0.0	4.112121212121212	3.6636363636363636	1.990909090909091	4.4787878787878785	1.1818181818181819	0.048484848484848485	1.3303030303030303	8.706060606060607	2.618181818181818	3.878787878787879	0.3393939393939394	7.3969696969696965	13.639393939393939	0.9151515151515152	4.124242424242424
41574	2.16859344894027	3.576107899807322	2.3959537572254335	0.581888246628131	0.9624277456647399	1.476878612716763	2.214836223506744	3.0433526011560694	4.304431599229287	2.7283236994219653	2.8236994219653178	1.4701348747591523	0.2909441233140655	0.0	2.903660886319846	4.416184971098266	2.642581888246628	1.3516377649325626	0.75626204238921	2.3901734104046244	3.9084778420038537	8.63102119460501	1.1666666666666667	4.3227360308285165	0.0	8.558766859344894	13.153179190751445	1.157996146435453	4.944123314065511
1263770	0.8837448559670782	2.593621399176955	0.5504115226337448	1.7993827160493827	0.507201646090535	0.3096707818930041	0.8930041152263375	2.7088477366255144	1.6728395061728396	2.580246913580247	3.8261316872427984	1.6409465020576133	0.31069958847736623	0.39711934156378603	3.3786008230452675	3.4465020576131686	1.4609053497942386	1.1584362139917694	1.6718106995884774	0.588477366255144	1.0761316872427984	4.755144032921811	1.2037037037037037	2.766460905349794	0.6738683127572016	2.9495884773662553	7.186213991769547	0.904320987654321	4.614197530864198
1263773	2.226519337016575	2.307550644567219	0.8747697974217311	1.3627992633517496	1.4953959484346224	0.9152854511970534	1.2283609576427257	1.1031307550644567	1.438305709023941	2.110497237569061	2.5248618784530388	0.011049723756906077	0.2983425414364641	0.0	2.4640883977900554	0.9594843462246777	0.8011049723756906	1.5488029465930018	2.6593001841620625	1.598526703499079	1.0736648250460405	3.5451197053406998	1.712707182320442	1.6519337016574585	0.3314917127071823	4.930018416206262	6.123388581952118	0.6390423572744015	2.0405156537753224
75508	2.353448275862069	1.3649425287356323	0.4454022988505747	0.867816091954023	0.0	0.8218390804597702	0.7270114942528736	1.4885057471264367	1.7241379310344827	0.8649425287356322	1.1005747126436782	1.6637931034482758	0.0	0.0	2.8649425287356323	1.0517241379310345	0.8448275862068966	4.741379310344827	2.8706896551724137	1.0977011494252873	1.1408045977011494	3.4022988505747125	1.0632183908045978	1.8045977011494252	1.3477011494252873	4.255747126436781	4.373563218390805	1.028735632183908	0.22126436781609196
75511	2.062962962962963	0.8740740740740741	1.662962962962963	0.44814814814814813	1.0222222222222221	0.0	2.2333333333333334	4.0962962962962965	1.1296296296296295	0.0	3.1296296296296298	0.0	1.0148148148148148	0.0	1.174074074074074	0.21851851851851853	0.26296296296296295	1.8666666666666667	0.0	0.9037037037037037	1.4444444444444444	4.551851851851852	0.0	2.5703703703703704	0.48148148148148145	1.825925925925926	6.703703703703703	2.22962962962963	3.4444444444444446
933793	0.8968824940047961	0.09352517985611511	0.580335731414868	0.0	0.0	0.0	0.8609112709832134	3.594724220623501	1.9112709832134294	1.1510791366906474	1.5611510791366907	1.026378896882494	0.7458033573141487	0.0	0.8009592326139089	1.079136690647482	0.6546762589928058	2.1654676258992804	0.7242206235011991	1.0431654676258992	0.8537170263788969	1.8081534772182255	1.4364508393285371	2.6882494004796165	0.0	2.5107913669064748	5.875299760191846	0.27577937649880097	0.2278177458033573
933797	2.1006944444444446	3.6597222222222223	0.8472222222222222	0.9270833333333334	0.9375	0.7152777777777778	1.6493055555555556	1.8506944444444444	1.8680555555555556	1.8645833333333333	1.9340277777777777	1.0486111111111112	1.0243055555555556	0.0	1.9722222222222223	0.8506944444444444	1.7847222222222223	1.3472222222222223	1.9791666666666667	0.7881944444444444	1.875	3.298611111111111	1.71875	5.013888888888889	1.2152777777777777	6.371527777777778	6.076388888888889	0.34375	5.534722222222222
933801	2.149532710280374	3.034267912772586	0.3115264797507788	0.838006230529595	0.6915887850467289	0.19003115264797507	3.308411214953271	5.498442367601246	2.196261682242991	2.467289719626168	2.0373831775700935	0.470404984423676	2.317757009345794	0.8847352024922118	2.4080996884735204	1.2928348909657321	2.0623052959501558	2.0841121495327104	1.5358255451713396	2.542056074766355	3.809968847352025	2.292834890965732	1.280373831775701	0.9937694704049844	1.0249221183800623	7.333333333333333	11.40809968847352	1.4735202492211839	3.2990654205607477
933802	2.361111111111111	1.0555555555555556	0.43859649122807015	0.8830409356725146	1.6345029239766082	0.34941520467836257	2.8216374269005846	3.2353801169590644	1.0511695906432748	2.087719298245614	3.1739766081871346	0.6608187134502924	1.412280701754386	0.46345029239766083	4.605263157894737	2.584795321637427	1.631578947368421	2.6359649122807016	0.7631578947368421	2.210526315789474	2.1432748538011697	5.649122807017544	0.8830409356725146	1.9678362573099415	0.19883040935672514	5.823099415204679	11.286549707602338	1.0935672514619883	4.095029239766082
933803	2.81042654028436	1.5434439178515007	1.0821484992101107	0.23696682464454977	0.26540284360189575	0.0	1.127962085308057	1.3380726698262244	0.8135860979462876	1.731437598736177	0.8988941548183255	0.95260663507109	0.22274881516587677	0.0	2.061611374407583	3.109004739336493	0.48973143759873616	0.08530805687203792	1.033175355450237	0.4028436018957346	2.522906793048973	3.428120063191153	1.1927330173775672	1.7345971563981042	0.47393364928909953	3.541864139020537	8.606635071090047	1.0884676145339653	2.919431279620853
571696	1.0874074074074074	1.7096296296296296	0.0	1.6562962962962964	1.2444444444444445	0.4474074074074074	2.431111111111111	2.902222222222222	1.5644444444444445	2.783703703703704	0.5688888888888889	1.288888888888889	0.5911111111111111	0.0	2.3718518518518517	1.0607407407407408	0.4474074074074074	0.8933333333333333	1.2903703703703704	0.2237037037037037	2.102222222222222	2.871111111111111	1.4325925925925926	0.6711111111111111	0.4474074074074074	5.099259259259259	6.155555555555556	0.0	3.8518518518518516
934121	0.0	0.5592592592592592	0.6111111111111112	0.0	0.0	0.0	0.0	0.0	1.125925925925926	0.0	0.0	0.0	1.048148148148148	0.0	0.0	0.0	0.0	0.0	1.1	0.0	0.5925925925925926	0.0	0.0	0.0	0.6407407407407407	0.4074074074074074	0.6148148148148148	0.0	0.0
1528856	0.39617486338797814	0.0	0.48360655737704916	1.0136612021857923	0.0	0.0	0.819672131147541	0.7076502732240437	0.0	0.0	0.6147540983606558	1.650273224043716	0.0	0.0	0.0	0.8224043715846995	0.11202185792349727	2.587431693989071	0.0	0.0	0.22950819672131148	1.6830601092896176	0.819672131147541	3.150273224043716	0.5027322404371585	1.907103825136612	4.109289617486339	0.0	0.47540983606557374
884427	3.6810035842293907	1.6971326164874552	0.5412186379928315	1.3942652329749103	0.0	0.0	4.008960573476703	2.4086021505376345	2.532258064516129	3.6254480286738353	5.130824372759856	0.45878136200716846	2.560931899641577	0.0	3.467741935483871	2.7580645161290325	2.521505376344086	3.4265232974910393	3.306451612903226	2.5053763440860215	2.7544802867383513	6.562724014336918	2.5949820788530467	2.539426523297491	1.8602150537634408	5.008960573476703	10.240143369175627	2.9193548387096775	6.077060931899641
884428	2.30016583747927	4.086235489220564	2.0033167495854065	1.1907131011608623	1.8540630182421227	0.857379767827529	1.4742951907131012	1.3250414593698177	2.673300165837479	2.855721393034826	1.9983416252072967	2.3565505804311773	0.9933665008291874	0.0	3.1708126036484248	2.361525704809287	0.49917081260364843	0.6749585406301825	3.7611940298507465	1.043117744610282	0.7280265339966833	6.955223880597015	1.1741293532338308	6.187396351575456	1.054726368159204	3.461028192371476	11.278606965174129	2.132669983416252	2.504145936981758
884429	2.954022988505747	3.3409961685823757	1.5146871008939975	0.6998722860791826	0.384418901660281	0.0	2.7509578544061304	2.759897828863346	2.983397190293742	2.945083014048531	4.32183908045977	1.3818646232439336	0.8045977011494253	0.0	1.933588761174968	2.6206896551724137	1.2452107279693487	3.0855683269476373	2.4482758620689653	2.5925925925925926	2.734355044699872	7.966794380587484	1.7739463601532568	3.1507024265644956	1.4533844189016603	5.616858237547893	12.72669220945083	1.9233716475095786	5.238825031928481
884430	1.5764411027568923	3.080200501253133	1.9348370927318295	0.8972431077694235	0.0	0.0	3.8295739348370925	3.0776942355889725	0.5363408521303258	3.0526315789473686	2.724310776942356	2.9097744360902253	1.9423558897243107	0.0	3.3684210526315788	1.0902255639097744	2.807017543859649	3.145363408521303	1.0401002506265664	1.3533834586466165	3.0426065162907268	5.9448621553884715	1.0576441102756893	1.1904761904761905	0.3458646616541353	6.591478696741855	7.894736842105263	2.020050125313283	4.513784461152882
884431	1.0365296803652968	2.045662100456621	1.5205479452054795	0.0	0.5844748858447488	1.1278538812785388	4.102739726027397	3.7351598173515983	2.2465753424657535	2.627853881278539	4.860730593607306	0.5388127853881278	0.3447488584474886	0.4634703196347032	3.9680365296803655	3.1621004566210047	0.9360730593607306	2.9657534246575343	3.0616438356164384	2.1187214611872145	1.6164383561643836	5.988584474885845	4.399543378995434	1.6210045662100456	0.5981735159817352	7.232876712328767	7.121004566210046	2.461187214611872	2.874429223744292
884434	1.055005500550055	1.2662266226622663	0.6644664466446645	0.6644664466446645	0.16611661166116612	0.33223322332233224	1.4983498349834983	0.9878987898789879	1.2299229922992299	0.9460946094609461	2.154015401540154	0.5753575357535754	0.6545654565456546	0.0	1.8657865786578658	1.5005500550055006	1.6402640264026402	1.9372937293729373	0.5511551155115512	1.1804180418041805	2.3366336633663365	1.757975797579758	1.2552255225522553	2.924092409240924	0.9966996699669967	2.633663366336634	3.7315731573157316	0.49834983498349833	1.3685368536853686
1741971	1.7424242424242424	3.6724941724941726	2.484848484848485	1.1724941724941724	0.0	0.0	1.3799533799533799	3.3997668997668997	2.2645687645687644	2.6363636363636362	3.3543123543123543	1.6596736596736597	1.6037296037296038	0.0	1.7529137529137528	1.878787878787879	1.4848484848484849	2.2412587412587412	1.8076923076923077	1.648018648018648	2.7016317016317015	5.5979020979020975	1.8613053613053614	2.8228438228438226	1.0104895104895104	5.068764568764569	9.163170163170163	1.8228438228438228	2.8414918414918415
952639	1.803921568627451	1.815686274509804	1.184313725490196	1.1372549019607843	0.3568627450980392	0.0	1.5254901960784313	2.3137254901960786	3.2470588235294118	1.1529411764705881	4.623529411764705	0.16470588235294117	0.23137254901960785	0.0	2.43921568627451	2.023529411764706	3.23921568627451	0.6549019607843137	0.8901960784313725	0.7843137254901961	0.3568627450980392	2.5686274509803924	1.7568627450980392	3.462745098039216	0.5843137254901961	1.6627450980392158	4.368627450980392	2.1411764705882352	0.8862745098039215
