key	WAM_ALR	WAM_CCR	WAM_IPI	WAM_MAR	WAM_MYS	WAM_PBL	WAM_PJN	WAM_PPR	WAM_PST	WAM_ROL	WAM_SCR	WAM_SGN	WAM_SIS	WAM_TWN	WAR_ALR	WAR_CCR	WAR_IPI	WAR_MAR	WAR_MYS	WAR_PBL	WAR_PJN	WAR_PPR	WAR_PSK	WAR_PST	WAR_RNW	WAR_ROL	WAR_SCR	WAR_SGL	WAR_SIS
525624	63.3605812897366	68.99455040871935	87.05722070844686	37.311534968210715	89.90372388737511	14.897366030881017	47.02179836512261	76.93642143505903	37.89373297002725	24.318801089918257	14.0236148955495	68.62761126248864	16.650317892824706	18.38328792007266	73.90917347865577	37.13623978201635	62.0408719346049	35.380563124432335	81.37057220708446	38.13623978201635	49.53496821071753	75.8819255222525	77.60399636693914	81.8692098092643	55.33787465940055	69.0708446866485	62.24432334241599	59.404178019981835	59.32697547683924
42403	68.24586288416076	57.43026004728132	68.07328605200945	27.995271867612292	66.21749408983452	17.49645390070922	46.851063829787236	64.24113475177305	31.34988179669031	20.76595744680851	17.274231678487	69.66430260047281	15.91725768321513	14.196217494089835	71.19385342789599	36.520094562647756	54.349881796690305	29.836879432624112	70.89125295508275	37.91252955082742	34.54137115839244	63.472813238770684	68.99763593380615	66.63356973995272	47.730496453900706	65.04491725768321	53.69976359338062	50.004728132387704	61.543735224586285
310921	35.77633007600434	29.6742671009772	46.01085776330076	16.096634093376764	41.71661237785016	10.044516829533116	24.105320304017372	37.728555917480996	20.01628664495114	13.432138979370249	8.378935939196525	33.76330076004343	10.597176981541802	9.542888165038002	32.3800217155266	17.92399565689468	31.136807817589577	17.56786102062975	47.244299674267104	20.86753528773073	24.758957654723126	36.60912052117264	41.93268186753529	40.666666666666664	30.59826275787188	39.131378935939196	33.23669923995657	30.98588490770901	35.22149837133551
1155464	67.0293501048218	72.31236897274633	80.45492662473795	45.285115303983225	90.46960167714884	22.69392033542977	58.020964360587	103.38574423480084	47.78825995807128	34.81551362683438	20.236897274633122	62.21593291404612	18.071278825995808	16.731656184486372	85.85744234800839	43.57023060796646	78.04821802935011	37.81341719077568	86.18867924528301	51.073375262054505	56.59119496855346	78.79664570230608	87.22222222222223	86.23480083857443	68.85115303983228	87.01886792452831	57.61215932914046	71.17190775681341	78.47589098532495
781311	85.34166666666667	83.91060606060606	114.78257575757576	44.6	99.80681818181819	25.46439393939394	66.33636363636364	99.27272727272727	51.34469696969697	38.16287878787879	20.688636363636363	87.7469696969697	21.879545454545454	22.421969696969697	98.2939393939394	54.72575757575758	76.86136363636363	47.39621212121212	97.71818181818182	53.70757575757576	67.39242424242424	88.98106060606061	97.91136363636363	99.0780303030303	82.73939393939393	94.30984848484849	81.99015151515151	82.23484848484848	68.85454545454546
551714	48.40823970037453	60.21722846441948	66.64419475655431	38.52434456928839	66.92134831460675	25.074906367041198	39.767790262172284	72.26591760299625	33.12359550561798	25.60674157303371	12.153558052434457	60.43071161048689	9.112359550561798	17.423220973782772	57.651685393258425	35.57677902621723	52.47940074906367	34.81647940074907	71.67415730337079	32.99250936329588	46.13857677902622	66.6367041198502	47.737827715355806	90.95131086142322	45.41947565543071	61.79026217228464	54.550561797752806	60.19475655430712	48.27340823970037
551715	67.50546448087432	70.31147540983606	78.1256830601093	31.740437158469945	88.98907103825137	15.685792349726777	45.513661202185794	69.47267759562841	37.48907103825137	31.89344262295082	21.838797814207652	66.89071038251366	20.30054644808743	17.23224043715847	67.30601092896175	43.56284153005465	59.81147540983606	38.62841530054645	79.43715846994536	39.41530054644809	57.86338797814208	69.5792349726776	69.23224043715847	81.19398907103825	53.35245901639344	67.38251366120218	52.557377049180324	67.40163934426229	58.75409836065574
1231294	64.7632398753894	72.64485981308411	86.76947040498442	26.92834890965732	79.4423676012461	12.63551401869159	49.68847352024922	61.79127725856698	44.75077881619938	29.370716510903428	17.43613707165109	70.47352024922118	17.869158878504674	15.457943925233645	88.6791277258567	49.37071651090343	81.20560747663552	44.65732087227414	96.10591900311526	53.89719626168224	54.52959501557633	87.3208722741433	85.93146417445483	84.69158878504673	60.93146417445483	55.271028037383175	54.202492211838006	60.700934579439256	56.40809968847352
1072285	32.65503875968992	28.24031007751938	38.00129198966408	10.742894056847545	27.40826873385013	6.905684754521964	22.266149870801033	37.497416020671835	14.444444444444445	14.86046511627907	5.5310077519379846	23.57105943152455	8.36046511627907	6.20671834625323	30.089147286821706	16.74031007751938	22.5	13.391472868217054	37.43023255813954	21.525839793281655	19.002583979328165	30.467700258397933	24.335917312661497	32.49354005167959	26.88113695090439	29.39018087855297	24.344961240310077	23.103359173126616	26.74031007751938
367540	63.84033613445378	77.85434173669468	71.65266106442577	43.61624649859944	80.36414565826331	16.649859943977592	52.72549019607843	80.82633053221288	41.680672268907564	31.76750700280112	20.571428571428573	69.0280112044818	15.918767507002801	20.022408963585434	87.22408963585434	30.66386554621849	65.2016806722689	36.75910364145658	76.77591036414566	43.260504201680675	43.378151260504204	76.50420168067227	66.85994397759103	92.05042016806723	70.0280112044818	84.6890756302521	68.97478991596638	67.50140056022408	67.0
1102330	0.0	0.0	0.0	0.0	0.0	0.01557632398753894	0.27102803738317754	0.0	1.146417445482866	0.0	0.0	0.367601246105919	0.0	1.1775700934579438	0.0	0.0	0.0	0.1059190031152648	0.0	0.009345794392523364	0.5295950155763239	0.24922118380062305	0.009345794392523364	0.9781931464174455	0.11838006230529595	0.0	1.2274143302180685	1.1713395638629283	0.0
1102326	44.232	37.584	54.008	23.130666666666666	49.464	11.410666666666666	35.872	51.14666666666667	27.226666666666667	18.546666666666667	6.029333333333334	41.744	9.104	12.272	49.008	32.565333333333335	40.461333333333336	23.84	56.48266666666667	26.149333333333335	40.55733333333333	60.74933333333333	41.29066666666667	49.456	46.69866666666667	46.84	38.67466666666667	52.58133333333333	37.330666666666666
1102327	71.66029723991507	83.69426751592357	85.2208067940552	35.118895966029726	79.35456475583864	22.26751592356688	57.69426751592356	84.84925690021231	42.84501061571125	38.2271762208068	20.067940552016985	80.1104033970276	17.639065817409765	20.61783439490446	72.06369426751593	54.3927813163482	61.530785562632694	31.75583864118896	90.87048832271762	41.37579617834395	54.282377919320595	89.42250530785563	75.8895966029724	95.03609341825903	71.42038216560509	97.99787685774947	67.104033970276	66.3375796178344	62.7791932059448
1185870	38.693244739756366	40.01661129568107	44.02879291251384	16.32779623477298	36.48062015503876	13.544850498338871	27.74750830564784	44.266888150609084	23.58471760797342	19.58471760797342	9.439645625692137	47.415282392026576	9.847176079734218	11.331118493909191	37.14617940199336	18.84828349944629	37.46954595791805	22.016611295681063	51.5703211517165	20.87153931339978	29.624584717607974	41.34108527131783	45.55370985603544	46.21594684385382	28.977851605758584	41.10188261351052	35.40420819490587	35.011074197120706	36.39091915836102
711351	10.681286549707602	7.7894736842105265	16.584795321637426	6.093567251461988	15.719298245614034	2.9415204678362574	5.195906432748538	19.03216374269006	8.725146198830409	3.254385964912281	1.2543859649122806	16.39766081871345	1.7836257309941521	3.2280701754385963	13.590643274853802	8.181286549707602	6.517543859649122	7.830409356725146	21.681286549707604	6.441520467836257	11.447368421052632	9.628654970760234	17.359649122807017	11.26608187134503	13.780701754385966	22.81286549707602	10.725146198830409	9.283625730994151	8.619883040935672
402250	75.52320675105486	79.91983122362869	79.0042194092827	38.88818565400844	91.22995780590718	27.77848101265823	52.78691983122363	86.0210970464135	42.0126582278481	31.459915611814345	14.744725738396625	75.6097046413502	24.265822784810126	19.189873417721518	74.88607594936708	47.537974683544306	65.95569620253164	33.95147679324894	86.62447257383967	43.59282700421941	57.82067510548523	94.20042194092827	76.9620253164557	112.9367088607595	72.27848101265823	96.82489451476793	61.92194092827004	64.24050632911393	69.957805907173
212943	70.97	57.5	66.9	36.3	78.87333333333333	16.143333333333334	48.19	72.49	31.02	20.316666666666666	15.49	86.75	23.526666666666667	16.85333333333333	65.63333333333334	51.29	55.196666666666665	49.653333333333336	60.876666666666665	34.50666666666667	45.306666666666665	72.49	69.29666666666667	86.05666666666667	44.49666666666667	68.53	63.343333333333334	60.21666666666667	65.27
1129023	30.117816091954023	37.41379310344828	32.26724137931034	16.080459770114942	38.64655172413793	7.109195402298851	21.754310344827587	40.03735632183908	17.75862068965517	11.163793103448276	9.629310344827585	24.870689655172413	8.900862068965518	9.923850574712644	24.974137931034484	16.560344827586206	25.123563218390803	18.498563218390803	38.589080459770116	24.4066091954023	26.73132183908046	33.09626436781609	30.7183908045977	32.900862068965516	23.42097701149425	21.987068965517242	26.488505747126435	25.083333333333332	32.65229885057471
792769	104.84266666666667	87.728	127.128	51.13333333333333	121.752	31.936	76.91466666666666	108.77066666666667	46.768	48.352	18.333333333333332	126.81866666666667	23.658666666666665	20.816	106.824	66.22133333333333	82.104	50.77333333333333	133.696	59.794666666666664	62.328	123.74933333333334	120.136	100.41866666666667	94.368	110.648	78.41866666666667	78.06933333333333	86.48533333333333
363058	64.12691771269178	84.1771269177127	81.976290097629	41.71269177126918	90.47280334728033	15.652719665271967	54.94281729428173	104.99023709902372	47.36401673640167	32.99023709902371	18.24407252440725	80.88145048814505	20.249651324965132	21.758716875871688	92.59135285913528	45.11854951185495	76.28451882845188	46.26080892608089	86.23430962343096	50.30962343096234	58.249651324965136	88.4281729428173	87.75732217573221	95.16039051603906	79.63877266387726	85.89818688981869	78.18549511854951	70.97768479776848	74.8465829846583
363059	66.39668174962293	72.90196078431373	75.13876319758673	44.12217194570136	80.25037707390649	23.621417797888387	58.34238310708899	98.01659125188537	41.745098039215684	33.05128205128205	18.542986425339368	86.24434389140272	18.693815987933636	22.671191553544496	88.03770739064856	40.69079939668175	69.08295625942685	34.06938159879336	88.75867269984917	44.38461538461539	53.79185520361991	91.46606334841628	81.61990950226244	87.51432880844645	70.06636500754148	87.49170437405732	71.75867269984917	65.06184012066365	56.06334841628959
1487762	27.634057971014492	27.721014492753625	34.71376811594203	14.28804347826087	28.807971014492754	6.192028985507246	26.02355072463768	36.02173913043478	20.277173913043477	9.570652173913043	6.326086956521739	30.704710144927535	7.108695652173913	7.106884057971015	32.17572463768116	17.509057971014492	26.64855072463768	15.541666666666666	35.27355072463768	15.11231884057971	22.90036231884058	33.414855072463766	27.567028985507246	37.530797101449274	24.972826086956523	29.342391304347824	23.902173913043477	27.630434782608695	29.815217391304348
1487764	73.14207650273224	83.43169398907104	102.56557377049181	43.721311475409834	78.47814207650273	24.330601092896174	52.423497267759565	81.3360655737705	39.94808743169399	29.491803278688526	22.781420765027324	72.98087431693989	18.704918032786885	20.721311475409838	85.78142076502732	63.87158469945355	76.64754098360656	37.42622950819672	96.48087431693989	40.387978142076506	64.66666666666667	85.07377049180327	94.01366120218579	99.1256830601093	66.68032786885246	92.14480874316939	70.54098360655738	63.669398907103826	76.54098360655738
1487765	69.19847328244275	75.41221374045801	78.8295165394402	39.829516539440206	98.48346055979644	16.323155216284988	45.666666666666664	86.69211195928753	47.28498727735369	29.508905852417303	19.37150127226463	66.93638676844783	23.150127226463106	24.83715012722646	71.83969465648855	33.67430025445292	65.58778625954199	36.74554707379135	101.19592875318067	43.37913486005089	61.35114503816794	81.9821882951654	69.53689567430025	81.53944020356234	63.01017811704835	80.16284987277353	68.8880407124682	54.17811704834605	68.79389312977099
1487766	71.44941427050053	80.21938232161874	89.49840255591054	35.23748668796592	100.31842385516507	19.46964856230032	59.177848775292865	88.23961661341853	43.260915867944625	30.3258785942492	18.808306709265175	79.93823216187434	20.798722044728436	16.5346112886049	74.55591054313099	45.05857294994675	67.22257720979766	46.98296059637913	109.43876464323749	39.55058572949947	59.64536741214057	94.16719914802982	83.74866879659211	84.40468583599574	61.9765708200213	88.65388711395101	76.78913738019169	62.97018104366347	64.2545260915868
1487767	104.2687074829932	97.71768707482993	111.99319727891157	46.77210884353742	99.41496598639456	27.874149659863946	71.74149659863946	119.78911564625851	43.37755102040816	36.28231292517007	20.15986394557823	95.13265306122449	28.761904761904763	27.19047619047619	101.90816326530613	54.82312925170068	96.13945578231292	44.86054421768708	101.44557823129252	63.054421768707485	73.38775510204081	114.06122448979592	84.3843537414966	105.68027210884354	98.47619047619048	109.98299319727892	73.32312925170068	78.64285714285714	75.88775510204081
1487769	48.799116997792495	61.799116997792495	75.2251655629139	31.36644591611479	85.54966887417218	12.706401766004415	47.36644591611479	79.6710816777042	35.22516556291391	24.09492273730684	10.434878587196469	55.90066225165563	18.373068432671083	15.902869757174393	62.47902869757174	37.5121412803532	49.730684326710815	33.41721854304636	74.35761589403974	29.816777041942604	54.69757174392936	65.90728476821192	59.03973509933775	80.06843267108168	44.966887417218544	70.35540838852097	63.205298013245034	57.59381898454746	51.203090507726266
1487770	79.38557213930348	76.79850746268657	99.98258706467662	38.46517412935324	97.33830845771145	16.407960199004975	59.94278606965174	96.47014925373135	45.708955223880594	25.90049751243781	11.868159203980099	74.4776119402985	21.422885572139304	24.942786069651742	79.07462686567165	57.50995024875622	68.85323383084577	34.63930348258707	98.20646766169155	44.460199004975124	41.353233830845774	95.04975124378109	89.1592039800995	95.99751243781094	63.59950248756219	73.12437810945273	60.43532338308458	74.01741293532338	69.49004975124379
848943	66.84216725559482	70.7055359246172	91.4793875147232	30.342756183745582	70.70082449941107	20.3321554770318	43.745583038869256	82.97055359246173	29.82567726737338	27.184923439340402	13.643109540636042	64.91401648998823	21.343934040047113	21.343934040047113	69.3886925795053	42.52532391048292	52.5359246171967	40.43345111896349	75.33922261484099	38.27797408716137	50.37926972909305	78.22850412249706	79.94581861012956	79.62308598351001	59.13427561837456	69.06124852767962	60.77031802120141	54.322732626619555	55.77856301531213
361639	26.724444444444444	22.892222222222223	27.074444444444445	11.937777777777777	26.266666666666666	7.391111111111111	18.334444444444443	30.82777777777778	10.635555555555555	8.182222222222222	6.615555555555556	25.47	5.36	7.655555555555556	22.42222222222222	14.512222222222222	25.337777777777777	15.233333333333333	30.54	11.64	17.485555555555557	28.115555555555556	25.41888888888889	31.826666666666668	21.44	27.511111111111113	22.01888888888889	19.16	22.76888888888889
256568	28.07777777777778	35.41851851851852	36.04074074074074	16.8	35.24074074074074	7.488888888888889	24.062962962962963	38.8962962962963	20.44814814814815	13.103703703703705	6.625925925925926	31.044444444444444	8.866666666666667	7.5851851851851855	28.3	19.04074074074074	32.11851851851852	15.670370370370371	42.31481481481482	21.992592592592594	31.41111111111111	35.14074074074074	34.6037037037037	36.24814814814815	29.59259259259259	31.055555555555557	28.377777777777776	28.892592592592592	25.133333333333333
922728	46.34170854271357	40.051926298157454	44.34338358458962	22.55778894472362	41.15577889447236	10.564489112227806	32.70686767169179	34.93467336683417	20.484087102177554	13.088777219430487	7.74036850921273	32.41708542713568	7.324958123953099	9.874371859296483	46.403685092127304	19.274706867671693	35.869346733668344	20.33668341708543	50.65829145728643	28.07537688442211	31.12060301507538	35.42713567839196	41.59128978224456	35.18090452261306	30.107202680067	39.651591289782246	34.914572864321606	34.231155778894475	30.492462311557787
922729	29.61764705882353	28.647058823529413	30.394607843137255	14.156862745098039	37.56617647058823	6.306372549019608	20.747549019607842	26.465686274509803	14.0	14.639705882352942	5.1495098039215685	28.977941176470587	7.375	7.446078431372549	32.03921568627451	18.387254901960784	25.058823529411764	13.316176470588236	29.580882352941178	17.19607843137255	17.610294117647058	37.39705882352941	33.13235294117647	39.98039215686274	19.879901960784313	29.94607843137255	24.595588235294116	21.08578431372549	22.88480392156863
1138412	69.54098360655738	67.32604735883424	79.41165755919855	34.202185792349724	83.68306010928961	22.64298724954463	37.54280510018215	74.63934426229508	34.60837887067395	22.887067395264115	17.67577413479053	59.302367941712205	18.278688524590162	21.526411657559198	76.7832422586521	44.489981785063755	64.40072859744991	35.295081967213115	80.34972677595628	34.56102003642987	51.537340619307834	67.7103825136612	79.38979963570128	83.11475409836065	54.01092896174863	73.00182149362477	59.71584699453552	49.85245901639344	66.29143897996357
1138408	64.9862258953168	69.74931129476585	88.53719008264463	46.52203856749311	86.52341597796143	19.265840220385677	61.55096418732782	88.82231404958678	43.629476584022036	34.921487603305785	26.340220385674932	82.96005509641873	20.37052341597796	25.5633608815427	72.79752066115702	49.913223140495866	67.52066115702479	35.429752066115704	81.79476584022039	48.67768595041322	52.78787878787879	77.2038567493113	88.27685950413223	83.32093663911846	64.98347107438016	87.99862258953168	76.43250688705234	76.23829201101928	63.52617079889807
708386	52.44444444444444	52.79835390946502	68.39506172839506	26.905349794238685	52.888888888888886	14.176954732510287	33.7037037037037	67.93415637860082	28.271604938271604	23.11111111111111	11.94238683127572	65.39506172839506	11.23045267489712	23.56378600823045	55.946502057613166	39.01234567901235	56.7201646090535	27.80658436213992	80.37037037037037	40.205761316872426	36.02469135802469	65.36625514403292	66.76131687242798	61.60082304526749	39.510288065843625	69.48559670781893	56.58847736625514	57.02880658436214	48.53086419753087
708383	95.07062146892656	103.86299435028249	116.51412429378531	49.61440677966102	120.38841807909604	27.396892655367232	79.41949152542372	117.92937853107344	53.612994350282484	41.88135593220339	22.55367231638418	102.204802259887	29.377118644067796	34.09604519774011	84.37853107344633	63.07627118644068	87.90112994350282	51.98728813559322	125.0409604519774	59.39689265536723	78.74152542372882	116.22598870056497	124.77824858757062	114.74152542372882	86.09745762711864	111.44491525423729	90.14689265536722	84.89124293785311	87.31497175141243
1667220	62.88444444444445	51.26518518518518	65.83111111111111	33.568888888888885	63.70814814814815	11.712592592592593	46.93333333333333	68.54962962962964	28.10962962962963	27.374814814814815	16.576296296296295	62.21037037037037	17.179259259259258	17.025185185185187	47.17925925925926	29.45925925925926	45.07555555555555	26.354074074074074	74.91407407407408	23.823703703703703	42.40148148148148	66.46518518518519	64.87703703703704	58.03703703703704	48.425185185185185	58.64296296296296	44.69481481481481	39.644444444444446	44.59111111111111
108817	14.074561403508772	17.86842105263158	27.228070175438596	8.346491228070175	21.92105263157895	6.7368421052631575	13.473684210526315	18.69298245614035	8.592105263157896	7.934210526315789	0.9824561403508771	19.70614035087719	4.223684210526316	2.1359649122807016	17.68421052631579	10.517543859649123	11.807017543859649	11.342105263157896	24.67543859649123	4.4298245614035086	13.162280701754385	33.83771929824562	22.267543859649123	21.346491228070175	13.552631578947368	15.679824561403509	17.43859649122807	16.54824561403509	12.017543859649123
752791	64.91245791245791	78.91582491582491	97.92929292929293	48.01010101010101	106.41414141414141	22.505050505050505	54.51851851851852	85.85858585858585	36.45454545454545	28.535353535353536	14.936026936026936	94.10774410774411	24.875420875420875	22.188552188552187	76.85521885521885	46.7979797979798	62.22895622895623	56.582491582491585	98.4040404040404	54.225589225589225	70.29292929292929	95.8047138047138	91.42424242424242	99.21212121212122	71.06397306397307	90.73737373737374	70.06734006734007	72.92592592592592	79.46127946127946
752792	65.34285714285714	74.95714285714286	113.63809523809523	33.63333333333333	89.45238095238095	24.142857142857142	46.51904761904762	89.07619047619048	37.22380952380952	29.604761904761904	21.633333333333333	88.8047619047619	18.833333333333332	27.614285714285714	85.66190476190476	44.65238095238095	65.0047619047619	52.03809523809524	112.4047619047619	46.00476190476191	65.77619047619048	98.0904761904762	98.62380952380953	89.06666666666666	74.99047619047619	85.98571428571428	61.36666666666667	78.0047619047619	79.26190476190476
752793	77.17610062893081	73.99371069182389	92.32914046121593	30.27253668763103	92.40251572327044	18.433962264150942	46.121593291404615	99.15513626834381	36.656184486373164	36.916142557651995	18.457023060796647	85.0167714884696	25.769392033542978	25.71907756813417	82.45702306079664	46.0083857442348	64.32494758909853	41.43186582809224	98.14675052410901	42.9454926624738	52.886792452830186	96.9119496855346	78.13626834381552	94.32075471698113	66.31027253668763	76.9748427672956	68.62473794549267	55.121593291404615	68.46331236897275
752794	96.71467764060357	97.41975308641975	113.62825788751715	50.9437585733882	107.48422496570645	30.814814814814813	68.27023319615913	105.52400548696845	53.776406035665296	38.8079561042524	25.006858710562415	95.59533607681756	28.342935528120712	25.969821673525377	91.8641975308642	61.71467764060357	86.83539094650206	51.35939643347051	113.90672153635117	60.08367626886145	70.19067215363512	105.3525377229081	109.74897119341564	113.66529492455419	86.559670781893	116.23456790123457	89.00685871056241	81.77366255144032	80.82853223593965
752795	76.69398907103825	94.95901639344262	112.48087431693989	46.34699453551912	97.8743169398907	34.38251366120219	67.06557377049181	99.75409836065573	48.71584699453552	39.50819672131148	19.868852459016395	88.49726775956285	19.461748633879782	21.94808743169399	92.15573770491804	64.17213114754098	87.74043715846994	44.4207650273224	121.47267759562841	63.89890710382514	76.8743169398907	94.41256830601093	95.63934426229508	121.18032786885246	87.5792349726776	103.79508196721312	67.30054644808743	92.61475409836065	64.7568306010929
752796	93.66304347826087	100.18115942028986	109.68115942028986	48.45289855072464	107.68478260869566	21.108695652173914	54.17028985507246	112.41666666666667	48.369565217391305	33.6268115942029	23.89855072463768	102.59420289855072	22.181159420289855	23.35144927536232	85.2572463768116	70.3840579710145	80.53260869565217	52.594202898550726	126.21739130434783	62.54347826086956	72.1340579710145	87.80072463768116	116.7536231884058	103.08333333333333	70.18478260869566	95.1340579710145	76.19565217391305	82.8659420289855	65.39855072463769
752797	78.09027777777777	87.41666666666667	106.28587962962963	38.423611111111114	98.91435185185185	23.35300925925926	63.39930555555556	98.64814814814815	44.54050925925926	39.072916666666664	16.18287037037037	83.35416666666667	17.4375	18.40972222222222	85.18518518518519	58.96296296296296	73.55092592592592	46.854166666666664	106.63541666666667	48.16898148148148	58.394675925925924	89.82523148148148	98.37962962962963	93.07060185185185	69.98032407407408	90.70254629629629	72.54050925925925	70.86111111111111	79.84375
752798	66.86138613861387	82.68646864686468	90.55775577557756	35.897689768976896	82.15511551155116	13.432343234323433	57.42574257425743	88.92739273927393	33.74917491749175	26.660066006600662	13.801980198019802	64.43894389438944	15.798679867986799	18.28052805280528	67.33993399339934	44.37293729372937	65.32343234323433	44.48184818481848	90.38943894389439	43.74917491749175	54.95379537953795	79.05610561056106	89.62046204620462	86.85808580858085	55.132013201320134	87.67986798679868	60.0990099009901	70.68646864686468	62.320132013201324
752799	82.2751572327044	92.64779874213836	96.89779874213836	51.992138364779876	107.53301886792453	23.345911949685533	66.22798742138365	102.38679245283019	51.405660377358494	39.155660377358494	21.02987421383648	98.82704402515724	21.468553459119498	24.654088050314467	90.89465408805032	51.757861635220124	73.92295597484276	49.375786163522015	102.00786163522012	49.4622641509434	73.17610062893081	104.0251572327044	92.18238993710692	102.43867924528301	82.60220125786164	99.88050314465409	88.15723270440252	72.37106918238993	77.95597484276729
752800	81.13850837138509	73.337899543379	108.24048706240487	47.992389649923894	98.220700152207	24.578386605783866	63.57229832572298	97.14611872146119	40.55555555555556	35.2648401826484	12.091324200913242	90.7564687975647	17.922374429223744	26.123287671232877	75.29984779299848	47.89802130898021	73.74733637747336	40.922374429223744	100.28310502283105	46.730593607305934	65.96803652968036	83.28614916286149	99.74277016742771	99.33333333333333	78.22678843226788	81.80060882800609	75.23439878234399	65.33485540334856	66.33333333333333
752782	69.94772727272728	77.73409090909091	93.06666666666666	38.467424242424244	88.6530303030303	21.213636363636365	53.44469696969697	83.5060606060606	42.63787878787879	28.55530303030303	18.06742424242424	72.10530303030303	21.27348484848485	20.55757575757576	80.72575757575757	49.67121212121212	64.03787878787878	43.82878787878788	87.07575757575758	41.915151515151514	53.33181818181818	84.00151515151515	90.5439393939394	88.14090909090909	58.35757575757576	84.19166666666666	67.38712121212122	67.71212121212122	58.975
752783	72.72587719298245	75.74780701754386	88.37719298245614	47.37719298245614	88.00657894736842	31.910087719298247	60.94078947368421	85.85745614035088	43.57236842105263	31.18859649122807	14.993421052631579	73.33333333333333	18.276315789473685	19.50657894736842	82.59868421052632	47.348684210526315	55.651315789473685	40.6140350877193	106.6140350877193	43.723684210526315	47.23026315789474	96.04166666666667	101.2719298245614	77.53728070175438	76.83114035087719	89.8201754385965	80.31359649122807	73.78289473684211	66.04824561403508
752785	77.06775067750678	80.59349593495935	84.45257452574526	42.72086720867209	91.47154471544715	25.9159891598916	55.17886178861789	96.85907859078591	51.929539295392956	38.57181571815718	19.476964769647697	81.86720867208672	18.62872628726287	23.913279132791327	89.38482384823848	51.77235772357724	73.75067750677506	39.21951219512195	122.92682926829268	51.0650406504065	71.05420054200542	98.65582655826559	113.85365853658537	100.66937669376694	75.17615176151762	83.73712737127371	63.71815718157182	84.80758807588076	74.16531165311653
752786	81.41111111111111	81.75185185185185	93.83148148148148	44.83888888888889	95.74444444444444	19.314814814814813	58.84814814814815	103.41481481481482	39.39259259259259	37.07592592592592	24.805555555555557	86.46481481481482	22.833333333333332	25.93148148148148	78.4574074074074	59.24074074074074	81.2537037037037	45.91851851851852	108.05925925925926	51.03333333333333	62.84444444444444	96.75	97.05740740740741	104.05	62.77037037037037	86.2611111111111	68.62962962962963	87.31111111111112	83.42037037037036
752787	98.82835820895522	76.9726368159204	119.03980099502488	45.201492537313435	104.68407960199005	28.31592039800995	63.32089552238806	94.5	45.45273631840796	38.539800995024876	19.106965174129353	92.42786069651741	23.713930348258707	21.05223880597015	88.26865671641791	52.53731343283582	88.27611940298507	51.71641791044776	117.18159203980099	47.49004975124378	67.81840796019901	117.17412935323384	109.16417910447761	109.06965174129353	81.46517412935323	97.35074626865672	81.12189054726367	72.2636815920398	88.96766169154229
752788	85.57037037037037	80.06666666666666	82.41111111111111	42.78703703703704	105.63518518518518	21.951851851851853	51.02962962962963	90.45370370370371	45.85925925925926	27.696296296296296	18.74074074074074	74.95925925925926	23.26851851851852	19.877777777777776	97.80740740740741	44.894444444444446	67.98148148148148	46.672222222222224	87.25925925925925	52.96851851851852	51.70185185185185	85.22962962962963	94.74444444444444	92.25740740740741	65.64074074074074	80.36666666666666	76.83333333333333	82.30925925925926	81.96851851851852
752789	75.10364145658264	81.47899159663865	99.78991596638656	31.73669467787115	107.21008403361344	21.61904761904762	63.431372549019606	99.4873949579832	45.57703081232493	29.310924369747898	17.675070028011206	84.14005602240897	23.518207282913167	18.871148459383754	84.77871148459384	43.299719887955185	71.4453781512605	42.703081232493	87.51540616246498	46.34453781512605	65.96638655462185	88.17927170868347	104.38935574229691	93.6470588235294	58.23529411764706	75.73389355742297	79.1204481792717	76.02240896358543	66.24649859943978
752790	70.38251366120218	80.01912568306011	81.27868852459017	40.112021857923494	93.69125683060109	23.78688524590164	57.12841530054645	114.81147540983606	42.27049180327869	34.0792349726776	15.112021857923498	94.10928961748634	27.360655737704917	16.256830601092897	84.19398907103825	46.78142076502732	56.9207650273224	56.3551912568306	88.20218579234972	48.69672131147541	66.23224043715847	98.83333333333333	83.24863387978142	101.33879781420765	70.06010928961749	93.7431693989071	79.22404371584699	68.11475409836065	69.78142076502732
1632488	0.6493506493506493	1.354978354978355	0.6406926406926406	0.05627705627705628	0.6536796536796536	0.645021645021645	0.0	0.329004329004329	0.4329004329004329	0.0	0.0	2.515151515151515	0.0	0.0	0.0	1.380952380952381	0.0	0.0	0.0	0.0	1.5974025974025974	0.0	0.0	1.0909090909090908	0.6320346320346321	0.0	1.1688311688311688	0.6536796536796536	0.0
1279157	54.15837479270315	52.34162520729685	61.762852404643446	27.0787728026534	58.8134328358209	12.939469320066335	37.19983416252073	55.50995024875622	26.33747927031509	20.03565505804312	15.992537313432836	57.672470978441126	12.397180762852404	14.283582089552239	54.892205638474294	28.975953565505804	46.88805970149254	29.446102819237147	65.27363184079601	32.63266998341625	36.208126036484245	62.99004975124378	57.67412935323383	66.25456053067994	44.96517412935324	62.217247097844115	44.682421227197345	49.576285240464344	44.01990049751244
1608318	61.779661016949156	54.96045197740113	76.44632768361582	27.47457627118644	71.97175141242938	14.870056497175142	46.47457627118644	72.63276836158192	29.683615819209038	18.966101694915253	17.593220338983052	52.779661016949156	14.757062146892656	20.361581920903955	63.045197740113	39.59887005649718	46.644067796610166	23.3954802259887	78.49717514124293	33.0	54.49152542372882	66.94350282485875	69.96045197740114	78.0	49.909604519774014	66.50847457627118	52.32768361581921	49.655367231638415	65.85310734463278
199036	60.06751054852321	65.37974683544304	72.61181434599156	47.46835443037975	78.0042194092827	19.261603375527425	50.33755274261603	89.29957805907173	44.07172995780591	30.616033755274263	11.30379746835443	61.565400843881854	22.164556962025316	21.160337552742615	77.71308016877637	39.45147679324894	68.81012658227849	34.07172995780591	74.41350210970464	48.15611814345991	44.91983122362869	94.74261603375527	65.18987341772151	75.26582278481013	48.856540084388186	90.20675105485232	61.09704641350211	67.40928270042194	69.32911392405063
1427155	2.2264150943396226	0.2620545073375262	0.7190775681341719	0.7735849056603774	1.150943396226415	0.0	0.1090146750524109	0.5618448637316562	1.5345911949685536	0.6331236897274634	0.1740041928721174	0.31865828092243187	0.0	0.5303983228511531	2.991614255765199	1.0545073375262055	2.142557651991614	0.8301886792452831	1.4821802935010482	0.0	3.0461215932914047	0.9622641509433962	2.729559748427673	1.310272536687631	0.2431865828092243	1.2746331236897275	0.8805031446540881	0.9475890985324947	1.0440251572327044
751456	26.398907103825138	28.648451730418945	30.46448087431694	10.13296903460838	29.44808743169399	7.73224043715847	18.797814207650273	31.16757741347905	12.302367941712204	10.857923497267759	6.174863387978142	23.74681238615665	3.925318761384335	7.083788706739527	28.7304189435337	15.679417122040073	18.027322404371585	12.672131147540984	22.979963570127506	11.890710382513662	20.58287795992714	36.21129326047359	25.285974499089253	29.99271402550091	17.49544626593807	27.56466302367942	22.14936247723133	22.81056466302368	23.57377049180328
1411109	35.823283082077054	36.23953098827471	40.437185929648244	17.471524288107204	43.438860971524285	12.026800670016751	30.46147403685092	46.3391959798995	21.045226130653266	11.06532663316583	11.21608040201005	36.244556113902846	5.719430485762144	10.248743718592964	36.94472361809045	22.12562814070352	29.98324958123953	16.71105527638191	53.564489112227804	23.97571189279732	25.623115577889447	38.77554438860972	43.47738693467337	36.29899497487437	30.667504187604692	34.67085427135678	34.086264656616414	36.54690117252931	30.469011725293132
742289	75.02693602693603	75.91582491582491	73.21212121212122	42.205387205387204	97.82828282828282	19.824915824915823	59.35016835016835	82.33670033670033	44.76767676767677	29.444444444444443	17.65993265993266	77.05050505050505	18.713804713804713	15.343434343434344	83.97979797979798	52.8013468013468	62.30639730639731	48.872053872053876	93.1010101010101	33.74747474747475	56.35016835016835	97.18518518518519	93.79461279461279	109.47811447811448	63.370370370370374	95.74074074074075	76.28282828282828	61.053872053872055	61.178451178451176
614493	77.5343137254902	78.5220588235294	85.91666666666667	42.458333333333336	83.86764705882354	17.610294117647058	63.63725490196079	95.82598039215686	53.9828431372549	37.76960784313726	13.752450980392156	82.13480392156863	18.350490196078432	20.16176470588235	82.625	56.791666666666664	81.09313725490196	40.13725490196079	86.95343137254902	51.120098039215684	56.03186274509804	86.19117647058823	86.28921568627452	104.91911764705883	80.97549019607843	82.89950980392157	77.1593137254902	73.28676470588235	73.7279411764706
926943	45.24154589371981	39.265700483091784	52.02657004830918	22.867149758454108	57.42028985507246	12.702898550724637	31.690821256038646	53.8743961352657	22.32367149758454	16.241545893719806	10.83574879227053	54.9975845410628	12.03864734299517	13.495169082125605	45.59903381642512	33.91304347826087	33.2512077294686	26.41062801932367	63.589371980676326	36.893719806763286	29.22705314009662	58.606280193236714	43.01690821256039	48.6207729468599	45.51690821256039	42.17391304347826	47.48792270531401	33.01207729468599	46.78502415458937
