key	WAM_ALR	WAM_CCR	WAM_IPI	WAM_MAR	WAM_MYS	WAM_PBL	WAM_PJN	WAM_PPR	WAM_PST	WAM_ROL	WAM_SCR	WAM_SGN	WAM_SIS	WAM_TWN	WAR_ALR	WAR_CCR	WAR_IPI	WAR_MAR	WAR_MYS	WAR_PBL	WAR_PJN	WAR_PPR	WAR_PSK	WAR_PST	WAR_RNW	WAR_ROL	WAR_SCR	WAR_SGL	WAR_SIS
1095392	1.0282485875706215	1.6115819209039548	2.244350282485876	0.6822033898305084	0.827683615819209	0.423728813559322	0.4251412429378531	1.2937853107344632	1.7725988700564972	0.0014124293785310734	1.7076271186440677	0.5	0.0	0.0	0.423728813559322	2.8700564971751414	1.4336158192090396	1.4194915254237288	2.005649717514124	1.7274011299435028	0.0	1.2853107344632768	1.0564971751412429	0.8248587570621468	2.7005649717514126	2.4957627118644066	3.6059322033898304	0.8516949152542372	1.2824858757062148
257099	0.5126582278481012	0.21308016877637131	2.2025316455696204	1.1729957805907174	0.31645569620253167	1.2426160337552743	0.8839662447257384	0.8924050632911392	0.6814345991561181	1.5569620253164558	0.0	1.350210970464135	0.0	2.1371308016877637	0.0	1.1624472573839661	1.4641350210970465	0.14556962025316456	1.2679324894514767	0.31645569620253167	2.5147679324894514	3.7637130801687766	0.6476793248945147	0.9978902953586498	0.8881856540084389	0.5485232067510548	1.8755274261603376	0.989451476793249	0.630801687763713
257100	1.696969696969697	2.118022328548644	3.0637958532695375	0.3157894736842105	0.7926634768740032	0.9393939393939394	2.993620414673046	2.0526315789473686	1.0717703349282297	0.9585326953748007	0.7687400318979266	2.200956937799043	0.0	0.7001594896331739	1.1929824561403508	3.934609250398724	3.0015948963317385	2.660287081339713	2.869218500797448	0.722488038277512	1.354066985645933	2.0159489633173844	1.5502392344497609	4.240829346092504	2.6140350877192984	2.0239234449760763	2.727272727272727	2.200956937799043	1.200956937799043
1496293	1.4814814814814814	2.5672514619883042	2.4502923976608186	1.8810916179337231	1.8927875243664718	1.04093567251462	1.152046783625731	1.165692007797271	1.793372319688109	0.9727095516569201	0.44834307992202727	4.526315789473684	0.0	0.0	0.7699805068226121	5.514619883040936	2.5048732943469787	2.6023391812865495	3.185185185185185	2.6471734892787526	0.9551656920077972	1.060428849902534	1.7660818713450293	0.29239766081871343	2.949317738791423	1.0	3.6491228070175437	3.469785575048733	2.037037037037037
687338	1.2693602693602695	2.8855218855218854	1.6094276094276094	0.2828282828282828	1.5656565656565657	0.0	1.2491582491582491	0.6936026936026936	0.3434343434343434	0.5084175084175084	0.6734006734006734	1.6161616161616161	0.0	0.0	1.2053872053872055	2.538720538720539	1.4478114478114479	0.7407407407407407	5.3232323232323235	0.6835016835016835	0.7643097643097643	3.090909090909091	2.6734006734006734	0.6464646464646465	2.5622895622895623	2.356902356902357	3.8686868686868685	0.9292929292929293	2.0437710437710437
705134	2.5030487804878048	0.866869918699187	3.157520325203252	0.7642276422764228	0.30589430894308944	0.6097560975609756	0.9806910569105691	1.5060975609756098	1.2977642276422765	0.6117886178861789	0.9186991869918699	2.647357723577236	0.6128048780487805	0.5	1.08130081300813	1.5050813008130082	2.535569105691057	1.5955284552845528	2.0101626016260163	1.7916666666666667	1.3079268292682926	1.6148373983739837	0.9146341463414634	1.0955284552845528	1.717479674796748	1.116869918699187	3.569105691056911	1.079268292682927	1.3495934959349594
383522	1.7781669585522475	1.1500291885580853	2.1319322825452423	0.702276707530648	1.2358435493286632	1.3753648569760655	1.2265032107413893	1.063047285464098	1.6619964973730297	0.527729130180969	1.028604786923526	1.3175715119673088	0.87215411558669	0.17629889083479275	2.0490367775831873	3.5434909515469935	2.130764740221833	1.2778750729713952	1.998248686514886	1.5983654407472272	1.3858727378867484	2.2825452422650323	0.63164039696439	1.4810274372446002	1.0589608873321659	1.2130764740221833	4.0437828371278455	2.556333917104495	1.3829538820782252
113439	0.0	0.0	1.7432432432432432	0.0	2.09009009009009	0.0	2.1126126126126126	0.6756756756756757	1.4009009009009008	0.5855855855855856	0.8288288288288288	3.0765765765765765	0.6711711711711712	0.15315315315315314	0.6801801801801802	3.5	0.0	1.2567567567567568	0.6801801801801802	0.0	0.6711711711711712	1.6216216216216217	0.0	0.0	0.0	0.1891891891891892	0.46846846846846846	1.3108108108108107	0.0
113440	1.2024539877300613	0.3067484662576687	3.0715746421267895	2.5991820040899793	3.1901840490797544	1.4846625766871167	1.4969325153374233	0.9222903885480572	0.9877300613496932	2.0306748466257667	2.229038854805726	1.4805725971370143	0.4274028629856851	1.243353783231084	1.2147239263803682	2.6503067484662575	2.063394683026585	1.8752556237218814	2.0204498977505114	1.4498977505112474	4.392638036809816	5.259713701431493	1.1533742331288344	1.0920245398773005	1.5848670756646217	2.1595092024539877	4.644171779141105	2.067484662576687	1.3476482617586911
113441	2.2735632183908048	1.9011494252873564	1.6942528735632183	3.0689655172413794	0.9816091954022989	1.8988505747126436	2.972413793103448	0.7586206896551724	0.9954022988505747	0.8827586206896552	0.5563218390804597	0.7839080459770115	0.5816091954022988	1.4344827586206896	1.9632183908045977	4.728735632183908	2.296551724137931	3.6620689655172414	2.5770114942528735	2.1241379310344826	2.3126436781609194	2.7586206896551726	2.2942528735632184	2.142528735632184	2.160919540229885	1.6137931034482758	5.714942528735632	4.510344827586207	2.3080459770114943
727345	1.8465116279069766	1.4031007751937985	1.8651162790697675	0.7751937984496124	1.558139534883721	0.6108527131782946	1.6542635658914728	2.8372093023255816	2.565891472868217	0.24496124031007752	0.931782945736434	1.924031007751938	0.0	0.8294573643410853	0.7488372093023256	4.227906976744186	1.8651162790697675	1.4914728682170542	1.3395348837209302	1.4666666666666666	2.0108527131782945	1.710077519379845	0.9503875968992248	2.6372093023255814	2.9643410852713177	1.9612403100775193	4.491472868217055	2.705426356589147	0.0
173751	2.4031007751937983	1.1844961240310077	4.083720930232558	1.2775193798449613	0.4046511627906977	1.082170542635659	2.724031007751938	2.0697674418604652	0.23410852713178296	0.4682170542635659	0.35348837209302325	1.8248062015503876	0.5286821705426357	0.0	1.42015503875969	3.4713178294573646	0.2744186046511628	1.6728682170542635	1.262015503875969	1.7720930232558139	4.88062015503876	2.15968992248062	3.1984496124031008	0.9348837209302325	1.958139534883721	1.0992248062015504	3.2635658914728682	2.4015503875968993	1.813953488372093
173756	1.9625468164794007	0.0	1.445692883895131	0.0	1.146067415730337	0.2546816479400749	3.295880149812734	0.5655430711610487	2.168539325842697	0.5655430711610487	0.5243445692883895	2.655430711610487	0.0	0.7453183520599251	2.2209737827715355	5.4456928838951315	1.4644194756554307	6.134831460674158	0.20973782771535582	3.5767790262172285	1.1273408239700375	5.535580524344569	1.801498127340824	1.9625468164794007	1.3707865168539326	2.4906367041198503	4.239700374531835	4.644194756554307	0.0
392734	0.8392715756136183	1.667458432304038	1.6524148851939826	1.5328582739509105	0.7133808392715756	0.9034045922406968	1.6025336500395884	1.0261282660332542	1.0522565320665083	0.4766429136975455	0.716547901821061	1.6634996041171812	0.5288994457640538	0.0	0.2375296912114014	2.0039588281868568	2.308788598574822	0.9889152810768013	1.2209026128266034	1.9105304829770389	0.8891528107680127	2.0459224069675375	2.8139350752177354	0.5961995249406176	1.0245447347585115	1.4133016627078385	3.445764053840063	0.5661124307205068	2.3966745843230406
1547328	1.2656514382402708	0.04230118443316413	1.619289340101523	1.885786802030457	0.21658206429780033	0.637901861252115	2.0829103214890017	1.6624365482233503	0.37055837563451777	1.6116751269035532	1.8257191201353637	2.3333333333333335	0.0	0.0	1.3104906937394247	1.6869712351945854	2.3705583756345177	3.050761421319797	3.048223350253807	2.2140439932318103	0.8900169204737732	3.504230118443316	1.3316412859560067	1.1708967851099832	1.1489001692047378	1.9094754653130288	4.799492385786802	1.5888324873096447	2.1632825719120135
574772	0.0	1.0730837789661318	0.0	0.0	0.0	1.8021390374331552	1.0748663101604279	0.024955436720142603	0.0	0.0	1.463458110516934	2.5971479500891266	0.0	0.0	0.0	5.124777183600713	0.0962566844919786	3.2584670231729054	0.0	2.3511586452762923	1.2103386809269163	12.689839572192513	0.0	3.4171122994652405	3.843137254901961	0.8074866310160428	5.1568627450980395	1.6381461675579323	0.26916221033868093
574773	0.0	1.1532567049808429	0.0	0.0	0.0	0.7241379310344828	1.4942528735632183	1.4444444444444444	1.1111111111111112	0.0	2.6206896551724137	3.5172413793103448	0.0	0.0	0.0	12.413793103448276	0.896551724137931	4.574712643678161	0.0	0.7547892720306514	3.4444444444444446	8.494252873563218	0.0	3.4444444444444446	6.946360153256705	0.44061302681992337	6.689655172413793	3.0919540229885056	1.4482758620689655
574774	0.0	1.2555555555555555	0.41944444444444445	0.41805555555555557	0.3055555555555556	1.1333333333333333	0.2791666666666667	0.20833333333333334	1.2555555555555555	0.0	5.8902777777777775	0.8597222222222223	0.0	0.0	0.41805555555555557	10.394444444444444	0.0	5.6819444444444445	0.0	3.5569444444444445	2.7583333333333333	8.811111111111112	1.2569444444444444	4.079166666666667	4.423611111111111	0.03333333333333333	10.6625	2.0680555555555555	0.0875
574775	0.0	1.8525252525252525	0.0	2.2383838383838386	0.0	1.7313131313131314	1.1636363636363636	0.3878787878787879	0.8949494949494949	0.0	4.193939393939394	1.894949494949495	0.0	0.0	0.0	10.921212121212122	0.0	1.7838383838383838	0.0	2.4909090909090907	1.0626262626262626	10.42020202020202	0.0	1.2606060606060605	2.9676767676767675	0.0	9.55959595959596	1.4565656565656566	0.0
574776	0.0	0.9917081260364843	0.0	0.6417910447761194	0.0	1.9253731343283582	0.2752902155887231	0.37645107794361526	1.1194029850746268	0.0	3.802653399668325	0.8988391376451078	0.0	0.0	0.0	10.990049751243781	0.0	4.522388059701493	0.0	4.583747927031509	2.681592039800995	6.17910447761194	0.0	2.9635157545605306	1.9502487562189055	0.0	6.398009950248756	1.7529021558872304	0.49917081260364843
574777	0.2127659574468085	1.300709219858156	0.03971631205673759	1.6297872340425532	0.0	0.44397163120567373	0.2127659574468085	0.5106382978723404	1.2680851063829788	0.0	5.5929078014184395	3.0950354609929076	0.0	0.0	0.0	8.279432624113475	0.0	4.150354609929078	0.19574468085106383	3.880851063829787	2.7900709219858157	11.563120567375886	0.0	1.7546099290780142	2.9148936170212765	0.0	6.278014184397163	2.472340425531915	0.0
574778	0.36923076923076925	0.6923076923076923	1.2974358974358975	0.7333333333333333	0.0	0.07692307692307693	0.0	0.7692307692307693	0.5897435897435898	0.0	8.553846153846154	1.441025641025641	0.0	0.0	0.0	11.902564102564103	0.0	6.753846153846154	0.6410256410256411	5.3538461538461535	2.01025641025641	12.38974358974359	0.0	2.0871794871794873	1.9333333333333333	0.0	6.666666666666667	1.4820512820512821	0.0
574781	0.050595238095238096	1.2886904761904763	0.0	0.8988095238095238	0.48214285714285715	0.0	1.2172619047619047	0.0	0.0	0.0	0.46726190476190477	1.6428571428571428	0.0	0.0	0.15476190476190477	7.404761904761905	0.0	2.0892857142857144	0.0	4.660714285714286	1.7083333333333333	8.642857142857142	0.05952380952380952	3.0595238095238093	3.761904761904762	0.3482142857142857	7.366071428571429	1.2053571428571428	0.0
574782	2.3508771929824563	1.4360902255639099	1.3834586466165413	0.19047619047619047	2.889724310776942	1.1303258145363408	3.330827067669173	1.5137844611528821	0.0	0.681704260651629	0.0	3.007518796992481	0.0	0.0	1.4461152882205515	2.691729323308271	3.2130325814536342	1.7669172932330828	0.3358395989974937	2.142857142857143	1.6165413533834587	2.899749373433584	0.8696741854636592	1.1528822055137844	1.9223057644110275	1.9197994987468672	4.93734335839599	2.5338345864661656	2.5037593984962405
574785	0.6837121212121212	0.9299242424242424	0.22537878787878787	0.4621212121212121	0.7651515151515151	0.75	0.39204545454545453	0.8693181818181818	0.9621212121212122	0.696969696969697	0.0	2.5132575757575757	0.0	0.5037878787878788	1.0056818181818181	0.4810606060606061	1.2784090909090908	0.8503787878787878	3.2481060606060606	1.7708333333333333	0.6231060606060606	4.490530303030303	0.0	0.45075757575757575	0.5833333333333334	1.1988636363636365	4.778409090909091	0.7859848484848485	1.0132575757575757
574786	1.1615384615384616	2.7051282051282053	2.376923076923077	0.5923076923076923	3.9	1.0538461538461539	0.3871794871794872	3.364102564102564	0.7435897435897436	0.8512820512820513	0.0	1.5461538461538462	0.7717948717948718	1.3205128205128205	3.4205128205128204	2.9410256410256412	1.6974358974358974	4.71025641025641	1.094871794871795	2.207692307692308	4.269230769230769	3.448717948717949	3.7846153846153845	0.6641025641025641	2.371794871794872	2.9256410256410255	3.994871794871795	3.3435897435897437	2.164102564102564
574787	0.9388888888888889	1.4648148148148148	2.387037037037037	0.9944444444444445	2.1203703703703702	1.0722222222222222	1.3129629629629629	2.551851851851852	0.8388888888888889	0.7185185185185186	2.0148148148148146	4.1685185185185185	0.07592592592592592	0.053703703703703705	2.6185185185185187	2.4703703703703703	2.1444444444444444	1.2722222222222221	2.1814814814814816	5.625925925925926	1.9203703703703703	3.1148148148148147	0.2777777777777778	1.1166666666666667	2.725925925925926	2.8777777777777778	3.716666666666667	2.5277777777777777	3.683333333333333
574793	1.4087591240875912	0.0	3.978102189781022	2.072992700729927	1.4282238442822384	1.6569343065693432	1.8880778588807785	1.338199513381995	0.6472019464720195	0.0	0.9221411192214112	0.8102189781021898	0.0	1.683698296836983	2.0583941605839415	1.8272506082725062	1.338199513381995	2.9683698296836982	1.8199513381995134	4.934306569343065	2.1094890510948905	2.997566909975669	2.2822384428223845	0.0413625304136253	1.7761557177615572	1.9805352798053528	8.712895377128953	0.5060827250608273	1.9221411192214113
574794	1.8700305810397553	1.5851172273190621	2.0784913353720693	0.9271151885830785	1.665137614678899	0.7033639143730887	1.9551478083588176	2.654434250764526	1.3756371049949032	0.6146788990825688	1.1493374108053007	1.6952089704383282	0.46075433231396534	0.2145769622833843	1.598369011213048	1.805810397553517	1.9872579001019368	1.6523955147808358	2.7492354740061162	3.425586136595311	2.1819571865443423	2.1136595310907236	1.8256880733944953	2.5280326197757392	1.8883792048929664	2.1355759429153927	4.452089704383282	3.09072375127421	1.1131498470948011
456946	0.06060606060606061	0.5909090909090909	0.9069264069264069	0.5108225108225108	0.5541125541125541	0.4935064935064935	0.09090909090909091	1.0432900432900434	0.21428571428571427	0.5909090909090909	0.0	0.6515151515151515	0.03463203463203463	0.06060606060606061	0.0	0.0	0.9307359307359307	0.8593073593073594	0.6536796536796536	2.1926406926406927	0.6125541125541125	0.948051948051948	0.5757575757575758	0.010822510822510822	1.8896103896103895	1.2380952380952381	0.6298701298701299	0.0	0.0
456948	1.6484375	1.3098958333333333	1.2630208333333333	2.7864583333333335	1.59375	1.5989583333333333	2.1770833333333335	1.2473958333333333	2.8854166666666665	1.3046875	1.6276041666666667	2.9609375	1.1666666666666667	0.4921875	1.1953125	1.3776041666666667	2.2942708333333335	0.7005208333333334	0.6354166666666666	6.4375	6.8984375	0.5807291666666666	0.3854166666666667	4.421875	3.9036458333333335	3.0130208333333335	4.127604166666667	1.0677083333333333	3.3697916666666665
456949	1.3214670981661274	1.4757281553398058	1.7011866235167206	2.0442286947141315	2.7238403451995685	1.6386192017259977	2.1769147788565264	2.924487594390507	1.5080906148867315	0.5857605177993528	1.8187702265372168	1.5145631067961165	0.36030204962243795	0.5911542610571737	2.459546925566343	4.325782092772384	4.919093851132686	3.546925566343042	2.0906148867313914	2.5490830636461705	2.766990291262136	4.911542610571737	1.2977346278317152	2.3689320388349513	2.8392664509169365	2.5555555555555554	4.713052858683927	1.04638619201726	2.5447680690399137
1691139	4.346938775510204	1.5952380952380953	2.2346938775510203	0.0	0.2925170068027211	1.8231292517006803	2.5510204081632653	0.0	0.7142857142857143	0.013605442176870748	1.465986394557823	1.41156462585034	0.0	0.8979591836734694	0.282312925170068	1.098639455782313	2.108843537414966	1.0272108843537415	2.3333333333333335	4.948979591836735	1.6326530612244898	1.3401360544217686	2.5340136054421767	0.2857142857142857	1.1972789115646258	0.5136054421768708	2.826530612244898	4.14625850340136	0.14625850340136054
769039	2.064814814814815	0.6944444444444444	1.1203703703703705	1.012962962962963	0.5537037037037037	0.7518518518518519	2.283333333333333	4.055555555555555	1.1537037037037037	0.5833333333333334	0.3814814814814815	1.5444444444444445	0.03518518518518519	0.7518518518518519	2.3222222222222224	4.968518518518518	1.0685185185185184	2.9444444444444446	1.2648148148148148	1.2574074074074073	1.8185185185185184	2.3740740740740742	1.1111111111111112	1.2740740740740741	3.1333333333333333	1.7925925925925925	3.6166666666666667	3.325925925925926	2.5925925925925926
234688	0.22916666666666666	0.0	0.8939393939393939	1.2348484848484849	0.9071969696969697	0.0	1.8503787878787878	1.259469696969697	0.9090909090909091	1.8106060606060606	0.8541666666666666	4.0852272727272725	0.10795454545454546	0.0	1.1401515151515151	1.2897727272727273	1.2367424242424243	2.320075757575758	1.503787878787879	1.5833333333333333	1.303030303030303	3.632575757575758	1.1609848484848484	1.5568181818181819	1.928030303030303	2.140151515151515	3.452651515151515	2.6761363636363638	1.5984848484848484
