key	WAM_ALR	WAM_CCR	WAM_IPI	WAM_MAR	WAM_MYS	WAM_PBL	WAM_PJN	WAM_PPR	WAM_PST	WAM_ROL	WAM_SCR	WAM_SGN	WAM_SIS	WAM_TWN	WAR_ALR	WAR_CCR	WAR_IPI	WAR_MAR	WAR_MYS	WAR_PBL	WAR_PJN	WAR_PPR	WAR_PSK	WAR_PST	WAR_RNW	WAR_ROL	WAR_SCR	WAR_SGL	WAR_SIS
951021	0.0	0.0	0.0	0.6991869918699187	0.056910569105691054	0.0	0.0	0.0	0.0	0.21138211382113822	0.9186991869918699	0.0	0.0	0.0	0.0	0.7926829268292683	0.6829268292682927	0.0	0.0	0.0	1.008130081300813	0.0	0.0	1.2235772357723578	0.0	0.0	0.0	0.3089430894308943	0.0
951022	0.0	0.48470209339774556	0.0	4.239935587761675	0.24798711755233493	1.1884057971014492	0.4396135265700483	0.7214170692431562	0.8067632850241546	0.10144927536231885	1.3719806763285025	0.1819645732689211	0.0	0.9388083735909822	0.0	0.0	0.0	0.4750402576489533	0.0	1.285024154589372	0.4830917874396135	1.7181964573268922	0.0	1.92914653784219	0.0	0.0	1.1191626409017714	0.24476650563607086	0.0
951023	0.0	0.0	0.0	4.488888888888889	0.4793650793650794	2.0761904761904764	0.6412698412698413	0.6873015873015873	0.2396825396825397	0.0	0.9952380952380953	4.847619047619047	0.2396825396825397	6.741269841269841	0.0	0.2714285714285714	0.0	0.0	0.0	1.2777777777777777	1.4285714285714286	0.22857142857142856	0.28253968253968254	1.2571428571428571	1.5698412698412698	0.0	1.8285714285714285	0.0	0.23174603174603176
951024	0.0	0.738831615120275	0.0	2.549828178694158	0.0	5.175257731958763	1.7800687285223367	0.06529209621993128	1.8075601374570447	0.0	0.44673539518900346	0.0	0.0	2.642611683848797	0.0	0.4261168384879725	0.0	0.7491408934707904	0.0	1.388316151202749	0.0	1.034364261168385	0.8900343642611683	0.993127147766323	0.6872852233676976	0.0	3.5601374570446733	0.0	1.5189003436426116
951025	0.0	0.8272506082725061	0.0	5.815085158150851	0.36739659367396593	0.7347931873479319	0.36739659367396593	1.7883211678832116	0.7092457420924574	0.36739659367396593	0.5754257907542579	1.0985401459854014	0.0	1.1009732360097324	0.3661800486618005	0.36739659367396593	0.0	1.3686131386861313	0.0	2.0182481751824817	0.7311435523114356	1.102189781021898	0.18369829683698297	0.5462287104622872	0.3491484184914842	0.0	2.042579075425791	0.36739659367396593	0.0
1253123	0.0	0.08062015503875969	0.0	1.745736434108527	0.11007751937984496	0.7906976744186046	0.19689922480620156	0.7023255813953488	1.4837209302325582	0.0	1.6372093023255814	0.9147286821705426	0.0	0.0	0.0	0.1875968992248062	0.0	2.2294573643410853	0.0	1.0077519379844961	0.8666666666666667	0.0	0.0	0.0	0.0	0.0	1.8124031007751937	0.6186046511627907	0.31627906976744186
1402619	0.0	1.1032863849765258	0.0	3.204225352112676	0.19014084507042253	1.3591549295774648	0.5469483568075117	0.0	1.4741784037558685	0.14084507042253522	1.7089201877934272	0.49765258215962443	0.0	2.8497652582159625	0.0	0.0	0.0	0.31220657276995306	0.0	0.8474178403755869	0.33098591549295775	0.0	0.14553990610328638	1.0938967136150235	0.0	0.0	2.6338028169014085	0.3967136150234742	0.0
441396	0.2	0.08266666666666667	0.0	1.768	0.0	1.304	1.1786666666666668	0.6106666666666667	0.8053333333333333	0.0	1.272	1.648	0.0	1.8453333333333333	0.0	0.704	0.0	0.08266666666666667	0.8053333333333333	1.248	0.824	0.5146666666666667	0.0	0.6853333333333333	1.1146666666666667	0.0	1.264	0.376	0.0
535841	0.2543859649122807	0.39766081871345027	0.0	1.587719298245614	0.4415204678362573	1.6842105263157894	0.5614035087719298	0.9385964912280702	0.008771929824561403	0.0	1.976608187134503	0.27485380116959063	0.0	1.6198830409356726	0.0	0.0	0.8128654970760234	0.8128654970760234	0.0	2.3304093567251463	0.0	0.0	0.0	0.04678362573099415	0.0	0.0	1.1111111111111112	0.804093567251462	0.0
297346	0.3919270833333333	0.08203125	0.0	2.4661458333333335	0.8919270833333334	1.1966145833333333	0.6653645833333334	0.5859375	1.3567708333333333	0.0	0.5091145833333334	1.5963541666666667	0.3932291666666667	0.7369791666666666	0.029947916666666668	0.3932291666666667	0.0	0.0	0.0	0.7838541666666666	0.3776041666666667	0.7825520833333334	0.0	1.3971354166666667	0.3919270833333333	0.0	0.51953125	1.1770833333333333	0.0
297341	0.6535947712418301	0.5904139433551199	0.0	3.3812636165577343	0.0	2.2113289760348582	0.10021786492374728	0.0	0.7581699346405228	0.0	0.477124183006536	1.3747276688453158	0.0	0.0	0.0	0.0	0.0	1.0021786492374727	0.0	0.6579520697167756	0.0	0.0	0.0	0.7930283224400871	0.8082788671023965	0.0	1.8213507625272332	0.6579520697167756	0.0
503365	1.046875	0.2621527777777778	0.5225694444444444	2.3315972222222223	0.2934027777777778	1.3333333333333333	0.036458333333333336	0.0	1.0434027777777777	0.5243055555555556	1.8368055555555556	1.5451388888888888	0.0	0.4357638888888889	0.0	0.6805555555555556	0.0	0.0	0.0	0.059027777777777776	0.0	0.0	0.0	0.4565972222222222	0.6041666666666666	0.6996527777777778	1.2013888888888888	0.5243055555555556	0.0
966822	0.0	0.8501529051987767	0.0	2.5688073394495414	0.45871559633027525	0.20489296636085627	0.05504587155963303	1.2599388379204892	0.0	0.0	0.5657492354740061	0.25076452599388377	0.0	0.7584097859327217	0.0	0.0	0.0	0.0	0.0	0.46788990825688076	0.0	0.0	0.0	0.0	0.0	0.0	0.6636085626911316	0.0	0.0
9905	0.0	1.6133333333333333	0.0	8.864	2.050666666666667	2.704	1.5306666666666666	0.0	1.3973333333333333	0.0	1.2106666666666666	1.8666666666666667	0.0	3.8533333333333335	0.0	0.5706666666666667	0.0	0.49333333333333335	0.2613333333333333	0.0	0.0	0.5066666666666667	0.0	0.25333333333333335	0.8026666666666666	0.0	2.7866666666666666	0.0	0.0
9906	0.3165618448637317	0.8322851153039832	0.09224318658280922	4.685534591194968	0.8259958071278826	2.310272536687631	0.28721174004192873	0.6331236897274634	0.6289308176100629	0.0	0.7882599580712788	1.6373165618448637	0.0	1.5534591194968554	0.0	0.7295597484276729	0.0	0.0	0.9727463312368972	0.0	0.13626834381551362	0.1320754716981132	0.0	0.0	0.0	0.0	2.3731656184486374	0.6079664570230608	0.0
9908	0.0	0.5326797385620915	0.0	7.160130718954249	0.0	0.5032679738562091	0.6209150326797386	0.4934640522875817	0.9934640522875817	0.0	0.0	3.9934640522875817	0.0	1.5130718954248366	0.0	0.0	0.0	0.0	0.0	0.0	0.8954248366013072	0.0	0.0	0.0	1.0947712418300655	0.0	0.5718954248366013	0.0	0.0
9909	0.47665056360708535	0.0	0.0	5.72463768115942	0.0	0.5571658615136876	0.0	0.4106280193236715	2.4524959742351045	0.0	0.0	2.8389694041867957	0.0	6.714975845410628	0.0	0.0	0.0	0.0	0.0	0.0	0.0	0.0	0.0	0.0	1.460547504025765	0.0	0.05636070853462158	0.0	0.0
1204361	0.39163916391639164	1.2431243124312432	0.0	3.332783278327833	0.6545654565456546	1.9103410341034104	0.8305830583058306	0.5126512651265126	0.9295929592959296	0.0	1.7475247524752475	0.42244224422442245	0.0	1.3745874587458746	0.16446644664466448	0.15456545654565457	0.0	0.6061606160616062	0.17436743674367436	0.1111111111111111	0.4961496149614962	0.15896589658965896	0.0	0.7992299229922992	0.995049504950495	0.16611661166116612	0.671067106710671	1.3696369636963697	0.32123212321232125
568620	0.06745098039215686	0.6133333333333333	0.06431372549019608	2.8572549019607845	0.47058823529411764	2.252549019607843	1.1215686274509804	0.523921568627451	0.6847058823529412	0.17568627450980392	1.8752941176470588	0.28	0.0	1.4572549019607843	0.0	0.11137254901960784	0.0	0.7105882352941176	0.07450980392156863	0.9450980392156862	0.23686274509803923	0.28862745098039216	0.0	1.8329411764705883	0.0	0.0	0.7749019607843137	0.596078431372549	0.23686274509803923
1291405	0.0	1.387706855791962	0.0	0.9030732860520094	0.5437352245862884	2.723404255319149	0.48226950354609927	0.3617021276595745	0.0	0.0	0.8817966903073287	1.1182033096926713	0.0	0.0	0.0	0.0	0.0	0.3546099290780142	0.0	2.8085106382978724	0.0	1.0614657210401892	0.0	0.0	0.6903073286052009	0.0	1.215130023640662	0.8557919621749409	0.0
202025	0.0	1.6869565217391305	0.0	0.7623188405797101	0.0	2.9855072463768115	0.0	0.391304347826087	1.791304347826087	1.0057971014492753	1.281159420289855	0.3217391304347826	0.0	1.8666666666666667	0.0	1.0202898550724637	0.0	0.47246376811594204	0.0	0.8753623188405797	0.43768115942028984	0.0	0.0	0.0	0.0	0.0	0.8376811594202899	0.43768115942028984	0.0
202026	0.0	0.0	0.0	1.7171717171717171	0.21717171717171718	0.0	1.1161616161616161	1.5808080808080809	1.0858585858585859	0.5252525252525253	2.272727272727273	0.1111111111111111	0.0	1.4747474747474747	0.0	0.0	0.0	0.1717171717171717	0.0	0.0	0.898989898989899	0.0	0.0	0.0	0.0	0.0	1.398989898989899	0.35858585858585856	1.1565656565656566
298303	0.48392554991539766	0.9847715736040609	0.0	2.895093062605753	0.5346869712351946	2.3282571912013537	0.505922165820643	1.6565143824027073	0.7191201353637902	0.0	0.8730964467005076	3.0253807106598987	0.0	2.0016920473773268	0.0	0.36717428087986465	0.0	0.25549915397631134	0.0	0.9475465313028765	0.4500846023688663	0.6818950930626058	0.0	0.22165820642978004	0.43993231810490696	0.0	2.494077834179357	1.003384094754653	0.0
1650800	0.0	0.0	0.0	2.588888888888889	0.7925925925925926	0.7703703703703704	0.8814814814814815	0.5592592592592592	1.4777777777777779	0.0	2.0703703703703704	0.21481481481481482	0.0	0.2111111111111111	0.0	0.040740740740740744	0.0	0.07407407407407407	0.0	0.02962962962962963	0.0	0.0	0.0	1.1777777777777778	1.1777777777777778	0.0	1.2185185185185186	0.0	0.0
1470229	0.9488536155202821	0.0	0.0	3.430335097001764	0.08112874779541446	2.3492063492063493	0.4973544973544973	0.455026455026455	1.3738977072310405	0.0	1.3527336860670194	0.8518518518518519	0.0	2.6296296296296298	0.0	0.0	0.0	0.0	0.0	0.3562610229276896	0.5308641975308642	0.4462081128747795	0.0	0.6331569664902998	0.9435626102292769	0.0	0.6014109347442681	1.417989417989418	0.4126984126984127
1294531	0.28356807511737087	0.28356807511737087	0.28356807511737087	2.1539906103286386	0.5671361502347417	1.6413145539906104	0.5220657276995305	0.3643192488262911	0.672300469483568	0.0	0.18497652582159624	1.2309859154929577	0.0	0.8497652582159625	0.0	0.0	0.0	0.28356807511737087	0.20187793427230047	0.49014084507042255	0.0	0.0	0.0	0.8469483568075117	0.6948356807511737	0.0	0.8046948356807512	2.0807511737089204	0.0
1337417	0.7926509186351706	0.6605424321959755	0.0	1.332458442694663	0.0	1.4321959755030622	0.045494313210848646	1.242344706911636	1.8617672790901136	0.2642169728783902	1.1916010498687664	0.2764654418197725	0.0	0.8731408573928259	0.0	1.0542432195975504	0.0	0.0	0.0	0.5249343832020997	0.1321084864391951	0.0	0.0	0.7716535433070866	0.2642169728783902	0.0	1.7401574803149606	0.7594050743657043	0.0
1706653	0.22638146167557932	0.2816399286987522	0.0	0.044563279857397504	0.31016042780748665	1.4901960784313726	0.4474153297682709	1.014260249554367	0.09803921568627451	0.0	0.5668449197860963	1.3422459893048129	0.0	0.5686274509803921	0.0	0.0	0.0	0.5579322638146168	0.0	0.40998217468805703	0.5383244206773619	0.0	0.786096256684492	0.0	1.0730837789661318	0.0	0.0	0.0	0.0
1175737	0.5991561181434599	1.9451476793248945	0.42616033755274263	4.69620253164557	0.5738396624472574	0.7257383966244726	0.8523206751054853	3.8143459915611815	0.9324894514767933	0.0	0.5864978902953587	2.4219409282700424	0.08860759493670886	0.0	0.0	0.09282700421940929	0.0	0.4978902953586498	0.0	0.0	0.0	0.0	0.0	0.0	0.7805907172995781	0.0	3.350210970464135	0.14345991561181434	0.0
1233446	0.1440536013400335	1.5728643216080402	0.0	4.4288107202680065	0.09045226130653267	2.591289782244556	0.17587939698492464	0.08040201005025126	1.9363484087102178	0.0	0.52428810720268	0.6850921273031826	0.0	0.6968174204355109	0.18425460636515914	0.5058626465661642	0.6968174204355109	0.7152428810720268	0.0	1.102177554438861	0.7571189279731994	0.5041876046901173	0.0	1.2077051926298157	0.5041876046901173	0.0	0.2847571189279732	0.0	0.0
1233447	0.364551863041289	0.3041289023162135	0.3031218529707956	3.5518630412890233	0.5498489425981873	0.892245720040282	0.7089627391742196	0.4229607250755287	1.4138972809667674	0.0	0.7472306143001007	1.6998992950654581	0.0	1.3987915407854985	0.0	0.0	0.16314199395770393	0.3041289023162135	0.08862034239677745	1.0825780463242698	1.0634441087613293	0.4068479355488419	0.1903323262839879	0.6283987915407855	0.0	0.0	0.7502517623363545	0.15206445115810674	0.0
1233449	0.46055979643765904	0.0	0.0	2.2111959287531806	0.08142493638676845	2.1068702290076335	0.0	2.49618320610687	1.2188295165394403	0.0	1.4173027989821882	0.7659033078880407	0.0	1.1552162849872774	0.0	0.11959287531806616	0.0	0.0	0.0	0.12468193384223919	0.5267175572519084	1.618320610687023	0.0	0.7531806615776081	0.4631043256997455	0.0	0.0	0.0	0.0
1233450	1.0346666666666666	0.8053333333333333	0.0	2.8026666666666666	0.0	2.429333333333333	0.0	2.952	0.30133333333333334	0.0	3.1413333333333333	0.37066666666666664	0.0	0.9706666666666667	0.0	0.6533333333333333	0.0	0.0	0.0	0.656	0.0	0.2906666666666667	0.0	0.424	1.1013333333333333	0.0	0.0	0.11733333333333333	0.0
1233451	0.0	1.6203703703703705	1.1851851851851851	2.925925925925926	0.9305555555555556	1.6342592592592593	1.712962962962963	0.10648148148148148	1.4027777777777777	0.0	0.0	0.9583333333333334	0.0	0.0	0.0	0.0	0.0	0.0	0.0	0.07407407407407407	0.0	1.1064814814814814	0.0	0.0	0.5972222222222222	0.0	0.8611111111111112	3.009259259259259	0.0
1233452	0.3863976083707025	1.1502242152466369	0.0	3.320627802690583	0.9155455904334828	1.6434977578475336	1.6203288490284007	0.9005979073243647	0.6696562032884903	0.0	0.0	1.7294469357249627	0.0	1.0515695067264574	0.0	0.13901345291479822	0.0	0.0	0.0	0.6449925261584455	0.5852017937219731	0.4304932735426009	0.0	0.4499252615844544	0.484304932735426	0.0	1.437219730941704	0.4790732436472347	0.0
1233453	0.5033557046979866	0.22371364653243847	0.0	2.704697986577181	1.1633109619686801	0.9530201342281879	0.08277404921700224	1.1856823266219239	2.552572706935123	0.0	0.0	1.6465324384787472	0.0	5.767337807606264	0.0	0.2080536912751678	0.0	0.0	0.0	0.40268456375838924	0.901565995525727	0.1767337807606264	0.0	0.6756152125279642	2.1543624161073827	0.0	1.279642058165548	0.0	0.0
1233456	0.5621468926553672	0.8531073446327684	0.0	5.4124293785310735	0.0	0.4858757062146893	1.463276836158192	0.08192090395480225	0.4265536723163842	0.0	0.844632768361582	0.2401129943502825	0.0	0.7259887005649718	0.6412429378531074	0.8757062146892656	0.0	0.21468926553672316	0.0	0.9943502824858758	0.0	0.423728813559322	0.0	0.0	0.4265536723163842	0.0	1.310734463276836	0.0	0.0
1233457	0.0	1.022099447513812	0.0	2.852670349907919	0.0	1.0920810313075506	1.432780847145488	1.7513812154696133	3.335174953959484	0.0	0.5561694290976059	1.405156537753223	0.0	2.162062615101289	0.6500920810313076	0.0	0.0	0.7053406998158379	0.0	0.0	0.5561694290976059	0.09023941068139964	0.0	1.4806629834254144	0.8342541436464088	0.5561694290976059	2.9447513812154695	0.0	0.0
1233458	0.22556390977443608	1.300751879699248	0.0	3.473684210526316	0.706766917293233	0.0	1.4611528822055138	0.9298245614035088	1.4536340852130325	0.0	0.0	1.3358395989974938	0.0	1.9598997493734336	0.0	0.13283208020050125	0.0	0.6942355889724311	0.0	0.7568922305764411	1.0025062656641603	1.3208020050125313	0.0	1.4486215538847118	0.8120300751879699	0.0	3.892230576441103	1.8395989974937343	0.0
1233460	0.1503623188405797	0.5471014492753623	0.0	1.8876811594202898	1.181159420289855	1.931159420289855	1.914855072463768	2.4528985507246377	1.4818840579710144	0.0	0.8333333333333334	1.673913043478261	0.019927536231884056	2.697463768115942	0.5434782608695652	0.15942028985507245	0.0	1.0271739130434783	1.0942028985507246	0.5471014492753623	0.5706521739130435	1.355072463768116	0.0	0.0	0.894927536231884	0.0	1.8985507246376812	0.9239130434782609	0.0
1233461	0.0	0.0	0.0	2.7365079365079366	1.6285714285714286	0.7428571428571429	0.8	0.0	0.37777777777777777	0.4793650793650794	1.3650793650793651	0.3619047619047619	0.5492063492063493	1.1015873015873017	0.2857142857142857	1.5365079365079366	0.0	0.5111111111111111	0.0	0.0	1.6793650793650794	0.03492063492063492	0.0	0.8666666666666667	0.2222222222222222	0.0	1.7365079365079366	1.8476190476190477	0.0
1233462	0.0	0.16802168021680217	0.0	6.642276422764228	1.2818428184281843	1.3550135501355014	1.4498644986449865	1.005420054200542	2.6910569105691056	0.4092140921409214	0.6856368563685636	1.2005420054200542	0.2764227642276423	7.430894308943089	0.5420054200542005	0.04607046070460705	0.0	0.3902439024390244	0.8184281842818428	1.08130081300813	1.6693766937669376	1.4092140921409213	0.0	0.04607046070460705	0.8292682926829268	0.0	5.0894308943089435	0.4092140921409214	0.0
1233463	0.5426356589147286	0.7713178294573644	0.0	5.395348837209302	0.19767441860465115	1.5852713178294573	0.9651162790697675	0.8682170542635659	1.7751937984496124	0.0	0.8178294573643411	1.6705426356589148	0.0	2.558139534883721	0.0	0.0	0.0	1.0116279069767442	0.0	0.9031007751937985	0.4806201550387597	0.26744186046511625	0.0	0.0	2.8372093023255816	0.0	1.996124031007752	0.0	0.0
1233464	0.4427083333333333	0.11458333333333333	0.0	5.90625	0.953125	2.1875	0.0	0.6822916666666666	3.2604166666666665	0.0	0.16666666666666666	2.7604166666666665	0.0	3.0520833333333335	0.0	0.0	0.0	0.0	0.0	2.9322916666666665	0.359375	0.0	0.0	0.0	0.21354166666666666	0.0	0.5260416666666666	1.1927083333333333	0.0
1233465	0.5366430260047281	0.0	0.0	4.546099290780142	0.09929078014184398	1.3286052009456264	1.9432624113475176	0.014184397163120567	0.11583924349881797	0.0	0.2293144208037825	1.0094562647754137	0.0	2.8486997635933804	0.0	0.3617021276595745	0.0	0.04018912529550828	0.0	1.2884160756501182	0.1607565011820331	0.0	0.0	0.7139479905437353	0.0	0.0	2.2576832151300237	0.806146572104019	0.0
1233466	0.14583333333333334	2.0416666666666665	0.41944444444444445	4.3	1.25	0.5361111111111111	0.32083333333333336	0.7152777777777778	0.41944444444444445	0.0	1.0916666666666666	1.0777777777777777	0.0	1.6847222222222222	0.2611111111111111	0.15138888888888888	0.0	0.7791666666666667	0.0	1.2333333333333334	0.41805555555555557	0.41944444444444445	0.41944444444444445	0.0	0.8347222222222223	0.0	1.8152777777777778	0.8375	0.0
1233467	0.732360097323601	0.5547445255474452	0.0	4.121654501216545	0.0	0.2116788321167883	0.30900243309002434	0.3381995133819951	0.48905109489051096	0.0	0.0	1.194647201946472	0.0	0.39659367396593675	0.9975669099756691	0.0	0.0	0.5985401459854015	0.0	0.7615571776155717	1.70316301703163	0.0	0.0	0.683698296836983	1.4622871046228711	0.0	1.8491484184914841	0.8394160583941606	0.0
1233468	0.0	0.32616487455197135	0.0	4.161290322580645	0.0	2.028673835125448	0.0	1.9211469534050178	0.7598566308243727	0.0	0.0	0.7526881720430108	0.0	0.0	0.0	0.0	0.0	0.3333333333333333	0.0	0.41935483870967744	0.5448028673835126	0.0	0.0	1.7455197132616487	1.5698924731182795	0.0	0.7132616487455197	0.7741935483870968	0.0
942336	0.5174129353233831	0.0	0.0	2.1641791044776117	0.31840796019900497	0.6318407960199005	0.6119402985074627	1.4477611940298507	1.4328358208955223	0.0	0.5323383084577115	0.6368159203980099	0.0	5.0	0.0	0.7313432835820896	0.0	0.4427860696517413	0.0	0.0	2.716417910447761	0.0	0.0	0.527363184079602	0.8606965174129353	0.0	0.03482587064676617	0.7512437810945274	0.35323383084577115
558887	0.48677248677248675	0.0	0.0	1.7354497354497354	0.0	0.0	0.0	0.3994708994708995	0.0	0.0	0.0	0.0	0.0	0.25132275132275134	0.0	0.0	0.0	0.0	0.3994708994708995	0.41534391534391535	0.0	0.0	0.0	0.0	0.0	0.0	0.798941798941799	0.0	0.0
558882	0.5714285714285714	0.5903457273320287	0.1963470319634703	1.3209393346379648	0.39204174820613175	2.9008480104370515	0.39204174820613175	0.36203522504892366	0.46053489889106325	0.0	0.30332681017612523	0.0	0.19699934768427918	0.3933463796477495	0.19699934768427918	0.5244618395303327	0.09067188519243313	0.6027397260273972	0.0	0.3926940639269406	0.2811480756686236	0.45857795172863663	0.0	0.3933463796477495	0.19699934768427918	0.0	0.9556425309849967	0.19699934768427918	0.0
240932	0.0	1.0119047619047619	0.0	4.813492063492063	0.0	2.115079365079365	0.9761904761904762	1.1388888888888888	3.9126984126984126	0.0	0.8968253968253969	0.8134920634920635	0.0	4.948412698412699	0.0	0.5357142857142857	0.0	0.753968253968254	0.0	0.0	1.3849206349206349	0.0	0.0	0.16666666666666666	0.3134920634920635	0.0	2.25	0.6468253968253969	0.0
881300	0.0	1.087037037037037	0.1388888888888889	5.9222222222222225	0.08518518518518518	1.4574074074074075	1.2796296296296297	1.6277777777777778	1.1425925925925926	0.0	1.8962962962962964	1.238888888888889	0.0	1.6981481481481482	0.0	0.3888888888888889	0.0	0.7296296296296296	0.0	1.1111111111111112	1.0629629629629629	0.5592592592592592	0.0	0.28703703703703703	0.5018518518518519	0.0	3.3407407407407406	0.6018518518518519	0.0
881302	0.07575757575757576	1.0477855477855478	0.0	1.74009324009324	1.1351981351981353	1.9324009324009324	0.6048951048951049	0.5944055944055944	1.1526806526806528	0.0	0.5897435897435898	0.30303030303030304	0.0	1.0	0.0	0.2948717948717949	0.0	1.3135198135198136	0.0	1.0326340326340326	0.351981351981352	0.486013986013986	0.0	0.8368298368298368	0.317016317016317	0.0	1.3706293706293706	0.703962703962704	0.0
1674481	0.412568306010929	1.1366120218579234	0.0	3.5327868852459017	1.1734972677595628	3.3633879781420766	1.9426229508196722	1.2281420765027322	1.0765027322404372	0.2062841530054645	0.7281420765027322	0.0	0.12295081967213115	1.9508196721311475	1.2322404371584699	0.0	0.0	1.5724043715846994	0.0	0.8224043715846995	0.0	1.2486338797814207	0.0	0.412568306010929	0.3975409836065574	0.0	1.1079234972677596	0.412568306010929	0.0
35783	0.0	0.0	0.0	4.863636363636363	0.5984848484848485	2.0303030303030303	0.3787878787878788	0.0	0.0	0.0	3.3106060606060606	0.4128787878787879	1.053030303030303	0.9204545454545454	0.0	0.0	0.0	0.0	0.0	0.0	0.0	0.8143939393939394	0.0	0.5416666666666666	0.0	0.0	1.2954545454545454	0.0	0.0
35784	0.0	0.0	0.0	2.2189922480620154	0.4786821705426357	1.37984496124031	1.2848837209302326	0.03488372093023256	0.0	0.0	1.6065891472868217	1.9515503875968991	0.005813953488372093	2.315891472868217	0.0	0.46124031007751937	0.0	0.0	0.0	0.2616279069767442	1.1686046511627908	1.550387596899225	0.0	0.4573643410852713	0.0	0.0	1.2810077519379846	0.5833333333333334	0.0
1201829	0.12072072072072072	0.28468468468468466	0.0	3.291891891891892	0.0	1.9315315315315316	0.2882882882882883	0.6324324324324324	0.6144144144144145	0.0	0.9801801801801802	0.42342342342342343	0.0	2.18018018018018	1.0882882882882883	0.5369369369369369	0.0	1.5693693693693693	0.0	0.5423423423423424	0.9585585585585585	0.0	0.0	0.4954954954954955	1.5135135135135136	0.0	1.7243243243243243	0.0	0.0
1201831	0.08848484848484849	0.7563636363636363	0.0	2.1187878787878787	0.4121212121212121	1.3381818181818181	0.76	1.6218181818181818	1.427878787878788	0.7321212121212122	0.0	0.9709090909090909	0.0	1.1987878787878787	0.07393939393939394	0.0	0.3624242424242424	0.28484848484848485	0.0	0.593939393939394	0.8096969696969697	0.3660606060606061	0.0	0.730909090909091	0.21454545454545454	0.36484848484848487	1.886060606060606	0.0	0.0
1201832	0.379874213836478	0.5610062893081761	0.0	2.277987421383648	0.34968553459119495	2.617610062893082	1.2389937106918238	0.7635220125786164	1.1358490566037736	0.0	1.518238993710692	0.6691823899371069	0.0	1.1886792452830188	0.0	0.7547169811320755	0.379874213836478	0.12075471698113208	0.7572327044025158	0.07547169811320754	1.2427672955974842	0.06289308176100629	0.2993710691823899	0.5220125786163522	0.7949685534591195	0.0	1.4062893081761005	0.47924528301886793	0.0
1201833	0.0	0.58656330749354	0.0	4.547803617571059	0.43669250645994834	3.297157622739018	0.7364341085271318	0.39018087855297157	1.2454780361757105	0.0	0.4392764857881137	2.3901808785529717	0.0	0.20155038759689922	0.0	0.4909560723514212	0.0	0.7571059431524548	0.0	0.1343669250645995	0.0	0.6744186046511628	0.0	1.0051679586563307	1.2609819121447028	0.0	0.7803617571059431	1.4289405684754521	0.0
1201834	1.280701754385965	0.0	0.0	5.605263157894737	0.0	1.243421052631579	0.02412280701754386	0.33114035087719296	1.5723684210526316	0.0	0.9364035087719298	1.5548245614035088	0.0	1.1228070175438596	0.0	1.5350877192982457	0.0	0.6622807017543859	0.0	1.8464912280701755	1.8662280701754386	0.7390350877192983	0.0	0.6600877192982456	0.4824561403508772	0.0	0.32894736842105265	1.0526315789473684	0.0
1469953	1.0638297872340425	0.6453900709219859	0.0	2.734042553191489	0.0	0.7659574468085106	0.16312056737588654	1.0957446808510638	0.5354609929078015	0.0	0.9078014184397163	0.10638297872340426	0.0	0.5354609929078015	0.0	0.0	0.0	1.173758865248227	0.4787234042553192	1.0851063829787233	1.8546099290780143	0.22695035460992907	0.0	0.8865248226950354	0.0	0.0	1.322695035460993	0.0	0.0
1232014	0.0	0.5011185682326622	0.0	1.4429530201342282	0.0	0.2975391498881432	0.15212527964205816	0.8277404921700223	1.3400447427293065	0.0	1.360178970917226	0.0	0.0	0.0	0.0	0.912751677852349	0.0	0.3624161073825503	0.0	1.7337807606263982	0.3400447427293065	0.0	0.2841163310961969	0.30648769574944074	0.5615212527964206	0.17225950782997762	1.2304250559284116	0.0	0.0
1647117	0.7159420289855073	0.8	0.43623188405797103	2.3855072463768114	1.3666666666666667	2.084057971014493	1.127536231884058	0.0	1.0115942028985507	0.09420289855072464	1.7173913043478262	1.1028985507246376	0.0	0.8710144927536232	0.0	0.41884057971014493	0.0	0.0	0.0	0.7913043478260869	0.0	0.0	0.0	0.30144927536231886	0.43478260869565216	0.0	1.8231884057971015	1.1420289855072463	0.0
1732708	0.0	1.5809523809523809	0.0	1.0071428571428571	0.0	3.4238095238095236	1.6142857142857143	0.44761904761904764	1.1595238095238096	0.0	0.8523809523809524	1.6238095238095238	0.0	3.030952380952381	0.0	1.119047619047619	0.0	0.0	0.0	0.44047619047619047	0.7785714285714286	0.6	0.0	0.8261904761904761	0.08571428571428572	0.5619047619047619	0.9380952380952381	0.5619047619047619	0.0
1732714	0.5	0.7546063651591289	0.0	2.178391959798995	0.678391959798995	2.579564489112228	0.9120603015075377	0.7236180904522613	1.0510887772194304	0.0	1.2077051926298157	0.855108877721943	0.0	0.9304857621440537	0.2529313232830821	0.41708542713567837	0.0	1.520100502512563	0.04020100502512563	0.2529313232830821	0.09715242881072027	0.25125628140703515	0.0	0.2529313232830821	0.568676716917923	0.0	1.5175879396984924	0.08040201005025126	0.0
1656689	0.0	0.8095238095238095	0.0	0.4851190476190476	0.1875	1.8898809523809523	2.4107142857142856	1.1875	0.24702380952380953	0.0	0.8452380952380952	0.0	0.0	0.7083333333333334	0.0	0.0	0.0	0.0	0.0	0.7886904761904762	0.6309523809523809	0.0	0.0	0.7708333333333334	0.6666666666666666	0.0	0.875	0.0	0.0
1656691	0.0	0.14444444444444443	0.0	1.6177777777777778	0.22444444444444445	0.7088888888888889	1.191111111111111	0.3488888888888889	0.4622222222222222	0.0	0.46444444444444444	0.8533333333333334	0.1688888888888889	0.8888888888888888	0.0	0.0	0.0	0.0	0.0	1.0577777777777777	0.6688888888888889	0.0	0.0	0.0	0.5622222222222222	0.0	1.0022222222222221	0.3333333333333333	0.0
1656698	0.008547008547008548	0.0	0.0	5.786324786324786	0.5754985754985755	0.0	1.6096866096866096	1.5156695156695157	0.8547008547008547	0.0	0.23076923076923078	0.6923076923076923	0.0	0.0	0.4985754985754986	0.8518518518518519	0.0	1.435897435897436	0.4301994301994302	0.0	1.5270655270655271	0.0	0.0	0.6695156695156695	0.0	0.0	1.2193732193732194	0.0	0.0
1656699	0.0	0.4474074074074074	0.0	3.214814814814815	0.0	0.0	0.8207407407407408	1.0992592592592592	0.0	0.0	0.9955555555555555	0.7925925925925926	0.0	1.7096296296296296	0.028148148148148148	0.44592592592592595	0.0	0.8103703703703704	0.0	0.5940740740740741	0.7881481481481482	0.0	0.0	0.0	0.6177777777777778	0.15407407407407409	1.117037037037037	0.39555555555555555	0.2237037037037037
1606519	0.0	0.4444444444444444	0.0	0.09722222222222222	0.0	1.1444444444444444	0.12777777777777777	1.4333333333333333	0.43333333333333335	0.0	0.14166666666666666	1.0527777777777778	0.0	0.7083333333333334	0.0	0.41944444444444445	0.0	0.0	0.0	0.225	0.0	1.288888888888889	0.32222222222222224	0.8388888888888889	1.65	0.0	0.0	0.3611111111111111	0.0
