key	WAM_ALR	WAM_CCR	WAM_IPI	WAM_MAR	WAM_MYS	WAM_PBL	WAM_PJN	WAM_PPR	WAM_PST	WAM_ROL	WAM_SCR	WAM_SGN	WAM_SIS	WAM_TWN	WAR_ALR	WAR_CCR	WAR_IPI	WAR_MAR	WAR_MYS	WAR_PBL	WAR_PJN	WAR_PPR	WAR_PSK	WAR_PST	WAR_RNW	WAR_ROL	WAR_SCR	WAR_SGL	WAR_SIS
1464194	0.0	0.0	0.0	0.0	0.0	0.0	0.0	0.0782608695652174	0.0	0.0	0.0	0.0	39.78550724637681	0.0	0.1855072463768116	0.0	0.0	0.0	0.0	0.0	0.0	0.0	0.0	0.0	0.0	0.0	0.0	0.34782608695652173	0.0
773501	0.0	0.0	0.0	0.0	0.0	0.0	0.5268817204301075	0.0	0.0	0.0	0.0	0.0	28.310035842293907	0.0	0.0	0.0	0.0	0.0	0.0	0.0	0.0	0.0	0.0	0.0	0.0	0.0	0.0	0.0	0.0
773503	0.0	0.0	0.0	0.0	0.9077090119435396	0.0	0.7730727470141151	0.0	0.0	0.0	0.9815418023887079	0.0	29.001085776330076	0.0	0.0	0.0	0.0	0.0	0.1498371335504886	0.0	0.16503800217155265	0.0	0.0	0.0	0.0	0.0	0.0	0.0	0.0
773504	0.26666666666666666	0.0	0.0	0.0	0.13584905660377358	0.0	0.3949685534591195	0.0	0.0	0.0	0.7559748427672957	0.0	31.973584905660378	0.0	0.0	0.0	0.0	0.0	0.7924528301886793	0.0	0.0	0.0	0.0	0.0	0.0	0.0	0.0	0.0	0.0
773479	0.0	0.0	0.0	0.0	1.9070707070707071	0.0	0.0	0.0	0.0	0.0	0.0	0.0	28.113131313131312	0.0	0.0	0.0	0.0	0.0	0.0	0.0	0.4585858585858586	0.0	0.0	0.0	0.0	0.0	0.0	0.0	0.0
773480	0.0	0.0	0.0	0.0	0.5747863247863247	0.0	0.0	0.0	0.0	0.0	0.0	0.0	37.36752136752137	0.0	0.0	0.0	0.0	0.0	0.0	0.0	1.2713675213675213	0.0	0.0	0.0	0.0	0.0	0.0	0.0	0.0
717684	0.0	0.0	0.0	0.0	1.19376026272578	0.0	0.0	0.0	0.0	0.0	0.7110016420361248	0.0	42.05747126436781	0.0	0.0	0.0	0.0	0.0	0.24794745484400657	0.0	0.23316912972085385	0.0	0.0	0.0	0.0	0.0	0.27257799671592775	0.0	0.0
1433246	0.0	0.0	0.5314685314685315	0.0	1.3403263403263403	0.0	1.972027972027972	0.0	0.0	0.0	0.0	0.0	53.88578088578089	0.0	0.0	0.0	0.0	0.0	0.0	0.0	0.030303030303030304	0.0	0.0	0.0	0.0	0.0	0.1864801864801865	0.0	0.0
1433247	0.0	0.0	0.22592592592592592	0.0	0.3814814814814815	0.0	0.16666666666666666	0.0	0.0	0.0	0.0	0.0	44.37777777777778	0.0	0.0	0.0	0.0	0.0	0.0	0.0	0.0	0.0	0.0	0.0	0.0	0.0	0.0	0.0	0.0
1433252	0.0	0.14414414414414414	0.0	0.0	0.6711711711711712	0.0	0.0	0.0	0.0	0.04954954954954955	0.26126126126126126	0.0	38.846846846846844	0.0	0.0	0.0	0.0	0.0	0.6801801801801802	0.0	0.0	0.0	0.0	0.0	0.0990990990990991	0.0	0.0	0.0	0.0
1433259	0.0	0.0	0.0	0.0	1.3604519774011299	0.0	0.34124293785310733	0.0	0.3389830508474576	0.0	0.8	0.0	57.86892655367232	0.0	0.0	0.0	0.0	0.0	0.19322033898305085	0.0	0.207909604519774	0.0	0.0	0.0	0.0	0.0	0.0	0.0	0.0
1433261	0.0	0.0	0.5675675675675675	0.0	0.7639639639639639	0.0	0.31351351351351353	0.0	0.0	0.0	0.5009009009009009	0.0	47.556756756756755	0.0	0.0	0.0	0.0	0.0	0.0	0.0	0.0	0.0	0.0	0.0	0.0	0.0	0.5333333333333333	0.0	0.0
773420	0.0	0.17063492063492064	0.0	0.0	0.3741496598639456	0.0	0.8373015873015873	0.0	0.0	0.0	0.4268707482993197	0.0	35.435374149659864	0.0	0.0	0.0	0.0	0.0	0.0	0.0	0.19501133786848074	0.0	0.0	0.0	0.0	0.0	0.0	0.0	0.0
712301	0.0	0.0	0.0	0.0	0.32867132867132864	0.0	0.62004662004662	0.0	0.0	0.0	0.0	0.0	52.892773892773896	0.0	0.0	0.0	0.0	0.0	0.8601398601398601	0.0	0.0	0.0	0.0	0.0	0.0	0.0	0.0	0.0	0.0
712303	0.0	0.0	0.0	0.0	1.5666666666666667	0.0	1.4703703703703703	0.0	0.0	0.0	0.0	0.0	50.32962962962963	0.0	0.0	0.0	0.0	0.0	0.0	0.0	0.0	0.0	0.0	0.0	0.0	0.0	0.0	0.0	0.0
712268	0.0	0.0	0.27946127946127947	0.0	0.44612794612794615	0.0	2.393939393939394	0.0	0.0	0.0	0.4730639730639731	0.0	46.81144781144781	0.0	0.0	0.0	0.0	0.0	0.4494949494949495	0.0	0.3838383838383838	0.24074074074074073	0.0	0.0	0.0	0.2542087542087542	0.0	0.0	0.0
712272	0.8248299319727891	0.0	0.0	0.0	1.7006802721088434	0.0	1.3979591836734695	0.0	0.0	0.0	0.4098639455782313	0.0	50.48979591836735	0.0	0.39625850340136054	0.0	0.0	0.0	0.2653061224489796	0.0	0.37244897959183676	0.0	0.0	0.0	0.3707482993197279	0.0	0.0	0.0	0.0
393291	0.0	0.0	0.5512820512820513	0.0	1.0164835164835164	0.0	0.7197802197802198	0.0	0.0	0.0	0.0	0.0	38.00457875457875	0.0	0.0	0.0	0.0	0.0	0.14194139194139194	0.0	0.5531135531135531	0.0	0.0	0.0	0.0	0.0	0.0	0.27106227106227104	0.0
742775	0.0	0.0	0.0	0.0	1.3333333333333333	0.0	1.2054794520547945	0.0	0.0	1.3013698630136987	0.4520547945205479	0.0	55.57077625570776	0.0	0.0	0.0	0.0	0.0	0.0	0.0	0.0	0.0	0.0	0.0	0.0	0.0	0.0	0.0	0.0
773587	0.0	0.0	0.0	0.0	0.5329949238578681	0.0	0.9830795262267343	0.0	0.0	0.0	0.0	0.0	32.89340101522843	0.0	0.16751269035532995	0.0	0.0	0.0	0.4077834179357022	0.0	0.38578680203045684	0.0	0.0	0.0	0.0	0.0	0.0	0.0	0.0
773585	0.0	0.0	0.0	0.7412935323383084	0.7686567164179104	0.0	0.6318407960199005	0.0	0.0	0.0	0.0	0.0	40.5	0.0	0.8258706467661692	0.0	0.0	0.0	0.48258706467661694	0.0	0.3756218905472637	0.0	0.0	0.0	0.0	0.0	0.7014925373134329	0.0	0.0
773345	0.0	0.0	0.0	0.0	0.9030303030303031	0.0	0.0	0.0	0.0	0.0	0.45151515151515154	0.0	25.366666666666667	0.0	0.0	0.0	0.0	0.0	0.0	0.0	0.0	0.0	0.0	0.0	0.0	0.0	0.0	0.0	0.0
1433282	0.0	0.0	0.8053333333333333	0.0	0.832	0.0	2.2506666666666666	0.0	0.0	0.0	0.0	0.0	47.80266666666667	0.0	0.0	0.0	0.0	0.0	0.11733333333333333	0.0	0.0	0.0	0.0	0.0	0.0	0.0	0.0	0.0	0.0
1433283	0.0	0.0	0.0	0.0	1.4227642276422765	0.0	0.6124661246612466	0.0	0.0	0.0	0.45121951219512196	0.0	57.15989159891599	0.0	0.0	0.0	0.0	0.0	0.0	0.0	0.0	0.0	0.0	0.0	0.0	0.0	0.0	0.0	0.0
1433285	0.0	0.0	0.051470588235294115	0.0	0.0	0.0	0.9632352941176471	0.0	0.0	0.0	0.13725490196078433	0.0	57.18382352941177	0.0	0.0	0.0	0.0	0.0	0.0	0.0	0.7401960784313726	0.0	0.0	0.0	0.0	0.0	0.0	0.3700980392156863	0.0
1123750	0.0	0.0	0.0	0.0	2.327956989247312	0.0	1.5698924731182795	0.0	0.0	0.7956989247311828	0.0	0.0	51.10215053763441	0.0	0.0	0.0	0.0	0.0	0.0	0.0	0.0	0.0	0.0	0.0	0.0	0.0	0.0	0.0	0.0
1662037	0.0	0.0	0.0	0.0	0.3333333333333333	0.0	2.292929292929293	0.0	0.0	0.0	0.0	0.0	35.05555555555556	0.0	0.0	0.0	0.0	0.0	0.9343434343434344	0.0	0.0	0.0	0.0	0.0	0.0	0.0	0.0	0.0	0.0
1662040	0.0	0.0	1.29004329004329	0.0	0.7821067821067821	0.0	0.8787878787878788	0.0	0.0	0.0	0.48917748917748916	0.0	39.42857142857143	0.0	0.0	0.0	0.0	0.0	0.0	0.0	0.0	0.0	0.0	0.0	0.0	0.0	0.0	0.0	0.0
1662045	0.0	0.0	0.0	0.0	0.7473118279569892	0.0	0.7231182795698925	0.0	0.0	0.0	0.0	0.0	54.71236559139785	0.0	0.0	0.0	0.0	0.0	0.8387096774193549	0.0	0.0	0.0	0.0	0.0	0.0	0.0	0.0	0.6021505376344086	0.0
1662046	0.0	0.3205944798301486	0.3184713375796178	0.0	1.267515923566879	0.0	0.3184713375796178	0.0	0.0	0.0	0.3184713375796178	0.0	55.02972399150743	0.0	0.0	0.0	0.0	0.0	0.0	0.0	0.1337579617834395	0.0	0.0	0.0	0.0	0.0	0.0	0.14012738853503184	0.0
773513	0.0	0.0	0.0	0.0	0.0	0.0	0.8245614035087719	0.0	0.0	0.0	0.9730094466936572	0.0	37.22402159244265	0.0	0.20917678812415655	0.0	0.0	0.0	0.6437246963562753	0.0	0.0	0.0	0.0	0.0	0.0	0.0	0.0	0.0	0.03508771929824561
773521	0.0	0.0	0.0	0.0	0.0	0.0	0.1357142857142857	0.0	0.0	0.0	0.0	0.0	29.580952380952382	0.0	0.0	0.0	0.0	0.0	0.0	0.0	0.0	0.0	0.0	0.0	0.0	0.0	0.0	0.0	0.0
773525	0.0	0.0	0.0	0.0	0.0	0.0	0.0	0.0	0.0	0.2329059829059829	0.0	0.0	30.205128205128204	0.0	0.0	0.0	0.0	0.0	0.0	0.0	0.0	0.0	0.0	0.0	0.0	0.0	0.0	0.0	0.0
742632	0.5370370370370371	0.0	0.0	0.0	1.1164021164021165	0.0	1.2116402116402116	0.0	0.0	0.43915343915343913	1.1746031746031746	0.0	49.12433862433863	0.0	0.0	0.0	0.0	0.0	0.0	0.0	0.013227513227513227	0.0	0.0	0.0	0.0	0.0	0.0	0.0	0.0
1135889	0.0	0.0	0.22653721682847897	0.0	1.4304207119741101	0.06472491909385113	1.750809061488673	0.0	0.0	0.0	0.0	0.0	50.13915857605178	0.0	0.0	0.0	0.0	0.0	0.0	0.0	0.7378640776699029	0.0	0.0	0.0	0.0	0.0	0.0	0.0	0.0
1135890	0.0	0.0	0.0	0.0	0.09186351706036745	0.473753280839895	0.9645669291338582	0.0	0.0	0.3937007874015748	0.9881889763779528	0.39501312335958005	45.485564304461946	0.0	0.0	0.0	0.0	0.0	0.0	0.0	0.0	0.0	0.0	0.0	0.0	0.0	0.0	0.0	0.0
1135891	0.0	0.0	0.0	0.0	0.9773462783171522	0.0	1.2718446601941749	0.0	0.0	0.0	0.7265372168284789	0.0	33.885113268608414	0.0	0.0	0.0	0.0	0.0	0.0	0.0	0.4255663430420712	0.0	0.0	0.0	0.0	0.0	0.0	0.0	0.0
1135892	0.0	0.0	0.0	0.0	0.908256880733945	0.0	1.8868501529051989	0.0	0.0	0.0	0.0	0.0	47.03363914373089	0.0	0.0	0.0	0.0	0.0	0.4617737003058104	0.0	0.12232415902140673	0.0	0.0	0.0	0.0	0.0	0.0	0.0	0.0
1135893	0.0	0.26034063260340634	0.0	0.0	0.36739659367396593	0.0	1.2287104622871046	0.0	0.0	0.0	0.2846715328467153	0.0	45.701946472019465	0.0	0.0	0.0	0.0	0.0	0.18004866180048662	0.0	0.014598540145985401	0.0	0.0	0.0	0.0	0.0	0.0	0.0	0.0
1135894	0.0	0.0	0.0	0.0	1.0615942028985508	0.0	0.39492753623188404	0.0	0.0	0.0	0.15579710144927536	0.0	54.45289855072464	0.0	0.0	0.0	0.0	0.0	0.0	0.0	2.2753623188405796	0.0	0.0	0.0	0.0	0.0	0.427536231884058	0.0	0.0
1135895	0.0	0.0	0.0	0.0	0.3963254593175853	0.0	0.8372703412073491	0.0	0.0	0.0	0.32545931758530183	0.0	42.887139107611546	0.0	0.0	0.0	0.0	0.0	0.0	0.0	0.5590551181102362	0.0	0.0	0.0	0.0	0.0	0.06299212598425197	0.0	0.0
1135896	0.0	0.0	0.0	0.0	0.8640915593705293	0.0	0.6666666666666666	0.0	0.0	0.0	0.8054363376251789	0.0	42.648068669527895	0.0	0.0	0.0	0.0	0.0	0.31759656652360513	0.0	0.43204577968526464	0.0	0.0	0.0	0.0	0.0	0.43204577968526464	0.0	0.0
1135897	0.44285714285714284	0.0	0.0	0.0	0.35714285714285715	0.0	1.4023809523809523	0.0	0.0	0.0	0.004761904761904762	0.0	42.01190476190476	0.0	0.0	0.0	0.0	0.0	0.12142857142857143	0.0	0.0	0.0	0.0	0.0	0.0	0.0	0.0	0.0	0.0
1135898	0.4830917874396135	0.0	0.0	0.0	0.6521739130434783	0.0	2.8309178743961354	0.0	0.0	0.0	0.0	0.0	43.39613526570049	0.0	0.0	0.0	0.0	0.0	0.0	0.0	0.0	0.0	0.0	0.0	0.0	0.0	0.0	0.0	0.0
1135899	0.0	0.0	0.0	0.0	0.625	0.0	0.0	0.0	0.0	0.0	0.05	0.0	45.9375	0.0	0.0	0.0	0.0	0.0	0.0	0.0	0.0	0.0	0.0	0.0	0.0	0.0	0.0	0.0	0.0
1135900	0.0	0.0	0.0	0.0	0.0	0.0	0.5392953929539296	0.0	0.0	0.0	0.7371273712737128	0.0	55.8970189701897	0.0	0.0	0.0	0.0	0.0	0.0	0.0	0.0	0.0	0.0	0.0	0.0	0.0	0.4986449864498645	0.0	0.0
1135901	0.0	0.0	0.0	0.0	0.0	0.0	0.33015873015873015	0.0	0.0	0.0	0.0	0.0	35.10476190476191	0.0	0.0	0.0	0.0	0.0	0.0	0.0	0.0	0.0	0.0	0.0	0.0	0.0	0.37777777777777777	0.0	0.0
1135902	0.0	0.0	0.9688644688644689	0.0	0.793040293040293	0.0	1.1007326007326008	0.0	0.0	0.0	0.7124542124542125	0.0	42.61538461538461	0.0	0.0	0.0	0.0	0.0	0.0	0.0	0.0	0.0	0.0	0.0	0.0	0.0	0.0	0.0	0.0
1135904	0.0	0.0	0.05513784461152882	0.0	0.37844611528822053	0.0	0.37844611528822053	0.11779448621553884	0.0	0.0	0.23057644110275688	0.0	36.3609022556391	0.0	0.0	0.0	0.0	0.0	0.0	0.0	0.0	0.0	0.0	0.0	0.0	0.0	1.3208020050125313	0.0	0.0
1135905	0.0	0.0	1.0112359550561798	0.0	1.2378277153558053	0.0	1.7546816479400749	0.0	0.0	0.0	0.21722846441947566	0.0	46.69662921348315	0.0	0.5617977528089888	0.0	0.0	0.0	0.0	0.0	0.0	0.0	0.0	0.0	0.0	0.0	0.10299625468164794	0.0	0.0
1135906	0.0	0.0	0.0	0.0	1.2451790633608815	0.0	1.0853994490358128	0.0	0.0	0.0	0.3608815426997245	0.0	42.3168044077135	0.0	0.0	0.0	0.0	0.0	0.0	0.0	0.0	0.0	0.0	0.0	0.0	0.0	0.0	0.0	0.0
1135909	0.0	0.0	0.0	0.0	0.6390658174097664	0.0	1.2738853503184713	0.0	0.0	0.0	0.23354564755838642	0.0	29.252653927813164	0.0	0.6390658174097664	0.0	0.0	0.0	0.0	0.0	0.0	0.0	0.0	0.0	0.0	0.0	0.0	0.0	0.0
1135910	0.0	0.0	0.0	0.0	0.7775280898876404	0.0	0.0	0.0	0.0	0.45243445692883894	0.5655430711610487	0.0	43.03895131086142	0.0	0.0	0.0	0.0	0.0	0.8951310861423221	0.0	0.22621722846441947	0.0	0.0	0.0	0.0	0.0	0.0	0.0	0.0
1135911	0.0	0.0	0.5280701754385965	0.0	1.2947368421052632	0.0	0.0	0.0	0.0	0.5736842105263158	0.0	0.0	41.56666666666667	0.0	0.0	0.0	0.0	0.0	0.02280701754385965	0.0	0.0	0.0	0.0	0.0	0.0	0.0	0.0	0.0	0.0
1135912	0.0	0.0	0.0	0.8184281842818428	0.0	0.0	0.15718157181571815	0.0	0.0	0.0	0.0	0.0	45.235772357723576	0.0	0.0	0.0	0.0	0.0	0.0	0.0	0.0	0.0	0.0	0.0	0.0	0.0	0.0	0.0	0.0
1135913	0.0	0.0	0.0	0.0	0.015151515151515152	0.0	0.5707070707070707	0.0	0.0	0.0	0.0	0.0	45.07828282828283	0.0	0.0	0.0	0.0	0.0	0.3813131313131313	0.0	0.7626262626262627	0.0	0.0	0.0	0.0	0.0	0.0	0.0	0.0
1135914	0.0	0.295968534906588	0.591937069813176	0.0	0.7708947885939036	0.0	0.8053097345132744	0.0	0.0	0.0	0.10226155358898721	0.0	48.78171091445428	0.0	0.0	0.0	0.0	0.0	0.09046214355948869	0.0	0.0	0.0	0.0	0.0	0.0	0.0058997050147492625	0.0	0.0	0.0
1135915	0.0	0.0	0.0	0.0	0.6045977011494252	0.0	0.15632183908045977	0.0	0.0	0.6942528735632184	0.4068965517241379	0.0	43.774712643678164	0.0	0.0	0.0	0.0	0.0	0.0	0.0	0.0	0.0	0.0	0.0	0.0	0.639080459770115	0.0	0.0	0.0
773688	0.0	0.24833333333333332	0.0	0.0	0.7241666666666666	0.0	0.49	0.3308333333333333	0.0	0.0	0.0	0.0	29.696666666666665	0.0	0.051666666666666666	0.0	0.0	0.0	0.0	0.0	0.0	0.0	0.0	0.0	0.0	0.0	0.0	0.0	0.0
1609640	0.0	1.056140350877193	0.3894736842105263	0.0	1.0526315789473684	0.0	0.0	0.8210526315789474	0.0	0.0	0.8421052631578947	0.0	54.52280701754386	0.0	0.0	0.0	0.0	0.0	0.0	0.0	0.0	0.0	0.0	0.0	0.0	0.0	0.0	0.0	0.0
773896	0.18686868686868688	0.15025252525252525	0.15782828282828282	0.0	0.3806818181818182	0.18434343434343434	0.19065656565656566	0.0	0.0	0.0	0.1893939393939394	0.0	40.874368686868685	0.0	0.0	0.0	0.0	0.0	0.0	0.0	0.0	0.0	0.0	0.0	0.0	0.0	0.0	0.0	0.0
773902	0.0	0.0	0.0	0.0	0.20430107526881722	0.0	0.20833333333333334	0.0	0.0	0.0	0.20295698924731181	0.0	43.98118279569893	0.0	0.0	0.6008064516129032	0.0	0.0	0.0	0.0	0.0	0.0	0.0	0.0	0.0	0.0	0.0	0.0	0.0
773553	0.0	0.09282700421940929	0.0	0.0	0.0	0.0	0.459915611814346	0.0	0.0	0.3459915611814346	0.21308016877637131	0.0	31.457805907172997	0.0	0.0	0.0	0.0	0.0	0.0	0.0	0.0	0.0	0.0	0.0	0.0	0.0	0.3881856540084388	0.0	0.0
773433	0.0	0.0	0.0	0.0	0.483974358974359	0.0	0.0	0.0	0.0	0.0	0.483974358974359	0.0	35.76282051282051	0.0	0.0	0.8685897435897436	0.0	0.0	0.0	0.0	0.038461538461538464	0.0	0.0	0.3333333333333333	0.0	0.0	0.0	0.0	0.0
774046	0.0	0.0	0.0	0.0	0.2261904761904762	0.3392857142857143	0.5972222222222222	0.0	0.0	0.0	0.0	0.0	38.067460317460316	0.0	0.0	0.0	0.0	0.0	0.5654761904761905	0.0	0.0	0.0	0.0	0.0	0.0	0.0	0.0	0.0	0.0
712317	0.0	0.0	0.0	0.0	0.4868913857677903	0.5842696629213483	0.6104868913857678	0.0	0.0	0.0	0.7078651685393258	0.0	77.49063670411985	0.0	0.0	0.0	0.0	0.0	0.0	0.0	0.0	0.0	0.0	0.0	0.0	0.0	0.0	0.0	0.0
712292	0.0	0.0	0.6865079365079365	0.0	0.8293650793650794	0.0	0.1349206349206349	0.0	0.0	0.3392857142857143	0.26785714285714285	0.0	43.07539682539682	0.0	0.0	0.0	0.0	0.0	0.0	0.0	1.2063492063492063	0.0	0.0	0.0	0.0	0.0	0.0	0.0	0.0
773981	0.0	0.0	0.2994350282485876	0.0	1.5084745762711864	0.0	0.3870056497175141	0.0	0.0	0.0	0.0	0.0	43.29661016949152	0.0	0.0	0.0	0.0	0.0	0.05084745762711865	0.0	0.0	0.0	0.0	0.0	0.0	0.0	0.0	0.0	0.0
773982	0.0	0.0	0.0	0.0	2.025252525252525	0.0	0.0	0.0	0.0	0.0	0.0	0.0	47.98989898989899	0.0	0.0	0.0	0.0	0.0	1.0808080808080809	0.0	0.0	0.0	0.0	0.0	0.0	0.0	0.0	0.0	0.0
773938	0.0	0.0	0.0	0.0	0.2099023709902371	0.0	0.2099023709902371	0.0	0.0	0.0	0.3668061366806137	0.0	29.156903765690377	0.0	0.0	0.0	0.0	0.0	0.0	0.0	0.8403068340306834	0.0	0.0	0.0	0.0	0.0	0.0	0.0	0.0
773863	0.0	0.0	0.0	0.0	0.5497716894977169	0.5515981735159817	0.6657534246575343	0.0	0.0	0.0	0.5506849315068493	0.0	36.09132420091324	0.0	0.0	0.0	0.0	0.0	0.4767123287671233	0.0	0.3515981735159817	0.0	0.0	0.0	0.0	0.28036529680365296	0.0	0.0	0.0
773670	0.0	0.0	0.0	0.0	0.0	0.0	0.53125	0.0	0.0	0.0	0.24375	0.0	31.197916666666668	0.0	0.3145833333333333	0.0	0.0	0.0	0.0	0.0	0.6291666666666667	0.0	0.0	0.0	0.0	0.0	0.0	0.0	0.0
