key	WAM_ALR	WAM_CCR	WAM_IPI	WAM_MAR	WAM_MYS	WAM_PBL	WAM_PJN	WAM_PPR	WAM_PST	WAM_ROL	WAM_SCR	WAM_SGN	WAM_SIS	WAM_TWN	WAR_ALR	WAR_CCR	WAR_IPI	WAR_MAR	WAR_MYS	WAR_PBL	WAR_PJN	WAR_PPR	WAR_PSK	WAR_PST	WAR_RNW	WAR_ROL	WAR_SCR	WAR_SGL	WAR_SIS
799107	0.0	0.8409090909090909	0.0	0.0	0.0	0.0	0.0	0.0	0.0	0.0	2.617424242424242	0.0	0.0	0.0	0.0	2.4356060606060606	0.0	0.0	0.0	0.7954545454545454	1.003787878787879	5.443181818181818	0.0	1.071969696969697	0.0	0.0	0.0	0.0	0.0
743211	0.0	0.0	0.0	0.0	0.6455696202531646	0.3206751054852321	0.7890295358649789	1.0337552742616034	0.0	0.6371308016877637	0.919831223628692	0.07172995780590717	0.0	0.0	0.0	2.451476793248945	0.0	0.06329113924050633	0.0	2.8143459915611815	0.9156118143459916	0.5907172995780591	0.6371308016877637	0.0	0.5147679324894515	0.8945147679324894	7.637130801687764	0.890295358649789	0.0
1674895	0.6782407407407407	0.0	0.3773148148148148	0.0	0.1111111111111111	1.6921296296296295	0.0	0.4236111111111111	1.6388888888888888	0.8055555555555556	0.0	0.4050925925925926	0.6990740740740741	0.0	0.0	2.689814814814815	0.0	1.2314814814814814	0.03009259259259259	0.7453703703703703	1.1736111111111112	5.319444444444445	1.1319444444444444	0.22685185185185186	0.7013888888888888	0.0	0.3472222222222222	0.33564814814814814	0.0763888888888889
1674896	0.6032811334824758	1.0857568978374348	0.45041014168530946	0.4399701715137957	0.22520507084265473	0.5428784489187174	0.30648769574944074	0.3221476510067114	0.5607755406413124	0.18642803877703207	0.5369127516778524	0.5257270693512305	0.0	0.0	0.19388516032811334	2.436241610738255	0.45041014168530946	0.27293064876957496	0.0	1.1245339299030574	0.7427293064876958	3.361670395227442	1.2102908277404922	1.2565249813571961	0.6256524981357197	0.343027591349739	1.1193139448173006	0.9888143176733781	1.308724832214765
1674877	0.0	1.8851132686084142	0.0	0.0	0.0	0.0	0.2621359223300971	1.3754045307443366	0.48705501618122976	0.011326860841423949	0.8576051779935275	0.35436893203883496	0.0	0.0	0.7330097087378641	3.266990291262136	0.0	0.5	0.3511326860841424	0.9741100323624595	0.4854368932038835	1.255663430420712	0.11003236245954692	0.8673139158576052	0.0	0.3074433656957929	0.05501618122977346	0.0	0.558252427184466
1674878	0.0	1.2820512820512822	0.0	0.0	0.0	0.0	1.2980769230769231	0.20192307692307693	0.0	1.0064102564102564	1.4038461538461537	1.2275641025641026	0.0	0.0	1.9102564102564104	1.7371794871794872	0.0	3.0833333333333335	0.28205128205128205	0.266025641025641	0.0	1.3942307692307692	0.0	0.483974358974359	0.0	0.7115384615384616	0.8846153846153846	0.9935897435897436	1.2243589743589745
1674879	0.3345367027677497	1.0782190132370637	0.3622141997593261	1.0300842358604092	0.36341756919374246	0.12274368231046931	3.2912154031287604	0.3622141997593261	0.5415162454873647	0.3309265944645006	1.1817087845968712	0.7244283995186522	0.0	0.0	1.125150421179302	1.8375451263537905	0.36341756919374246	0.4428399518652226	0.0	0.9362214199759326	0.7845968712394705	1.9085439229843562	0.35980746089049337	1.4127557160048134	0.0	0.592057761732852	1.7148014440433212	1.068592057761733	1.253910950661853
1674880	0.0	1.021978021978022	0.0	1.5238095238095237	0.0	0.673992673992674	0.8864468864468864	0.05860805860805861	0.39194139194139194	0.0	1.3113553113553114	0.0	0.0	0.0	1.4835164835164836	1.4981684981684982	0.0	0.7619047619047619	0.0	0.0	1.2783882783882783	0.4908424908424908	2.2051282051282053	0.6446886446886447	0.1391941391941392	0.0	1.1684981684981686	0.0	2.8644688644688645
1674881	0.5045045045045045	0.4114114114114114	0.0	2.2762762762762763	0.0	0.7927927927927928	0.8768768768768769	0.45645645645645644	0.16216216216216217	0.0	0.12612612612612611	0.0990990990990991	0.0	0.0	0.9069069069069069	2.804804804804805	0.0	2.021021021021021	0.4594594594594595	0.29429429429429427	2.675675675675676	1.3183183183183182	0.012012012012012012	1.3393393393393394	0.7567567567567568	0.3843843843843844	1.3483483483483483	1.8018018018018018	3.195195195195195
1674882	1.1471048513302033	1.841940532081377	1.1674491392801252	2.092331768388106	0.0782472613458529	0.47104851330203446	0.0	1.1314553990610328	1.245696400625978	0.0	1.3615023474178405	0.4162754303599374	0.0	0.9389671361502347	0.41784037558685444	3.05320813771518	0.0	0.27699530516431925	0.22848200312989045	0.47417840375586856	0.7057902973395931	1.5758998435054774	1.8810641627543037	0.7120500782472613	0.4726134585289515	1.2112676056338028	1.6885758998435054	0.4757433489827856	1.6870109546165883
1674883	2.0676328502415457	0.9975845410628019	1.0096618357487923	0.6111111111111112	0.5579710144927537	0.0	0.0	0.0	0.0	0.0	2.7198067632850242	0.7294685990338164	0.7294685990338164	0.0	0.6714975845410628	4.516908212560386	0.0	0.8840579710144928	0.0	0.0	1.5821256038647342	5.065217391304348	0.7294685990338164	0.6690821256038647	0.0	0.0	1.934782608695652	0.0	1.0144927536231885
1674884	1.900497512437811	4.159203980099503	0.9701492537313433	1.0348258706467661	0.0	0.0	0.5472636815920398	0.0	0.6417910447761194	0.0	3.9800995024875623	1.263681592039801	0.0	0.0	0.5572139303482587	0.03482587064676617	0.0	0.0	0.0	0.5870646766169154	0.17412935323383086	0.5771144278606966	0.9253731343283582	1.4129353233830846	0.5970149253731343	0.0	3.5323383084577116	0.0	3.716417910447761
1674885	0.875	2.712121212121212	0.4356060606060606	0.0	0.26515151515151514	0.5416666666666666	0.36363636363636365	0.0	0.7159090909090909	0.0	1.5909090909090908	0.0	0.0	0.0	0.6401515151515151	1.6325757575757576	0.0	1.2992424242424243	0.0	0.6553030303030303	1.071969696969697	1.8598484848484849	1.5643939393939394	3.0946969696969697	0.5378787878787878	0.0	1.3295454545454546	1.378787878787879	0.9015151515151515
1674886	0.948509485094851	1.7208672086720866	0.6070460704607046	1.3523035230352303	0.6178861788617886	0.4146341463414634	0.4092140921409214	0.0	0.8157181571815718	0.0	1.6666666666666667	0.0	0.0	0.0	0.5392953929539296	3.886178861788618	0.0	2.6260162601626016	0.0	1.6720867208672088	0.0	4.8102981029810294	0.8590785907859079	0.45257452574525747	0.0	0.33875338753387535	0.4796747967479675	0.0	1.2520325203252032
1674887	0.7578616352201258	3.688679245283019	0.6257861635220126	0.8144654088050315	0.0	0.0	0.41823899371069184	0.0	0.25471698113207547	0.0	0.6132075471698113	0.0	0.0	0.0	0.34591194968553457	2.3553459119496853	0.9465408805031447	0.8742138364779874	0.0	0.9465408805031447	1.1226415094339623	5.245283018867925	0.0	1.1572327044025157	0.3836477987421384	0.46540880503144655	1.6477987421383649	0.0	2.19811320754717
1674888	0.39789196310935443	1.5573122529644268	0.37549407114624506	0.932806324110672	1.1488801054018445	0.18708827404479578	1.9525691699604744	0.3965744400527009	0.6693017127799736	0.3965744400527009	0.39789196310935443	0.7984189723320159	0.0	0.0	0.0	2.2239789196310937	0.0	0.19894598155467721	0.5507246376811594	0.9420289855072463	0.5915678524374176	3.888010540184453	0.7140974967061924	1.3754940711462451	1.0210803689064558	0.021080368906455864	1.696969696969697	0.6693017127799736	2.039525691699605
1674890	0.0	0.2706766917293233	1.3884711779448622	0.0	1.0350877192982457	0.0	0.49122807017543857	0.0	0.0	0.0	3.0902255639097747	2.463659147869674	0.41102756892230574	0.0	1.3458646616541354	1.744360902255639	0.6340852130325815	0.6115288220551378	0.0	1.536340852130326	0.0	2.7418546365914787	0.0	1.9248120300751879	0.21052631578947367	0.0	2.669172932330827	0.0	1.6290726817042607
1674891	0.0	4.487179487179487	1.1483516483516483	0.21978021978021978	0.3131868131868132	0.0	0.26556776556776557	0.0	0.0	0.0	1.0366300366300367	0.8406593406593407	0.5494505494505495	0.0	0.6428571428571429	1.3956043956043955	0.0	0.0	0.08974358974358974	0.5677655677655677	0.0	1.8516483516483517	1.2307692307692308	0.42124542124542125	1.434065934065934	0.0	1.5677655677655677	1.4120879120879122	1.8186813186813187
1674892	0.0	1.5916666666666666	1.488888888888889	0.4444444444444444	0.0	0.0	0.1361111111111111	0.7916666666666666	0.8833333333333333	0.0	0.875	0.0	0.0	0.0	0.6694444444444444	1.8444444444444446	0.0	0.0	0.9388888888888889	0.7916666666666666	0.41944444444444445	1.125	1.5555555555555556	0.0	0.09166666666666666	0.8388888888888889	2.261111111111111	0.0	0.7111111111111111
1105401	0.0	1.1875	0.0	0.0	0.0	0.0	0.0	0.8988095238095238	0.07738095238095238	0.0	1.7529761904761905	1.0535714285714286	0.0	0.0	0.5238095238095238	0.4255952380952381	0.0	0.9404761904761905	0.4494047619047619	1.0863095238095237	0.6011904761904762	1.3273809523809523	0.8898809523809523	0.8511904761904762	0.0	0.7053571428571429	0.0	1.7827380952380953	2.568452380952381
1345590	0.0	1.0964187327823691	0.0	0.4214876033057851	0.027548209366391185	0.0	0.0	0.0	1.1460055096418733	1.421487603305785	0.0	0.6914600550964187	0.0	0.0	0.0	0.0	0.5977961432506887	0.0	0.721763085399449	0.4049586776859504	0.0	0.3939393939393939	0.0	0.4049586776859504	0.0	0.5234159779614325	0.4628099173553719	0.0	1.837465564738292
1345591	0.0	0.0	0.0	1.4343434343434343	0.0	0.0	0.0	0.0	1.0909090909090908	0.29292929292929293	0.7626262626262627	0.0	0.0	0.0	0.0	1.7727272727272727	1.0353535353535352	0.5505050505050505	0.0	0.8282828282828283	0.0	0.22727272727272727	1.5252525252525253	0.2777777777777778	0.0	0.0	0.0	0.0	0.1414141414141414
454901	0.0	1.2688172043010753	0.0	1.1913978494623656	0.0	0.0	0.5333333333333333	1.2989247311827956	0.12043010752688173	1.0881720430107527	1.6236559139784945	0.0	0.0	0.0	1.167741935483871	1.978494623655914	0.8236559139784946	1.9311827956989247	0.0	0.7333333333333333	0.45806451612903226	1.5311827956989248	0.6451612903225806	1.4924731182795699	0.6451612903225806	0.421505376344086	0.7032258064516129	0.0	1.2946236559139785
1448506	0.5189003436426117	0.4175257731958763	0.0	0.0	0.5189003436426117	0.5549828178694158	0.32646048109965636	0.5154639175257731	0.43986254295532645	0.3556701030927835	0.0	0.0	0.037800687285223365	0.0	0.2972508591065292	0.9759450171821306	0.0	1.1546391752577319	0.09450171821305842	0.0859106529209622	0.5824742268041238	0.8969072164948454	0.422680412371134	0.5721649484536082	0.0	1.2972508591065293	0.22164948453608246	0.5017182130584192	2.7147766323024056
1454371	0.2689655172413793	0.09885057471264368	1.235632183908046	0.1735632183908046	0.0	0.3471264367816092	0.09540229885057472	0.0	0.0	0.0	0.2103448275862069	0.2264367816091954	0.1735632183908046	0.0	0.4413793103448276	0.9402298850574713	0.0	0.24367816091954023	0.028735632183908046	0.20229885057471264	0.09885057471264368	2.731034482758621	0.3471264367816092	1.3471264367816091	0.2689655172413793	0.6160919540229886	0.6045977011494252	0.8022988505747126	0.5563218390804597
1345616	0.0	0.8620689655172413	0.7155172413793104	0.0	0.0	0.0	1.0172413793103448	0.0	0.0	0.0	0.0	0.0	0.0	0.0	0.0	1.0459770114942528	0.0	0.6839080459770115	0.0	0.08908045977011494	0.7586206896551724	1.7097701149425288	0.8620689655172413	0.7729885057471264	0.4827586206896552	0.0	0.4511494252873563	0.0	0.0
492437	0.0	0.0	0.0	0.0	0.0	0.0	0.0	0.0	0.0	0.0	0.0	0.896551724137931	0.0	0.0	0.0	0.0	0.0	0.0	0.0	1.5517241379310345	0.0	0.8563218390804598	0.0	0.0	0.0	1.103448275862069	0.0	0.0	0.0
492449	0.040229885057471264	0.040229885057471264	0.0	0.0	0.735632183908046	0.12643678160919541	0.0	0.0	0.0	0.0	0.0	0.0	0.0	0.0	0.5919540229885057	0.43103448275862066	0.0	1.25	0.8649425287356322	0.6896551724137931	0.39080459770114945	0.10632183908045977	1.2270114942528736	1.632183908045977	0.0	0.0	0.8419540229885057	0.4281609195402299	0.8218390804597702
492461	2.2457264957264957	0.010683760683760684	0.05555555555555555	0.0	1.0961538461538463	0.6431623931623932	0.2222222222222222	0.0	0.0	0.6431623931623932	1.5982905982905984	0.029914529914529916	1.141025641025641	0.0	0.4893162393162393	0.6452991452991453	0.32905982905982906	0.0	1.6132478632478633	0.010683760683760684	0.0	0.3525641025641026	0.0	1.3055555555555556	0.6431623931623932	0.7542735042735043	0.0811965811965812	0.6410256410256411	2.02991452991453
492467	0.0	1.8438438438438438	0.0	0.0	0.0	0.03303303303303303	0.0	0.2552552552552553	0.9069069069069069	0.6696696696696697	1.906906906906907	0.0	0.0	0.0	0.0	3.684684684684685	0.0	0.9069069069069069	0.0	0.0	0.5825825825825826	3.4114114114114114	1.4984984984984986	1.84984984984985	1.975975975975976	0.4984984984984985	0.93993993993994	0.7147147147147147	0.5585585585585585
492468	0.8979166666666667	0.4666666666666667	0.0	0.0	0.0	0.5322916666666667	0.3145833333333333	0.0	1.24375	0.0	2.4	0.6208333333333333	0.0	0.0	0.0	2.5416666666666665	0.31145833333333334	0.6	0.0	0.7239583333333334	1.771875	1.115625	0.321875	2.027083333333333	0.15416666666666667	0.6302083333333334	1.78125	0.0	0.784375
714499	0.20798898071625344	0.7823691460055097	0.07024793388429752	0.0	0.0	0.0	0.2327823691460055	0.0371900826446281	0.41046831955922863	0.0	0.7258953168044077	0.2493112947658402	0.0	0.0	0.0	1.3195592286501376	0.0	0.7272727272727273	0.0	0.4118457300275482	0.41597796143250687	0.8319559228650137	0.0	0.0	0.0	0.20798898071625344	1.421487603305785	0.0	0.0
1078201	0.5655430711610487	0.0	0.0	0.0	0.0	0.2958801498127341	0.4868913857677903	0.5655430711610487	0.7940074906367042	0.0	0.02247191011235955	0.8052434456928839	0.0	0.0	1.4569288389513109	0.0	0.14232209737827714	1.2134831460674158	1.0524344569288389	0.0	0.7677902621722846	1.5355805243445693	2.254681647940075	0.3857677902621723	0.0	0.5617977528089888	0.7191011235955056	0.1647940074906367	0.4232209737827715
1018706	0.0	0.0	0.0	0.680365296803653	0.7671232876712328	0.4200913242009132	0.0	0.0	0.0	0.0	0.0	0.680365296803653	0.0	0.0	0.0	0.639269406392694	0.0	1.095890410958904	0.0	0.0	0.0	1.3744292237442923	0.0	0.0	0.0	0.0	0.0	0.0	0.0
1151354	0.5606060606060606	1.893939393939394	1.5416666666666667	0.7613636363636364	0.0	0.0	1.871212121212121	0.0	0.1893939393939394	0.0	0.0	1.0909090909090908	0.0	0.0	0.0	1.621212121212121	0.0	0.0	0.9318181818181818	1.106060606060606	1.996212121212121	0.0	1.0227272727272727	1.1401515151515151	0.0	1.4128787878787878	1.106060606060606	0.0	1.8409090909090908
1151357	1.0492424242424243	1.053030303030303	0.0	0.0	0.0	0.0	0.75	0.20833333333333334	0.4621212121212121	0.7272727272727273	1.0151515151515151	1.1515151515151516	0.0	0.0	0.015151515151515152	1.0454545454545454	0.571969696969697	0.571969696969697	0.571969696969697	0.0	1.625	3.7386363636363638	2.0265151515151514	0.0	0.0	0.0	1.7878787878787878	0.0	1.1477272727272727
1151358	0.017391304347826087	1.536231884057971	0.0	0.0	0.0	0.0	0.5072463768115942	1.1304347826086956	0.7681159420289855	0.26666666666666666	1.1594202898550725	0.6	0.0	0.0	0.0	0.06376811594202898	0.43768115942028984	0.0	0.43768115942028984	0.4434782608695652	1.3246376811594203	0.28405797101449276	1.1855072463768115	1.6231884057971016	0.0	0.0	1.3391304347826087	0.2782608695652174	1.9797101449275363
1333834	0.0	0.09615384615384616	0.0	0.0	0.0	0.0	0.0	0.0	0.8247863247863247	0.0	0.7136752136752137	0.0	0.5299145299145299	0.0	0.0	0.2692307692307692	0.6431623931623932	0.2692307692307692	0.0	0.6367521367521367	0.10042735042735043	3.3055555555555554	0.0	1.2905982905982907	0.0	0.0	0.811965811965812	0.0	0.0
110351	0.060810810810810814	0.0	0.3400900900900901	0.3400900900900901	0.0	0.3400900900900901	1.0191441441441442	0.27364864864864863	0.3400900900900901	0.0	0.6790540540540541	0.0	0.0	0.0	0.6801801801801802	0.11599099099099099	0.0	0.0	0.20495495495495494	0.18693693693693694	0.28378378378378377	1.2747747747747749	0.17004504504504506	0.670045045045045	0.3400900900900901	0.0	0.38626126126126126	0.20608108108108109	0.0
1546249	0.3155216284987277	0.9567430025445293	0.0	0.0	0.0	0.0	1.3104325699745547	0.0	0.4173027989821883	0.0	3.8753180661577606	0.0	0.0	0.0	0.6106870229007634	0.7659033078880407	1.1526717557251909	2.16793893129771	0.0	0.46564885496183206	1.5190839694656488	2.5267175572519083	0.7073791348600509	0.3816793893129771	1.0534351145038168	0.0	1.5368956743002544	0.3816793893129771	2.231552162849873
1546250	1.5384615384615385	0.6495726495726496	0.0	0.0	0.0	0.0	0.6324786324786325	0.0	0.0	0.0	0.38461538461538464	0.0	0.0	0.0	0.0	0.0	0.0	0.717948717948718	0.0	1.0256410256410255	1.2991452991452992	0.42735042735042733	0.18803418803418803	0.0	0.3418803418803419	0.0	0.0	0.0	0.0
1722365	0.7437275985663082	0.7204301075268817	0.0	0.578853046594982	0.4390681003584229	0.0	0.5376344086021505	0.3870967741935484	0.46415770609318996	0.0	0.21863799283154123	0.1881720430107527	0.35842293906810035	0.0	0.5412186379928315	1.353046594982079	0.0	0.8709677419354839	0.0	0.7150537634408602	0.35663082437275984	3.075268817204301	1.8189964157706093	1.6397849462365592	0.6254480286738351	1.0788530465949822	0.8189964157706093	1.028673835125448	1.1756272401433692
1722367	0.40245261984392416	1.1259754738015608	0.0	0.5105908584169454	0.0	0.3433667781493868	0.5027870680044593	0.10256410256410256	1.3455964325529544	0.5863991081382386	0.7647714604236343	0.0	0.6421404682274248	0.0	0.16722408026755853	2.177257525083612	0.3366778149386845	1.3455964325529544	0.3333333333333333	1.2307692307692308	0.6722408026755853	1.5629877369007803	1.5094760312151616	1.3957636566332219	0.3366778149386845	0.3355629877369008	1.0947603121516165	0.0	0.8405797101449275
583026	0.0	0.5370370370370371	0.125	0.0	0.0	0.6064814814814815	0.0	0.0	0.6087962962962963	0.0	0.6504629629629629	0.0	0.0	0.0	2.3449074074074074	2.1643518518518516	0.0	0.4537037037037037	0.0	0.2175925925925926	0.18055555555555555	2.8194444444444446	0.2777777777777778	0.25462962962962965	0.0	0.0	0.4583333333333333	0.1597222222222222	0.24074074074074073
583028	0.7601626016260162	0.0	0.0	0.0	0.0	0.0	0.008130081300813009	0.0	0.0	0.7018970189701897	0.0	0.46476964769647694	0.5867208672086721	0.0	0.8184281842818428	0.0	0.0	0.4078590785907859	0.4092140921409214	0.0	0.0	0.9376693766937669	0.0	1.4417344173441735	0.4092140921409214	0.8184281842818428	1.2100271002710028	0.0	0.0
583029	0.0	0.0	0.0	0.391812865497076	0.0	0.3538011695906433	0.7017543859649122	0.8830409356725146	0.7397660818713451	0.6403508771929824	1.8888888888888888	0.6052631578947368	0.0	0.0	0.5233918128654971	0.4415204678362573	0.5409356725146199	0.7426900584795322	0.0	0.0	1.3070175438596492	1.760233918128655	0.0	1.9269005847953216	0.0	0.8742690058479532	0.0	0.0	0.0
731659	0.0	1.163355408388521	0.0	0.0	0.0	0.0	1.1986754966887416	0.6644591611479028	0.0	0.0	0.2980132450331126	0.0	0.0	0.0	0.5231788079470199	1.2251655629139073	0.32671081677704195	0.0	0.0	0.0	0.0	1.6732891832229582	0.6070640176600441	0.282560706401766	0.3818984547461369	1.5275938189845475	1.3267108167770418	0.6644591611479028	1.3377483443708609
1633282	0.8869309838472834	1.0102790014684289	0.0	0.3803230543318649	0.0	0.4434654919236417	0.0	0.0	0.16299559471365638	0.6152716593245228	1.8913362701908958	0.22173274596182085	0.06607929515418502	0.0	1.8913362701908958	2.0102790014684286	1.1071953010279	0.2966226138032305	0.6651982378854625	1.4243759177679882	0.44052863436123346	3.8722466960352424	0.8869309838472834	3.076358296622614	0.0	0.4669603524229075	0.6372980910425844	0.7547723935389133	2.246696035242291
149582	0.3447488584474886	1.3789954337899544	0.0	0.0	0.0	0.0	0.3447488584474886	0.0	0.0	0.0	0.6872146118721462	0.0	1.3767123287671232	0.0	0.4178082191780822	0.6894977168949772	0.0	0.0	0.6872146118721462	0.2328767123287671	0.1689497716894977	0.0	0.3447488584474886	0.7077625570776256	0.1643835616438356	0.0	0.7808219178082192	0.0	0.8744292237442922
149583	0.0	0.7465564738292011	0.41460055096418735	1.4545454545454546	0.0	0.39669421487603307	0.20798898071625344	0.0	0.20798898071625344	0.3746556473829201	0.41597796143250687	0.41460055096418735	0.0	0.0	0.2162534435261708	1.3195592286501376	0.41597796143250687	0.6239669421487604	0.0	0.6928374655647382	1.4008264462809918	0.8333333333333334	0.8305785123966942	0.8319559228650137	0.32644628099173556	0.7451790633608816	0.9986225895316805	0.6225895316804407	2.0950413223140494
149584	0.4793650793650794	0.9555555555555556	0.0	1.4190476190476191	0.0	0.7174603174603175	0.7619047619047619	0.9714285714285714	0.34285714285714286	0.0	0.0	0.5333333333333333	0.5333333333333333	0.0	0.819047619047619	4.368253968253968	0.0	2.0444444444444443	0.0	0.273015873015873	0.0	1.2031746031746031	0.39365079365079364	1.9523809523809523	0.05396825396825397	1.3428571428571427	2.4126984126984126	0.3619047619047619	1.2222222222222223
149586	0.59375	0.46041666666666664	0.38333333333333336	0.41041666666666665	0.0	0.6291666666666667	0.0	0.69375	0.0	0.0	1.6854166666666666	0.07083333333333333	0.0	0.0	1.4541666666666666	0.51875	0.0875	1.08125	0.6291666666666667	1.3333333333333333	0.24583333333333332	3.86875	0.6083333333333333	1.1583333333333334	1.3145833333333334	1.6729166666666666	0.47291666666666665	1.1270833333333334	1.0395833333333333
149587	0.037333333333333336	2.888	0.0	0.0	0.0	0.8026666666666666	0.8026666666666666	0.4	0.0	0.0	0.6426666666666667	1.28	0.0	0.0	0.9653333333333334	0.35733333333333334	0.6826666666666666	0.968	0.8053333333333333	2.5866666666666664	0.8853333333333333	1.6106666666666667	0.68	2.002666666666667	0.7146666666666667	0.656	1.7786666666666666	1.2	1.7493333333333334
293626	0.5592592592592592	0.24074074074074073	0.0	0.0	0.0	0.0	0.0	0.15185185185185185	0.0	0.0	0.0	0.0	0.0	0.0	0.8444444444444444	0.0	0.0	0.0	1.1185185185185185	0.15185185185185185	1.2407407407407407	0.6666666666666666	0.05185185185185185	1.0925925925925926	0.0	3.011111111111111	0.5666666666666667	0.0	1.048148148148148
293628	0.0	1.0066666666666666	0.0	0.0	0.0	0.0	0.0	0.0	0.0	0.0	1.0066666666666666	0.0	0.0	0.0	0.0	0.0	0.0	0.0	0.0	0.8833333333333333	0.0	0.08	0.7133333333333334	0.0	0.0	0.42	0.6433333333333333	0.0	0.0
839636	0.0	0.5824372759856631	0.23297491039426524	0.0	0.0	0.0	0.0	0.0	0.25806451612903225	0.0	0.8082437275985663	0.0	0.0	0.0	0.0	1.8261648745519714	0.0	0.24372759856630824	0.0	0.5232974910394266	0.04838709677419355	1.1827956989247312	0.0	0.7473118279569892	0.0	0.0	2.7795698924731185	0.0	0.0
