key	WAM_ALR	WAM_CCR	WAM_IPI	WAM_MAR	WAM_MYS	WAM_PBL	WAM_PJN	WAM_PPR	WAM_PST	WAM_ROL	WAM_SCR	WAM_SGN	WAM_SIS	WAM_TWN	WAR_ALR	WAR_CCR	WAR_IPI	WAR_MAR	WAR_MYS	WAR_PBL	WAR_PJN	WAR_PPR	WAR_PSK	WAR_PST	WAR_RNW	WAR_ROL	WAR_SCR	WAR_SGL	WAR_SIS
747995	1.049808429118774	0.7279693486590039	0.0	1.4980842911877394	6.329501915708812	0.0	4.559386973180077	0.04980842911877394	1.578544061302682	0.8544061302681992	10.521072796934867	1.4367816091954022	17.0727969348659	0.0	0.0	0.022988505747126436	0.0	0.0	0.0	0.0	2.7739463601532566	0.11877394636015326	1.2490421455938698	0.0	0.0	0.0	3.1455938697318007	0.022988505747126436	0.0
747996	0.0	0.568738229755179	0.0	2.032015065913371	3.662900188323917	1.1261770244821092	6.96421845574388	0.0	0.8926553672316384	0.519774011299435	9.493408662900189	1.2881355932203389	8.804143126177024	0.0	0.0	0.0	0.0	0.0	1.3333333333333333	0.0	3.1807909604519775	1.1318267419962336	0.0	0.0	0.0	0.0	1.9077212806026365	0.0	0.0
729493	0.0	1.3535353535353536	0.0	0.0	1.2373737373737375	0.0	0.0	0.0	1.398989898989899	0.0	1.3232323232323233	0.7070707070707071	0.03535353535353535	0.0	0.0	0.0	0.0	0.0	0.0	0.0	0.0	0.0	0.0	0.0	0.0	0.0	0.0	0.0	0.0
30769	0.0	0.0	1.0934065934065933	2.4871794871794872	3.010989010989011	0.1336996336996337	2.4633699633699635	1.5238095238095237	0.0	0.8296703296703297	6.571428571428571	0.0	8.642857142857142	0.5512820512820513	0.0	0.1813186813186813	0.0	0.0	0.22344322344322345	0.0	2.688644688644689	1.3827838827838828	0.0	0.0	0.0	0.0	1.8772893772893773	0.5018315018315018	0.0
1137519	0.0	0.0	1.2769953051643192	2.634741784037559	3.3333333333333335	0.9746478873239437	5.060093896713615	0.9295774647887324	0.4450704225352113	1.295774647887324	12.364319248826291	0.28356807511737087	8.827230046948356	0.0	0.0	0.8713615023474178	0.0	0.5633802816901409	0.9737089201877934	0.0	2.546478873239437	0.9014084507042254	0.0	0.0	0.0	0.0	3.175586854460094	0.0	0.0
1497924	0.0	0.0	0.5909090909090909	1.2525252525252526	1.3484848484848484	0.0	0.9090909090909091	0.398989898989899	0.0	1.3585858585858586	0.8080808080808081	0.0	1.702020202020202	0.0	0.0	0.0	0.0	0.0	0.0	0.0	0.09090909090909091	0.0	0.0	0.0	0.0	0.0	0.0	0.0	0.0
1052005	0.35294117647058826	1.6605392156862746	1.8541666666666667	1.0196078431372548	3.8174019607843137	0.7401960784313726	6.127450980392157	2.0502450980392157	1.1053921568627452	1.4301470588235294	11.3125	0.0	12.129901960784315	0.0	0.0	0.5514705882352942	0.0	0.18504901960784315	1.0637254901960784	0.16666666666666666	2.1470588235294117	0.0	0.0	0.15196078431372548	0.0	0.0	1.7389705882352942	0.6004901960784313	0.0
1052006	0.6164874551971327	1.6164874551971327	0.0	2.4946236559139785	1.3870967741935485	0.5376344086021505	7.437275985663082	2.921146953405018	0.0	0.9605734767025089	7.340501792114695	0.0	12.161290322580646	0.0	0.0	0.41935483870967744	0.0	0.0	1.5340501792114696	0.27598566308243727	4.275985663082437	0.0	0.0	1.2078853046594982	0.0	0.2867383512544803	1.157706093189964	0.3763440860215054	0.0
1052007	0.7432098765432099	0.291358024691358	0.7407407407407407	1.9555555555555555	1.962962962962963	0.34074074074074073	6.745679012345679	2.619753086419753	0.1259259259259259	1.3876543209876544	10.158024691358024	0.0	7.5777777777777775	2.237037037037037	0.0	0.5333333333333333	0.0	0.04197530864197531	0.7876543209876543	0.19012345679012346	2.962962962962963	0.0	0.0	0.0	0.0	0.5185185185185185	2.3283950617283953	0.0	0.0
1052008	0.0	0.6736401673640168	0.16736401673640167	1.9623430962343096	3.415620641562064	0.35704323570432356	9.347280334728033	1.601115760111576	0.708507670850767	1.7545327754532776	12.723849372384937	0.0	14.04044630404463	0.4211994421199442	0.0	0.7740585774058577	0.0	0.3947001394700139	1.089260808926081	0.0	1.4574616457461647	0.0	0.0	0.0	0.0	0.0	3.6513249651324964	0.0	0.0
1052009	0.719047619047619	0.6857142857142857	0.3738095238095238	1.3071428571428572	3.5880952380952382	0.0761904761904762	6.007142857142857	0.7285714285714285	0.9404761904761905	2.1547619047619047	7.838095238095238	0.719047619047619	7.245238095238095	0.0	0.0	0.0	0.0	0.0	1.7547619047619047	0.0	2.426190476190476	0.0	0.0	1.0333333333333334	0.0	0.0	2.980952380952381	0.0	0.0
1731157	0.7706666666666667	2.136	0.0	3.832	3.3733333333333335	2.1413333333333333	6.218666666666667	6.082666666666666	0.7626666666666667	2.1493333333333333	8.330666666666668	1.2026666666666668	20.138666666666666	0.0	0.0	0.6453333333333333	0.0	0.0	1.744	0.0	1.704	0.5813333333333334	0.8053333333333333	0.058666666666666666	0.8026666666666666	0.0	2.5573333333333332	0.5013333333333333	0.0
1731158	0.0	0.16771488469601678	0.0	0.9119496855345912	3.981132075471698	2.20125786163522	3.970649895178197	2.056603773584906	2.0041928721174003	0.5807127882599581	13.40251572327044	0.2914046121593291	14.916142557651991	0.0	0.0	0.0	0.0	0.0	1.5849056603773586	0.17819706498951782	2.0733752620545074	0.6310272536687631	0.0	1.1656184486373165	0.25366876310272535	0.0	2.348008385744235	0.4947589098532495	0.0
1731160	0.0	1.408496732026144	0.0	1.9150326797385622	1.173202614379085	0.5392156862745098	6.068627450980392	0.0	0.042483660130718956	0.0	9.565359477124183	1.3202614379084967	14.617647058823529	0.0	0.4934640522875817	0.3888888888888889	0.0	0.0	0.0	0.0	1.7287581699346406	0.38562091503267976	0.0	0.7777777777777778	0.0	0.0	2.5065359477124183	0.0	0.0
1731161	0.4854368932038835	2.3042071197411005	1.220064724919094	2.762135922330097	4.352750809061488	0.8122977346278317	6.970873786407767	0.7297734627831716	1.3171521035598706	0.48705501618122976	13.483818770226538	0.8527508090614887	11.435275080906148	1.0889967637540454	0.0	0.9093851132686084	0.0	0.4886731391585761	0.4886731391585761	0.0	3.466019417475728	0.20388349514563106	0.0	0.22653721682847897	0.0	0.0	2.5954692556634305	0.0	0.0
1731162	0.044233807266982623	0.36018957345971564	1.1943127962085307	1.819905213270142	6.84044233807267	0.07898894154818326	3.140600315955766	0.5276461295418642	0.8325434439178515	0.9399684044233807	11.968404423380727	0.3791469194312796	12.766192733017377	0.36334913112164297	0.0	1.7156398104265402	0.0	0.0	0.4060031595576619	0.0	2.8372827804107423	0.0	0.0	0.0	0.0	0.0	1.2037914691943128	0.0	0.0
1731163	0.9278350515463918	3.8625429553264605	1.9450171821305842	2.3058419243986252	7.77319587628866	0.0	2.556701030927835	4.391752577319588	0.24398625429553264	1.0549828178694158	11.041237113402062	0.0	18.120274914089347	0.0	0.0	0.6701030927835051	0.7285223367697594	0.0	1.0378006872852235	0.0	0.8350515463917526	0.0	0.0	0.0	0.0	0.0	5.790378006872852	0.0	0.0
920643	0.0	1.7708333333333333	1.5486111111111112	1.9666666666666666	3.6	0.9236111111111112	3.686111111111111	2.4625	1.2041666666666666	0.0	12.9625	0.04861111111111111	17.329166666666666	0.0	0.0	0.8361111111111111	0.0	0.0	0.5152777777777777	0.34444444444444444	2.3541666666666665	0.41944444444444445	0.0	0.0	0.0	0.0	2.6847222222222222	0.0	0.0
1000774	0.0	0.9657836644591612	1.0971302428256071	2.3796909492273732	2.3256070640176603	1.6445916114790287	3.7880794701986753	2.0507726269315674	0.36644591611479027	2.5507726269315674	11.161147902869757	0.4955849889624724	7.36644591611479	0.2924944812362031	0.0	0.0	0.0	0.16335540838852097	0.2737306843267108	0.0	1.9183222958057395	0.16997792494481237	0.0	0.6467991169977925	0.0	0.3333333333333333	2.152317880794702	0.38852097130242824	0.0
1000783	0.0	0.7282377919320594	0.0	1.3481953290870488	4.036093418259023	0.6220806794055201	6.721868365180467	3.008492569002123	2.0636942675159236	1.6199575371549895	6.411889596602973	0.0	14.29723991507431	0.0	0.0	0.0	0.0	0.0	0.0	0.1910828025477707	0.26963906581740976	0.0	0.6390658174097664	0.0	0.0	0.0	1.5605095541401275	0.0	0.0
30805	1.6774193548387097	0.0	0.0	1.5268817204301075	3.5125448028673834	1.064516129032258	5.032258064516129	0.6021505376344086	1.093189964157706	1.5232974910394266	10.11111111111111	1.053763440860215	8.960573476702509	0.0	0.0	1.032258064516129	0.0	0.4050179211469534	0.0	0.0	0.8028673835125448	0.0	0.0	0.0	0.0	0.3978494623655914	1.96415770609319	0.0	0.0
990922	0.43768115942028984	4.098550724637681	1.4492753623188406	5.449275362318841	5.828985507246377	1.1159420289855073	8.09855072463768	1.0927536231884059	0.0	1.3159420289855073	9.542028985507246	0.0	12.672463768115943	0.0	0.0	1.4173913043478261	0.0	0.37971014492753624	0.4811594202898551	0.6811594202898551	1.701449275362319	0.39420289855072466	0.0	0.0	0.6550724637681159	0.0	0.7884057971014493	0.0	0.0
990923	0.6455026455026455	2.8835978835978837	0.0	1.5132275132275133	2.624338624338624	0.3544973544973545	2.238095238095238	1.312169312169312	0.0	0.0	11.492063492063492	0.6455026455026455	12.068783068783068	1.0740740740740742	0.0	0.0	0.0	0.0	0.48677248677248675	0.0	1.0687830687830688	0.0	0.0	0.0	1.3174603174603174	0.0	0.0	0.0	0.0
474740	0.45286195286195285	1.3543771043771045	1.0505050505050506	3.3796296296296298	3.132996632996633	0.7222222222222222	9.388047138047138	2.15993265993266	1.744949494949495	0.8156565656565656	12.172558922558922	0.4898989898989899	14.501683501683502	0.25084175084175087	0.0	1.2853535353535352	0.0	0.0	1.07996632996633	0.2239057239057239	2.5042087542087543	1.0521885521885521	0.08249158249158249	0.0	0.25336700336700335	0.0	2.5673400673400675	0.0	0.0
254212	0.0	1.4623655913978495	0.44086021505376344	0.0	3.2016129032258065	0.0	2.975806451612903	2.4704301075268815	1.064516129032258	0.13709677419354838	6.158602150537634	0.0	11.198924731182796	0.0	0.0	0.3924731182795699	0.0	0.0	0.6532258064516129	0.0	2.7688172043010755	0.0	0.0	0.0	0.40053763440860213	0.0	5.615591397849462	0.0	0.0
747979	0.0	1.7919708029197081	0.6313868613138686	2.1666666666666665	2.272506082725061	0.0	4.571776155717761	2.1849148418491486	0.36739659367396593	1.1642335766423357	10.430656934306569	0.7299270072992701	11.29683698296837	0.3637469586374696	0.0	0.9428223844282239	0.0	0.0	0.8211678832116789	0.0	0.4635036496350365	0.36739659367396593	0.0	0.7347931873479319	0.0	0.0	3.065693430656934	0.0	0.3661800486618005
747980	0.38829151732377537	0.22939068100358423	1.3213859020310634	2.5902031063321385	3.884109916367981	0.8399044205495818	4.735961768219833	2.1254480286738353	2.057347670250896	1.7706093189964158	11.762246117084826	0.6678614097968937	11.075268817204302	0.0	0.0	0.5388291517323776	0.0	0.0	0.45041816009557945	0.0	2.0597371565113503	0.36081242532855434	0.0	0.0	0.0	0.0	1.4659498207885304	0.0	0.0
747981	0.6201550387596899	2.007751937984496	1.4935400516795865	5.945736434108527	3.2325581395348837	1.5607235142118863	5.134366925064599	4.708010335917312	1.669250645994832	0.6770025839793282	17.059431524547804	1.3695090439276485	13.894056847545219	0.0	0.0	3.356589147286822	0.0	0.0	0.0103359173126615	0.0	0.0	0.0	0.0	0.46770025839793283	0.5736434108527132	0.0	1.7829457364341086	0.6459948320413437	0.0
747982	0.0	1.9824561403508771	0.30043859649122806	3.4342105263157894	5.8881578947368425	2.723684210526316	8.298245614035087	1.4144736842105263	1.3157894736842106	0.44956140350877194	10.74561403508772	1.8201754385964912	10.447368421052632	0.0	0.0	0.8179824561403509	0.0	0.0	1.2960526315789473	0.0	1.844298245614035	1.8464912280701755	0.0	0.26535087719298245	0.17543859649122806	0.0	2.324561403508772	0.1337719298245614	0.0
176232	0.0	2.713050314465409	1.4268867924528301	2.4064465408805034	3.2287735849056602	2.2547169811320753	9.470911949685535	3.4960691823899372	1.07625786163522	2.1320754716981134	13.015723270440251	0.7366352201257862	16.03616352201258	0.4740566037735849	0.0	0.9441823899371069	0.0	0.0	1.3011006289308176	0.419811320754717	2.066823899371069	0.9268867924528302	0.4748427672955975	0.17295597484276728	0.11871069182389937	0.0	3.675314465408805	0.0	0.0
990929	0.0	0.6752136752136753	0.4301994301994302	0.5868945868945868	4.897435897435898	0.0	3.5954415954415953	0.3418803418803419	1.5099715099715099	0.4301994301994302	10.891737891737892	0.0	8.122507122507123	0.0	0.0	0.9943019943019943	0.0	0.0	0.9829059829059829	0.0	0.16524216524216523	1.3219373219373218	0.0	0.0	0.0	0.05128205128205128	0.9145299145299145	0.0	0.0
990931	0.0	0.598937583001328	0.8419654714475432	1.6042496679946878	4.379814077025232	0.049136786188579015	5.207171314741036	2.1792828685258963	2.199203187250996	2.095617529880478	11.146082337317397	0.40106241699867196	8.0199203187251	0.29349269588313415	0.0	0.2297476759628154	0.0	0.0	0.0	0.0	2.1235059760956174	1.2868525896414342	0.0	1.00265604249668	0.0	0.0	1.9893758300132802	0.0	0.0
990948	0.0	1.7009345794392523	2.526479750778816	1.750778816199377	3.61993769470405	0.48598130841121495	4.769470404984424	3.3862928348909658	1.838006230529595	0.48286604361370716	5.866043613707165	0.0	15.040498442367602	0.470404984423676	0.0	0.0	0.0	0.0	1.5514018691588785	0.0	2.236760124610592	0.0	0.0	0.0	0.0	1.0311526479750779	1.7445482866043613	0.0	0.0
650551	0.0	2.0966666666666667	1.14	1.455	5.723333333333334	0.915	6.32	3.37	0.6833333333333333	1.185	13.3	0.6883333333333334	13.306666666666667	1.0833333333333333	0.0	0.5033333333333333	0.0	0.45666666666666667	2.078333333333333	0.43166666666666664	1.0066666666666666	0.32	0.0	0.3566666666666667	0.0	0.0	5.673333333333333	0.0	0.0
176243	0.0	2.08187134502924	0.24951267056530213	2.185185185185185	3.6705653021442495	0.20857699805068225	5.091617933723197	3.526315789473684	0.5886939571150097	1.571150097465887	15.645224171539962	0.0	11.296296296296296	0.6920077972709552	0.0	0.9415204678362573	0.0	0.08382066276803118	1.3333333333333333	0.29434697855750486	1.286549707602339	1.1442495126705654	0.0	0.1286549707602339	0.0	0.0	2.0487329434697856	0.29434697855750486	0.0
909422	0.5235602094240838	2.6335078534031413	0.5270506108202443	1.1605584642233857	2.619546247818499	0.525305410122164	6.787085514834206	1.8097731239092496	0.0	0.36300174520069806	7.467713787085515	0.02617801047120419	9.677137870855148	0.0	0.0	0.26352530541012215	0.4048865619546248	0.0	1.0628272251308901	0.0	1.9389179755671901	0.675392670157068	0.0	0.0	0.0	0.5270506108202443	1.3734729493891797	0.0	0.0
89970	0.0	0.4476650563607085	0.5507246376811594	2.813204508856683	3.7198067632850242	0.0	7.156199677938808	1.4766505636070852	0.9307568438003221	2.2946859903381642	16.81159420289855	0.1610305958132045	13.27536231884058	0.23349436392914655	0.02576489533011272	0.48470209339774556	0.0	0.0	1.3703703703703705	0.0	2.2302737520128826	0.0	0.0	0.4025764895330113	0.0	0.1320450885668277	2.106280193236715	0.0	0.0
1137557	0.0	0.17892156862745098	0.07107843137254902	1.7573529411764706	1.7450980392156863	0.8333333333333334	3.7107843137254903	1.9583333333333333	0.29901960784313725	0.36764705882352944	11.426470588235293	0.0	14.536764705882353	0.0	0.0	0.7524509803921569	0.0	0.0	0.0	0.0	0.8676470588235294	0.0	0.0	0.0	0.0	0.0	0.5245098039215687	0.0	0.0
9101	0.0	0.9206349206349206	1.126984126984127	1.6785714285714286	6.051587301587301	0.08333333333333333	8.829365079365079	2.7817460317460316	1.5674603174603174	0.21825396825396826	9.76984126984127	1.1944444444444444	8.976190476190476	0.0	0.0	0.12698412698412698	0.0	0.0	2.1944444444444446	0.0	3.1865079365079363	0.2698412698412698	0.0	1.0476190476190477	0.0	0.0	1.6626984126984128	0.0	0.0
474760	0.42162162162162165	1.2171171171171171	1.3549549549549549	3.709009009009009	5.218918918918919	2.1036036036036037	6.616216216216216	2.0315315315315314	0.6081081081081081	2.7126126126126127	15.14054054054054	0.6045045045045045	19.272972972972973	0.2036036036036036	0.07117117117117117	1.0855855855855856	0.0	0.0	1.1936936936936937	0.0	1.3243243243243243	0.35765765765765767	0.0	0.0	0.27207207207207207	0.0	1.5747747747747747	0.0	0.0
474763	0.6830601092896175	1.1202185792349726	1.0	2.914389799635701	4.546448087431694	1.162112932604736	6.992714025500911	2.034608378870674	1.355191256830601	1.2495446265938068	13.402550091074682	0.0	17.72495446265938	0.5919854280510018	0.0	0.0	0.0	0.0	2.429872495446266	0.0	1.7704918032786885	1.9489981785063752	0.0	0.0	0.0	0.0	2.0018214936247722	0.0	0.0
474765	0.0	2.242424242424242	1.3461538461538463	2.2004662004662006	7.181818181818182	0.351981351981352	6.874125874125874	0.7995337995337995	1.0174825174825175	1.013986013986014	13.21095571095571	0.8764568764568764	19.83100233100233	0.0	0.351981351981352	0.7097902097902098	0.0	0.0	1.034965034965035	0.7016317016317016	0.9918414918414918	0.48484848484848486	0.0	0.0	0.0	0.351981351981352	3.6515151515151514	0.0	0.0
474726	0.8053333333333333	2.8373333333333335	0.816	4.768	3.453333333333333	0.832	6.72	1.6533333333333333	2.2426666666666666	1.0773333333333333	19.472	0.14933333333333335	13.576	0.0	0.0	0.010666666666666666	0.0	0.0	0.37333333333333335	0.0	1.0826666666666667	0.6266666666666667	0.0	0.0	0.0	0.0	2.082666666666667	0.0	0.0
474736	0.0	1.367283950617284	2.5833333333333335	3.9598765432098766	5.950617283950617	1.132716049382716	7.567901234567901	2.503086419753086	2.330246913580247	1.5462962962962963	11.700617283950617	0.0	20.811728395061728	0.0	0.0	0.4351851851851852	0.0	0.0	1.5555555555555556	0.0	3.8919753086419755	0.2222222222222222	0.0	0.8703703703703703	0.0	0.0	2.746913580246914	0.0	0.0
176271	0.0	0.7393162393162394	1.982905982905983	1.623931623931624	1.2521367521367521	0.782051282051282	6.269230769230769	2.4572649572649574	0.41025641025641024	1.1196581196581197	13.196581196581196	0.0	8.884615384615385	0.0	0.0	0.6794871794871795	0.0	0.0	0.28205128205128205	0.0	2.1153846153846154	0.0	0.0	0.0	0.0	0.0	1.235042735042735	0.0	0.0
474712	0.0	1.717557251908397	1.381679389312977	2.508905852417303	4.569974554707379	0.3842239185750636	9.786259541984732	2.6895674300254453	0.4173027989821883	0.21882951653944022	8.26972010178117	0.0	13.720101781170483	0.0	0.0	0.0	0.0	0.5038167938931297	0.46055979643765904	0.0	0.8600508905852418	0.0	0.0	0.4631043256997455	0.0	0.0	3.7099236641221376	0.0	0.0
911494	0.0	0.019444444444444445	0.9	1.5666666666666667	3.5833333333333335	0.5027777777777778	5.5	3.033333333333333	0.0	0.8638888888888889	13.08611111111111	0.0	7.9	0.0	0.0	0.075	0.0	0.0	0.0	0.0	0.7083333333333334	0.3	0.0	0.0	0.0	0.0	2.0	0.0	0.0
911485	0.19661458333333334	0.6276041666666666	0.5631510416666666	2.123046875	5.072265625	1.1927083333333333	5.315104166666667	0.9498697916666666	1.0696614583333333	1.5846354166666667	11.878255208333334	0.294921875	11.947916666666666	0.0	0.19596354166666666	0.5865885416666666	0.0	0.0	0.6380208333333334	0.0	2.4641927083333335	0.04296875	0.3802083333333333	0.0	0.0	0.0	1.9479166666666667	0.5859375	0.0
909468	0.0	0.9925925925925926	0.45925925925925926	1.7259259259259259	2.751851851851852	2.1666666666666665	2.525925925925926	0.0	0.9111111111111111	1.3814814814814815	12.366666666666667	0.5222222222222223	13.2	0.8037037037037037	0.0	0.0	0.0	0.0	0.0	0.0	0.9111111111111111	1.0592592592592593	0.0	0.0	0.0	0.0	2.6259259259259258	0.5592592592592592	0.0
176305	0.0	1.2782608695652173	1.808695652173913	3.353623188405797	3.2927536231884056	1.6608695652173913	5.369565217391305	2.7072463768115944	2.520289855072464	2.353623188405797	12.397101449275363	0.33043478260869563	12.691304347826087	0.0	0.0	0.4826086956521739	0.0	0.3710144927536232	1.1115942028985508	0.0	0.9521739130434783	0.7289855072463768	0.0	0.0	0.0	0.0	3.508695652173913	0.0	0.0
623488	0.0	0.0	1.6826923076923077	3.6346153846153846	2.628205128205128	3.4455128205128207	8.958333333333334	2.8846153846153846	0.7339743589743589	2.9935897435897436	9.772435897435898	0.9423076923076923	10.842948717948717	0.0	0.0	1.294871794871795	0.0	0.0	0.6346153846153846	0.842948717948718	2.076923076923077	0.0	0.0	0.0	0.0	0.0	1.6570512820512822	0.0	0.0
623489	0.0	0.8184281842818428	1.5338753387533874	4.718157181571816	2.4607046070460705	2.8048780487804876	4.382113821138211	3.143631436314363	1.7398373983739837	1.3685636856368564	22.48238482384824	0.7262872628726287	15.509485094850948	0.0	0.0	0.5176151761517616	0.0	0.0	1.0731707317073171	0.0	1.1409214092140922	0.0	0.0	0.0	0.0	0.0	6.3441734417344176	0.2222222222222222	0.0
623490	0.0	0.8217054263565892	0.9031007751937985	1.6046511627906976	4.131782945736434	0.39147286821705424	7.503875968992248	3.294573643410853	0.6627906976744186	2.0775193798449614	12.829457364341085	1.4534883720930232	9.728682170542635	1.0852713178294573	0.0	0.0	0.2713178294573643	0.0	0.1434108527131783	0.0	0.2751937984496124	0.0	0.0	0.0	0.0	0.0	4.329457364341085	1.9689922480620154	0.0
623491	0.0	0.4358974358974359	0.7948717948717948	2.2153846153846155	3.9846153846153847	2.0923076923076924	4.369230769230769	1.0102564102564102	1.5179487179487179	1.7487179487179487	7.5025641025641026	1.2717948717948717	6.528205128205128	0.0	0.0	0.0	0.8153846153846154	0.0	3.0307692307692307	0.0	0.39487179487179486	0.5333333333333333	0.0	0.7743589743589744	0.0	0.0	3.917948717948718	0.010256410256410256	0.0
623492	0.0	1.3571428571428572	0.28809523809523807	0.6738095238095239	0.7595238095238095	2.2	0.7785714285714286	1.1666666666666667	0.4119047619047619	0.19047619047619047	2.0833333333333335	0.0	2.1095238095238096	0.0	0.0	0.39285714285714285	0.1357142857142857	0.0	1.1785714285714286	0.014285714285714285	0.0	0.8	0.0	0.0	0.0	0.016666666666666666	2.030952380952381	0.14761904761904762	0.0
623493	0.42296918767507	1.3641456582633054	0.0	0.10504201680672269	1.0602240896358543	0.0	0.42296918767507	2.4173669467787113	0.0	0.42296918767507	2.4971988795518207	0.42296918767507	0.0	0.0	0.0	0.9789915966386554	0.11624649859943978	0.0	0.0	0.7955182072829131	0.0	0.8011204481792717	0.0	0.0	0.0	0.8137254901960784	2.1134453781512605	0.6792717086834734	0.0
623494	0.49135802469135803	0.6098765432098765	0.0	0.0	2.271604938271605	0.0	0.745679012345679	0.7358024691358025	0.3728395061728395	0.0	2.3234567901234566	0.0	0.6469135802469136	0.0	0.6691358024691358	0.0345679012345679	0.9061728395061729	0.0	0.0	0.0	0.0	2.2049382716049384	0.0	0.0	0.0	0.0	3.4	0.47901234567901235	0.0
623495	0.8745519713261649	0.17921146953405018	0.0	0.8315412186379928	0.8709677419354839	0.0	1.0681003584229392	1.0896057347670252	0.5376344086021505	0.0	3.003584229390681	0.0	0.12544802867383512	0.0	0.6666666666666666	1.0788530465949822	0.3942652329749104	0.0	0.0	0.0	0.0	1.863799283154122	0.12903225806451613	0.0	0.0	0.0	0.4265232974910394	0.5053763440860215	0.0
623496	0.18303030303030304	0.34545454545454546	0.0	0.6072727272727273	1.0363636363636364	0.3466666666666667	0.15393939393939393	2.1806060606060607	0.336969696969697	0.6654545454545454	2.595151515151515	0.0	1.3224242424242425	0.0	0.6993939393939393	0.36363636363636365	0.04242424242424243	0.0	0.3660606060606061	0.3660606060606061	0.0	0.8606060606060606	1.412121212121212	0.36484848484848487	0.0	0.0	2.0654545454545454	0.3115151515151515	0.0
623467	0.1759415401911186	1.0933108487914558	0.6638560989319843	2.8920741989881957	4.408094435075886	0.7892074198988196	6.939853850477797	1.563237774030354	0.5941540191118606	2.232152894884767	12.01292861157954	0.3372681281618887	13.351320966835301	0.1697582911748173	0.08487914558740865	0.567734682405846	0.1675098369870714	0.1697582911748173	2.0359752670039346	0.02304665542439573	2.759415401911186	0.7200674536256324	0.1697582911748173	0.5295109612141653	0.163575042158516	0.0	1.7841483979763912	0.0	0.0
623473	0.0	1.826086956521739	0.937888198757764	1.826086956521739	1.4968944099378882	0.38923395445134573	5.581780538302278	0.3747412008281574	0.6418219461697723	2.20703933747412	12.989648033126294	1.8716356107660455	8.699792960662526	0.6252587991718427	0.0	0.0	0.0	0.0	0.7536231884057971	0.0	2.2629399585921326	1.3478260869565217	0.0	0.0	0.0	0.0	2.5217391304347827	0.0	0.0
623474	0.3031218529707956	0.7381671701913394	0.1973816717019134	1.8479355488418931	2.393756294058409	0.0	9.47029204431017	1.5085599194360524	1.5981873111782476	2.095669687814703	11.886203423967775	1.5468277945619335	11.687814702920443	0.0	0.0	0.8942598187311178	0.0	0.3021148036253776	1.1289023162134946	0.3041289023162135	2.2094662638469287	0.608257804632427	0.0	0.10171198388721048	0.0	0.0	1.3887210473313192	0.0	0.0
623476	0.7838541666666666	2.1380208333333335	0.2421875	3.4401041666666665	6.734375	0.7864583333333334	5.505208333333333	1.1588541666666667	0.0	2.265625	12.294270833333334	0.7135416666666666	12.385416666666666	0.0	0.0	0.0	0.0	0.0	0.8229166666666666	0.0	0.9401041666666666	0.0	0.0	0.0	0.7395833333333334	0.0	1.0	0.6067708333333334	0.0
623477	0.0	0.5386666666666666	0.0	1.8133333333333332	2.6373333333333333	0.7226666666666667	5.7973333333333334	0.952	1.296	3.016	7.152	0.06133333333333333	9.450666666666667	0.8053333333333333	0.0	0.544	0.0	0.0	0.8026666666666666	0.0	0.592	0.0	0.0	0.0	0.0026666666666666666	0.0	2.992	0.0	0.0
623478	0.0	0.14351851851851852	0.37962962962962965	0.9537037037037037	3.4814814814814814	1.3796296296296295	3.787037037037037	2.236111111111111	0.1111111111111111	1.9027777777777777	10.828703703703704	1.2361111111111112	10.944444444444445	0.0	0.0	0.0	0.0	0.0	0.0	0.0	1.3564814814814814	0.0	0.0	0.0	0.0	0.0	1.662037037037037	0.0	1.1203703703703705
623479	0.14486326681448633	1.3865484109386548	1.082039911308204	2.7937915742793793	5.865484109386548	1.09830007390983	5.65779748706578	2.352549889135255	1.0591278640059127	1.5506282335550627	10.16629711751663	0.811529933481153	13.283074648928308	0.22172949002217296	0.0	0.6208425720620843	0.0	0.0	1.2719881744271988	0.0	0.8832224685883222	0.6659275683665927	0.0	0.44567627494456763	0.22320768662232077	0.0	2.0517368810051737	0.04951958610495196	0.04065040650406504
623480	0.6666666666666666	1.1986754966887416	1.2075055187637969	1.6556291390728477	2.7880794701986753	2.2428256070640176	6.766004415011038	4.335540838852097	2.76158940397351	0.6445916114790287	14.520971302428256	0.0	11.849889624724062	0.5849889624724062	0.0	0.8079470198675497	0.0	0.0	0.7108167770419426	0.0	0.0	0.33112582781456956	0.0	0.6578366445916115	0.0	0.0	1.4105960264900663	1.1721854304635762	0.0
623483	0.7796610169491526	2.937853107344633	1.8531073446327684	3.494350282485876	5.364406779661017	0.4265536723163842	3.9745762711864407	0.4491525423728814	0.0	0.6412429378531074	16.550847457627118	0.8502824858757062	11.330508474576272	0.3785310734463277	0.0	0.403954802259887	0.0	0.0	0.0	0.0	1.694915254237288	1.4293785310734464	0.0	0.0	0.0	0.0	2.1045197740112993	0.0	0.0
623484	0.0	0.6924493554327809	1.6077348066298343	2.4917127071823204	3.285451197053407	0.3351749539594843	5.9502762430939224	2.657458563535912	0.6335174953959485	0.8324125230202578	12.11049723756906	0.9686924493554327	11.78084714548803	0.0	0.0423572744014733	1.705340699815838	0.0	0.0	0.5948434622467772	0.0	3.1988950276243093	1.2412523020257826	0.0	0.0	0.0	0.0	0.44567219152854515	0.0	0.0
623485	0.0	1.6865671641791045	0.8980099502487562	2.4800995024875623	1.126865671641791	0.0	3.783582089552239	1.1840796019900497	1.0572139303482586	0.7512437810945274	16.261194029850746	0.5497512437810945	16.564676616915424	0.0	0.6492537313432836	0.8059701492537313	0.0	0.0	0.6716417910447762	0.0	0.9552238805970149	0.01990049751243781	0.0	0.0	0.0	0.0	2.4303482587064678	0.4626865671641791	0.0
623487	0.0	0.2717391304347826	1.8315217391304348	2.1684782608695654	4.605072463768116	1.2155797101449275	6.556159420289855	3.9818840579710146	0.9510869565217391	0.927536231884058	12.590579710144928	0.5561594202898551	10.66304347826087	0.0	0.0	0.5452898550724637	0.0	0.0	1.9057971014492754	0.06521739130434782	2.322463768115942	0.27355072463768115	0.0	0.463768115942029	0.0	0.0	3.592391304347826	0.19927536231884058	0.0
90992	0.0	0.2702702702702703	0.5423423423423424	1.6558558558558558	1.8306306306306306	1.0162162162162163	5.733333333333333	2.6738738738738737	1.627027027027027	2.111711711711712	12.803603603603603	0.1981981981981982	13.962162162162162	0.2774774774774775	0.0	1.5225225225225225	0.0	0.27207207207207207	0.9495495495495495	0.0	1.3657657657657658	0.0	0.0	0.6774774774774774	0.0	0.0	2.1855855855855855	0.2918918918918919	0.0
69510	0.039735099337748346	2.0242825607064017	1.6048565121412803	3.123620309050773	3.5938189845474615	0.0	3.693156732891832	2.3532008830022075	0.6644591611479028	0.6644591611479028	18.40618101545254	0.24724061810154527	8.059602649006623	0.6401766004415012	0.0	0.5275938189845475	0.0	0.0	0.17439293598233996	0.0	4.593818984547461	0.5783664459161147	0.0	0.0	0.7041942604856513	0.0	0.3973509933774834	0.0	0.0
69512	0.0	0.5797101449275363	0.04927536231884058	1.5971014492753624	2.5565217391304347	0.0	3.5565217391304347	3.101449275362319	1.4144927536231884	1.0782608695652174	6.773913043478261	0.0	6.817391304347826	0.45217391304347826	0.0	0.2144927536231884	0.0	0.0	0.8666666666666667	0.0	2.571014492753623	0.4956521739130435	0.0	0.0	0.336231884057971	0.0	0.4057971014492754	0.0	0.0
69517	0.0	0.5145299145299145	0.505982905982906	1.6	4.509401709401709	1.6188034188034188	6.001709401709402	1.65982905982906	1.9435897435897436	1.1196581196581197	8.285470085470086	0.5145299145299145	16.466666666666665	0.0	0.0	0.0	1.411965811965812	0.0	0.5162393162393163	0.0	1.9333333333333333	0.0	0.0	0.6478632478632479	0.0	0.0	0.7692307692307693	0.0	0.35555555555555557
