key	WAM_ALR	WAM_CCR	WAM_IPI	WAM_MAR	WAM_MYS	WAM_PBL	WAM_PJN	WAM_PPR	WAM_PST	WAM_ROL	WAM_SCR	WAM_SGN	WAM_SIS	WAM_TWN	WAR_ALR	WAR_CCR	WAR_IPI	WAR_MAR	WAR_MYS	WAR_PBL	WAR_PJN	WAR_PPR	WAR_PSK	WAR_PST	WAR_RNW	WAR_ROL	WAR_SCR	WAR_SGL	WAR_SIS
932598	0.0	0.0	0.0	1.4595469255663431	0.0	0.0	0.7313915857605178	0.37540453074433655	0.0	0.0	0.9611650485436893	0.0	0.0	0.0	0.0	1.4660194174757282	0.0	0.598705501618123	0.0	1.145631067961165	0.0	2.087378640776699	0.0	0.4077669902912621	0.4886731391585761	0.0	1.8867313915857604	0.0	0.0
932600	0.3956043956043956	0.4908424908424908	0.0	0.0	0.0	0.03296703296703297	0.7838827838827839	0.9267399267399268	0.3626373626373626	0.0	0.5018315018315018	0.0	0.0	0.0	0.0	2.238095238095238	0.0	1.0732600732600732	0.0	0.7142857142857143	1.1025641025641026	0.9194139194139194	0.0	0.945054945054945	0.07692307692307693	0.0	2.1794871794871793	0.040293040293040296	0.0
158819	0.5162393162393163	0.7452991452991453	0.0	0.9282051282051282	0.0	0.10598290598290598	0.6752136752136753	0.0	0.0	0.0	0.0	1.0307692307692307	0.0	0.0	0.0	0.07179487179487179	0.0	0.42735042735042733	0.0	0.7743589743589744	0.25811965811965815	0.1111111111111111	0.0	1.353846153846154	1.7179487179487178	0.21196581196581196	0.8854700854700854	0.0	0.0
715504	0.0	2.0980392156862746	0.0	1.022408963585434	0.0	0.42296918767507	0.24649859943977592	0.0	0.8431372549019608	0.0	0.0	0.84593837535014	0.0	0.8319327731092437	0.0	1.0196078431372548	0.0	1.1400560224089635	0.0	0.0	1.9971988795518207	1.865546218487395	0.8431372549019608	0.0	0.5098039215686274	0.0	1.1036414565826331	0.29971988795518206	0.0
715505	0.0	0.4555052790346908	0.0	0.6259426847662142	0.0	0.6711915535444947	0.1689291101055807	0.0	0.6636500754147813	0.0	0.7285067873303167	0.9079939668174962	0.0	0.0	0.0	1.3378582202111613	0.9079939668174962	1.0497737556561086	0.0	0.0	0.5098039215686274	1.7933634992458523	0.0	1.5082956259426847	0.7571644042232277	0.0	0.015082956259426848	0.5867269984917044	0.0
715508	0.0	0.0	0.0	1.1814345991561181	0.0	0.0	0.4936708860759494	0.0	0.6666666666666666	0.0	0.0	0.0	0.0	0.0	0.0	1.5316455696202531	0.0	0.6624472573839663	0.0	0.0	2.067510548523207	1.6455696202531647	0.0	0.0	0.6371308016877637	0.0	1.2742616033755274	0.0	0.0
1531894	0.0	0.0	0.0	1.9666666666666666	0.0	0.0	0.0	0.0	0.4166666666666667	0.0	0.3	1.5033333333333334	0.0	0.0	0.0	0.9666666666666667	0.0	1.6366666666666667	0.0	0.97	1.0	0.0	1.0066666666666666	0.0	0.0	0.0	0.0	1.1166666666666667	0.0
1585377	0.0	0.6919191919191919	0.0	0.0	0.0	0.0	0.0	0.0	0.0	0.0	0.0	1.2222222222222223	0.0	0.0	0.0	3.51010101010101	0.0	0.0	0.0	0.0	0.0	0.0	0.0	0.696969696969697	1.4343434343434343	0.0	0.0	0.0	0.0
1585372	0.0	0.48789571694599626	0.0	1.355679702048417	0.0	0.00186219739292365	0.0	0.0	0.9534450651769087	0.2681564245810056	0.8901303538175046	0.0	0.0	0.0	0.0	1.2625698324022345	0.0	0.16201117318435754	0.0	0.0	0.6797020484171322	1.1787709497206704	0.0	0.07635009310986965	0.0856610800744879	0.0	0.0	0.0	0.0
493789	0.0	0.0	0.470404984423676	0.0	0.0	0.0	0.470404984423676	0.0	0.0	0.0	0.308411214953271	0.0	0.0	0.0	0.0	0.6292834890965732	0.0	0.0	0.0	0.0	2.6697819314641746	0.0	0.0	0.7414330218068536	0.940809968847352	0.0	0.0	0.0	0.0
1371904	0.4575757575757576	0.4575757575757576	0.0	0.1393939393939394	0.0	0.9348484848484848	1.0227272727272727	0.22727272727272727	0.4287878787878788	0.0	0.4393939393939394	0.5651515151515152	0.0	0.0	0.0	0.9878787878787879	0.0	1.3045454545454545	0.09242424242424242	2.4075757575757577	1.4363636363636363	1.7651515151515151	0.0	1.1984848484848485	3.253030303030303	0.4575757575757576	0.20757575757575758	1.4212121212121211	0.05606060606060606
1371907	0.6473829201101928	0.0	0.0	1.5426997245179064	0.0	1.3911845730027548	2.09366391184573	1.2066115702479339	1.7355371900826446	0.0	2.2479338842975207	1.2865013774104683	0.0	0.0	0.0	2.8071625344352618	0.0	1.2892561983471074	0.0	0.9807162534435262	1.022038567493113	4.5041322314049586	0.0	1.537190082644628	3.5674931129476586	0.0	0.7052341597796143	0.8264462809917356	0.1184573002754821
1371908	0.0	0.0	0.0	1.7364341085271318	0.7777777777777778	1.0103359173126616	1.3824289405684755	0.9922480620155039	0.15503875968992248	0.0	0.4160206718346253	0.5297157622739018	0.0	0.0	0.0	1.6718346253229974	0.0	1.8656330749354004	0.0	0.082687338501292	0.7751937984496124	4.3565891472868215	0.0	2.3669250645994833	2.6175710594315245	0.0	1.4392764857881137	0.39018087855297157	0.6304909560723514
1371909	0.0	0.546448087431694	0.0	0.674863387978142	0.0018214936247723133	0.22859744990892533	0.7586520947176685	0.0	0.5027322404371585	0.0	0.7522768670309654	0.6038251366120219	0.0	0.0	0.0	2.319672131147541	0.2750455373406193	2.859744990892532	0.27413479052823314	1.7741347905282332	1.1612021857923498	1.7049180327868851	0.0	1.5027322404371584	2.237704918032787	0.0	1.0837887067395264	1.4216757741347905	0.0
1371910	0.0	0.014005602240896359	0.0	0.41456582633053224	0.0	1.5294117647058822	0.0	0.0	0.680672268907563	0.0	0.28291316526610644	1.350140056022409	0.0	0.0	0.0	3.19327731092437	0.0	0.42857142857142855	0.0	1.257703081232493	0.84593837535014	0.7759103641456583	0.0	2.215686274509804	2.481792717086835	0.0	2.403361344537815	1.1036414565826331	0.0
1371882	0.0	2.0126984126984127	0.0	0.0	0.0	1.4095238095238096	1.66984126984127	0.8476190476190476	0.7746031746031746	0.8507936507936508	0.0	1.0825396825396825	0.0	0.0	0.0	2.022222222222222	0.0	0.9555555555555556	0.9555555555555556	2.2031746031746033	3.961904761904762	2.0444444444444443	1.019047619047619	1.3682539682539683	3.5682539682539685	0.0	2.3873015873015873	0.0	0.0
1371883	0.0	1.969558599695586	0.0	1.1704718417047184	0.0	2.0547945205479454	0.6179604261796042	0.0	0.7245053272450532	0.0289193302891933	0.6742770167427702	1.4414003044140031	0.0	0.0	0.0	3.4642313546423136	0.0	1.3789954337899544	0.0	2.8386605783866057	1.7321156773211568	2.5951293759512937	0.0	4.007610350076104	1.4200913242009132	0.4581430745814307	1.5190258751902588	0.9178082191780822	0.0
1371884	0.0	0.22380952380952382	0.0	1.2206349206349207	0.0	0.6015873015873016	0.4777777777777778	0.4793650793650794	0.16825396825396827	0.0	1.1285714285714286	0.9507936507936507	0.0	0.4777777777777778	0.0	3.331746031746032	0.0	0.8126984126984127	0.0	1.3174603174603174	1.5587301587301587	3.353968253968254	0.0	2.4412698412698415	2.3603174603174604	0.0	1.6603174603174604	1.626984126984127	0.0
1371885	0.0	0.0	0.0	0.0	0.0	0.9305555555555556	0.4131944444444444	0.0	0.4201388888888889	0.0	1.6666666666666667	2.6770833333333335	0.4131944444444444	0.0	0.0	2.6666666666666665	0.0	3.6493055555555554	0.0	2.5833333333333335	1.8958333333333333	1.9930555555555556	0.0	1.3402777777777777	1.1319444444444444	0.0	2.138888888888889	0.90625	0.0
1371886	0.0	0.7244283995186522	0.0	1.01323706377858	0.0	1.1720818291215402	0.9229843561973526	0.0	0.5174488567990373	0.0	1.1058965102286402	0.6642599277978339	0.19855595667870035	0.0	0.3489771359807461	4.977135980746089	0.0	2.062575210589651	0.0	2.6016847172081827	0.4693140794223827	4.226233453670277	0.0	2.2948255114320095	1.6077015643802648	0.03489771359807461	1.0842358604091455	0.9265944645006017	0.0
1371887	0.0	0.427536231884058	0.0	0.35144927536231885	0.0	0.40217391304347827	1.6268115942028984	0.0	1.0833333333333333	0.0	0.0	0.5760869565217391	0.0	0.0	0.5760869565217391	3.648550724637681	0.0	0.9963768115942029	0.0	3.072463768115942	1.286231884057971	2.0942028985507246	0.0	1.3043478260869565	1.0326086956521738	0.7971014492753623	1.855072463768116	0.0	0.0
1371888	0.0	1.6126126126126126	0.0	0.5765765765765766	0.0	0.0	0.972972972972973	0.4624624624624625	0.5045045045045045	0.0	0.23123123123123124	0.7147147147147147	0.0	0.0	0.0	3.18018018018018	0.8978978978978979	2.5255255255255253	0.0	4.006006006006006	2.4264264264264264	4.015015015015015	0.0	1.165165165165165	1.2672672672672673	0.3063063063063063	3.684684684684685	0.4744744744744745	0.0
1371889	0.0	0.3841145833333333	0.0	0.3932291666666667	0.0	0.7864583333333334	0.6588541666666666	0.19010416666666666	0.3854166666666667	0.0	0.6666666666666666	0.7760416666666666	0.3932291666666667	0.0	0.3932291666666667	3.00390625	0.0026041666666666665	2.7994791666666665	0.0	2.3020833333333335	0.4583333333333333	3.203125	0.0	1.9817708333333333	1.5546875	0.30078125	1.2591145833333333	1.3515625	0.3268229166666667
1371890	0.0	0.5761904761904761	0.0	0.40476190476190477	0.0	0.719047619047619	1.1833333333333333	0.0	0.48333333333333334	0.0	0.0	0.45	0.0	0.0	0.0	2.3	0.0	1.5809523809523809	0.0	1.8333333333333333	0.44285714285714284	2.2714285714285714	0.0	1.7976190476190477	1.5833333333333333	0.4642857142857143	1.1666666666666667	1.430952380952381	0.11190476190476191
1371891	0.0	0.4153846153846154	0.0	0.0	0.0	0.0	1.0769230769230769	0.7025641025641025	1.2461538461538462	0.0	0.0	0.6615384615384615	0.0	0.0	0.0	2.7743589743589743	0.0	0.0	0.06666666666666667	1.9692307692307693	0.0	2.2	0.0	1.8923076923076922	2.235897435897436	0.6	1.241025641025641	0.6666666666666666	0.0
1371892	0.0	0.0	0.0	0.023255813953488372	0.0	0.0	1.0193798449612403	0.624031007751938	1.12015503875969	0.0	1.1434108527131783	0.0	0.0	0.0	0.0	5.77906976744186	0.0	0.5852713178294574	1.1124031007751938	3.12015503875969	0.0	2.9302325581395348	0.0	0.3953488372093023	1.2403100775193798	0.0	0.7674418604651163	1.2286821705426356	0.0
1371893	0.0	0.0	0.0	1.4336043360433603	0.0	0.45528455284552843	0.3224932249322493	0.0	1.102981029810298	0.0	0.0	1.983739837398374	0.0	0.0	0.0	4.831978319783198	0.0	2.13550135501355	0.0	1.8563685636856369	0.39295392953929537	2.607046070460705	0.0	2.2466124661246614	3.7046070460704605	0.0	2.2249322493224932	2.5311653116531163	0.0
1371894	0.0	0.7557471264367817	0.0	0.5718390804597702	0.0	2.103448275862069	0.0	0.0	0.9224137931034483	0.0	1.2586206896551724	1.6522988505747127	0.0	0.0	0.0	3.3017241379310347	0.0	0.4540229885057471	0.0	1.5028735632183907	1.632183908045977	3.060344827586207	0.0	1.6350574712643677	1.0172413793103448	0.0	1.8045977011494252	1.103448275862069	0.0
1371895	0.0	0.5373406193078324	0.0	1.5792349726775956	0.0	0.10200364298724955	0.37158469945355194	0.30601092896174864	0.7468123861566485	0.0	0.0	0.3224043715846995	0.0	0.0	0.0	1.313296903460838	0.0	1.843351548269581	0.4918032786885246	2.6484517304189437	1.5264116575591986	3.4990892531876137	0.0	0.8816029143897997	2.1712204007285973	0.0	1.9162112932604736	1.0801457194899817	0.0
1371897	0.0	0.02756892230576441	0.0	0.7944862155388471	0.0	1.6491228070175439	2.155388471177945	0.0	0.0	0.0	0.0	2.1228070175438596	0.0	0.0	0.0	4.380952380952381	0.0	2.175438596491228	0.0	1.1077694235588973	0.17794486215538846	3.3859649122807016	0.0	5.87218045112782	4.150375939849624	0.0	1.6040100250626566	1.7644110275689222	0.0
1371898	0.0	0.0	0.0	0.1037037037037037	0.0	0.9166666666666666	0.9203703703703704	0.0	0.5203703703703704	0.5296296296296297	0.43703703703703706	1.5907407407407408	0.0	0.0	0.3592592592592593	3.2944444444444443	0.0	0.9537037037037037	0.0	2.688888888888889	0.2796296296296296	3.0703703703703704	0.0	0.45	1.45	0.0	0.5185185185185185	1.951851851851852	0.0
1371899	0.0	0.0	0.0	1.728813559322034	0.0	0.8870056497175142	0.7090395480225988	0.0	1.3389830508474576	0.002824858757062147	0.9943502824858758	1.9576271186440677	0.0	0.0	0.0	1.268361581920904	0.8531073446327684	1.4943502824858756	0.0	1.073446327683616	1.0141242937853108	4.610169491525424	0.0	0.5649717514124294	0.6214689265536724	0.0	0.6016949152542372	0.748587570621469	0.4265536723163842
1371902	0.0	0.0	0.0	0.9223744292237442	0.0	0.0	1.3356164383561644	0.0	1.4748858447488584	0.0	0.21689497716894976	0.0	0.0	0.0	0.0	2.65296803652968	0.0	1.4817351598173516	0.3447488584474886	0.7579908675799086	1.4771689497716896	2.7534246575342465	0.0	0.678082191780822	3.141552511415525	0.6506849315068494	0.9908675799086758	1.2671232876712328	0.0
1371903	0.0	0.6074411541381929	0.0	0.8276385725132878	0.0	1.1283219438116932	0.554290053151101	0.5489749430523918	0.7699316628701595	0.0	0.7524677296886864	0.37509491268033407	0.0	0.0	0.20652999240698558	2.207289293849658	0.0	2.0463173880030374	0.5178435839028094	2.173120728929385	2.0432801822323463	1.7752467729688686	0.45861807137433563	1.6674259681093395	2.0334092634776004	0.33864844343204253	1.595292331055429	2.277904328018223	0.19438116932422173
1200416	0.0	0.006734006734006734	0.0	0.6767676767676768	0.0	0.0	0.0	0.0	0.3164983164983165	0.0	1.3535353535353536	0.3389450056116723	0.0	0.3389450056116723	0.0	0.9539842873176206	0.0	0.5084175084175084	0.0	1.0134680134680134	0.8395061728395061	1.5084175084175084	0.0	0.5420875420875421	1.3524130190796857	0.0	1.792368125701459	0.6846240179573513	0.0
714194	1.0486111111111112	0.1736111111111111	1.0104166666666667	0.5	0.0	0.0	0.6875	0.0	0.0	0.0	1.875	0.0	0.0	0.0	0.0	2.1631944444444446	1.0486111111111112	0.7430555555555556	0.0	1.0347222222222223	0.7673611111111112	0.5	0.0	2.0	1.5972222222222223	0.0	2.326388888888889	2.6770833333333335	0.0
1487310	0.0	0.0	0.0	4.132275132275132	0.0	0.0	0.0	0.0	2.35978835978836	0.0	1.3227513227513228	0.0	0.0	0.0	0.0	0.0	0.0	0.0	0.0	0.7037037037037037	0.0	0.08465608465608465	0.0	0.2751322751322751	0.0	0.0	0.455026455026455	0.0	0.0
1675735	0.0	0.2921146953405018	0.0	0.27060931899641577	0.0	0.5394265232974911	0.5394265232974911	0.0	0.0	0.0	0.0	0.3154121863799283	0.0	0.0	0.0	1.7652329749103943	0.0	1.9014336917562724	0.0	1.6236559139784945	0.21863799283154123	0.9444444444444444	0.0	1.6917562724014337	0.5412186379928315	0.0	1.3709677419354838	0.5412186379928315	0.0
1675737	0.0	0.3447488584474886	0.0593607305936073	0.0	0.0	0.5159817351598174	0.3447488584474886	0.0	0.3401826484018265	0.0	0.886986301369863	1.687214611872146	0.0	0.0	0.0	1.2157534246575343	0.0	1.8276255707762556	0.0	0.8618721461187214	1.187214611872146	1.4063926940639269	0.0	0.91324200913242	1.3755707762557077	0.3424657534246575	4.0	1.0011415525114156	0.0
1675738	0.0	0.6400425985090522	0.08519701810436635	0.6432374866879659	0.0	0.5527156549520766	1.3003194888178913	0.0	1.604898828541001	0.0	1.2619808306709266	0.9637912673056444	0.0	0.0	0.0	2.170394036208733	0.6389776357827476	0.35676251331203407	0.0	0.9957401490947817	1.0798722044728435	0.5431309904153354	0.0	0.7263045793397231	1.5953141640042598	0.0	1.4739084132055378	1.128860489882854	0.0
1324128	0.0	1.5045592705167172	0.0	0.303951367781155	0.0	0.0	0.0	0.0	0.6119554204660588	0.0	0.5805471124620061	1.1448834853090173	0.0	0.0	0.0	1.3515704154002026	0.0	1.8318135764944277	0.0	1.0070921985815602	0.4316109422492401	1.3708206686930091	0.0	0.8429584599797366	1.3738601823708207	0.04356636271529889	1.4559270516717324	0.5521783181357649	0.0
1314597	0.0	0.0	0.0	2.268065268065268	0.0	0.0	2.4592074592074593	0.0	0.8531468531468531	0.5221445221445221	1.6386946386946386	1.9090909090909092	0.0	0.0	0.0	5.466200466200466	0.5221445221445221	1.6247086247086246	0.0	1.5944055944055944	0.6876456876456877	4.244755244755245	0.0	1.7692307692307692	1.9230769230769231	0.0	1.2913752913752914	0.5198135198135199	0.0
1314598	0.0	0.4666666666666667	0.0	0.8589743589743589	0.0	0.5692307692307692	0.4025641025641026	0.5692307692307692	1.1923076923076923	0.19487179487179487	2.5923076923076924	1.5435897435897437	0.0	0.0	0.0	5.566666666666666	0.9025641025641026	0.8641025641025641	0.0	2.6205128205128205	1.6794871794871795	1.0923076923076922	0.0	1.1307692307692307	1.1384615384615384	0.0	0.5333333333333333	2.146153846153846	0.0
1314606	0.0	0.0	0.0	0.6801801801801802	0.0	0.0	0.918918918918919	0.5675675675675675	1.677927927927928	0.0	0.0	0.6599099099099099	0.48423423423423423	0.0	0.0	0.6801801801801802	0.0	1.0	0.0	1.6013513513513513	1.3490990990990992	0.9977477477477478	0.0	1.3333333333333333	0.6013513513513513	0.0	1.2454954954954955	1.2657657657657657	0.0
1314609	0.4357864357864358	0.43001443001443	0.0	0.6046176046176046	0.0	0.4329004329004329	1.0331890331890332	0.0	0.0	0.0	0.8614718614718615	0.5021645021645021	0.0	0.0	0.7142857142857143	4.904761904761905	0.0	1.520923520923521	0.0	1.826839826839827	2.3044733044733046	4.077922077922078	0.0	1.2698412698412698	0.33044733044733043	0.32611832611832614	1.7085137085137085	1.4473304473304474	0.0
1314619	0.0	0.2584541062801932	0.0	0.5169082125603864	0.0	0.9371980676328503	0.0	0.0	0.7004830917874396	0.0	0.3647342995169082	0.36231884057971014	0.0	0.7246376811594203	0.5410628019323671	2.3333333333333335	0.0	3.8043478260869565	0.0	0.7294685990338164	0.0	2.3357487922705316	0.0	2.4347826086956523	1.6642512077294687	0.0	1.3309178743961352	0.6956521739130435	0.0
1314620	0.0	1.10828025477707	0.0	0.0	0.0	3.050955414012739	2.1825902335456475	0.0	0.6411889596602972	0.0	0.346072186836518	1.0552016985138004	0.0	0.0	0.11677282377919321	3.634819532908705	0.0	1.3673036093418258	0.0	0.3184713375796178	2.2420382165605095	3.7643312101910826	0.0	4.371549893842888	0.5987261146496815	0.0	1.1358811040339702	3.7558386411889595	0.6050955414012739
691833	0.0	0.7233935742971888	0.15160642570281124	1.356425702811245	0.0	0.23343373493975902	0.4241967871485944	0.0	0.6059236947791165	0.15160642570281124	0.9066265060240963	0.7329317269076305	0.0	0.0	0.0	2.0958835341365463	0.0	1.5406626506024097	0.0	0.7720883534136547	0.26104417670682734	1.3604417670682731	0.0	1.9829317269076305	0.6636546184738956	0.0	0.5266064257028112	1.0577309236947792	0.0
1496309	0.24242424242424243	0.0	0.3356643356643357	0.037296037296037296	0.0	0.0	0.0	0.0	0.30303030303030304	0.0	0.5979020979020979	0.351981351981352	0.0	0.175990675990676	0.5827505827505828	3.1153846153846154	0.0	0.6666666666666666	0.351981351981352	0.7016317016317016	0.8426573426573427	2.2062937062937062	0.0	0.7284382284382285	0.5944055944055944	0.351981351981352	0.351981351981352	1.2156177156177157	0.5827505827505828
1115180	0.0	0.0	0.0	0.0	0.0	0.0	0.0	0.0	1.2	0.0	0.5222222222222223	0.0	0.0	0.0	0.0	0.3814814814814815	0.0	0.0	0.0	1.237037037037037	0.0	0.3962962962962963	0.0	1.0740740740740742	0.9481481481481482	0.0	4.055555555555555	2.225925925925926	0.0
798218	0.0	0.2062780269058296	0.0	0.8609865470852018	0.0	1.3153961136023917	0.9745889387144993	0.0	0.7204783258594918	0.0	0.22720478325859492	0.6337817638266069	0.0	0.0	0.0	2.9267563527653215	0.0	1.1778774289985052	0.0	1.5231689088191331	0.4977578475336323	1.2705530642750373	0.0	0.7369207772795217	2.701046337817638	0.0	2.5261584454409567	0.4499252615844544	0.0
798221	0.0	0.0	0.08237547892720307	0.0421455938697318	0.0	0.19731800766283525	1.0459770114942528	0.0	0.07854406130268199	0.0	0.289272030651341	0.08237547892720307	0.0	0.0	0.0	0.5057471264367817	0.0	0.07854406130268199	0.0	2.310344827586207	0.1839080459770115	0.7796934865900383	0.0	0.578544061302682	0.4827586206896552	0.0	0.07854406130268199	0.005747126436781609	0.0
798223	0.0	0.8669064748201439	0.0	0.6714628297362111	0.0	0.5227817745803357	0.02877697841726619	0.0	0.0	0.0	0.1342925659472422	1.171462829736211	0.36211031175059955	0.0	0.0	1.8597122302158273	0.0	0.4316546762589928	0.0	0.7410071942446043	0.13069544364508393	0.14148681055155876	0.0	0.22302158273381295	0.36930455635491605	0.0	0.854916067146283	1.040767386091127	0.0
761625	0.0	0.0	0.0	0.0	0.26773049645390073	0.0	0.5354609929078015	0.0	0.0	0.0	0.2969858156028369	0.022163120567375887	0.0	0.26773049645390073	0.0	1.0984042553191489	0.0	0.5336879432624113	0.0	0.7349290780141844	0.5354609929078015	1.1205673758865249	0.0	0.47429078014184395	0.0	0.0	0.7916666666666666	0.0	0.0
94199	0.0	0.0	0.0	0.0	0.0	2.464788732394366	0.6995305164319249	0.0	0.0	0.0	0.0	1.272300469483568	0.0	0.0	0.0	2.9577464788732395	0.0	0.7887323943661971	0.0	1.323943661971831	0.0	0.1784037558685446	0.0	0.7089201877934272	0.27699530516431925	0.3004694835680751	1.4788732394366197	1.5586854460093897	0.0
137182	0.0	0.9629629629629629	0.0	0.0	0.0	0.5468409586056645	0.9586056644880174	0.0	0.3638344226579521	0.0	1.1350762527233116	0.3289760348583878	0.0	0.0	0.0	0.9477124183006536	0.0	2.056644880174292	0.0	0.599128540305011	2.4814814814814814	0.07625272331154684	0.0	1.0544662309368191	1.3159041394335511	0.0	0.9498910675381264	0.7668845315904139	0.32461873638344224
1630959	0.0	0.32	0.0	0.52	0.0	0.0	0.0	0.0	2.862222222222222	0.0	1.208888888888889	0.0	0.0	0.0	0.0	3.2888888888888888	0.0	0.6088888888888889	0.0	1.248888888888889	1.4622222222222223	1.4	0.0	1.5422222222222222	0.2222222222222222	0.0	0.0	0.0	0.0
1630963	0.0	1.4484412470023982	0.0	0.0	0.0	0.36211031175059955	0.0	0.0	0.5443645083932853	0.0	0.0	0.06954436450839328	0.0	0.0	0.0	1.0335731414868106	0.0	1.6642685851318946	0.0	0.9904076738609112	2.606714628297362	0.0	0.0	0.0	0.0	0.0	0.44844124700239807	0.3764988009592326	0.7146282973621103
1023921	0.0	0.22713178294573644	0.0	0.7310077519379845	0.0	0.22635658914728682	0.16124031007751938	0.0	0.45271317829457364	0.0	0.012403100775193798	0.034108527131782945	0.14883720930232558	0.0	0.0	1.1356589147286822	0.0	0.772093023255814	0.23410852713178296	1.1922480620155038	1.1635658914728682	0.7744186046511627	0.0	0.5829457364341085	1.3031007751937984	0.0	1.1961240310077519	0.7023255813953488	0.0
883934	0.0	1.0291345329905741	0.0	1.0	0.0	0.517566409597258	1.2930591259640103	0.0	1.0334190231362468	0.0	0.7703513281919452	0.6786632390745502	0.0	0.0	0.0	0.5912596401028277	0.0	1.2322193658954583	0.0	1.113967437874893	1.0308483290488433	1.06426735218509	0.0	1.2784918594687231	0.5149957155098543	0.0	1.4104541559554413	1.2639245929734362	0.0
851149	0.0	0.1032258064516129	0.0	0.0	0.0	0.6494623655913978	0.3333333333333333	0.0	0.0	0.0	1.156989247311828	0.8451612903225807	0.0	0.0	0.0	1.950537634408602	0.0	0.610752688172043	0.0	0.3720430107526882	0.443010752688172	1.167741935483871	0.0	0.4924731182795699	0.6494623655913978	0.0	0.0	0.7956989247311828	0.0
