key	WAM_ALR	WAM_CCR	WAM_IPI	WAM_MAR	WAM_MYS	WAM_PBL	WAM_PJN	WAM_PPR	WAM_PST	WAM_ROL	WAM_SCR	WAM_SGN	WAM_SIS	WAM_TWN	WAR_ALR	WAR_CCR	WAR_IPI	WAR_MAR	WAR_MYS	WAR_PBL	WAR_PJN	WAR_PPR	WAR_PSK	WAR_PST	WAR_RNW	WAR_ROL	WAR_SCR	WAR_SGL	WAR_SIS
947988	1.2686084142394822	2.8478964401294498	1.3462783171521036	1.0906148867313916	0.12297734627831715	1.9870550161812297	2.867313915857605	0.0	0.6893203883495146	1.941747572815534	5.313915857605178	1.7766990291262137	0.6051779935275081	0.0	1.0906148867313916	6.841423948220065	1.3818770226537216	2.5501618122977345	0.4886731391585761	2.9158576051779934	2.320388349514563	4.796116504854369	0.4886731391585761	4.26537216828479	0.7572815533980582	3.55663430420712	7.226537216828479	1.5177993527508091	3.3915857605177995
947989	1.880952380952381	2.7817460317460316	0.6587301587301587	1.0277777777777777	0.0	1.742063492063492	1.9841269841269842	0.0	3.0476190476190474	0.9722222222222222	2.5198412698412698	2.238095238095238	0.4444444444444444	0.14682539682539683	1.742063492063492	5.015873015873016	1.7063492063492063	3.4166666666666665	0.0	2.742063492063492	5.166666666666667	1.5634920634920635	0.5912698412698413	4.448412698412699	1.0277777777777777	1.0396825396825398	3.607142857142857	0.5753968253968254	0.7222222222222222
948000	0.4631268436578171	0.0	0.8908554572271387	2.1976401179941	0.9970501474926253	0.6607669616519174	1.896755162241888	1.831858407079646	2.2359882005899707	3.4985250737463125	2.103244837758112	0.3834808259587021	0.0	0.0	0.7876106194690266	9.498525073746313	0.4808259587020649	2.9882005899705013	0.8289085545722714	4.185840707964601	4.191740412979351	6.752212389380531	0.5693215339233039	4.702064896755163	4.109144542772861	2.144542772861357	3.0117994100294987	1.5722713864306785	0.9085545722713865
948003	1.7509578544061302	1.3218390804597702	0.9885057471264368	0.7126436781609196	2.2298850574712645	0.896551724137931	2.6398467432950192	0.0	1.789272030651341	0.0	3.475095785440613	0.9616858237547893	0.0	0.524904214559387	2.5555555555555554	3.8659003831417627	1.8275862068965518	0.06130268199233716	0.4942528735632184	1.314176245210728	3.1800766283524906	10.597701149425287	0.842911877394636	7.521072796934866	2.1724137931034484	1.7203065134099618	8.977011494252874	0.0	0.578544061302682
571356	1.1160769708255742	2.877094972067039	0.6337678460583489	1.2042209807572937	0.8994413407821229	0.6530105524518932	2.0509000620732465	1.4711359404096833	1.6474239602731222	1.1458721291123526	3.069522036002483	1.5661080074487896	0.18684047175667287	0.186219739292365	1.441961514587213	7.619490999379267	0.7777777777777778	2.851024208566108	1.2855369335816262	3.746120422098076	2.468653010552452	10.649286157666046	1.2110490378646803	4.875853507138423	2.467411545623836	3.2253258845437616	3.9751707014276847	1.74487895716946	1.8820608317815022
1067168	1.0822510822510822	0.9264069264069265	1.2683982683982684	1.4242424242424243	0.0	0.22943722943722944	0.7142857142857143	0.6060606060606061	2.0259740259740258	0.05627705627705628	3.311688311688312	5.121212121212121	0.7965367965367965	0.0	2.4761904761904763	9.294372294372295	0.0	2.445887445887446	2.2554112554112553	2.601731601731602	5.701298701298701	12.441558441558442	1.103896103896104	3.9264069264069263	0.5411255411255411	2.0476190476190474	3.593073593073593	1.12987012987013	2.3073593073593073
1067170	0.0	3.985777777777778	0.44266666666666665	1.232888888888889	1.0444444444444445	1.088	2.7866666666666666	0.8035555555555556	2.2515555555555555	2.3653333333333335	2.617777777777778	1.9075555555555554	0.7128888888888889	0.0	2.056888888888889	8.505777777777778	1.6586666666666667	3.934222222222222	1.1582222222222223	2.9555555555555557	3.0124444444444443	9.905777777777777	1.456	3.624	3.5164444444444443	2.679111111111111	5.2604444444444445	2.477333333333333	2.248
571370	0.8640522875816994	2.9084967320261437	0.7241830065359477	1.530718954248366	0.592156862745098	1.8392156862745097	3.6705882352941175	0.9777777777777777	3.100653594771242	1.3986928104575163	0.5725490196078431	0.5986928104575163	0.4745098039215686	0.0	1.057516339869281	17.11111111111111	0.9111111111111111	2.4862745098039216	1.2941176470588236	3.096732026143791	3.6483660130718953	7.6156862745098035	0.19738562091503267	5.328104575163398	1.7986928104575164	3.0052287581699346	3.069281045751634	2.326797385620915	1.7084967320261437
571373	1.2803030303030303	2.7329545454545454	0.017045454545454544	0.08333333333333333	0.6723484848484849	1.7102272727272727	2.172348484848485	0.19696969696969696	1.8465909090909092	2.6931818181818183	4.145833333333333	1.706439393939394	0.5018939393939394	0.4734848484848485	1.2026515151515151	13.401515151515152	1.1363636363636365	1.884469696969697	2.1931818181818183	6.1022727272727275	4.232954545454546	10.710227272727273	0.9412878787878788	4.520833333333333	4.200757575757576	3.289772727272727	7.513257575757576	2.899621212121212	0.4678030303030303
571375	1.09915611814346	3.5464135021097047	1.371308016877637	1.8048523206751055	0.8670886075949367	0.9208860759493671	1.6540084388185654	0.7341772151898734	1.5864978902953586	1.7816455696202531	2.4008438818565403	1.2921940928270041	0.2141350210970464	0.6286919831223629	0.9367088607594937	7.374472573839663	2.1677215189873418	2.6434599156118144	1.629746835443038	3.9736286919831225	2.6181434599156117	8.248945147679326	1.600210970464135	3.560126582278481	1.0970464135021096	2.226793248945148	4.555907172995781	1.4926160337552743	1.9462025316455696
559444	0.11959287531806616	4.188295165394402	0.0	0.9185750636132316	0.0	0.1272264631043257	4.3867684478371505	1.7786259541984732	3.178117048346056	0.7684478371501272	4.290076335877862	0.0	0.31806615776081426	0.24936386768447838	2.267175572519084	4.765903307888041	1.910941475826972	1.16793893129771	2.931297709923664	1.173027989821883	4.330788804071247	10.424936386768447	0.7073791348600509	5.139949109414759	0.5419847328244275	2.608142493638677	5.061068702290076	1.7124681933842238	2.3078880407124682
559447	0.4166666666666667	3.5180555555555557	2.3291666666666666	1.1111111111111112	1.101388888888889	1.1166666666666667	0.9694444444444444	1.2138888888888888	3.15	0.6208333333333333	1.9166666666666667	1.3569444444444445	0.0	0.0	1.675	8.179166666666667	1.2722222222222221	1.6097222222222223	0.9861111111111112	3.529166666666667	2.2263888888888888	7.794444444444444	0.6027777777777777	3.201388888888889	2.095833333333333	3.8625	5.463888888888889	2.1597222222222223	1.8777777777777778
1610542	0.7076923076923077	0.4717948717948718	0.7076923076923077	0.0	1.0324786324786326	0.5145299145299145	0.31794871794871793	0.764102564102564	1.6358974358974359	0.35213675213675216	3.852991452991453	1.7008547008547008	0.5162393162393163	0.441025641025641	0.4547008547008547	5.758974358974359	1.052991452991453	3.434188034188034	0.0	2.1606837606837606	5.724786324786325	5.252991452991453	0.770940170940171	4.9162393162393165	0.6957264957264957	3.6307692307692307	3.7777777777777777	1.9025641025641025	0.04786324786324787
1746108	1.278118609406953	3.114519427402863	1.4662576687116564	1.278118609406953	0.8445807770961146	1.7484662576687116	0.7914110429447853	2.2822085889570554	2.390593047034765	1.5991820040899796	4.754601226993865	2.294478527607362	1.3374233128834356	0.0	1.2229038854805725	9.973415132924336	1.8670756646216768	2.4519427402862988	3.5685071574642127	3.574642126789366	5.233128834355829	14.912065439672801	0.30879345603271985	6.159509202453988	1.8159509202453987	4.766871165644171	4.979550102249489	0.23721881390593047	2.3680981595092025
1695635	2.1576354679802954	1.4154351395730707	0.6617405582922824	0.9901477832512315	0.0	0.17733990147783252	2.2298850574712645	0.5336617405582923	1.2939244663382594	0.896551724137931	2.889983579638752	1.2594417077175697	0.0	0.0	1.4909688013136289	7.288998357963875	1.8013136288998357	3.3497536945812807	0.3448275862068966	2.5566502463054186	3.3957307060755335	8.114942528735632	1.9113300492610839	5.001642036124795	0.8045977011494253	1.9835796387520526	4.054187192118227	4.622331691297209	1.5155993431855501
727215	1.4245385450597177	2.1292073832790446	0.3941368078175896	0.8241042345276873	0.9641693811074918	0.9837133550488599	2.3583061889250816	0.8284473398479913	2.009771986970684	0.16395222584147665	1.6015200868621065	2.193268186753529	1.1140065146579805	0.0	1.9011943539630836	9.140065146579804	1.251900108577633	2.020629750271444	1.723127035830619	3.201954397394137	3.473398479913138	5.145494028230185	1.3289902280130292	4.950054288816504	2.536373507057546	3.211726384364821	4.64386536373507	1.210640608034745	2.2975027144408253
785242	1.1756440281030445	2.202966432474629	1.1811085089773614	1.555815768930523	0.08665105386416862	0.5120999219359875	2.480093676814988	0.8259172521467604	3.669008587041374	1.4637002341920375	5.31928181108509	2.2373145979703355	0.8235753317720531	0.4715066354410617	2.9617486338797816	11.901639344262295	1.4824355971896956	4.249804839968775	1.5589383294301327	4.3629976580796255	2.869633099141296	11.526932084309134	1.111631537861046	4.850117096018735	1.905542544886807	2.669789227166276	4.663544106167057	4.740046838407494	2.570647931303669
1006810	0.4703196347031963	1.1525114155251142	0.5497716894977169	1.3059360730593608	0.0	0.4557077625570776	1.6995433789954337	0.7269406392694064	2.91689497716895	0.8246575342465754	3.287671232876712	1.4684931506849315	0.8264840182648402	0.0821917808219178	1.3525114155251141	8.330593607305936	0.4100456621004566	2.4794520547945207	1.9881278538812786	2.4995433789954338	2.8328767123287673	8.956164383561644	0.0	3.3360730593607304	2.8054794520547945	2.1762557077625573	3.1013698630136988	1.8474885844748858	1.7698630136986302
989169	0.49053030303030304	0.8162878787878788	0.9412878787878788	0.6363636363636364	0.5700757575757576	0.3106060606060606	3.4242424242424243	1.240530303030303	5.363636363636363	1.5965909090909092	3.587121212121212	0.9147727272727273	0.32954545454545453	0.0	3.053030303030303	8.570075757575758	0.7765151515151515	3.6988636363636362	1.0265151515151516	2.2196969696969697	5.464015151515151	10.25	1.0757575757575757	7.1231060606060606	2.284090909090909	3.672348484848485	5.1231060606060606	2.566287878787879	3.9375
485257	2.8034188034188032	3.0598290598290596	1.4472934472934473	0.005698005698005698	0.4301994301994302	0.42735042735042733	3.213675213675214	0.4843304843304843	0.98005698005698	1.2193732193732194	2.9373219373219372	1.5327635327635327	0.4301994301994302	0.0	0.603988603988604	7.455840455840455	1.5441595441595442	1.3675213675213675	1.7663817663817665	2.3732193732193734	0.4757834757834758	6.54985754985755	2.3846153846153846	5.279202279202279	0.5299145299145299	2.6923076923076925	5.843304843304844	0.47293447293447294	2.8632478632478633
485240	1.7583892617449663	1.6823266219239374	1.1812080536912752	0.38031319910514544	0.1476510067114094	0.5145413870246085	0.33557046979865773	0.6241610738255033	0.6353467561521253	0.6756152125279642	2.8993288590604025	0.0	0.0	0.668903803131991	4.315436241610739	8.064876957494407	6.8165548098434	1.4630872483221478	1.0782997762863535	3.48993288590604	4.83668903803132	10.92841163310962	1.1431767337807606	2.6912751677852347	0.6935123042505593	1.1319910514541387	4.677852348993288	0.22595078299776286	1.505592841163311
485229	0.07326007326007326	1.0293040293040292	0.0	0.0	0.0	0.2490842490842491	2.5494505494505493	0.608058608058608	2.2454212454212454	2.2747252747252746	3.293040293040293	0.5494505494505495	0.0	0.38095238095238093	0.0	9.97069597069597	0.9487179487179487	1.9267399267399268	1.7655677655677655	6.542124542124542	4.1098901098901095	8.351648351648352	0.5531135531135531	4.512820512820513	1.6117216117216118	3.358974358974359	4.326007326007326	3.3736263736263736	3.0476190476190474
897118	0.9979296066252588	1.3623188405797102	0.0	1.445134575569358	0.0	0.0	1.1677018633540373	0.7619047619047619	0.391304347826087	1.2505175983436854	0.6086956521739131	1.7888198757763976	0.0	0.0	1.2422360248447204	3.2422360248447206	0.0	1.5341614906832297	0.6314699792960663	0.6356107660455487	1.0973084886128364	2.68944099378882	1.113871635610766	3.008281573498965	0.598343685300207	0.7598343685300207	2.5031055900621118	1.5507246376811594	1.7867494824016563
559448	0.736231884057971	2.918840579710145	0.8724637681159421	1.5594202898550724	0.8753623188405797	1.4666666666666666	4.176811594202898	0.0	4.515942028985507	2.710144927536232	2.336231884057971	1.098550724637681	0.43478260869565216	0.0	0.08115942028985507	7.173913043478261	0.4057971014492754	0.0	0.8260869565217391	3.802898550724638	5.988405797101449	5.284057971014493	0.22608695652173913	5.202898550724638	0.16521739130434782	4.71304347826087	3.8231884057971013	2.582608695652174	0.7594202898550725
559452	1.5666666666666667	2.8264367816091953	2.4482758620689653	0.8413793103448276	0.026436781609195402	0.3137931034482759	2.7011494252873565	0.7413793103448276	0.9229885057471264	0.5206896551724138	2.9264367816091954	0.7241379310344828	0.6367816091954023	0.0	2.791954022988506	7.641379310344828	0.0	3.2471264367816093	1.6724137931034482	1.5551724137931036	1.4206896551724137	6.354022988505747	0.4896551724137931	4.928735632183908	1.1160919540229886	2.7896551724137932	2.791954022988506	0.6931034482758621	1.4540229885057472
559453	1.130817610062893	2.4955974842767294	1.649056603773585	0.7572327044025158	0.6138364779874214	0.0	1.879245283018868	0.8918238993710692	3.1937106918238993	0.9672955974842767	2.8339622641509434	0.7987421383647799	0.0	0.0	2.3509433962264152	7.066666666666666	0.5861635220125786	3.6238993710691823	0.379874213836478	2.983647798742138	4.320754716981132	7.733333333333333	2.0037735849056606	3.7861635220125787	2.880503144654088	2.5836477987421382	5.353459119496855	2.0452830188679245	1.7031446540880504
559455	0.0	4.108771929824561	1.268421052631579	1.0052631578947369	0.0	1.4508771929824562	2.6526315789473682	0.856140350877193	1.8929824561403508	1.3666666666666667	2.6824561403508773	2.6052631578947367	0.17192982456140352	0.5245614035087719	1.5298245614035089	9.97719298245614	3.056140350877193	1.619298245614035	1.236842105263158	2.5140350877192983	5.636842105263158	7.0508771929824565	0.7894736842105263	4.091228070175439	3.156140350877193	1.4263157894736842	3.8929824561403508	2.2140350877192985	2.2736842105263158
559463	1.8447837150127226	3.213740458015267	0.7760814249363868	0.366412213740458	0.4198473282442748	0.3842239185750636	0.6844783715012722	0.7531806615776081	1.6743002544529262	0.0	2.8931297709923665	0.6157760814249363	0.12213740458015267	0.0	2.0127226463104324	10.951653944020356	0.1450381679389313	2.7302798982188294	0.0	2.38676844783715	0.8549618320610687	6.0	0.12213740458015267	3.66412213740458	0.8244274809160306	2.231552162849873	2.727735368956743	2.89058524173028	3.295165394402036
559466	2.025925925925926	0.7185185185185186	0.14814814814814814	0.9074074074074074	0.36666666666666664	0.762962962962963	3.596296296296296	0.4148148148148148	1.3555555555555556	2.5037037037037035	2.1333333333333333	2.988888888888889	1.7185185185185186	0.14814814814814814	3.037037037037037	12.34074074074074	1.8518518518518519	2.403703703703704	1.4777777777777779	3.7333333333333334	1.2703703703703704	9.962962962962964	1.114814814814815	7.277777777777778	0.6	3.251851851851852	4.7444444444444445	0.3333333333333333	1.8777777777777778
936677	0.6666666666666666	2.2582781456953644	0.0	1.6335540838852096	0.58719646799117	0.2560706401766004	4.6490066225165565	1.0198675496688743	0.05077262693156733	0.8233995584988962	2.355408388520971	3.1324503311258276	0.0	0.0	2.198675496688742	8.105960264900663	0.0	1.5408388520971303	1.7373068432671082	2.0375275938189845	1.0198675496688743	6.189845474613686	3.130242825607064	1.033112582781457	4.995584988962473	2.4083885209713025	2.514348785871965	3.2229580573951435	0.5894039735099338
936681	0.49511854951185497	2.090655509065551	1.4672245467224547	2.062761506276151	0.697350069735007	0.504881450488145	1.7405857740585775	1.4672245467224547	1.2538354253835426	0.43793584379358436	1.107391910739191	2.3640167364016738	0.4198047419804742	0.0	2.118549511854951	8.726638772663877	1.7224546722454672	1.1841004184100419	1.2287308228730822	2.7963737796373778	2.3723849372384938	11.762900976290098	1.1659693165969316	3.785216178521618	1.5271966527196652	0.806136680613668	2.7099023709902372	2.0348675034867503	1.5453277545327755
544579	0.07740916271721959	2.3649289099526065	0.8262243285939969	1.716429699842022	0.2377567140600316	0.504739336492891	1.3072669826224328	1.3183254344391786	3.5971563981042656	0.23696682464454977	1.9549763033175356	1.2077409162717219	0.0	0.0	1.9913112164296998	5.614533965244866	0.4921011058451817	1.3214849921011058	0.9320695102685624	1.985781990521327	2.441548183254344	9.036334913112164	0.2575039494470774	2.617693522906793	1.0260663507109005	1.5134281200631912	4.150078988941548	1.7804107424960505	1.187993680884676
902937	2.035320088300221	4.339955849889625	3.2671081677704192	1.3267108167770418	0.6666666666666666	0.7593818984547461	1.1236203090507726	0.847682119205298	2.313465783664459	0.6490066225165563	1.1236203090507726	3.251655629139073	0.0	0.0	2.8653421633554084	9.534216335540838	0.9624724061810155	4.298013245033113	0.6843267108167771	4.269315673289183	4.620309050772627	5.969094922737307	1.8410596026490067	3.9271523178807946	3.1589403973509933	6.0176600441501105	4.311258278145695	0.6975717439293598	1.5298013245033113
902940	3.707070707070707	3.8686868686868685	1.6464646464646464	1.0606060606060606	0.5892255892255892	0.0	3.175084175084175	1.1986531986531987	5.673400673400673	0.5791245791245792	1.5084175084175084	1.245791245791246	0.0	0.0	1.5353535353535352	12.181818181818182	0.5858585858585859	4.902356902356902	1.4242424242424243	2.3097643097643097	4.232323232323233	12.922558922558922	2.898989898989899	7.67003367003367	1.0168350168350169	2.5723905723905722	4.811447811447811	3.016835016835017	1.4713804713804715
485273	1.9743589743589745	3.482051282051282	0.6871794871794872	2.764102564102564	0.0	0.48205128205128206	2.0358974358974358	0.0	2.3692307692307693	0.0	1.8717948717948718	1.3128205128205128	0.0	0.0	0.7743589743589744	7.533333333333333	1.6974358974358974	0.7794871794871795	0.7230769230769231	3.1076923076923078	1.4205128205128206	8.574358974358974	0.7282051282051282	3.466666666666667	1.4820512820512821	3.641025641025641	3.6666666666666665	3.7333333333333334	1.4512820512820512
485274	1.2682926829268293	2.3224932249322494	2.016260162601626	0.9024390243902439	0.46612466124661245	0.02168021680216802	0.6802168021680217	0.07859078590785908	2.265582655826558	0.9105691056910569	0.943089430894309	1.9024390243902438	0.0	0.0	3.168021680216802	8.287262872628727	0.4905149051490515	1.146341463414634	0.8617886178861789	3.5013550135501355	3.4905149051490514	11.528455284552846	0.4037940379403794	3.062330623306233	1.3035230352303524	2.924119241192412	2.254742547425474	1.880758807588076	1.886178861788618
1746114	0.361323155216285	2.0254452926208653	0.0	0.4402035623409669	1.2239185750636132	0.0	3.381679389312977	0.9083969465648855	1.9720101781170483	0.4529262086513995	4.409669211195928	1.806615776081425	0.0	0.0	1.0458015267175573	6.10941475826972	1.376590330788804	3.356234096692112	0.3791348600508906	2.3206106870229006	4.905852417302799	6.559796437659033	0.18575063613231552	6.455470737913486	2.7480916030534353	1.9923664122137406	4.997455470737913	2.0610687022900764	1.3893129770992367
1746115	1.6732891832229582	2.6666666666666665	0.0	1.4591611479028697	0.0	0.2671081677704194	1.9845474613686533	1.0529801324503312	2.1015452538631347	0.2671081677704194	2.6997792494481234	0.7593818984547461	0.6644591611479028	0.0	0.7086092715231788	6.430463576158941	0.6600441501103753	3.437086092715232	0.3333333333333333	3.88962472406181	4.485651214128035	8.103752759381898	0.4966887417218543	3.4282560706401766	3.8101545253863134	1.6048565121412803	3.7373068432671084	3.2869757174392937	1.5607064017660044
1746117	0.3870056497175141	2.7175141242937855	0.5706214689265536	0.2740112994350282	0.844632768361582	1.1384180790960452	2.861581920903955	1.2005649717514124	2.5762711864406778	1.6638418079096045	1.0536723163841808	1.576271186440678	0.0	0.480225988700565	0.10734463276836158	6.711864406779661	3.2994350282485874	3.7768361581920904	0.07062146892655367	1.728813559322034	2.5141242937853105	7.872881355932203	2.553672316384181	4.564971751412429	3.889830508474576	2.468926553672316	1.847457627118644	1.3022598870056497	0.4067796610169492
1746118	1.5435244161358812	3.738853503184713	1.5477707006369428	1.7876857749469215	0.4745222929936306	0.5233545647558386	1.8789808917197452	1.2261146496815287	3.6475583864118897	1.2176220806794056	3.023354564755839	2.9129511677282376	0.1602972399150743	0.3662420382165605	1.2802547770700636	7.773885350318471	1.4363057324840764	2.9554140127388533	2.09447983014862	1.7070063694267517	4.86411889596603	12.363057324840764	1.1167728237791932	3.8333333333333335	3.929936305732484	4.449044585987261	4.247346072186836	1.2643312101910829	0.8800424628450106
1746120	1.5087719298245614	4.646616541353383	0.0	0.23308270676691728	0.0	0.7744360902255639	0.606516290726817	1.4110275689223057	2.0350877192982457	0.0	4.137844611528822	1.3433583959899749	1.949874686716792	0.0	5.0927318295739346	14.010025062656641	4.110275689223058	2.593984962406015	2.463659147869674	3.857142857142857	5.2406015037593985	6.208020050125313	0.2882205513784461	6.779448621553884	2.238095238095238	3.7468671679197993	2.072681704260652	2.7092731829573933	0.040100250626566414
1746121	1.560846560846561	3.0793650793650795	0.0	0.0	1.597883597883598	2.208994708994709	0.798941798941799	0.8968253968253969	1.7804232804232805	2.367724867724868	2.8465608465608465	1.1719576719576719	0.746031746031746	0.3994708994708995	3.835978835978836	7.4523809523809526	2.0423280423280423	2.695767195767196	0.716931216931217	3.9232804232804233	4.031746031746032	6.608465608465608	1.3492063492063493	4.785714285714286	1.5185185185185186	1.687830687830688	3.497354497354497	0.8835978835978836	0.7724867724867724
1746122	1.4564102564102563	1.2974358974358975	0.0	2.5589743589743588	1.6205128205128205	0.0	1.641025641025641	1.6051282051282052	2.0974358974358975	0.40512820512820513	2.651282051282051	0.8307692307692308	1.0	0.7384615384615385	2.6974358974358976	8.77948717948718	2.128205128205128	2.841025641025641	0.7743589743589744	1.9230769230769231	3.2615384615384615	11.902564102564103	1.358974358974359	5.666666666666667	2.4	1.0923076923076922	4.348717948717948	2.1846153846153844	1.912820512820513
1746123	2.2025089605734767	0.7258064516129032	1.485663082437276	1.9659498207885304	0.023297491039426525	1.6774193548387097	1.6164874551971327	1.1702508960573477	2.783154121863799	0.5913978494623656	2.3942652329749103	1.4838709677419355	0.0	0.45698924731182794	0.8709677419354839	6.661290322580645	1.0304659498207884	2.324372759856631	0.5394265232974911	0.942652329749104	3.9659498207885306	6.801075268817204	0.5412186379928315	4.473118279569892	1.3476702508960574	4.85663082437276	5.743727598566308	2.9301075268817205	1.3369175627240144
1746124	1.3688888888888888	2.8466666666666667	1.0066666666666666	2.154074074074074	0.4474074074074074	1.9814814814814814	3.096296296296296	0.8792592592592593	2.0525925925925925	1.497037037037037	4.260740740740741	1.5044444444444445	0.13037037037037036	0.016296296296296295	1.5577777777777777	7.257777777777778	1.574814814814815	2.928888888888889	1.654074074074074	1.8866666666666667	3.6192592592592594	12.09037037037037	0.36444444444444446	4.70962962962963	2.6725925925925926	1.9037037037037037	5.2518518518518515	2.765185185185185	1.1807407407407406
1746125	2.8098159509202456	3.0	0.5460122699386503	1.6237218813905931	0.4171779141104294	1.5582822085889572	0.9877300613496932	1.0572597137014315	2.0470347648261757	1.591002044989775	3.4539877300613497	1.3824130879345604	0.9979550102249489	0.0	0.7730061349693251	10.979550102249489	0.9918200408997955	0.9079754601226994	3.4723926380368098	2.2065439672801634	3.3251533742331287	6.110429447852761	0.022494887525562373	6.586912065439673	1.521472392638037	1.0388548057259714	3.0122699386503067	2.7464212678936604	1.8445807770961145
1746128	0.9617486338797814	2.2650273224043715	0.7759562841530054	0.7377049180327869	0.31420765027322406	1.2131147540983607	2.398907103825137	1.4316939890710383	2.699453551912568	4.355191256830601	1.278688524590164	0.6120218579234973	1.5765027322404372	0.0	2.3633879781420766	9.969945355191257	0.5109289617486339	1.7377049180327868	0.8224043715846995	1.5437158469945356	5.543715846994536	9.480874316939891	0.30601092896174864	3.546448087431694	3.021857923497268	1.1912568306010929	3.122950819672131	2.8852459016393444	1.6202185792349726
1746129	0.524074074074074	2.3444444444444446	1.1018518518518519	0.42592592592592593	0.0	1.3944444444444444	2.5462962962962963	1.2351851851851852	1.825925925925926	0.7148148148148148	0.6685185185185185	0.4981481481481482	1.5444444444444445	0.0	1.6185185185185185	7.981481481481482	1.0407407407407407	1.738888888888889	0.6944444444444444	3.2888888888888888	7.220370370370371	5.277777777777778	0.5555555555555556	4.212962962962963	1.8814814814814815	4.4185185185185185	1.9981481481481482	2.696296296296296	1.6592592592592592
1746130	1.237037037037037	1.8444444444444446	1.5679012345679013	1.8518518518518519	1.0938271604938272	1.0691358024691358	0.7950617283950617	2.0197530864197533	1.0938271604938272	1.202469135802469	2.5012345679012347	1.1703703703703703	0.0	0.0	2.2617283950617284	5.093827160493827	3.4444444444444446	2.096296296296296	1.4765432098765432	2.34320987654321	4.661728395061728	8.780246913580246	1.0839506172839506	3.6296296296296298	3.7358024691358023	1.8592592592592592	4.762962962962963	2.8098765432098767	2.293827160493827
1746132	0.8483245149911817	3.615520282186949	0.582010582010582	1.0070546737213404	1.3033509700176367	1.035273368606702	1.5202821869488536	1.2239858906525574	1.9735449735449735	1.2698412698412698	2.9100529100529102	0.9488536155202821	0.5608465608465608	0.0	2.4638447971781305	7.223985890652557	1.3950617283950617	3.9382716049382718	1.8412698412698412	2.9135802469135803	7.564373897707231	14.447971781305114	0.4091710758377425	4.843033509700176	3.2310405643738975	2.2663139329805997	3.4744268077601412	0.7601410934744268	3.2962962962962963
1746133	1.3300970873786409	3.414239482200647	2.284789644012945	0.2459546925566343	0.4627831715210356	1.750809061488673	0.8932038834951457	1.3171521035598706	1.4951456310679612	0.6116504854368932	1.2459546925566343	0.0	0.4627831715210356	0.0	0.7281553398058253	7.763754045307444	0.8576051779935275	3.750809061488673	0.4854368932038835	1.7702265372168284	4.200647249190938	12.576051779935275	1.249190938511327	6.527508090614886	2.2686084142394822	5.203883495145631	2.8511326860841426	2.129449838187702	1.6245954692556634
1746134	1.4200542005420054	2.7398373983739837	2.111111111111111	1.4173441734417345	1.1246612466124661	0.7696476964769647	2.254742547425474	0.5311653116531165	1.2140921409214092	1.934959349593496	1.6233062330623307	0.8184281842818428	1.2059620596205962	0.0	1.4850948509485096	11.831978319783198	1.132791327913279	5.173441734417344	1.2384823848238482	1.8943089430894309	5.598915989159892	7.788617886178862	1.3794037940379404	4.7831978319783195	1.5284552845528456	3.821138211382114	5.411924119241192	2.4173441734417342	2.2195121951219514
1746135	1.7655677655677655	4.2967032967032965	0.8754578754578755	1.205128205128205	1.5787545787545787	0.07692307692307693	2.9963369963369964	0.5494505494505495	1.2234432234432235	0.7985347985347986	1.9230769230769231	2.076923076923077	0.0	0.018315018315018316	1.065934065934066	10.04029304029304	2.457875457875458	5.5787545787545785	2.509157509157509	2.4175824175824174	5.8498168498168495	9.84981684981685	1.9523809523809523	3.1684981684981683	0.41025641025641024	3.172161172161172	5.450549450549451	2.32967032967033	1.901098901098901
1746136	0.8264840182648402	2.219178082191781	1.2831050228310503	0.1095890410958904	0.593607305936073	0.2009132420091324	1.8721461187214612	0.4429223744292237	1.7762557077625571	1.2420091324200913	2.634703196347032	2.3835616438356166	0.0	1.36986301369863	4.8173515981735155	7.926940639269406	0.6529680365296804	2.5342465753424657	2.712328767123288	1.2420091324200913	3.5342465753424657	9.39269406392694	1.08675799086758	1.2146118721461188	0.6894977168949772	1.5022831050228311	5.031963470319635	3.7031963470319633	0.684931506849315
1746137	0.3932853717026379	3.8609112709832134	0.7649880095923262	0.5035971223021583	1.1390887290167866	0.5827338129496403	1.0287769784172662	0.12709832134292565	2.6690647482014387	0.34772182254196643	1.4796163069544364	2.908872901678657	0.9304556354916067	0.0	1.8489208633093526	8.597122302158274	0.6330935251798561	2.0575539568345325	1.1127098321342925	3.2709832134292567	0.2949640287769784	10.956834532374101	1.2829736211031175	5.067146282973621	2.817745803357314	3.4388489208633093	5.014388489208633	3.1223021582733814	2.9760191846522783
1746138	1.9501661129568106	1.929125138427464	1.3532668881506091	1.6212624584717608	0.44518272425249167	1.850498338870432	2.3942414174972315	2.5448504983388704	2.2602436323366555	1.5027685492801772	1.9667774086378738	1.3576965669988925	1.1306755260243633	0.0	1.7021040974529347	8.630121816168328	1.2768549280177186	3.413067552602436	1.2070874861572536	3.6777408637873754	2.3975636766334443	8.029900332225914	1.672203765227021	5.926910299003322	1.5293466223698782	2.62015503875969	5.7087486157253595	0.955703211517165	1.9678848283499446
1746139	0.9049295774647887	3.0211267605633805	0.5774647887323944	2.174882629107981	1.5422535211267605	1.2429577464788732	3.35093896713615	0.13497652582159625	3.01056338028169	1.233568075117371	3.9237089201877935	1.613849765258216	1.210093896713615	0.0	1.875586854460094	8.301643192488262	1.806338028169014	3.07981220657277	0.8204225352112676	3.2992957746478875	5.024647887323944	9.639671361502348	0.7030516431924883	3.60093896713615	2.6854460093896715	2.282863849765258	7.25	1.437793427230047	1.591549295774648
1746140	1.1304347826086956	2.25	2.8079710144927534	0.028985507246376812	0.717391304347826	0.09057971014492754	2.681159420289855	2.5869565217391304	2.2355072463768115	0.5507246376811594	5.3478260869565215	3.420289855072464	0.34057971014492755	0.0	3.8260869565217392	11.01086956521739	3.0471014492753623	0.41304347826086957	0.7210144927536232	2.597826086956522	6.579710144927536	9.315217391304348	2.6956521739130435	7.528985507246377	0.06159420289855073	0.9202898550724637	5.579710144927536	0.0	2.782608695652174
1746141	0.6762246117084827	0.5579450418160096	0.12783751493428913	1.9486260454002389	0.36081242532855434	1.2986857825567504	2.941457586618877	1.961768219832736	2.9187574671445637	0.8040621266427718	2.996415770609319	2.2126642771804064	0.2939068100358423	0.6379928315412187	1.7646356033452808	6.715651135005974	1.1923536439665472	2.873357228195938	1.1780167264038233	2.3727598566308243	2.718040621266428	9.183990442054958	2.4874551971326166	6.037037037037037	1.8088410991636799	2.793309438470729	5.040621266427718	2.2031063321385904	1.8614097968936678
1746142	0.04513888888888889	4.041666666666667	1.3715277777777777	1.4027777777777777	0.0	0.2569444444444444	2.0034722222222223	0.0	3.15625	2.0	5.180555555555555	2.0520833333333335	0.0	0.1597222222222222	1.5694444444444444	4.739583333333333	0.0	0.8402777777777778	0.8159722222222222	0.0798611111111111	2.017361111111111	6.913194444444445	1.9444444444444444	7.510416666666667	1.0451388888888888	4.180555555555555	4.913194444444445	1.2951388888888888	1.2083333333333333
1746143	0.0	1.7762557077625571	0.558599695585997	2.4916286149162863	0.3896499238964992	0.0	2.0898021308980215	1.8325722983257229	4.187214611872146	0.756468797564688	1.2633181126331812	1.1445966514459665	0.0	0.0	1.791476407914764	6.403348554033485	1.0228310502283104	1.3546423135464232	1.3211567732115677	1.756468797564688	2.470319634703196	7.660578386605784	3.1856925418569255	4.079147640791477	2.1613394216133943	3.5205479452054793	5.905631659056317	2.893455098934551	2.3363774733637745
1746144	1.8075757575757576	1.5272727272727273	0.45606060606060606	0.3090909090909091	0.9893939393939394	0.7863636363636364	1.6454545454545455	1.7181818181818183	3.268181818181818	1.4393939393939394	1.8303030303030303	1.143939393939394	0.0	0.0	3.7196969696969697	9.65	1.9363636363636363	3.959090909090909	2.05	2.375757575757576	4.051515151515152	8.504545454545454	1.8681818181818182	3.4515151515151516	1.8363636363636364	3.7075757575757575	6.057575757575758	2.477272727272727	1.8393939393939394
1746145	3.0903426791277258	6.330218068535825	0.9096573208722741	0.6822429906542056	0.0	0.0	1.7975077881619939	1.1962616822429906	4.093457943925234	1.925233644859813	3.236760124610592	2.4049844236760123	0.0	0.0	2.202492211838006	15.193146417445483	3.4330218068535827	1.7320872274143302	1.9937694704049844	5.046728971962617	1.2274143302180685	14.361370716510903	1.9968847352024923	7.258566978193146	2.143302180685358	6.595015576323988	10.18380062305296	4.003115264797508	3.0809968847352023
1746148	3.050955414012739	4.3630573248407645	0.8726114649681529	0.39278131634819535	0.33121019108280253	0.16772823779193205	0.6857749469214437	0.4883227176220807	1.5966029723991508	1.9044585987261147	1.5987261146496816	1.7664543524416136	0.0	0.0	0.7770700636942676	14.388535031847134	0.21231422505307856	2.26963906581741	1.9150743099787686	2.3800424628450108	3.8980891719745223	9.518046709129512	0.7367303609341825	5.83864118895966	2.7728237791932058	2.602972399150743	4.983014861995754	2.3312101910828025	0.5732484076433121
1746149	0.7181571815718157	2.037940379403794	1.3089430894308942	2.043360433604336	0.0	0.5907859078590786	2.2466124661246614	1.815718157181572	3.317073170731707	1.084010840108401	2.4037940379403793	2.6368563685636857	0.6666666666666666	0.0	2.5067750677506777	9.70460704607046	1.1056910569105691	3.8401084010840107	2.02710027100271	2.932249322493225	4.357723577235772	5.975609756097561	1.2791327913279134	3.731707317073171	1.7235772357723578	2.3089430894308944	3.986449864498645	2.921409214092141	1.1165311653116532
1746154	1.5909752547307132	2.8675400291120816	0.8122270742358079	0.3318777292576419	0.8791848617176128	1.9621542940320233	2.636098981077147	0.0	1.8675400291120816	1.8631732168850073	2.0334788937409023	0.6346433770014556	0.0	0.4395924308588064	1.4017467248908297	8.921397379912664	1.1586608442503639	4.289665211062591	0.6550218340611353	2.3508005822416305	3.374090247452693	6.046579330422126	1.3362445414847162	4.152838427947598	3.3551673944687046	3.017467248908297	3.541484716157205	2.2605531295487626	1.388646288209607
1746159	2.2133333333333334	2.54	0.0	1.5633333333333332	0.0	1.6133333333333333	2.53	1.0866666666666667	3.9433333333333334	0.5466666666666666	6.586666666666667	0.0	0.38333333333333336	0.5033333333333333	3.3766666666666665	9.603333333333333	0.66	2.5	0.26666666666666666	2.533333333333333	4.98	13.72	0.6633333333333333	4.683333333333334	0.0	1.5533333333333332	4.85	4.6466666666666665	0.5033333333333333
