key	WAM_ALR	WAM_CCR	WAM_IPI	WAM_MAR	WAM_MYS	WAM_PBL	WAM_PJN	WAM_PPR	WAM_PST	WAM_ROL	WAM_SCR	WAM_SGN	WAM_SIS	WAM_TWN	WAR_ALR	WAR_CCR	WAR_IPI	WAR_MAR	WAR_MYS	WAR_PBL	WAR_PJN	WAR_PPR	WAR_PSK	WAR_PST	WAR_RNW	WAR_ROL	WAR_SCR	WAR_SGL	WAR_SIS
777567	2.5171277997364956	1.5876152832674573	1.8524374176548088	1.533596837944664	0.0	0.5961791831357048	1.3438735177865613	1.922266139657444	2.1100131752305664	0.39723320158102765	0.3945981554677207	1.8847167325428196	0.5428194993412385	0.7068511198945981	1.9901185770750989	0.5942028985507246	1.2068511198945981	0.9486166007905138	0.4874835309617918	1.3689064558629775	2.2509881422924902	1.6264822134387351	1.7417654808959158	2.6001317523056655	1.546772068511199	2.062582345191041	2.189064558629776	2.1357048748353096	1.2727272727272727
1093523	1.2483221476510067	0.9932885906040269	0.3378076062639821	1.0604026845637584	0.0	1.9507829977628635	0.6756152125279642	0.348993288590604	1.0313199105145414	0.959731543624161	0.0	2.7069351230425056	0.0	0.33557046979865773	1.1297539149888143	1.4854586129753915	0.5950782997762863	2.221476510067114	0.0	4.534675615212528	2.6957494407158835	1.3333333333333333	2.19910514541387	2.0850111856823266	1.3109619686800895	1.4161073825503356	2.756152125279642	2.2170022371364655	1.0738255033557047
1093526	3.4684684684684686	3.036036036036036	1.4564564564564564	0.9309309309309309	0.8138138138138138	0.9069069069069069	4.102102102102102	1.7627627627627627	0.9219219219219219	1.6156156156156156	0.0	2.8078078078078077	0.0	1.960960960960961	0.6486486486486487	0.45345345345345345	1.3543543543543544	3.5975975975975976	0.0	3.3123123123123124	0.9069069069069069	2.33033033033033	2.4774774774774775	3.3633633633633635	1.7777777777777777	5.021021021021021	2.7867867867867866	2.1471471471471473	1.2942942942942943
1619186	1.9326765188834154	0.5533661740558292	0.0	0.2922824302134647	0.4400656814449918	0.9310344827586207	0.20361247947454844	1.1642036124794746	1.6108374384236452	0.9326765188834154	0.0	2.3793103448275863	0.0	1.0722495894909687	1.4088669950738917	0.0	1.0558292282430213	0.28078817733990147	0.7750410509031199	1.4154351395730707	2.715927750410509	0.49261083743842365	1.0377668308702792	1.2134646962233169	0.9688013136288999	0.9950738916256158	1.8440065681444993	1.4269293924466337	0.4630541871921182
977248	1.2058823529411764	1.1993464052287581	2.1029411764705883	0.4918300653594771	0.29901960784313725	1.4133986928104576	0.8186274509803921	0.0	0.7336601307189542	0.4918300653594771	0.0	2.0947712418300655	0.0	0.4934640522875817	1.3986928104575163	1.9068627450980393	0.9803921568627451	1.9983660130718954	0.0	0.7401960784313726	1.5522875816993464	0.9575163398692811	0.7777777777777778	1.8594771241830066	1.292483660130719	0.8415032679738562	2.8643790849673203	0.9624183006535948	1.8431372549019607
1652654	3.4364261168384878	1.1855670103092784	1.034364261168385	0.6288659793814433	2.316151202749141	3.7800687285223367	0.6013745704467354	2.1030927835051547	1.5807560137457044	1.4398625429553265	0.8969072164948454	1.1168384879725086	0.9106529209621993	3.656357388316151	1.2783505154639174	0.0	1.268041237113402	1.3676975945017182	0.6288659793814433	1.9415807560137457	0.5189003436426117	1.7560137457044673	1.7938144329896908	3.443298969072165	3.7285223367697595	0.8281786941580757	2.3058419243986252	1.859106529209622	2.3917525773195876
1652657	2.592274678111588	2.0300429184549356	1.1030042918454936	0.65379113018598	0.2989985693848355	0.43776824034334766	0.9513590844062947	0.0	0.2832618025751073	1.2246065808297568	0.0	1.8068669527896997	0.7954220314735336	1.905579399141631	2.356223175965665	1.4506437768240343	1.2303290414878398	0.8125894134477826	0.6380543633762518	2.951359084406295	2.290414878397711	0.7939914163090128	0.4563662374821173	1.8140200286123034	1.7954220314735336	2.0529327610872676	4.957081545064377	0.9814020028612304	0.32331902718168815
1652662	2.002688172043011	0.5833333333333334	0.5967741935483871	0.5887096774193549	0.3924731182795699	0.8333333333333334	2.8655913978494625	0.4032258064516129	0.8602150537634409	0.8252688172043011	0.40591397849462363	2.836021505376344	1.3629032258064515	0.01881720430107527	0.043010752688172046	0.0	1.6505376344086022	0.2768817204301075	1.6048387096774193	0.41397849462365593	1.8951612903225807	2.8951612903225805	1.2123655913978495	5.448924731182796	1.814516129032258	0.0	0.728494623655914	2.346774193548387	0.5725806451612904
1652663	2.3503184713375798	1.1443736730360934	0.9554140127388535	0.47983014861995754	0.564755838641189	1.1592356687898089	3.6963906581740975	0.0	1.1804670912951167	0.9617834394904459	0.0	1.3991507430997876	0.27388535031847133	1.545647558386412	1.2802547770700636	0.0	1.0148619957537155	3.507430997876858	1.1337579617834395	2.3779193205944797	1.0254777070063694	2.6985138004246285	0.6369426751592356	5.51380042462845	0.8365180467091295	0.6369426751592356	4.112526539278131	3.21656050955414	1.9851380042462845
1284050	2.4563492063492065	0.0	2.4007936507936507	1.0436507936507937	0.0	0.8531746031746031	2.1706349206349205	0.0	0.5992063492063492	0.0	1.9603174603174602	0.5198412698412699	0.0	0.9761904761904762	0.9285714285714286	1.492063492063492	0.0	1.3174603174603174	1.246031746031746	0.36507936507936506	0.5952380952380952	1.0198412698412698	0.0	1.0317460317460319	0.8095238095238095	1.5317460317460319	0.0	3.6706349206349205	0.0
675974	2.8860265417642466	0.8571428571428571	1.5862607338017174	1.1772053083528493	0.5487900078064013	1.3832943013270882	1.3770491803278688	1.2224824355971897	1.4574551131928182	0.23497267759562843	0.3871975019516003	2.1155347384855583	0.23497267759562843	0.4652615144418423	1.9742388758782201	1.0967993754879002	1.2443403590944575	1.204527712724434	0.868071818891491	1.882903981264637	1.349726775956284	1.633879781420765	0.9437939110070258	2.8243559718969555	1.0460577673692428	1.9063231850117095	2.001561280249805	2.128024980483997	1.7439500390320062
1473290	4.089605734767025	0.14157706093189965	0.992831541218638	0.27060931899641577	0.5394265232974911	0.3387096774193548	1.7311827956989247	2.1362007168458783	0.0	0.3978494623655914	1.2849462365591398	1.657706093189964	0.0	0.4946236559139785	1.417562724014337	0.0017921146953405018	0.9802867383512545	1.8136200716845878	0.7365591397849462	1.439068100358423	2.582437275985663	0.4103942652329749	2.521505376344086	3.514336917562724	1.4802867383512546	1.007168458781362	0.7974910394265233	2.431899641577061	1.1863799283154122
1473292	1.1634980988593155	0.38149556400506973	1.4778200253485425	0.8669201520912547	0.0	0.9873257287705957	1.7021546261089988	1.8694550063371356	1.0836501901140685	0.16223067173637515	0.38276299112801015	0.835234474017744	0.0	0.38276299112801015	1.714828897338403	1.4512040557667933	1.3358681875792142	1.7490494296577948	0.2256020278833967	1.605830164765526	0.6273764258555133	1.4550063371356148	2.508238276299113	1.7946768060836502	1.449936628643853	3.0697084917617237	1.8288973384030418	1.1723700887198987	1.9340937896070975
1473293	1.1387096774193548	1.1311827956989247	1.2311827956989247	0.510752688172043	0.13763440860215054	1.217204301075269	0.6881720430107527	0.3225806451612903	2.1462365591397847	0.0	0.3225806451612903	1.581720430107527	0.0	0.443010752688172	1.946236559139785	0.6096774193548387	1.6602150537634408	1.3258064516129033	1.156989247311828	1.6956989247311829	0.624731182795699	1.7870967741935484	0.9397849462365592	1.7623655913978495	1.1344086021505377	1.1397849462365592	0.8053763440860215	1.064516129032258	2.303225806451613
1547882	1.8708759954493743	1.147895335608646	1.21160409556314	0.3651877133105802	0.997155858930603	0.5608646188850968	1.5005688282138794	1.0062571103526734	0.6871444823663254	0.3424345847554039	0.9431171786120591	1.8686006825938566	0.3435722411831627	0.9835039817974972	1.2633674630261662	0.2025028441410694	0.856655290102389	1.4112627986348123	0.6001137656427759	1.430602957906712	1.8532423208191127	0.17178612059158135	1.3600682593856654	2.5750853242320817	0.8981797497155859	1.994311717861206	1.8993174061433447	1.5904436860068258	1.782707622298066
1547049	0.30933333333333335	0.7893333333333333	0.2	0.49066666666666664	0.005333333333333333	0.4026666666666667	0.15733333333333333	0.656	0.7786666666666666	1.2026666666666668	0.8053333333333333	1.0053333333333334	0.0	0.6133333333333333	2.074666666666667	0.2773333333333333	0.7066666666666667	0.6106666666666667	0.5733333333333334	1.1813333333333333	0.36	0.6506666666666666	1.08	0.28	3.0613333333333332	0.4	1.8613333333333333	0.4026666666666667	0.9066666666666666
572744	0.6231884057971014	1.445134575569358	0.039337474120082816	0.6231884057971014	1.5527950310559007	0.38923395445134573	0.38923395445134573	0.7494824016563147	1.5755693581780539	0.660455486542443	0.0	1.25879917184265	0.0	1.0144927536231885	1.8612836438923395	0.6231884057971014	1.5776397515527951	1.3768115942028984	0.0	1.8612836438923395	1.5776397515527951	1.8219461697722568	1.9544513457556936	1.0579710144927537	2.1821946169772257	0.4658385093167702	0.5755693581780539	1.7722567287784678	2.080745341614907
1592915	1.8741496598639455	2.3197278911564627	0.0	0.0	0.6904761904761905	1.782312925170068	0.0	0.4557823129251701	0.6428571428571429	0.5136054421768708	0.0	2.0170068027210886	0.0	0.7482993197278912	0.826530612244898	0.0	0.0	0.0	0.0	1.1904761904761905	0.9523809523809523	0.47619047619047616	0.0	0.4965986394557823	0.7244897959183674	0.9829931972789115	2.6054421768707483	0.5476190476190477	0.8401360544217688
952671	1.1751700680272108	0.5195578231292517	0.875	0.7695578231292517	0.0	0.5127551020408163	1.5119047619047619	0.9166666666666666	0.8937074829931972	0.9311224489795918	0.0	1.2270408163265305	0.0	1.0765306122448979	1.6938775510204083	0.8384353741496599	0.7687074829931972	0.9855442176870748	0.5093537414965986	1.7304421768707483	1.5569727891156462	1.032312925170068	0.49744897959183676	1.6726190476190477	0.5127551020408163	0.7899659863945578	1.1088435374149659	0.6947278911564626	1.8962585034013606
952674	1.740990990990991	0.0	0.27927927927927926	0.43018018018018017	1.0202702702702702	0.7117117117117117	0.09009009009009009	0.7882882882882883	0.3108108108108108	0.43018018018018017	0.0	0.9662162162162162	0.6801801801801802	0.3400900900900901	0.02927927927927928	2.380630630630631	0.11261261261261261	0.7297297297297297	0.6328828828828829	0.990990990990991	0.6779279279279279	0.8445945945945946	1.1193693693693694	0.8288288288288288	0.13063063063063063	0.5990990990990991	2.1013513513513513	1.0292792792792793	0.28378378378378377
845148	0.943089430894309	1.5430894308943088	0.4861788617886179	0.5577235772357724	0.34471544715447155	0.808130081300813	0.4666666666666667	1.334959349593496	0.0	0.6536585365853659	0.4113821138211382	1.8910569105691057	0.04227642276422764	1.3414634146341464	1.2357723577235773	0.8146341463414634	0.24390243902439024	1.494308943089431	0.0	1.1951219512195121	1.1739837398373985	1.102439024390244	1.5138211382113822	1.6796747967479675	0.216260162601626	1.2471544715447154	3.3869918699186994	0.08617886178861789	0.33495934959349594
840372	0.20187793427230047	1.2089201877934272	0.3532863849765258	0.9636150234741784	0.0	0.0	0.8333333333333334	0.38615023474178406	0.6279342723004695	1.482394366197183	0.5938967136150235	1.1455399061032865	0.0	0.8826291079812206	0.38497652582159625	0.0	0.8802816901408451	0.3086854460093897	0.07511737089201878	1.011737089201878	1.34037558685446	1.1091549295774648	0.8075117370892019	2.044600938967136	1.408450704225352	1.4131455399061033	1.1854460093896713	1.2183098591549295	1.7241784037558685
247209	1.0168674698795181	1.1269076305220884	0.7670682730923695	1.4465863453815262	0.42971887550200805	0.4706827309236948	0.7204819277108434	0.8072289156626506	0.8562248995983935	0.6562248995983936	0.3598393574297189	0.7028112449799196	0.45863453815261046	0.014457831325301205	0.8457831325301205	0.26024096385542167	0.6610441767068274	0.7751004016064257	0.3863453815261044	1.1301204819277109	0.8425702811244979	1.1220883534136545	0.9220883534136546	2.13574297188755	0.7228915662650602	0.7678714859437751	1.9180722891566264	1.848995983935743	1.7751004016064258
1619242	2.304232804232804	0.9576719576719577	1.3756613756613756	0.794973544973545	0.36243386243386244	1.0555555555555556	2.6984126984126986	0.39814814814814814	0.6256613756613757	0.8862433862433863	0.0	0.7962962962962963	0.0	0.20767195767195767	0.7182539682539683	0.0	0.36772486772486773	1.8015873015873016	1.2817460317460319	2.507936507936508	0.6058201058201058	0.5132275132275133	0.4656084656084656	1.6587301587301588	0.5092592592592593	0.906084656084656	1.3743386243386244	1.8835978835978835	0.6296296296296297
1619246	1.0625	0.2840909090909091	1.8238636363636365	2.585227272727273	2.25	0.48295454545454547	0.8560606060606061	2.914772727272727	1.625	1.691287878787879	1.1022727272727273	2.590909090909091	0.0	1.378787878787879	1.5946969696969697	0.0	0.9185606060606061	1.1571969696969697	0.42803030303030304	0.8541666666666666	1.9166666666666667	0.7121212121212122	0.8674242424242424	3.1382575757575757	2.397727272727273	2.304924242424242	1.3806818181818181	1.5227272727272727	1.115530303030303
1619248	2.285128205128205	1.1723076923076923	1.2379487179487179	1.3292307692307692	0.6164102564102564	0.18153846153846154	1.3128205128205128	1.638974358974359	1.1917948717948719	1.2338461538461538	0.6851282051282052	1.118974358974359	0.3076923076923077	0.27282051282051284	1.0717948717948718	0.8471794871794872	0.4276923076923077	1.3138461538461539	0.762051282051282	1.7230769230769232	1.8564102564102565	1.6841025641025642	2.126153846153846	2.715897435897436	0.7025641025641025	1.2225641025641025	2.12	2.350769230769231	2.838974358974359
1281651	0.0	1.0858585858585859	0.7474747474747475	0.8232323232323232	0.0	0.6868686868686869	0.09595959595959595	1.0656565656565657	0.9141414141414141	0.0	0.0	0.0	0.32323232323232326	0.8080808080808081	1.0252525252525253	0.0	1.1919191919191918	1.2222222222222223	0.9444444444444444	0.18181818181818182	1.994949494949495	0.2676767676767677	0.0	0.17676767676767677	2.727272727272727	0.7424242424242424	0.4696969696969697	1.803030303030303	0.0
1281652	1.923728813559322	0.807909604519774	1.4661016949152543	0.2711864406779661	0.0	0.1807909604519774	0.6807909604519774	0.0423728813559322	1.3926553672316384	0.8502824858757062	0.0	1.2203389830508475	0.0	1.4350282485875707	0.16101694915254236	0.0	0.6497175141242938	0.0	0.4180790960451977	1.0282485875706215	0.7372881355932204	1.0	0.0	0.20903954802259886	1.53954802259887	0.7711864406779662	0.1977401129943503	1.9293785310734464	0.0
457552	0.06031746031746032	0.9904761904761905	1.0222222222222221	0.9714285714285714	0.0	0.19365079365079366	0.9904761904761905	0.5111111111111111	1.438095238095238	0.526984126984127	0.5904761904761905	1.2698412698412698	0.0	1.2190476190476192	0.1365079365079365	1.4952380952380953	1.5714285714285714	0.09841269841269841	1.2952380952380953	1.0603174603174603	2.3968253968253967	1.5142857142857142	1.4730158730158731	3.7746031746031745	0.5714285714285714	4.228571428571429	0.18412698412698414	0.9714285714285714	0.3746031746031746
457558	2.302469135802469	0.6574074074074074	0.024691358024691357	0.35802469135802467	0.9012345679012346	0.0	2.0895061728395063	0.3333333333333333	0.7253086419753086	0.46296296296296297	0.6265432098765432	4.512345679012346	0.0	0.7561728395061729	2.0910493827160495	0.45524691358024694	0.375	0.8719135802469136	0.4212962962962963	1.0092592592592593	2.0617283950617282	0.9274691358024691	1.162037037037037	2.2453703703703702	1.0092592592592593	0.3904320987654321	1.2608024691358024	0.9290123456790124	1.3410493827160495
457559	1.5330188679245282	0.5157232704402516	1.3836477987421383	0.7091194968553459	0.4716981132075472	0.4748427672955975	0.8411949685534591	0.3081761006289308	3.3553459119496853	0.23742138364779874	0.779874213836478	1.9559748427672956	0.7075471698113207	0.7971698113207547	2.1367924528301887	0.4827044025157233	0.2389937106918239	0.690251572327044	0.9371069182389937	3.3176100628930816	0.4166666666666667	0.7091194968553459	0.23742138364779874	0.9355345911949685	1.278301886792453	2.199685534591195	0.8443396226415094	1.0062893081761006	1.7657232704402517
457560	0.8680555555555556	0.0	0.08333333333333333	0.0	0.5243055555555556	1.0416666666666667	1.8611111111111112	1.09375	0.13194444444444445	0.14930555555555555	0.0	1.2222222222222223	0.06944444444444445	0.0	0.6875	0.8194444444444444	2.375	0.6423611111111112	0.5555555555555556	0.9131944444444444	0.0	2.0208333333333335	0.4791666666666667	0.8923611111111112	1.2152777777777777	2.798611111111111	0.2013888888888889	5.378472222222222	0.4548611111111111
457561	1.1816009557945042	1.146953405017921	1.2090800477897252	1.2879330943847074	0.5495818399044206	0.6965352449223416	1.1433691756272402	1.3201911589008364	3.019115890083632	1.5316606929510155	0.0	1.9808841099163679	0.7933094384707288	0.0	1.093189964157706	0.6093189964157706	1.7897252090800477	1.087216248506571	0.7096774193548387	1.3560334528076463	2.5244922341696534	0.8195937873357229	1.6236559139784945	2.150537634408602	1.9808841099163679	3.2317801672640383	1.2759856630824373	1.6403823178016725	1.7729988052568697
457562	0.953405017921147	2.4587813620071683	1.3655913978494623	0.3154121863799283	0.8064516129032258	0.0	2.792114695340502	1.1326164874551972	1.7455197132616487	0.6057347670250897	0.0	1.982078853046595	0.13978494623655913	1.2939068100358424	1.6989247311827957	0.5232974910394266	0.5663082437275986	0.08602150537634409	0.5017921146953405	1.5232974910394266	1.1290322580645162	2.028673835125448	1.118279569892473	3.4623655913978495	0.5412186379928315	3.043010752688172	4.146953405017921	3.7240143369175627	0.0
457563	2.2728494623655915	0.5094086021505376	3.2446236559139785	1.6155913978494623	0.47043010752688175	0.23118279569892472	1.5564516129032258	1.221774193548387	1.064516129032258	0.46639784946236557	0.4018817204301075	3.6088709677419355	0.6478494623655914	0.9220430107526881	1.4583333333333333	0.006720430107526882	1.0564516129032258	1.4516129032258065	1.0201612903225807	1.4408602150537635	2.439516129032258	0.9153225806451613	1.4516129032258065	1.9811827956989247	0.6061827956989247	0.8172043010752689	2.361559139784946	2.327956989247312	0.3077956989247312
457564	3.2142857142857144	0.31179138321995464	0.3764172335600907	1.0294784580498866	0.0	0.8299319727891157	1.600907029478458	0.9875283446712018	1.0374149659863945	0.3401360544217687	0.3401360544217687	1.038548752834467	0.3072562358276644	0.8639455782312925	3.253968253968254	0.6462585034013606	0.5124716553287982	1.1065759637188208	0.5079365079365079	1.0804988662131518	2.63718820861678	1.2086167800453516	0.8854875283446711	1.9546485260770976	1.7551020408163265	0.9024943310657596	3.7131519274376417	0.5249433106575964	1.1043083900226758
457565	0.36211031175059955	1.6091127098321343	1.1414868105515588	0.0	0.0	0.36211031175059955	0.6762589928057554	1.0335731414868106	0.37170263788968827	1.3764988009592327	0.0	1.4388489208633093	0.33573141486810554	0.947242206235012	1.774580335731415	0.0	0.7194244604316546	2.239808153477218	0.16546762589928057	1.2805755395683454	1.2446043165467626	1.1342925659472423	0.7314148681055156	1.565947242206235	1.1822541966426858	0.8585131894484412	0.815347721822542	1.4052757793764987	1.0863309352517985
457566	1.6572769953051643	1.511737089201878	0.24413145539906103	0.009389671361502348	1.5727699530516432	0.3380281690140845	1.8732394366197183	0.0	1.4976525821596245	0.7887323943661971	0.0	3.352112676056338	0.3051643192488263	2.051643192488263	2.4976525821596245	0.7089201877934272	1.323943661971831	0.7089201877934272	0.3474178403755869	4.44131455399061	4.323943661971831	1.1971830985915493	0.7511737089201878	2.323943661971831	1.4553990610328638	0.0	2.1690140845070425	0.028169014084507043	0.5774647887323944
457567	2.5037037037037035	0.4222222222222222	0.35185185185185186	1.4111111111111112	1.525925925925926	0.2777777777777778	1.9592592592592593	0.9888888888888889	1.2444444444444445	0.0	0.0	3.962962962962963	0.6925925925925925	1.0407407407407407	1.7703703703703704	1.5666666666666667	1.1481481481481481	0.5592592592592592	0.5592592592592592	3.3740740740740742	1.7444444444444445	1.7666666666666666	2.037037037037037	3.1148148148148147	0.562962962962963	0.6888888888888889	3.6	2.1777777777777776	2.214814814814815
457568	1.3468834688346885	1.4769647696476964	0.20596205962059622	3.5663956639566394	1.2005420054200542	0.8184281842818428	0.8211382113821138	0.5013550135501355	1.6097560975609757	0.8157181571815718	0.0	3.18970189701897	0.13279132791327913	2.013550135501355	1.6856368563685638	1.7181571815718157	0.6585365853658537	4.37940379403794	0.6205962059620597	4.6043360433604335	1.5013550135501355	1.018970189701897	0.4634146341463415	3.4932249322493223	1.6720867208672088	1.151761517615176	3.888888888888889	1.6910569105691058	0.7859078590785907
457569	1.977124183006536	1.2843137254901962	1.3562091503267975	3.611111111111111	0.9183006535947712	2.042483660130719	0.26143790849673204	0.0	0.7908496732026143	0.4934640522875817	1.3104575163398693	2.477124183006536	0.565359477124183	1.7320261437908497	1.9150326797385622	0.0	0.1895424836601307	1.0490196078431373	0.5032679738562091	5.248366013071895	1.4803921568627452	0.6830065359477124	0.5490196078431373	2.781045751633987	2.973856209150327	0.9869281045751634	4.836601307189542	0.5163398692810458	2.5294117647058822
457570	2.3333333333333335	1.0047846889952152	1.328548644338118	1.4848484848484849	0.48165869218500795	0.4258373205741627	1.1626794258373205	0.9569377990430622	0.722488038277512	0.0	0.3269537480063796	2.379585326953748	0.21212121212121213	1.0334928229665072	1.1180223285486444	0.960127591706539	0.8197767145135566	1.2966507177033493	0.35566188197767146	2.041467304625199	3.303030303030303	2.5342902711323765	0.7320574162679426	3.7288676236044656	1.1531100478468899	2.518341307814992	1.9170653907496014	0.4768740031897927	0.4226475279106858
457571	3.054726368159204	0.6517412935323383	1.1567164179104477	2.5671641791044775	0.0	0.599502487562189	0.44527363184079605	0.0	1.8383084577114428	1.2462686567164178	0.0	2.111940298507463	0.3756218905472637	0.8656716417910447	3.0049751243781095	0.945273631840796	2.843283582089552	1.4651741293532339	1.0870646766169154	2.0472636815920398	3.1940298507462686	0.6990049751243781	2.2338308457711444	2.517412935323383	0.5497512437810945	2.5671641791044775	2.1144278606965172	2.5223880597014925	0.4975124378109453
457572	1.3241252302025783	1.138121546961326	0.5285451197053407	1.9594843462246778	0.2283609576427256	0.6206261510128913	0.7587476979742173	0.5506445672191529	0.858195211786372	1.8931860036832413	0.5524861878453039	1.9447513812154695	0.8084714548802947	1.4880294659300184	2.546961325966851	0.9208103130755064	1.3278084714548803	1.9834254143646408	0.58195211786372	1.1197053406998159	2.3720073664825048	0.27808471454880296	1.7974217311233887	2.8950276243093924	0.10497237569060773	2.14548802946593	2.101289134438306	0.714548802946593	0.3572744014732965
457573	1.2595628415300546	1.1830601092896176	0.0	1.3989071038251366	0.5683060109289617	0.0	1.0710382513661203	0.6830601092896175	0.912568306010929	0.5382513661202186	0.0	2.800546448087432	0.0	1.0191256830601092	1.1557377049180328	0.2677595628415301	0.2814207650273224	0.6475409836065574	0.0	3.0382513661202184	0.7213114754098361	0.14754098360655737	0.4098360655737705	2.5655737704918034	0.5245901639344263	2.4726775956284155	1.3852459016393444	1.773224043715847	0.319672131147541
457576	0.4536489151873767	1.6153846153846154	1.7830374753451677	0.5956607495069034	0.7948717948717948	0.893491124260355	0.4378698224852071	0.757396449704142	3.0315581854043394	0.8224852071005917	1.6627218934911243	3.329388560157791	0.591715976331361	0.0	1.349112426035503	0.5404339250493096	0.8579881656804734	1.913214990138067	0.4930966469428008	4.4714003944773175	0.591715976331361	0.8954635108481263	1.428007889546351	2.8757396449704142	2.814595660749507	2.16370808678501	3.9447731755424065	1.4418145956607495	0.40631163708086787
457577	1.6145124716553287	1.5056689342403629	0.7362055933484505	0.7611489040060468	0.6840513983371126	1.1375661375661377	0.7210884353741497	0.4557823129251701	0.7316704459561603	0.47921390778533635	0.6523053665910808	2.36130007558579	0.22826908541194255	0.6991685563114135	1.6870748299319729	0.3862433862433862	0.9735449735449735	1.219198790627362	0.4708994708994709	1.6984126984126984	1.08994708994709	0.5721844293272865	0.2758881330309902	2.7052154195011338	1.5396825396825398	1.3900226757369614	2.4482237339380197	0.8238851095993953	1.618291761148904
457578	2.4877675840978593	0.6299694189602446	1.3944954128440368	0.908256880733945	0.691131498470948	0.863914373088685	0.6896024464831805	2.6957186544342506	2.1055045871559632	0.8302752293577982	1.007645259938838	2.729357798165138	0.5397553516819572	1.885321100917431	0.6009174311926605	0.3333333333333333	0.0	0.8960244648318043	1.0382262996941896	1.6483180428134556	2.3807339449541285	2.217125382262997	2.49388379204893	2.444954128440367	2.029051987767584	1.9327217125382263	1.782874617737003	1.154434250764526	0.4694189602446483
457579	1.4312169312169312	0.9074074074074074	0.0	1.0	0.8015873015873016	1.4074074074074074	0.9417989417989417	0.2566137566137566	0.8095238095238095	0.0	0.8148148148148148	1.1164021164021165	0.6455026455026455	1.8306878306878307	0.6693121693121693	2.1296296296296298	0.5	0.5925925925925926	0.7698412698412699	2.8015873015873014	5.246031746031746	0.3968253968253968	0.0	1.6349206349206349	2.857142857142857	2.6375661375661377	2.677248677248677	1.0317460317460319	0.5396825396825397
457580	1.0100250626566416	1.694235588972431	0.0	2.1904761904761907	1.1929824561403508	0.0	1.0726817042606516	2.5664160401002505	2.2155388471177946	0.6666666666666666	1.0927318295739348	1.4335839598997493	0.14035087719298245	1.8120300751879699	1.8070175438596492	1.1328320802005012	2.1478696741854635	2.43609022556391	1.4837092731829573	2.325814536340852	1.2756892230576442	0.5037593984962406	0.48370927318295737	2.3909774436090228	1.2080200501253133	1.786967418546366	1.5513784461152882	3.4135338345864663	0.9924812030075187
457582	1.9555555555555555	0.0	0.6349206349206349	1.2920634920634921	0.31746031746031744	1.0264550264550265	0.9608465608465608	0.0	0.7873015873015873	0.49523809523809526	1.5502645502645502	2.0423280423280423	0.2052910052910053	1.2613756613756615	1.2433862433862435	0.9544973544973545	0.9555555555555556	0.37883597883597886	2.0433862433862435	2.3492063492063493	2.3492063492063493	0.928042328042328	0.638095238095238	1.561904761904762	0.837037037037037	4.248677248677248	2.7227513227513227	1.3407407407407408	1.6497354497354497
457583	2.736559139784946	0.0	0.4489247311827957	3.295698924731183	0.0	0.5779569892473119	0.0	0.7741935483870968	0.8225806451612904	0.0	0.6639784946236559	2.6586021505376345	0.6397849462365591	0.8010752688172043	3.161290322580645	0.0	0.6854838709677419	1.3897849462365592	0.0	1.2258064516129032	2.3629032258064515	0.05913978494623656	0.9086021505376344	2.4731182795698925	0.9704301075268817	1.760752688172043	2.7096774193548385	0.478494623655914	3.163978494623656
457585	0.8875502008032129	1.5843373493975903	0.3473895582329317	1.2771084337349397	0.6044176706827309	0.8313253012048193	2.0200803212851404	1.2068273092369477	0.3172690763052209	0.0	0.5341365461847389	1.463855421686747	0.6044176706827309	0.9036144578313253	0.3232931726907631	0.7771084337349398	1.5481927710843373	0.8413654618473896	1.3514056224899598	1.2088353413654618	2.5261044176706826	0.012048192771084338	2.463855421686747	2.1706827309236947	0.9317269076305221	1.0622489959839359	1.251004016064257	2.751004016064257	0.8112449799196787
457586	1.0407124681933841	0.8702290076335878	0.9923664122137404	1.5470737913486006	0.8753180661577609	0.4173027989821883	0.6157760814249363	0.5852417302798982	2.676844783715013	0.6106870229007634	0.7684478371501272	1.1145038167938932	0.0	0.910941475826972	2.292620865139949	1.1603053435114503	0.7531806615776081	1.8727735368956744	0.0	0.4351145038167939	3.4198473282442747	0.926208651399491	0.15776081424936386	3.035623409669211	1.2595419847328244	0.0	4.302798982188295	0.3842239185750636	1.4987277353689568
1383753	1.054003724394786	0.1191806331471136	1.1303538175046555	1.6033519553072626	0.0	1.1210428305400373	0.6741154562383612	0.0	0.441340782122905	0.0	0.4972067039106145	0.5121042830540037	0.5605214152700186	0.0	0.0670391061452514	0.0	0.8417132216014898	0.6573556797020484	0.2774674115456238	1.7970204841713222	1.0558659217877095	0.27932960893854747	0.0	1.3910614525139664	0.7169459962756052	0.43575418994413406	1.504655493482309	1.180633147113594	1.3817504655493482
1278919	0.33053221288515405	0.21288515406162464	0.0	0.23809523809523808	1.2605042016806722	1.1820728291316527	0.8375350140056023	0.6106442577030813	0.5378151260504201	0.0	0.0	0.6470588235294118	0.0	0.0	0.42016806722689076	0.0	0.0	2.0392156862745097	0.23809523809523808	1.8403361344537814	1.5098039215686274	0.5714285714285714	0.21288515406162464	1.5182072829131652	1.112044817927171	2.123249299719888	0.7591036414565826	1.6526610644257702	0.6302521008403361
1401669	0.5019607843137255	1.3372549019607842	2.1372549019607843	0.592156862745098	1.5058823529411764	0.0	0.6666666666666666	0.6392156862745098	0.7647058823529411	0.9647058823529412	0.592156862745098	1.003921568627451	0.592156862745098	0.0	1.5647058823529412	0.8	1.5607843137254902	0.0	0.0	0.5529411764705883	1.4039215686274509	0.8941176470588236	0.30980392156862746	3.462745098039216	2.443137254901961	0.0	0.5725490196078431	1.1803921568627451	1.0901960784313725
1401670	1.3511904761904763	1.443452380952381	0.7827380952380952	0.4494047619047619	0.6369047619047619	0.8958333333333334	1.7351190476190477	0.0	0.0	0.41964285714285715	0.0	2.1339285714285716	0.0	0.008928571428571428	0.4494047619047619	0.0	0.023809523809523808	0.0	0.0	2.9047619047619047	2.3154761904761907	0.7857142857142857	0.7976190476190477	1.0744047619047619	1.6160714285714286	1.9613095238095237	0.7857142857142857	0.35714285714285715	2.9613095238095237
557019	1.9254385964912282	0.0	0.0	0.0	0.4517543859649123	0.22807017543859648	0.3201754385964912	0.11842105263157894	2.039473684210526	0.5921052631578947	0.6578947368421053	0.0	0.0	0.0	2.254385964912281	0.42105263157894735	0.6140350877192983	1.9605263157894737	0.0	0.0	2.3157894736842106	0.30701754385964913	0.0	1.7982456140350878	1.1008771929824561	1.75	3.763157894736842	0.0	1.118421052631579
557022	0.34929078014184395	0.28102836879432624	0.0	0.6214539007092199	1.4725177304964538	0.5336879432624113	1.2854609929078014	0.6702127659574468	1.1684397163120568	0.03900709219858156	0.4015957446808511	0.26595744680851063	0.48404255319148937	0.26773049645390073	0.5806737588652482	0.0	0.38386524822695034	0.8909574468085106	0.5336879432624113	2.3368794326241136	1.600177304964539	0.6950354609929078	0.1799645390070922	1.8590425531914894	0.6648936170212766	0.7562056737588653	2.075354609929078	0.750886524822695	0.5106382978723404
1525139	0.16333333333333333	0.6366666666666667	0.0	0.0	0.23	0.10666666666666667	0.85	0.18333333333333332	0.0	1.0766666666666667	1.3033333333333332	0.0	0.0	0.41	0.5133333333333333	1.52	1.0	0.0	1.0066666666666666	0.7566666666666667	0.06333333333333334	0.0	1.0533333333333332	1.1866666666666668	0.71	0.61	2.986666666666667	0.86	3.0166666666666666
1525142	1.9322033898305084	0.6026365348399246	0.5668549905838042	0.0	0.0	0.08097928436911488	0.15254237288135594	0.3258003766478343	1.7476459510357816	0.047080979284369114	0.6064030131826742	0.5536723163841808	0.0	0.568738229755179	0.5612052730696798	0.3954802259887006	0.5480225988700564	0.2919020715630885	0.2749529190207156	1.8700564971751412	0.0	1.8192090395480225	1.256120527306968	1.6685499058380415	1.527306967984934	1.7871939736346516	0.5461393596986818	1.7137476459510357	2.2278719397363465
1747000	2.6379310344827585	0.0	1.4597701149425288	0.8620689655172413	0.5287356321839081	0.3793103448275862	1.1522988505747127	1.0	0.6695402298850575	0.0	1.0603448275862069	0.603448275862069	0.0	0.11494252873563218	0.6551724137931034	0.7557471264367817	1.4913793103448276	0.8247126436781609	0.0	1.660919540229885	0.23275862068965517	0.47988505747126436	0.8074712643678161	3.146551724137931	0.9770114942528736	0.0	1.3419540229885059	0.47988505747126436	0.8304597701149425
1747001	1.1460823373173972	0.399734395750332	1.3359893758300132	1.800796812749004	0.5219123505976095	0.38114209827357237	0.0	0.21248339973439576	0.747675962815405	0.0	0.33731739707835323	1.4754316069057105	0.399734395750332	0.799468791500664	0.2642762284196547	0.5883134130146083	0.7423638778220452	1.598937583001328	0.0	1.0106241699867198	0.6586985391766268	1.3320053120849933	0.43691899070385126	2.5112881806108898	1.5803452855245683	1.5139442231075697	0.896414342629482	0.39575033200531207	1.3346613545816732
1747004	0.11481481481481481	0.0	2.685185185185185	0.7296296296296296	1.4185185185185185	0.8740740740740741	1.9481481481481482	1.7074074074074075	3.9296296296296296	0.0	0.0	2.2962962962962963	0.0	1.1185185185185185	0.5555555555555556	1.6555555555555554	0.9962962962962963	0.45555555555555555	0.21851851851851853	1.8407407407407408	0.5037037037037037	0.0	1.5703703703703704	2.325925925925926	1.8777777777777778	0.15925925925925927	1.262962962962963	1.3925925925925926	1.8592592592592592
557051	0.799468791500664	0.6122177954847278	0.05046480743691899	0.7410358565737052	0.3187250996015936	1.1394422310756973	0.20318725099601595	1.4329349269588314	0.40106241699867196	0.4953519256308101	0.0	2.7065073041168657	0.0	0.6586985391766268	1.6228419654714474	0.7184594953519257	0.199203187250996	0.5312084993359893	1.1367861885790174	0.0	1.597609561752988	0.9853917662682603	0.9893758300132802	1.0557768924302788	0.0	0.40106241699867196	3.200531208499336	0.795484727755644	2.648074369189907
