key	WAM_ALR	WAM_CCR	WAM_IPI	WAM_MAR	WAM_MYS	WAM_PBL	WAM_PJN	WAM_PPR	WAM_PST	WAM_ROL	WAM_SCR	WAM_SGN	WAM_SIS	WAM_TWN	WAR_ALR	WAR_CCR	WAR_IPI	WAR_MAR	WAR_MYS	WAR_PBL	WAR_PJN	WAR_PPR	WAR_PSK	WAR_PST	WAR_RNW	WAR_ROL	WAR_SCR	WAR_SGL	WAR_SIS
1041419	0.0	0.0	3.6790123456790123	0.0	0.0	0.7407407407407407	0.0	0.0	0.0	0.0	0.0	0.0	0.0	0.0	0.16666666666666666	0.0	0.0	0.0	1.0648148148148149	0.0	0.46296296296296297	0.0	0.0	0.7932098765432098	0.0	0.0	0.0	0.0	0.0
1041420	0.0	0.0	2.4935064935064934	0.0	0.30014430014430016	0.0735930735930736	0.0	0.0	0.0	0.0	0.0	0.0	0.0	0.0	0.0	0.0	0.0	0.0	2.388167388167388	0.0	0.16161616161616163	0.0	0.23232323232323232	0.050505050505050504	0.0	0.0	0.0	0.0	0.0
1041421	0.0	0.0	2.058419243986254	0.0	0.10652920962199312	0.0	0.0	0.0	0.0	0.5137457044673539	0.0	0.5034364261168385	0.5189003436426117	0.0	0.0	0.3745704467353952	0.0	0.0	3.1443298969072164	0.0	0.0	0.0	0.7336769759450171	0.0	0.0	0.0	0.0	0.0	0.0
314544	0.0	0.0	3.369565217391304	0.0	1.1159420289855073	0.0	0.0	0.0	0.0	0.0	0.0	1.0942028985507246	0.0	0.0	0.0	0.0	0.0	0.0	2.3442028985507246	0.0	0.0	0.0	0.0	0.8623188405797102	0.0	0.0	0.0	0.0	0.0
1304519	0.0	0.0	3.1877104377104377	0.0	0.6153198653198653	0.12289562289562289	0.0	0.0	0.0	0.0	0.0	0.0	0.0	0.0	0.0	0.6136363636363636	0.0	0.0	1.9074074074074074	0.25336700336700335	0.3442760942760943	0.0	0.0	0.0	0.0	0.021885521885521887	0.0	0.0	0.0
1714585	0.0	0.0	1.8699186991869918	0.0	0.0	0.0	0.0	0.0	0.3333333333333333	0.0	0.0	0.4078590785907859	0.0	0.0	0.0	0.4092140921409214	0.0	0.0	1.2466124661246611	0.0	0.0	0.0	0.0	0.0	0.0	0.0	0.0	0.0	0.0
149017	0.0	0.0	0.32323232323232326	0.0	0.0	0.0	0.0	0.0	0.0	0.0	0.0	0.0	0.0	0.0	0.0	0.0	0.0	0.0	1.6094276094276094	1.0067340067340067	1.0168350168350169	0.0	0.5084175084175084	0.0	0.0	0.0	0.0	0.0	0.0
149014	0.4358974358974359	0.0	3.7985347985347984	0.0	0.0	0.0	0.0	0.0	0.0	0.0	0.3956043956043956	0.0	0.0	0.0	0.0	0.0	0.0	0.0	1.3296703296703296	0.0	0.0	0.0	0.0	0.7326007326007326	0.0	0.0	0.0	0.0	0.0
1200984	0.0	0.0	2.7353951890034365	0.0	0.48109965635738833	0.738831615120275	0.0	0.0	0.0	0.0	0.0	0.24398625429553264	0.0	0.0	0.0	0.0	0.0	0.0	1.7663230240549828	0.0	0.0	0.0	0.0	0.0	0.0	0.0	0.0	0.0	0.0
997793	0.1	0.0	1.7568627450980392	0.0	0.0	0.0	0.296078431372549	0.0	0.0	0.0	0.0	0.0	0.0	0.0	0.0	0.0	0.0	0.0	1.184313725490196	0.0	0.0	0.0	0.0	0.0	0.0	0.0	0.0	0.0	0.0
53740	0.0	0.0	1.3859649122807018	0.0	0.0	0.0	0.0	0.0	0.0	0.0	0.0	0.6622807017543859	0.0	0.0	0.0	0.75	0.0	0.14035087719298245	2.232456140350877	0.5219298245614035	0.0	0.0	0.0	0.0	0.0	0.0	0.0	0.0	0.0
53741	0.0	0.0	2.6052631578947367	0.0	0.0	0.0	0.0	0.0	0.37719298245614036	0.0	0.0	0.0	0.0	0.0	0.0	0.10902255639097744	0.37593984962406013	0.2807017543859649	2.488721804511278	0.18922305764411027	0.37468671679197996	0.0	0.0	0.37844611528822053	0.37719298245614036	0.0	0.0	0.0	0.0
53742	0.0	0.0	3.510324483775811	0.0	0.7640117994100295	0.0	0.0	0.0	0.0	0.0	0.0	0.0	0.0	0.0	0.0	0.36283185840707965	0.0	0.0	1.0235988200589972	0.0	0.0	0.0	0.0	0.0	0.0	0.0	0.0	0.0	0.0
53743	0.0	0.0	3.3277467411545625	0.0	0.42830540037243947	0.2811918063314711	0.0	0.0	0.0	0.0	0.0	0.0	0.0	0.0	0.4134078212290503	0.8957169459962756	0.0	0.0	0.16387337057728119	0.0	0.0	0.0	0.0	0.0670391061452514	0.0	0.0	1.1247672253258845	0.0	0.0
53744	0.0	0.0	3.1957186544342506	0.0	0.41131498470948014	0.22324159021406728	0.0	0.0	0.0	0.0	0.41896024464831805	0.0	0.0	0.0	0.4602446483180428	0.0	0.0	0.0	2.6070336391437308	0.0	0.0	0.0	0.0	0.22935779816513763	0.0	0.4617737003058104	0.0	0.0	0.0
536755	0.0	0.0	2.5235772357723576	0.0	0.0	0.0	0.0	0.0	0.9821138211382113	0.0	0.0	0.0	0.0	0.0	0.0	0.3089430894308943	0.0	0.0	2.6504065040650406	0.0	0.44065040650406506	0.0	0.0	0.49105691056910566	0.0	0.0	0.0	0.0	0.0
1484516	0.0	0.0	2.278131634819533	0.0	0.0	0.004246284501061571	0.0	0.0	0.0	0.0	0.0	1.2653927813163481	0.0	0.0	0.6369426751592356	0.0	0.0	0.0	1.1464968152866242	0.0	0.0	0.0	0.0	0.0	0.0	0.0	0.0	0.0	0.0
1484517	0.0	0.0	2.492424242424242	0.7575757575757576	0.0	0.7222222222222222	0.0	0.0	0.7626262626262627	0.0	0.0	0.0	0.7222222222222222	0.0	0.0	0.0	0.0	0.0	2.0984848484848486	0.0	0.0	0.0	0.3787878787878788	0.0	0.0	0.0	0.0	0.0	0.0
1484518	0.0	0.0	3.3517495395948433	0.0	0.5561694290976059	0.0	0.0	0.0	0.0	0.0	0.0	0.0	0.0	0.5524861878453039	0.14548802946593	0.0	0.0	0.0	2.233885819521179	0.0	0.0	0.0	0.5561694290976059	0.5561694290976059	0.0	0.0	0.0	0.0	0.0
1484519	0.0	0.0	0.9916666666666667	0.0	0.0	0.4111111111111111	0.0	0.0	0.0	0.0	0.0	0.0	0.0	0.0	0.6111111111111112	0.0	0.0	0.0	0.0	0.0	0.0	0.0	1.1555555555555554	0.8333333333333334	0.0	0.0	0.0	0.0	0.0
1179312	0.0	0.0	2.652898550724638	0.32753623188405795	0.4340579710144927	0.0	0.0	0.0	0.1826086956521739	0.0	0.0	0.0	0.21811594202898552	0.0	0.0	0.10942028985507246	0.0	0.0	1.021014492753623	0.0	0.0	0.0	0.21666666666666667	0.43768115942028984	0.0	0.0	0.0	0.0	0.19710144927536233
706987	0.0	0.0	1.7126917712691772	0.0	0.0	0.0	0.0	0.0	0.0	0.0	0.0	0.3877266387726639	0.0	0.0	0.0	0.45467224546722457	0.0	0.0	2.6513249651324964	0.0	0.0	0.0	0.0	0.3723849372384937	0.0	0.0	0.0	0.0	0.0
1612335	0.0	0.0	3.5185185185185186	0.0	1.10239651416122	0.0	0.0	0.0	0.0	0.0	0.0	0.0	0.0	0.0	0.0	0.22875816993464052	0.0	0.0	2.496732026143791	0.0	0.5359477124183006	0.0	0.0	0.0	0.0	0.0	0.0	0.0	0.0
1365070	0.0	0.0	0.8873239436619719	0.0	0.0	0.0	0.0	0.3826291079812207	0.0	0.0	0.0	0.0	0.0	0.0	0.0	0.0	0.0	0.0	5.131455399061033	0.0	0.0	0.0	0.6431924882629108	0.6572769953051644	0.0	0.0	0.0	0.0	0.3615023474178404
1365071	0.0	0.0	2.4141689373297	0.0	0.0	0.0	0.3823796548592189	0.0	0.0	0.0	0.0	0.0	0.0	0.0	0.0	0.0	0.0	0.0	3.97275204359673	0.0	0.2742960944595822	0.0	0.2742960944595822	0.2742960944595822	0.0	0.0	0.0	0.0	0.1307901907356948
1365072	0.0	0.0	5.210691823899371	0.0	0.0	0.0	0.0	0.0	0.0	0.0	0.0	0.0	0.0	0.0	1.4968553459119496	0.0	0.0	0.0	1.569182389937107	0.6949685534591195	0.330188679245283	0.0	0.0	0.0	0.0	0.0	0.0	0.0	0.0
1365073	0.0	0.0	2.8053333333333335	0.0	0.0	0.5813333333333334	0.0	0.0	0.0	0.0	0.0	0.0	0.0	0.0	0.0	0.0	0.0	0.0	4.693333333333333	0.07733333333333334	0.45066666666666666	0.0	0.8053333333333333	0.0	0.0	0.0	0.0	0.0	0.0
1365074	0.0	0.0	3.089519650655022	0.0	0.16739446870451238	0.2190684133915575	0.0	0.0	0.01455604075691412	0.0	0.0	0.0	0.0	0.0	0.0	0.2190684133915575	0.0	0.0	2.348617176128093	0.0	0.0	0.0	0.0	0.8755458515283843	0.2197962154294032	0.0	0.0	0.0	0.0
1365075	0.0	0.0	2.4742729306487696	0.0	0.08501118568232663	0.0	0.0	0.0	0.6196868008948546	0.0	0.0	0.0	0.0	0.0	0.0	0.41387024608501116	0.0	0.0	2.6666666666666665	0.0	0.0	0.0	0.0	0.17225950782997762	0.0	0.0	0.0	0.0	0.0
316979	0.0	0.4295190713101161	0.966832504145937	0.3466003316749585	0.0	0.0	0.0	0.0	0.3416252072968491	0.0	0.0	0.0	0.0	0.0	0.0	0.013266998341625208	0.0	0.0	2.5456053067993367	0.34991708126036486	0.0	0.0	0.0	0.0	0.0	0.0	0.0	0.4427860696517413	0.0
1720148	0.30128205128205127	0.0	1.7467948717948718	0.0	0.0	0.0	0.0	0.0	0.0	0.25	0.4807692307692308	0.0	0.0	0.0	0.0	0.7948717948717948	0.0	0.0	4.814102564102564	0.0	0.20512820512820512	0.0	0.0	0.7852564102564102	0.0	0.0	0.0	0.0	0.0
1720149	0.21825396825396826	0.0	5.496031746031746	0.0	0.0	0.0	0.0	0.0	0.6111111111111112	0.8809523809523809	0.4603174603174603	0.0	0.0	0.0	0.0	0.0	0.0	1.5396825396825398	0.9484126984126984	0.0	0.9285714285714286	0.0	0.0	0.21825396825396826	1.1904761904761905	0.0	0.0	0.0	0.0
1597201	0.0	0.0	1.5280701754385966	0.0	0.0	0.0	0.0	0.0	0.38421052631578945	0.0	0.0	0.0	0.0	0.0	0.0	0.0	0.48596491228070177	0.0	2.382456140350877	0.0	0.0	0.0	0.0	0.0	0.0	0.0	0.0	0.0	0.29473684210526313
1597202	0.0	0.0	3.953216374269006	0.0	0.0	0.0	0.8771929824561403	0.0	0.0	0.0	0.0	0.0	0.0	0.0	0.0	0.0	0.0	0.0	3.1052631578947367	0.0	0.6666666666666666	0.0	0.0	0.0	0.0	0.0	0.0	0.18421052631578946	0.4152046783625731
1318540	0.0	0.0	2.388095238095238	0.0	0.0	0.0	0.0	0.0	0.0	0.0	0.5928571428571429	0.0	0.0	0.0	0.5761904761904761	0.0	0.0	0.0	1.5595238095238095	0.0	0.0	0.0	0.0	0.0	0.0	0.0	0.0	0.0	0.0
419571	0.0	0.0	2.978494623655914	0.4032258064516129	0.0	0.0	0.0	0.0	0.0	0.0	0.0	0.0	0.0	0.0	0.0	0.0	0.0	0.0	0.3010752688172043	0.0	0.0	0.0	0.0	0.34408602150537637	0.0	0.0	0.5698924731182796	0.0	0.0
277185	0.0	0.0	3.611111111111111	0.0	0.0	0.0	0.5518518518518518	0.0	0.0	0.0	0.0	0.0	0.0	0.0	0.0	0.0	0.0	0.0	2.037037037037037	0.0	0.0	0.0	0.0	0.0	0.0	0.0	0.0	0.0	0.0
1576380	0.0	0.7413333333333333	2.7973333333333334	0.0	0.0	0.0	0.0	0.0	0.0	0.0	0.0	0.8053333333333333	0.0	0.0	0.0	0.0	0.0	0.0	2.76	0.0	0.0	0.0	0.0	0.0	0.0	0.0	0.0	0.8026666666666666	0.0
1576381	0.6329113924050633	0.0	3.2552742616033754	0.0	0.0	0.0	0.0	0.0	0.31856540084388185	0.0	0.0	0.0	0.0	0.0	0.0	0.6350210970464135	0.0	0.4978902953586498	2.542194092827004	0.0	0.0	0.0	0.0	0.0	0.0	0.0	0.0	0.0	0.0
639523	0.0	0.0	1.4876099120703437	0.0	0.24060751398880895	0.0	0.0	0.0	0.0	0.0	0.0	0.0	0.0	0.0	0.0	0.6019184652278178	0.0	0.0	2.58273381294964	0.0	0.0	0.0	0.0	0.4828137490007994	0.0	0.0	0.0	0.0	0.0
722379	0.0	0.0	0.0	0.0	0.0	0.0	0.0	0.0	0.0	0.0	0.0	0.0	0.0	0.3107769423558897	0.0	0.37844611528822053	0.0	0.0	2.6491228070175437	0.0	0.0	0.0	0.0	1.568922305764411	0.0	0.0	0.0	0.0	0.0
1009747	0.0	0.0	4.572368421052632	0.0	0.22807017543859648	0.0	0.0	0.0	0.0	0.0	0.0	0.0	0.0	0.6293859649122807	0.0	0.7916666666666666	0.0	0.0	3.969298245614035	0.0	0.0	0.0	0.0	0.0	0.0	0.0	0.0	0.0	0.0
896473	0.0	0.0	0.8311965811965812	0.0	0.0	0.4081196581196581	0.0	0.0	0.0	0.0	0.0	0.0	0.0	0.0	0.0	0.1517094017094017	0.0	0.0	2.0619658119658117	0.0	0.0	0.0	0.0	0.0	0.0	0.0	0.0	0.0	0.0
1602079	0.0	0.0	2.6503067484662575	0.0	0.0	0.0	0.0	0.0	0.9877300613496932	0.0	0.0	0.0	0.0	0.0	0.0	0.40081799591002043	0.0	0.0	1.0756646216768917	0.0	0.0	0.0	0.0	0.0	0.0	0.0	0.0	0.6175869120654397	0.0
978436	0.12979351032448377	0.0	1.1047197640117994	0.443952802359882	0.0	0.0	0.0	0.0	0.0	0.0	0.0	0.0	0.0	0.44542772861356933	0.0	0.22271386430678466	0.0	0.0	1.8569321533923304	0.0	0.0	0.0	0.0	0.0	0.15634218289085547	0.0	0.0	0.0	0.0
1339456	0.0	0.0	1.2730496453900708	0.0	0.0	0.3557919621749409	0.0	0.0	0.0	0.0	0.23995271867612294	0.0	0.0	0.0	0.14657210401891252	0.0	0.13002364066193853	0.0	1.9739952718676124	0.0	0.0	0.0	0.0	0.3557919621749409	0.0	0.35697399527186763	0.0	0.0	0.0
1339455	0.0	0.0	2.405673758865248	0.0	0.2695035460992908	0.0	0.0	0.0	0.0	0.21418439716312057	0.150354609929078	0.0	0.0	0.0	0.0	0.2553191489361702	1.1404255319148937	0.0	2.4340425531914893	0.0	0.0	0.0	0.0	0.0	0.0	0.0	0.0	0.0	0.0
751774	0.0	0.0	0.9754098360655737	0.412568306010929	0.0	0.4426229508196721	0.0	0.0	0.0	0.0	0.0	0.0	0.4098360655737705	0.0	0.0	0.6256830601092896	0.0	0.0	2.4562841530054644	0.2978142076502732	0.26229508196721313	0.0	0.0	0.09016393442622951	0.0	0.0	0.0	0.0	0.0
