key	WAM_ALR	WAM_CCR	WAM_IPI	WAM_MAR	WAM_MYS	WAM_PBL	WAM_PJN	WAM_PPR	WAM_PST	WAM_ROL	WAM_SCR	WAM_SGN	WAM_SIS	WAM_TWN	WAR_ALR	WAR_CCR	WAR_IPI	WAR_MAR	WAR_MYS	WAR_PBL	WAR_PJN	WAR_PPR	WAR_PSK	WAR_PST	WAR_RNW	WAR_ROL	WAR_SCR	WAR_SGL	WAR_SIS
1218160	0.3942652329749104	0.0	0.0	0.5376344086021505	0.31362007168458783	1.0985663082437276	3.0627240143369177	0.5412186379928315	2.1415770609319	0.0	0.0	0.553763440860215	0.0	0.5412186379928315	0.0	0.0	0.0	0.34946236559139787	0.0	1.3225806451612903	1.0806451612903225	0.492831541218638	0.0	0.8817204301075269	0.0	0.0	0.0	1.967741935483871	0.0
1218163	0.19017763845350052	0.567398119122257	0.0	1.632183908045977	0.0	0.9425287356321839	0.0	0.3155694879832811	0.3155694879832811	0.0	0.0	1.2246603970741903	0.0	0.3155694879832811	0.2560083594566353	0.0	0.0	0.3155694879832811	0.0	0.48380355276907	0.6081504702194357	0.0	0.0	0.31347962382445144	0.7857889237199582	0.0	0.9028213166144201	0.0	0.0
1208702	0.0	0.719047619047619	0.22857142857142856	0.719047619047619	0.0	0.0	0.5833333333333334	0.0	0.40714285714285714	0.0	0.0	1.05	0.0	0.0	0.0	1.311904761904762	0.0	0.0	0.0	0.7880952380952381	0.47619047619047616	0.2261904761904762	0.0	1.3904761904761904	1.1714285714285715	0.0	1.111904761904762	1.6452380952380952	0.0
351618	0.2082082082082082	0.3033033033033033	0.2702702702702703	0.3023023023023023	0.0	0.3023023023023023	0.48848848848848847	0.3003003003003003	0.4184184184184184	0.0	0.2082082082082082	2.2412412412412412	0.0	0.0	0.0	0.0	0.0	0.2992992992992993	0.056056056056056056	0.9059059059059059	0.0	0.3003003003003003	0.10810810810810811	0.3023023023023023	0.3113113113113113	0.0	0.6776776776776777	1.1941941941941943	0.0
788232	2.685344827586207	0.4324712643678161	0.0	1.2241379310344827	0.0	0.8879310344827587	0.4698275862068966	0.0	0.0	0.0	0.6479885057471264	0.6681034482758621	0.08045977011494253	0.6422413793103449	0.0	1.2543103448275863	0.0	0.0	0.4324712643678161	0.7873563218390804	0.7456896551724138	0.21551724137931033	0.4339080459770115	0.8563218390804598	0.40804597701149425	0.0	1.3074712643678161	0.0	0.0
788235	0.0	0.0	0.0	0.9623655913978495	0.0	1.5161290322580645	0.17204301075268819	0.0	0.0	0.0	0.0	0.45698924731182794	0.0	0.0	0.0	0.0	0.0	0.0	0.0	0.0	3.4301075268817205	0.6881720430107527	0.0	0.0	0.0	0.0	0.0	0.5161290322580645	0.0
333551	0.0	0.0	0.0	0.537712895377129	0.44282238442822386	1.362530413625304	0.0	0.0	0.45012165450121655	0.0	0.12652068126520682	1.316301703163017	0.0	0.0	0.0	0.0	0.0	0.7347931873479319	0.0	1.0559610705596107	0.7347931873479319	0.9051094890510949	0.08029197080291971	0.0	1.099756690997567	0.0	0.0	0.0	0.0
322424	0.0	0.5967741935483871	0.0	0.0	0.0	0.9731182795698925	0.0	0.3655913978494624	0.6209677419354839	0.0	1.6236559139784945	1.0026881720430108	0.0	0.0	0.0	0.8118279569892473	0.0	1.60752688172043	0.0	0.07258064516129033	1.1236559139784945	0.0	0.0	0.0	0.12365591397849462	0.6451612903225806	0.0	2.2123655913978495	0.0
1667398	0.7225130890052356	1.0541012216404886	0.0	1.0401396160558465	0.5200698080279232	0.5218150087260035	0.6596858638743456	0.0	0.0	0.0	0.0	0.0	0.0	0.39965095986038396	0.0	1.0541012216404886	0.0	1.1535776614310647	0.0	0.0	0.7417102966841187	0.0	0.0	1.4031413612565444	0.5270506108202443	0.0	0.6544502617801047	0.787085514834206	0.0
1689179	0.0	0.0	0.0	0.6666666666666666	0.0	0.20713305898491083	0.20713305898491083	0.411522633744856	0.05212620027434842	0.0	0.0	0.3772290809327846	0.0	1.6515775034293554	0.0	0.7037037037037037	0.0	0.0	0.0	0.28532235939643347	0.6666666666666666	0.0	0.0	0.0	0.8257887517146777	0.0	0.25102880658436216	0.877914951989026	0.0
1024916	1.8293650793650793	0.0	1.1904761904761905	1.1984126984126984	0.0	0.5198412698412699	1.3412698412698412	0.0	0.3611111111111111	0.0	0.0	0.0	0.0	0.25793650793650796	0.5753968253968254	0.0	0.0	0.05952380952380952	0.0	0.9603174603174603	0.5912698412698413	0.4246031746031746	0.0	0.5357142857142857	0.1349206349206349	0.0	0.34523809523809523	0.8293650793650794	0.0
1014399	0.7107843137254902	0.0	0.0	0.6911764705882353	0.0	0.9215686274509803	3.4754901960784315	1.0147058823529411	0.0	0.0	0.0	0.0	0.0	0.0	0.0	0.0	0.0	0.0	0.0	0.0	0.0	1.2450980392156863	0.0	1.0490196078431373	0.6274509803921569	0.0	0.0	0.0	0.0
1201224	1.832	1.4133333333333333	0.4026666666666667	2.168	0.25066666666666665	2.9306666666666668	0.9386666666666666	0.0	0.4026666666666667	0.0	0.8693333333333333	3.472	0.0	1.44	0.0	0.0	0.8053333333333333	0.27466666666666667	0.0	0.952	0.4186666666666667	0.0	1.1306666666666667	0.47733333333333333	1.192	0.0	0.4	0.84	0.4746666666666667
1201225	0.7232704402515723	0.09643605870020965	0.3165618448637317	0.14255765199161424	0.38784067085953877	1.2893081761006289	0.39832285115303984	0.0	0.27044025157232704	0.0	0.6331236897274634	1.8909853249475892	0.0	0.0	1.4171907756813418	0.0	0.0	0.1761006289308176	0.0	0.689727463312369	2.5555555555555554	0.0	0.5220125786163522	1.1740041928721174	1.471698113207547	0.0	1.0419287211740043	1.1886792452830188	0.15932914046121593
1201227	0.0	0.6078431372549019	0.0	0.6405228758169934	0.0	0.8562091503267973	1.0718954248366013	0.0	0.0	0.0	0.5424836601307189	3.676470588235294	0.0	0.5555555555555556	0.0	0.0	0.0	0.42810457516339867	0.0	0.6078431372549019	0.0	1.369281045751634	0.0	0.0	0.0	0.9836601307189542	1.2483660130718954	1.130718954248366	0.0
1201228	0.8106796116504854	0.5016181229773463	0.48220064724919093	0.9627831715210357	0.47572815533980584	0.24110032362459546	0.35760517799352753	0.0	1.4660194174757282	0.0	0.0	1.3462783171521036	0.4854368932038835	0.7313915857605178	0.4854368932038835	0.0	0.0	0.6585760517799353	0.0	1.5598705501618122	0.4077669902912621	0.3414239482200647	0.970873786407767	0.8220064724919094	0.4854368932038835	0.0	0.0	0.6666666666666666	0.0
1201229	0.8888888888888888	0.9	0.0	0.2698412698412698	0.5603174603174603	0.9555555555555556	0.25555555555555554	0.4793650793650794	1.4365079365079365	0.0	0.0	1.3460317460317461	0.0	0.5873015873015873	0.0	0.0	0.0	3.0174603174603174	0.0	2.4380952380952383	0.5619047619047619	1.6650793650793652	0.47619047619047616	1.5873015873015872	1.1682539682539683	0.0	1.3460317460317461	0.7222222222222222	0.0
1201230	2.0962199312714778	1.0378006872852235	0.9072164948453608	1.5257731958762886	0.11683848797250859	1.034364261168385	0.0	0.0	0.0	0.0	0.0	1.1993127147766323	0.0	0.7560137457044673	0.0	0.0	0.0	2.2714776632302405	0.0	0.8625429553264605	0.0	0.14776632302405499	1.597938144329897	0.9828178694158075	0.5360824742268041	0.0	0.24054982817869416	0.7628865979381443	0.0
1201231	4.010869565217392	0.0	0.03743961352657005	0.5772946859903382	0.3647342995169082	0.7258454106280193	0.3115942028985507	0.2041062801932367	0.3635265700483092	0.0	0.0748792270531401	1.4516908212560387	0.025362318840579712	0.3611111111111111	0.7282608695652174	0.0	0.36231884057971014	0.028985507246376812	0.0	0.7258454106280193	0.8164251207729468	1.0277777777777777	0.5217391304347826	1.8224637681159421	0.3635265700483092	0.0	0.4855072463768116	0.8188405797101449	0.3647342995169082
1201232	3.817204301075269	0.0	0.0	0.41935483870967744	0.0	0.2974910394265233	0.15412186379928317	0.44802867383512546	1.0788530465949822	0.0	0.8315412186379928	1.4086021505376345	1.2437275985663083	0.0	0.7706093189964157	0.0	0.0	2.2903225806451615	0.0	1.0788530465949822	0.8745519713261649	0.0	0.0	0.5519713261648745	0.23655913978494625	0.0	0.0	0.0	0.0
1201233	3.0217391304347827	0.036231884057971016	0.0	0.4106280193236715	0.0	1.9516908212560387	0.6256038647342995	0.10144927536231885	0.9323671497584541	0.0	0.6207729468599034	1.6956521739130435	0.5241545893719807	3.2681159420289854	0.18357487922705315	0.0	0.0	0.46859903381642515	0.0	0.0	0.0	0.10144927536231885	0.0	0.43478260869565216	0.32367149758454106	0.0	0.0	0.7270531400966184	0.0
1201234	0.39943741209563993	0.8157524613220816	0.4247538677918425	0.7468354430379747	0.0	1.4444444444444444	0.41068917018284107	0.7834036568213784	0.6933895921237694	0.0	0.6722925457102672	1.7763713080168777	0.0	1.0225035161744023	0.0	0.0	0.0	1.029535864978903	0.42334739803094235	0.849507735583685	0.4247538677918425	0.7819971870604782	0.19831223628691982	1.358649789029536	0.8481012658227848	0.0	0.4247538677918425	1.149085794655415	0.0
1201235	0.0	0.6928571428571428	0.0	1.6690476190476191	0.0	1.0571428571428572	0.719047619047619	0.7095238095238096	0.0	0.719047619047619	0.0	0.6333333333333333	0.0	0.0	0.0	0.0	0.0	0.0	0.0	0.580952380952381	0.0	0.4095238095238095	0.3523809523809524	0.38095238095238093	0.12380952380952381	0.0	1.1714285714285715	0.2642857142857143	0.0
1201236	0.0	0.0	0.0	2.3958333333333335	0.0	0.0	0.0	1.1979166666666667	0.0	0.0	0.0	2.4322916666666665	0.0	0.78125	0.0	0.0	0.0	0.0	0.0	0.5416666666666666	0.0	0.2708333333333333	0.0	1.234375	2.6614583333333335	0.0	1.5833333333333333	1.0833333333333333	0.0
1201237	0.0	0.0	0.0	2.046511627906977	0.0	0.7054263565891473	0.26356589147286824	0.5426356589147286	0.0	0.0	0.0	3.3333333333333335	0.0	0.7248062015503876	0.0	0.0	0.0	0.0	0.0	0.9418604651162791	0.624031007751938	1.0891472868217054	0.0	0.3178294573643411	1.1511627906976745	0.0	1.9844961240310077	1.2054263565891472	0.0
1201238	0.0	1.5555555555555556	0.0	0.8157181571815718	0.0	0.7371273712737128	0.7181571815718157	1.3224932249322494	0.0	0.0	0.8184281842818428	2.8401084010840107	0.0	0.2981029810298103	0.0	0.8157181571815718	0.0	0.15718157181571815	0.17073170731707318	0.7615176151761518	1.184281842818428	0.5582655826558266	0.8644986449864499	0.6856368563685636	0.0	0.0	1.002710027100271	0.0	0.0
1201239	0.5608974358974359	0.0	0.0	0.9647435897435898	0.0	1.3621794871794872	0.8974358974358975	0.022435897435897436	0.9358974358974359	0.0	0.0	1.5833333333333333	0.0	0.0	0.0	0.0	0.0	0.2564102564102564	1.5224358974358974	1.1570512820512822	0.9102564102564102	0.11538461538461539	0.9647435897435898	0.9647435897435898	0.0	0.0	0.47115384615384615	0.0	0.0
1201240	1.6235294117647059	0.0	0.0	0.0	0.0	4.035294117647059	0.15294117647058825	0.0	0.5647058823529412	0.0	0.5882352941176471	1.3647058823529412	0.0	0.0	0.0	0.0	0.0	0.4392156862745098	0.14901960784313725	4.462745098039216	1.1764705882352942	0.0	0.9490196078431372	0.8274509803921568	1.035294117647059	0.0	0.592156862745098	0.0	0.0
1201243	1.894736842105263	0.0	0.0	0.0	0.0	0.9047619047619048	0.14786967418546365	0.37844611528822053	0.0	0.0	0.0	1.531328320802005	0.37844611528822053	0.9624060150375939	0.0	0.49874686716791977	0.0	0.2882205513784461	0.0	0.8095238095238095	1.463659147869674	0.7518796992481203	0.09523809523809523	1.6065162907268171	0.7343358395989975	0.0	0.0	0.0	0.020050125313283207
1201244	2.7679558011049723	0.3756906077348066	0.27624309392265195	0.9023941068139963	0.0	1.7863720073664826	0.4125230202578269	0.3756906077348066	0.9852670349907919	0.0	0.0	4.031307550644567	0.27808471454880296	0.8342541436464088	0.0	0.4843462246777164	0.0	1.1197053406998159	0.40515653775322286	0.9484346224677717	0.2283609576427256	0.0	0.8195211786372008	0.27808471454880296	0.5524861878453039	0.0	0.48987108655616945	0.5377532228360957	0.0
1201245	2.2549019607843137	0.0	0.0	1.1764705882352942	0.8403361344537815	1.6778711484593838	0.0	0.6666666666666666	0.1568627450980392	0.0	0.42296918767507	2.7142857142857144	0.0	1.257703081232493	0.42016806722689076	0.9243697478991597	0.0	0.7591036414565826	0.6078431372549019	0.3697478991596639	0.05042016806722689	0.4733893557422969	1.2661064425770308	0.0	0.0	0.0	0.06722689075630252	0.8431372549019608	0.0
1201248	0.37969094922737306	0.6644591611479028	0.059602649006622516	1.0529801324503312	0.3333333333333333	0.9624724061810155	0.0	0.423841059602649	0.0	0.0	0.0	2.739514348785872	0.0	0.0	0.0	0.6600441501103753	0.0	1.9514348785871964	0.4370860927152318	1.0176600441501105	1.9602649006622517	0.33112582781456956	0.0	1.467991169977925	0.6644591611479028	0.0	0.0	0.5011037527593819	0.0
1211479	0.0	0.0	0.0	0.0	0.0	0.4011627906976744	1.1608527131782946	0.28875968992248063	0.5833333333333334	0.0	0.0	2.813953488372093	0.0	0.0	0.5833333333333334	0.5542635658914729	0.0	0.2926356589147287	0.0	0.0	0.0	0.0	0.0	0.2926356589147287	0.4476744186046512	0.015503875968992248	0.5852713178294574	0.0	0.0
190065	0.3041289023162135	0.35850956696878145	0.3021148036253776	0.9899295065458208	0.0	1.1238670694864048	0.3041289023162135	0.3041289023162135	0.0	0.0	0.2759315206445116	1.2628398791540785	0.0	0.028197381671701913	0.3856998992950655	0.3031218529707956	0.0	0.15709969788519637	0.0	0.6988922457200403	0.6737160120845922	0.391742195367573	0.5206445115810675	0.6807653575025177	0.3031218529707956	0.0	0.3323262839879154	1.1198388721047332	0.0
190066	0.0	0.15714285714285714	0.0	1.0309523809523808	0.0	1.4166666666666667	0.2785714285714286	0.0	0.0	0.0	0.0	0.8928571428571429	0.0	0.37142857142857144	0.4	0.719047619047619	0.0	0.5452380952380952	0.0	0.0	0.16904761904761906	0.580952380952381	0.0	0.3547619047619048	0.0	0.0	0.3761904761904762	1.8857142857142857	0.0
190063	0.49504950495049505	0.0	0.0	0.0	0.0	0.0	0.9966996699669967	0.0	1.0297029702970297	0.0	0.0	0.3069306930693069	0.0	0.30363036303630364	0.0	0.5643564356435643	0.0	0.9966996699669967	0.0	0.6567656765676567	0.9933993399339934	0.0	0.9966996699669967	0.0	0.31353135313531355	0.0	0.0	0.966996699669967	0.0
105335	0.0	0.9245463228271251	0.14804202483285578	0.5768863419293219	0.09933142311365807	0.778414517669532	0.504297994269341	0.0	0.8548233046800382	0.0	0.0	0.9216809933142311	0.0	0.14422158548233047	0.0	0.0	0.28844317096466093	0.0	0.0	0.5740210124164279	0.2874880611270296	0.8624641833810889	0.23973256924546324	0.5740210124164279	1.3915950334288443	0.0	0.4326647564469914	0.2502387774594078	0.0
67299	0.0	0.0	0.776	0.0	0.0	0.8053333333333333	0.0	0.0	0.6266666666666667	0.0	0.0	1.3306666666666667	0.0	0.0	0.0	0.0	0.0	0.037333333333333336	0.0	0.0	0.18666666666666668	0.0	0.0	0.0	0.0	0.0	0.0	0.0	0.0
1120173	0.23865110246433205	0.5771725032425421	0.0	1.1738002594033723	0.23216601815823606	1.171206225680934	0.0	0.0	0.5862516212710766	0.0	0.3359273670557717	2.3942931258106355	0.0	0.23735408560311283	0.0	0.39169909208819714	0.39169909208819714	0.0	0.0	1.264591439688716	0.7795071335927367	0.20103761348897536	0.0	0.041504539559014265	2.734111543450065	0.0	0.0	0.0	0.0
1120174	4.222222222222222	0.0	0.0	0.0	0.0	0.4662309368191721	0.0	0.0	0.3289760348583878	0.0	0.0	0.0	0.0	0.0	0.6514161220043573	0.0	0.0	0.0	0.0	0.0	0.6579520697167756	0.0	0.0	0.0	0.058823529411764705	0.0	0.0	0.0	0.0
1120171	0.8881578947368421	0.1206140350877193	0.0	0.2236842105263158	0.0	2.138157894736842	1.1359649122807018	0.5614035087719298	0.6622807017543859	0.0	0.0	2.2916666666666665	0.0	0.09649122807017543	0.0	1.7017543859649122	0.0	0.0	0.0	1.263157894736842	1.2258771929824561	1.1864035087719298	0.23903508771929824	0.4649122807017544	0.7982456140350878	0.0	0.0	0.0	0.0
1120172	3.648578811369509	0.8113695090439277	0.0	4.217054263565892	0.40568475452196384	1.7648578811369509	0.9974160206718347	0.11627906976744186	1.2196382428940569	0.0	0.0	1.9069767441860466	0.0	0.6640826873385013	0.0	1.0155038759689923	0.0	0.0	0.0	2.0361757105943155	1.7080103359173127	0.3979328165374677	0.1111111111111111	0.7803617571059431	0.9638242894056848	0.0	0.7803617571059431	0.0	0.0
1346083	0.0	0.37457912457912457	0.0	0.7643097643097643	0.0	1.712962962962963	0.9932659932659933	0.0	0.76010101010101	0.0	0.0	1.9191919191919191	0.0	0.5058922558922558	0.0	0.25336700336700335	0.0	0.12626262626262627	0.0	0.0	0.9267676767676768	0.20202020202020202	0.0	0.0	0.7491582491582491	0.24242424242424243	0.4074074074074074	0.4957912457912458	0.0
1526548	0.0	0.0	0.0	0.4888888888888889	0.0	0.0	0.8296296296296296	0.0	3.1333333333333333	0.0	0.003703703703703704	0.0	0.0	0.0	0.0	1.1851851851851851	0.0	0.0	0.0	0.0	0.07777777777777778	0.0	0.0	0.8925925925925926	2.8740740740740742	0.0	2.588888888888889	0.0	0.0
467093	0.39477124183006534	0.39477124183006534	0.0	1.6483660130718953	0.0	1.2339869281045752	0.2823529411764706	0.12026143790849673	1.1790849673202615	0.39477124183006534	0.7869281045751634	0.7712418300653595	0.0	0.0	0.0	0.0	0.0	0.12026143790849673	0.0	1.0627450980392157	0.984313725490196	0.0	0.0	0.5947712418300654	0.19738562091503267	0.0	0.19607843137254902	0.5215686274509804	0.0
467094	0.0	0.0	0.3601694915254237	1.7048022598870056	0.0	0.4265536723163842	0.0	0.3771186440677966	0.0	0.0	0.422316384180791	1.0070621468926553	0.0	0.0	0.0	0.423728813559322	0.0	1.0663841807909604	0.0	1.176553672316384	0.2344632768361582	0.0	0.0	0.0	0.6511299435028248	0.0	0.0	0.4265536723163842	0.0
154427	0.0	0.0	0.0	0.08450704225352113	0.0	2.2338028169014086	0.5652582159624413	0.14178403755868543	0.27981220657276995	0.0	0.28356807511737087	0.5877934272300469	0.0	0.0	0.0	0.0	0.0	1.1990610328638498	0.4253521126760563	0.28075117370892017	0.5154929577464789	0.28356807511737087	0.0	0.9183098591549296	0.847887323943662	0.8507042253521127	0.5990610328638498	0.0	0.5333333333333333
1013436	0.0	0.0	0.17495395948434622	0.0	0.0	0.0	0.9244935543278084	0.0	0.39410681399631675	0.0	0.0	0.8766114180478821	0.0	0.0	0.0	0.0	0.0	1.4622467771639043	0.0	0.4143646408839779	0.47882136279926335	0.0	0.0	0.6224677716390423	0.0	0.0	0.5543278084714549	0.13259668508287292	0.0
660585	0.0	0.0	0.0	0.125	0.8273809523809523	0.4494047619047619	0.0	0.0	0.0	0.0	0.0	1.4851190476190477	0.0	0.23809523809523808	0.0	0.9791666666666666	0.0	1.6428571428571428	0.0	1.3392857142857142	0.0	1.9285714285714286	0.0	0.9136904761904762	1.3482142857142858	0.8035714285714286	0.5863095238095238	0.9196428571428571	0.0
1612038	0.0	0.8192090395480226	0.0	0.9491525423728814	0.0	1.8700564971751412	1.0338983050847457	0.0	0.7288135593220338	0.0	0.7909604519774012	1.694915254237288	0.0	0.0	0.0	0.0	0.0	0.0	0.0	0.0	0.0	0.0	0.0	0.0	0.0	0.0	0.0	0.0	0.0
1612041	0.8625730994152047	0.0	0.0	0.0	0.0	0.4853801169590643	0.8742690058479532	0.0	0.0	0.0	0.0	0.8801169590643275	0.0	0.43567251461988304	0.0	0.0	0.0	1.6608187134502923	0.5877192982456141	0.0	1.6929824561403508	0.0	0.0	0.0	1.9035087719298245	0.0	0.6754385964912281	0.0	0.0
1342383	1.226768968456948	0.0	0.2549019607843137	0.0	0.257459505541347	1.5413469735720375	1.2088661551577153	0.1287297527706735	0.257459505541347	0.0	0.0	2.0034100596760442	0.1287297527706735	0.257459505541347	0.39641943734015345	1.5421994884910486	0.0	0.514919011082694	0.2557544757033248	1.63000852514919	0.5294117647058824	0.16965046888320545	0.2557544757033248	0.979539641943734	1.4313725490196079	0.0	0.8388746803069054	0.9718670076726342	0.0
1342378	0.6293706293706294	0.5862470862470862	0.24358974358974358	0.4836829836829837	0.0	1.3344988344988344	0.9871794871794872	0.0	1.0536130536130537	0.0	0.30536130536130535	2.129370629370629	0.0	0.0	0.0	0.0	0.0	0.703962703962704	0.0	0.5617715617715617	0.3508158508158508	0.5081585081585082	0.175990675990676	1.4067599067599068	1.0093240093240092	0.0	0.0	1.0233100233100234	0.0
1342380	3.148975791433892	0.0	0.0	3.474860335195531	0.45251396648044695	0.9348230912476723	0.8435754189944135	0.2905027932960894	0.5009310986964618	0.0	0.0	0.9013035381750466	0.5623836126629422	0.0	0.5605214152700186	1.0074487895716946	0.0	0.5623836126629422	0.0	0.9720670391061452	1.1508379888268156	1.595903165735568	0.8677839851024208	0.7821229050279329	0.3370577281191806	0.0	2.46927374301676	0.0	0.27932960893854747
787498	0.0	0.0	0.0	0.0	0.0	0.30648769574944074	0.0	0.37583892617449666	0.0	0.0	0.0	1.599552572706935	0.0	0.3378076062639821	0.0	0.4608501118568233	0.0	0.0	0.0	0.0	0.0	0.5413870246085011	0.0	1.1208053691275168	0.0	0.0	0.46308724832214765	0.0	0.0
