key	WAM_ALR	WAM_CCR	WAM_IPI	WAM_MAR	WAM_MYS	WAM_PBL	WAM_PJN	WAM_PPR	WAM_PST	WAM_ROL	WAM_SCR	WAM_SGN	WAM_SIS	WAM_TWN	WAR_ALR	WAR_CCR	WAR_IPI	WAR_MAR	WAR_MYS	WAR_PBL	WAR_PJN	WAR_PPR	WAR_PSK	WAR_PST	WAR_RNW	WAR_ROL	WAR_SCR	WAR_SGL	WAR_SIS
1462495	0.0	0.3950617283950617	0.9074074074074074	0.0	0.0	0.9320987654320988	0.654320987654321	0.0	0.0	0.0	0.0	1.0648148148148149	0.0	0.46296296296296297	0.0	0.0	0.0	2.154320987654321	0.0	1.5277777777777777	0.0	0.08333333333333333	0.0	0.0	1.0679012345679013	0.0	0.0	0.43209876543209874	0.0
420424	0.0	0.799410029498525	0.3952802359882006	0.6533923303834809	0.0	1.831858407079646	0.0	0.0	1.9498525073746313	0.0	0.8731563421828908	0.9410029498525073	0.0	0.3893805309734513	0.0	0.15191740412979352	0.0	0.07964601769911504	0.0	0.22713864306784662	1.3613569321533923	0.4085545722713864	0.0	0.0	0.0	0.0	1.0619469026548674	0.0	0.0
420426	0.5811965811965812	0.7863247863247863	0.0	0.8262108262108262	0.0	1.2905982905982907	0.0	0.0	0.1737891737891738	0.0	0.0	0.8347578347578347	0.0	0.0	0.0	0.0	0.0	0.6381766381766382	0.0	0.7407407407407407	0.0	1.6324786324786325	0.5584045584045584	0.0	0.6923076923076923	0.0	0.042735042735042736	0.7435897435897436	0.0
666738	0.0	0.8099250936329588	0.0	0.9176029962546817	0.0	0.0	0.0	0.0	0.0	0.0	0.0	0.5196629213483146	0.04868913857677903	0.0	0.0	0.9625468164794008	0.14325842696629212	1.3623595505617978	0.0	1.353932584269663	0.2799625468164794	0.0	0.08239700374531835	1.094569288389513	0.5318352059925093	0.28277153558052437	0.6151685393258427	0.8473782771535581	0.0
672774	0.0	0.0	0.0	0.6991869918699187	0.0	0.0	0.0	0.0	0.0	0.0	0.0	0.8048780487804879	0.0	0.0	0.0	0.0	0.0	0.0	0.0	0.0	0.0	0.0	0.0	0.0	0.0	0.0	0.0	0.0	0.0
1537651	0.0	1.5925925925925926	0.0	0.0	0.0	0.0	2.7233115468409586	0.3289760348583878	0.0	0.3572984749455338	0.5969498910675382	0.0	0.0	0.0	0.5577342047930284	0.0	0.0	1.8366013071895424	0.0	1.44880174291939	1.2200435729847494	0.8758169934640523	0.0	0.8061002178649237	1.0501089324618735	0.0	0.0	0.3289760348583878	0.0
57168	0.09728183118741059	0.290414878397711	0.0	0.2703862660944206	0.0	0.33476394849785407	0.8111587982832618	0.0	0.43204577968526464	0.0	0.0	0.7825464949928469	0.0	0.0	0.0	0.0	0.43204577968526464	0.0	0.0	0.43204577968526464	1.5050071530758227	0.0	0.0	0.8311874105865522	0.8526466380543634	0.43061516452074394	0.0	1.2246065808297568	1.0758226037195995
57169	0.7352941176470589	0.2908496732026144	0.0	1.303921568627451	0.0	0.0	1.0294117647058822	0.0	0.0	0.0	0.0	0.16013071895424835	0.0	0.0	0.0	0.0	0.0	0.9869281045751634	0.0	0.934640522875817	1.3529411764705883	0.08169934640522876	0.0	1.4542483660130718	1.1045751633986929	0.0	0.0	1.761437908496732	0.9836601307189542
57170	0.47368421052631576	0.6507177033492823	0.0	0.4800637958532695	0.0	0.05582137161084529	0.9553429027113237	0.0	0.06379585326953748	0.0	0.0	1.2057416267942584	0.0	0.0	0.0	0.0	0.48165869218500795	1.1961722488038278	0.0	1.9314194577352473	1.2248803827751196	0.9138755980861244	0.0	0.0	0.379585326953748	0.0	0.0	0.7272727272727273	0.48165869218500795
57171	0.416260162601626	0.8097560975609757	0.07642276422764227	0.24552845528455283	0.0	0.9252032520325203	0.4878048780487805	0.0	0.424390243902439	0.0	0.0	0.11056910569105691	0.0	0.9788617886178862	0.49105691056910566	0.9821138211382113	0.0	0.3772357723577236	0.0	0.9089430894308943	0.4878048780487805	0.9821138211382113	0.0	0.9300813008130081	0.4894308943089431	0.0	0.0	0.9691056910569106	0.0
57172	0.0	0.0	0.5784313725490197	0.4934640522875817	0.0	0.3888888888888889	0.0	0.0	0.0	0.0	0.0	0.0	0.0	0.0	0.0	0.0	0.0	0.9117647058823529	0.0	2.4084967320261437	1.7483660130718954	0.0	0.0	0.0	0.0	0.0	0.0	1.3529411764705883	0.16339869281045752
1538659	0.0	1.1379310344827587	0.40229885057471265	0.0	0.0	0.0	0.9712643678160919	0.0	0.0	0.0	0.0	0.0	0.0	0.0	0.0	0.6724137931034483	0.0	0.22413793103448276	0.9885057471264368	0.3074712643678161	0.7126436781609196	0.0	0.0	0.0	0.0	0.0	0.0	0.8649425287356322	0.0
1538660	0.0	1.4393939393939394	0.0	0.0	0.0	0.0	0.1717171717171717	0.0	0.0	0.0	0.0	0.0	0.0	0.0	0.0	0.0	0.0	0.0	0.0	1.9343434343434343	1.1313131313131313	0.0	0.0	0.0	0.7626262626262627	0.0	0.0	0.0	0.0
333662	0.0	0.0	0.0	0.0	0.0	0.0	0.0	0.0	0.7151515151515152	0.10909090909090909	0.0	0.28484848484848485	0.0	0.0	0.0	0.0	0.0	0.0	0.0	0.9151515151515152	0.6666666666666666	0.0	0.0	0.8242424242424242	0.0	0.0	0.0	0.0	0.0
595571	0.0	0.7196969696969697	0.1994949494949495	0.14646464646464646	0.0	0.0	0.3813131313131313	0.6944444444444444	0.6944444444444444	0.0	0.0	1.4873737373737375	0.0	0.0	0.0	0.0	0.0	0.5883838383838383	0.0	0.41919191919191917	0.0	0.0	0.0	0.1893939393939394	0.0	0.0	0.8737373737373737	0.3813131313131313	0.0
1179729	0.0	0.0	0.7522935779816514	0.0	0.0	0.5321100917431193	0.03669724770642202	0.0	0.9785932721712538	0.0	0.0	0.0	0.0	0.0	0.0	0.0	0.0	1.4067278287461773	0.0	0.6941896024464832	0.9235474006116208	0.0	0.5688073394495413	0.5779816513761468	0.8103975535168195	0.0	0.03363914373088685	0.8012232415902141	0.0
756728	1.2576489533011272	0.0	0.0	0.18035426731078905	0.0	0.0	0.0	0.0	0.0	0.0	0.06763285024154589	0.0	0.6682769726247987	0.0	1.077294685990338	0.0	0.0	0.0	0.0	0.0	0.0	0.0	0.7294685990338164	0.2431561996779388	0.4863123993558776	0.0	0.0	0.15942028985507245	0.0
1680836	0.0	2.0	0.0	0.9308510638297872	0.0	0.0	0.4432624113475177	0.8634751773049646	0.7978723404255319	0.5354609929078015	0.0	0.5354609929078015	0.0	0.12056737588652482	0.0	0.0	0.0	1.950354609929078	0.0	1.8829787234042554	0.0	0.0	0.0	1.5372340425531914	0.30851063829787234	1.1843971631205674	0.5354609929078015	1.1684397163120568	0.0
1680834	0.0	0.0	0.0	0.0	0.5076142131979695	1.0186125211505923	0.25549915397631134	0.0	0.0	0.0	0.0	0.38578680203045684	0.0	0.0	0.0	0.5093062605752962	0.0	0.0	0.3925549915397631	0.6091370558375635	0.04568527918781726	0.0	0.021996615905245348	0.5093062605752962	1.482233502538071	1.0355329949238579	0.5093062605752962	0.0	0.4619289340101523
1575922	0.26773049645390073	1.1170212765957446	0.0	0.6205673758865248	0.0	0.5319148936170213	0.7588652482269503	0.4929078014184397	0.0	0.0	0.5301418439716312	0.1702127659574468	0.0	0.4787234042553192	0.0	0.11702127659574468	0.5354609929078015	0.0	0.0	0.475177304964539	0.0	0.2074468085106383	0.0	1.803191489361702	1.549645390070922	0.0	0.48404255319148937	0.8031914893617021	0.26773049645390073
1056665	0.3945578231292517	0.0	0.0	0.0	0.0	0.41496598639455784	0.23469387755102042	0.0	0.6632653061224489	0.0	0.0	0.061224489795918366	0.5136054421768708	0.0	0.0	0.0	0.8027210884353742	0.0	0.0	0.282312925170068	1.0238095238095237	0.0	0.0	5.112244897959184	0.0	0.0	1.0850340136054422	0.0	0.0
811884	0.40663176265270506	0.29668411867364747	0.0	0.0	0.0	0.5235602094240838	0.26352530541012215	0.506108202443281	0.0	0.0	0.0	0.0	0.0	0.0	0.0	0.0	0.0	1.0139616055846423	0.0	0.7731239092495636	1.8027923211169286	0.5270506108202443	0.0	0.5270506108202443	0.26352530541012215	0.16579406631762653	0.525305410122164	1.1204188481675392	0.3089005235602094
271236	0.0	0.5127551020408163	0.25510204081632654	0.48214285714285715	0.0	0.10374149659863946	0.9379251700680272	0.0	0.5119047619047619	0.2568027210884354	0.0	0.0	0.0	0.0	0.2568027210884354	0.0	0.25595238095238093	1.123299319727891	0.0467687074829932	0.6870748299319728	1.1743197278911566	0.0	0.0	0.7678571428571429	1.2814625850340136	0.0	0.14030612244897958	0.17857142857142858	0.0
1127491	0.6371308016877637	1.2320675105485233	0.0	0.6244725738396625	0.0	0.35864978902953587	0.0	0.0	0.0	0.0	0.0	2.0843881856540083	0.0	0.0	0.0	0.4641350210970464	0.0	0.0	0.0	0.26582278481012656	0.42616033755274263	0.7763713080168776	0.0	0.0	1.0632911392405062	0.33755274261603374	0.5485232067510548	1.270042194092827	0.0
1450488	0.25166666666666665	0.9483333333333334	0.0	0.07833333333333334	0.0	0.0	0.0	0.5033333333333333	0.0	0.0	0.0	0.2	0.0	0.0	0.0	0.0	0.0	0.49333333333333335	0.0	1.735	0.485	0.0	0.0	1.0033333333333334	0.15166666666666667	0.0	0.29	0.0	0.0
1450489	0.0	0.0	0.0	0.4186046511627907	0.0	1.4521963824289406	0.0	0.13953488372093023	0.0	0.0	0.0	0.45219638242894056	0.0	0.6330749354005168	0.0	0.0	0.0	2.248062015503876	0.0	0.7803617571059431	0.5271317829457365	1.4134366925064599	0.0	0.056847545219638244	0.3462532299741602	1.0775193798449612	0.7441860465116279	1.9612403100775193	0.0
1450490	0.0	0.5394736842105263	0.0	0.0	0.0	0.015350877192982455	0.0	0.5328947368421053	0.6008771929824561	0.0	0.0	0.14692982456140352	0.0	0.11403508771929824	0.0	0.0	0.0	0.7083333333333334	0.6469298245614035	0.0	0.9605263157894737	0.6622807017543859	0.6622807017543859	0.9671052631578947	0.6622807017543859	0.17763157894736842	0.5263157894736842	0.7697368421052632	0.6600877192982456
1522159	0.0	0.0	0.0	0.0	0.0	0.0	0.0	0.0	0.0	0.0	0.0	0.0	0.0	0.0	0.5799457994579946	0.0	0.5853658536585366	3.6097560975609757	1.6368563685636857	0.0	0.0	0.6666666666666666	0.0	1.1626016260162602	1.2140921409214092	0.44986449864498645	0.0	0.46070460704607047	0.0
1460445	0.0	0.2617135207496653	0.2931726907630522	0.7878179384203481	0.20214190093708165	1.4926372155287817	0.0	0.20147255689424365	0.0	0.0	0.0	0.8072289156626506	0.0	0.0	0.6057563587684069	0.1753681392235609	0.20147255689424365	0.5147255689424364	0.0	1.3366800535475234	0.0	0.20147255689424365	0.20214190093708165	0.6044176706827309	0.4042838018741633	0.6057563587684069	0.4036144578313253	0.5508701472556894	0.20214190093708165
1162887	0.013440860215053764	0.25806451612903225	0.0	0.0	0.0	0.0	0.0	0.510752688172043	0.0	0.0	0.0	0.0	0.3897849462365591	0.0	0.0	0.771505376344086	0.8118279569892473	1.1451612903225807	0.2956989247311828	2.486559139784946	0.8118279569892473	0.0	0.0	0.3064516129032258	0.6639784946236559	0.0	0.8091397849462365	0.0	0.22043010752688172
854701	0.0	0.6595238095238095	0.0	0.0	0.0	1.1642857142857144	0.0	0.719047619047619	0.0	0.0	0.55	1.1976190476190476	0.0	0.719047619047619	0.0	0.0	0.0	0.0	0.0	0.18571428571428572	0.3595238095238095	0.0	0.0	0.0	1.0976190476190477	0.0	1.269047619047619	0.0	0.0
689012	0.0	2.553877139979859	0.552870090634441	0.0	0.0	0.5750251762336355	0.5297079556898288	0.5045317220543807	0.9587109768378651	0.0	0.0	1.1520644511581069	0.0	0.3041289023162135	0.0	0.3041289023162135	0.0	0.5206445115810675	0.0	0.5216515609264853	1.8821752265861027	0.3202416918429003	0.038267875125881166	1.2134944612286003	0.6042296072507553	0.6062437059415912	0.7059415911379657	0.9234642497482377	0.15206445115810674
689013	0.0	0.3977272727272727	0.6534090909090909	0.0	0.0	0.6060606060606061	0.13825757575757575	0.16856060606060605	0.7424242424242424	0.0	0.0	0.38825757575757575	0.0	0.0	0.0	0.0	0.0	0.2821969696969697	0.0	1.9734848484848484	0.7821969696969697	0.5170454545454546	0.48295454545454547	0.9659090909090909	0.0	0.5681818181818182	0.07196969696969698	0.0	0.2859848484848485
688997	0.0	0.330188679245283	0.0	0.8962264150943396	0.0	0.0	0.0	0.11006289308176101	1.2735849056603774	0.949685534591195	0.09748427672955975	0.0	0.0	0.0	0.0	0.0	0.5031446540880503	0.6037735849056604	0.0	0.9276729559748428	0.0	0.46855345911949686	0.8616352201257862	0.36163522012578614	0.7138364779874213	0.0	0.0	0.0	0.0
688998	0.0	0.8097826086956522	0.0	0.0	0.0	0.0	0.16847826086956522	0.483695652173913	0.4420289855072464	0.0018115942028985507	0.3858695652173913	0.5452898550724637	0.0	0.0	0.0	0.0	0.2572463768115942	0.7481884057971014	0.0	1.1177536231884058	1.0054347826086956	0.0	0.0	0.0	0.6865942028985508	0.0	0.0	0.0	0.0
689000	0.0	0.09027777777777778	0.0	0.0	0.0	0.0	1.2777777777777777	0.2569444444444444	0.0	0.0	0.5972222222222222	0.0	0.0	0.0	0.0	0.0	0.0	0.0	0.0	0.3958333333333333	0.0	2.7291666666666665	0.0	0.3680555555555556	0.6875	0.0	0.0	0.0	0.0
689001	0.0	0.7333333333333333	0.37117117117117115	2.142342342342342	0.5117117117117117	0.5405405405405406	0.5441441441441441	0.0	0.09009009009009009	0.0	0.0	1.0126126126126127	0.0	0.5441441441441441	0.0	0.0	0.0	0.25585585585585585	0.0	0.9081081081081082	2.452252252252252	0.2864864864864865	0.0	0.14954954954954955	0.0	0.0	0.0	0.0	0.5423423423423424
689002	0.0	0.7711864406779662	0.0	0.0	0.0	0.0	0.7005649717514124	0.0	0.615819209039548	0.0	0.0	0.0	0.0	0.7627118644067796	0.0	1.1468926553672316	0.0	0.3531073446327684	0.8531073446327684	1.5847457627118644	0.0	0.0	0.0	0.4463276836158192	0.7937853107344632	0.0423728813559322	0.0	0.0	0.0
689005	0.0	0.814317673378076	0.0	0.0	0.0	0.6756152125279642	2.116331096196868	0.30201342281879195	0.0	0.6152125279642058	0.0	0.0	0.0	0.0	0.0	0.08501118568232663	0.10738255033557047	0.9395973154362416	0.39149888143176736	0.8165548098434005	0.21700223713646533	0.3378076062639821	0.0	0.0	0.6062639821029083	0.6756152125279642	0.0	0.5525727069351231	0.9194630872483222
689006	0.8031319910514542	1.5510812826249067	0.0	0.2535421327367636	0.22520507084265473	0.2244593586875466	0.7248322147651006	0.2923191648023863	0.6748695003728561	0.6256524981357197	0.0	0.0	0.0	0.0	0.22520507084265473	0.6293810589112603	0.15659955257270694	0.6838180462341537	0.0	1.1133482475764356	0.5495898583146905	0.45041014168530946	0.45041014168530946	1.4750186428038776	0.44742729306487694	0.08501118568232663	1.331841909023117	2.40641312453393	0.35197613721103654
689007	0.5753424657534246	0.817351598173516	0.0	2.228310502283105	0.2054794520547945	0.0	3.2146118721461185	0.7579908675799086	0.7853881278538812	0.0	0.2054794520547945	0.0	0.2054794520547945	0.0	0.0	0.9497716894977168	0.0	2.853881278538813	0.0	0.7397260273972602	0.7488584474885844	0.0	0.0	2.365296803652968	0.0	0.8401826484018264	0.1004566210045662	0.0	0.0
689009	0.0	0.792	0.0	0.4	0.13066666666666665	0.0	0.30133333333333334	0.0	0.0	0.0	0.48533333333333334	0.5306666666666666	0.424	0.0	0.0	0.0	0.0	0.76	0.0	0.042666666666666665	1.9093333333333333	0.0	0.0	0.8453333333333334	1.136	1.328	0.088	3.696	0.0
689010	0.05426356589147287	0.7674418604651163	0.11627906976744186	0.0	0.0	0.0	0.49612403100775193	0.0	0.0	0.7622739018087855	0.5710594315245479	1.2377260981912144	0.5090439276485789	0.39018087855297157	0.0	0.6149870801033591	0.0	0.39018087855297157	0.0	1.351421188630491	0.7545219638242894	1.5607235142118863	0.0	0.0	0.3772609819121447	0.9224806201550387	0.6459948320413437	1.8191214470284238	0.7777777777777778
1046280	0.0	1.262962962962963	0.0	0.0	0.0	0.0	0.0	1.1185185185185185	1.3814814814814815	0.0	0.4074074074074074	0.24814814814814815	0.0	0.0	0.0	0.0	0.2851851851851852	1.9296296296296296	0.0	0.0	0.0	0.32222222222222224	0.22592592592592592	0.8296296296296296	0.7962962962962963	0.662962962962963	0.05185185185185185	0.34814814814814815	0.0
1046281	0.8867313915857605	0.4077669902912621	0.0	0.0	0.0	0.0	0.0	1.889967637540453	0.43042071197411	0.0	0.5631067961165048	0.9805825242718447	0.0	0.0	0.0	0.0	0.0	1.912621359223301	0.0	0.0	0.0	0.0	0.56957928802589	1.1650485436893203	1.029126213592233	0.6893203883495146	0.9676375404530745	0.4886731391585761	0.0
320585	0.0	0.5171821305841925	0.0	0.25773195876288657	0.0	0.00859106529209622	0.25945017182130586	0.0	0.26804123711340205	0.0	0.9862542955326461	0.5	0.0	0.0	0.0	0.5154639175257731	0.0	0.0	0.3024054982817869	0.9398625429553265	0.0	0.0	0.0	1.0893470790378006	0.7783505154639175	0.0	0.6649484536082474	0.4209621993127148	0.0
1604963	0.32432432432432434	0.24024024024024024	0.0	0.6786786786786787	0.8588588588588588	0.24924924924924924	0.0	0.0	0.8108108108108109	1.1801801801801801	0.0	0.7507507507507507	0.6816816816816816	0.0	0.0	0.24024024024024024	0.12612612612612611	0.933933933933934	0.0	0.6546546546546547	2.7387387387387387	0.0	0.0	1.006006006006006	0.8258258258258259	0.0	0.45345345345345345	0.8408408408408409	0.0
819554	0.3956043956043956	0.0	0.0	0.0	0.0	0.13003663003663005	0.8278388278388278	0.0	0.5402930402930403	0.0	0.2765567765567766	0.4010989010989011	0.0	0.0	0.0	0.5018315018315018	0.0	0.5531135531135531	0.0	0.0	0.5512820512820513	0.0	0.0	1.15018315018315	0.1446886446886447	0.0	0.4194139194139194	0.09157509157509157	0.0
1555626	0.7701149425287356	1.2974137931034482	0.27729885057471265	0.0	0.4281609195402299	0.10057471264367816	1.4985632183908046	1.507183908045977	0.0	0.4339080459770115	0.0	1.8160919540229885	0.0	0.4324712643678161	0.022988505747126436	0.9267241379310345	0.1824712643678161	0.3017241379310345	0.10344827586206896	0.0	0.46120689655172414	0.022988505747126436	0.1939655172413793	0.2543103448275862	0.33045977011494254	1.2557471264367817	0.20402298850574713	0.0	0.0
33875	0.0	0.18796992481203006	0.0	1.5075187969924813	0.0	0.0	0.18922305764411027	0.0	0.0	0.7568922305764411	0.0	0.7380952380952381	0.0	0.3283208020050125	0.0	0.0	0.0	0.7543859649122807	0.37844611528822053	0.49122807017543857	0.23934837092731828	0.23057644110275688	0.7380952380952381	0.24812030075187969	0.7380952380952381	0.37844611528822053	0.37844611528822053	0.8972431077694235	0.0
1567003	0.0	0.7083333333333334	0.0	0.0	0.0	1.5208333333333333	0.0	0.0	0.0	0.0	0.0	0.0	0.0	0.0	0.0	0.34375	0.0	0.08854166666666667	0.0	1.4635416666666667	0.0	0.0	0.0	1.3541666666666667	0.5989583333333334	0.0	0.0	0.03125	1.1510416666666667
515247	0.14102564102564102	0.0	0.0	0.0	0.0	0.0	0.5128205128205128	0.0	0.0	0.0	0.0	0.0	0.0	0.0	0.8974358974358975	0.0	0.0	0.0	0.0	0.0	0.0	0.0	0.0	0.9551282051282052	0.6602564102564102	0.0	0.0	0.00641025641025641	0.0
318166	0.0	0.0	0.0	1.181964573268921	0.3864734299516908	0.33172302737520126	1.6859903381642511	0.0	0.9259259259259259	0.0	0.5555555555555556	1.3816425120772946	0.0	0.0	0.4830917874396135	0.0	0.0	0.0	0.0	0.3639291465378422	0.0	0.8599033816425121	0.0	0.9919484702093397	0.9710144927536232	0.0	0.2608695652173913	0.0	0.0
