key	WAM_ALR	WAM_CCR	WAM_IPI	WAM_MAR	WAM_MYS	WAM_PBL	WAM_PJN	WAM_PPR	WAM_PST	WAM_ROL	WAM_SCR	WAM_SGN	WAM_SIS	WAM_TWN	WAR_ALR	WAR_CCR	WAR_IPI	WAR_MAR	WAR_MYS	WAR_PBL	WAR_PJN	WAR_PPR	WAR_PSK	WAR_PST	WAR_RNW	WAR_ROL	WAR_SCR	WAR_SGL	WAR_SIS
377223	0.0	1.4124031007751938	0.4682170542635659	1.075968992248062	0.0	0.09302325581395349	2.317829457364341	0.0	1.9364341085271317	0.0	0.9302325581395349	0.5550387596899224	0.0	0.0	1.455813953488372	2.3844961240310076	1.9503875968992248	2.7131782945736433	0.4666666666666667	3.503875968992248	0.4666666666666667	5.347286821705427	0.9333333333333333	2.6511627906976742	2.268217054263566	1.4883720930232558	2.593798449612403	1.475968992248062	1.3503875968992247
377226	0.32978723404255317	2.4148936170212765	1.2446808510638299	4.524822695035461	0.2624113475177305	0.0	0.5283687943262412	0.0	1.7446808510638299	0.450354609929078	0.32978723404255317	1.3120567375886525	0.0	0.0	0.0	3.404255319148936	0.8191489361702128	2.6134751773049647	0.5354609929078015	4.290780141843972	1.1028368794326242	6.609929078014185	0.0	4.74468085106383	5.6879432624113475	1.2624113475177305	4.042553191489362	2.078014184397163	1.297872340425532
292361	2.070588235294118	0.5901960784313726	4.570588235294117	1.7568627450980392	0.9647058823529412	0.9098039215686274	2.0509803921568626	0.5823529411764706	0.596078431372549	0.0	1.6392156862745098	1.688235294117647	0.0	0.0	0.884313725490196	6.576470588235294	0.35490196078431374	3.2549019607843137	1.8098039215686275	4.594117647058823	3.092156862745098	4.576470588235294	0.2607843137254902	3.9058823529411764	0.49411764705882355	1.7392156862745098	1.9725490196078432	1.4098039215686275	2.6862745098039214
292358	1.0439189189189189	2.399774774774775	0.3367117117117117	3.5731981981981984	0.704954954954955	0.7263513513513513	1.6948198198198199	0.0	0.7747747747747747	0.6407657657657657	0.6576576576576577	2.19481981981982	0.2747747747747748	0.0	0.33896396396396394	8.725225225225225	1.0123873873873874	2.56981981981982	1.364864864864865	5.20045045045045	1.6058558558558558	6.820945945945946	0.7488738738738738	3.7894144144144146	3.050675675675676	0.33896396396396394	2.970720720720721	1.367117117117117	2.195945945945946
292359	0.6666666666666666	0.7526041666666666	0.4244791666666667	1.6927083333333333	0.9869791666666666	1.5677083333333333	0.4635416666666667	0.0	0.8854166666666666	0.041666666666666664	2.0755208333333335	2.9713541666666665	0.0	0.0	0.3567708333333333	7.364583333333333	1.9869791666666667	4.635416666666667	1.921875	3.4921875	2.0807291666666665	7.049479166666667	0.5833333333333334	5.119791666666667	4.330729166666667	1.9479166666666667	0.4869791666666667	1.4140625	0.4427083333333333
746114	1.157088122605364	0.4367816091954023	0.0	1.0191570881226053	0.0	0.5747126436781609	1.8850574712643677	0.0	1.7432950191570882	0.0	1.3601532567049808	3.4597701149425286	0.0	0.0	1.5977011494252873	6.145593869731801	2.2988505747126435	4.835249042145594	3.0919540229885056	3.2490421455938696	2.7279693486590038	4.693486590038314	0.578544061302682	6.754789272030651	3.1762452107279695	0.45977011494252873	1.2720306513409962	0.789272030651341	0.7662835249042146
221988	0.24863387978142076	0.7868852459016393	1.1584699453551912	1.2759562841530054	0.0	0.5846994535519126	1.6885245901639345	0.0	0.0	0.5737704918032787	3.4098360655737703	1.3360655737704918	0.00273224043715847	0.5409836065573771	0.6912568306010929	10.456284153005464	2.2049180327868854	3.5273224043715845	1.7431693989071038	3.789617486338798	4.7076502732240435	5.109289617486339	1.592896174863388	3.0054644808743167	2.8278688524590163	0.76775956284153	2.021857923497268	0.953551912568306	0.7896174863387978
221989	0.19017094017094016	2.8846153846153846	0.6089743589743589	1.314102564102564	0.41452991452991456	0.5576923076923077	2.0384615384615383	0.6431623931623932	1.391025641025641	0.7286324786324786	1.8397435897435896	0.23076923076923078	0.0	0.0	1.9252136752136753	5.568376068376068	1.2756410256410255	2.4764957264957266	1.6132478632478633	5.463675213675214	3.628205128205128	7.269230769230769	0.4423076923076923	2.5277777777777777	4.414529914529915	0.6388888888888888	3.8183760683760686	3.5042735042735043	2.5662393162393164
221990	1.8623655913978494	1.3913978494623656	1.5096774193548388	1.5010752688172042	0.3247311827956989	0.535483870967742	1.0881720430107527	0.04946236559139785	1.2623655913978495	0.0	0.6860215053763441	1.1655913978494623	0.0	0.0	1.038709677419355	8.217204301075268	2.8838709677419354	6.694623655913978	1.1333333333333333	4.36989247311828	1.9419354838709677	4.881720430107527	1.9204301075268817	2.924731182795699	3.232258064516129	1.2903225806451613	2.4086021505376345	1.9419354838709677	2.6150537634408604
1302622	0.35032362459546923	1.1375404530744337	1.0792880258899675	0.2912621359223301	1.0177993527508091	0.5663430420711975	0.3187702265372168	0.45145631067961167	1.127831715210356	0.48220064724919093	2.144822006472492	1.7766990291262137	0.0	0.0	0.7330097087378641	6.766990291262136	1.1537216828478964	4.599514563106796	1.7880258899676376	3.878640776699029	3.459546925566343	5.905339805825243	0.7313915857605178	3.972491909385113	2.1383495145631066	2.809061488673139	4.2046925566343045	2.219255663430421	1.8883495145631068
49216	0.17149346961953435	2.0880181714934696	1.0278250993753548	0.9818285065303805	0.2992617830777967	0.9142532651902329	1.3231118682566723	0.0	1.5530948324815446	0.0	1.198182850653038	2.1862578080636004	0.0	0.0	0.855763770584895	4.778534923339012	0.6797274275979557	3.6609880749574106	1.4122657580919933	4.773992049971607	1.601930721181147	6.7495741056218055	1.090289608177172	2.7734241908006814	3.1612720045428735	1.4554230550823395	2.4060193072118117	2.3140261215218625	0.9307211811470755
1056506	0.0	1.8248175182481752	0.7347931873479319	1.610705596107056	0.25060827250608275	0.7347931873479319	0.0	0.0	0.36739659367396593	0.0	0.3746958637469586	0.4209245742092457	0.0	0.0	0.4768856447688564	1.7980535279805352	0.7153284671532847	2.8661800486618003	0.6982968369829684	3.6155717761557176	2.5523114355231145	5.452554744525547	1.4622871046228711	2.204379562043796	3.099756690997567	0.26520681265206814	4.428223844282239	1.5474452554744527	1.0535279805352797
1056507	0.0	0.9162717219589257	1.6477093206951028	2.447077409162717	0.0	1.0221169036334914	2.30173775671406	0.325434439178515	0.7361769352290679	0.7804107424960506	3.462875197472354	1.8135860979462874	0.0	0.0	1.296998420221169	6.436018957345971	0.30963665086887837	3.5845181674565563	0.22274881516587677	3.786729857819905	1.8894154818325435	5.1121642969984205	0.4755134281200632	3.1484992101105846	3.061611374407583	0.7962085308056872	5.530805687203792	2.4676145339652447	1.5876777251184835
1236523	0.5592592592592592	0.6666666666666666	1.7666666666666666	1.048148148148148	0.37962962962962965	0.43703703703703706	1.375925925925926	0.0	0.7944444444444444	0.0	1.3296296296296297	1.5962962962962963	0.0	0.0	0.0	3.7074074074074073	0.7833333333333333	1.412962962962963	0.07222222222222222	6.135185185185185	1.3611111111111112	5.561111111111111	0.7018518518518518	2.85	2.012962962962963	1.4833333333333334	1.2148148148148148	1.6462962962962964	0.412962962962963
1057057	0.5909090909090909	1.4286616161616161	1.2436868686868687	1.6963383838383839	0.5782828282828283	0.3806818181818182	2.9678030303030303	0.09532828282828283	0.9583333333333334	0.3813131313131313	1.7771464646464648	1.3446969696969697	0.0	0.0	1.0789141414141414	7.017676767676767	1.1875	3.413510101010101	1.5220959595959596	4.78219696969697	3.514520202020202	7.157828282828283	0.9835858585858586	2.9646464646464645	2.9936868686868685	0.8585858585858586	4.40530303030303	1.9476010101010102	3.0896464646464645
1143774	1.078538812785388	0.7068493150684931	0.8228310502283105	1.1753424657534246	0.0	0.32511415525114157	1.4073059360730593	0.0	0.7789954337899543	0.2876712328767123	1.1004566210045663	1.5223744292237442	0.0	0.0	1.0146118721461188	4.242009132420091	0.5269406392694064	4.420091324200913	0.8264840182648402	3.7963470319634705	2.8146118721461186	2.1817351598173516	1.617351598173516	3.3442922374429225	1.6529680365296804	1.097716894977169	1.897716894977169	1.3315068493150686	1.6036529680365297
351112	0.785234899328859	1.2281879194630871	0.7941834451901566	1.5324384787472036	1.3467561521252795	0.9552572706935123	0.3378076062639821	0.4116331096196868	0.2080536912751678	0.0	1.348993288590604	0.0	0.0	0.0	0.38478747203579416	5.749440715883669	0.6912751677852349	1.0961968680089484	1.0894854586129754	1.6129753914988814	2.3422818791946307	0.48322147651006714	2.0492170022371363	2.675615212527964	2.1722595078299776	2.203579418344519	1.9977628635346756	1.662192393736018	1.2304250559284116
351103	0.5993589743589743	1.5432692307692308	0.0	0.4519230769230769	0.0	0.4807692307692308	2.0673076923076925	0.0	0.5272435897435898	0.0	1.3028846153846154	0.8942307692307693	0.0	0.0	0.7724358974358975	5.655448717948718	1.3782051282051282	2.328525641025641	0.24358974358974358	3.2548076923076925	2.798076923076923	9.21474358974359	1.171474358974359	3.5576923076923075	2.7548076923076925	0.8477564102564102	1.7916666666666667	1.141025641025641	1.310897435897436
1630206	2.07185628742515	0.5988023952095808	1.1636726546906189	1.2015968063872255	0.0	0.0	0.6666666666666666	0.0	0.8682634730538922	0.0	0.0	0.590818363273453	0.0	0.0	0.0	3.562874251497006	0.9221556886227545	4.738522954091817	1.778443113772455	1.9560878243512974	1.0099800399201597	5.125748502994012	0.02594810379241517	8.027944111776447	4.750499001996008	0.7724550898203593	1.7045908183632734	1.0538922155688624	1.7684630738522955
1116538	0.6264880952380952	0.8883928571428571	1.4248511904761905	0.46279761904761907	0.6733630952380952	0.6361607142857143	1.9933035714285714	0.25967261904761907	0.9620535714285714	0.1324404761904762	1.0639880952380953	1.0580357142857142	0.0	0.22470238095238096	1.084077380952381	5.027529761904762	2.4739583333333335	3.9702380952380953	1.0959821428571428	3.6101190476190474	2.490327380952381	6.287946428571429	0.8757440476190477	4.632440476190476	1.7194940476190477	1.2388392857142858	2.3214285714285716	1.6770833333333333	2.7217261904761907
36633	0.5084175084175084	1.8215488215488216	1.734006734006734	1.5101010101010102	1.1565656565656566	0.10101010101010101	0.9747474747474747	0.0	1.6616161616161615	0.5067340067340067	3.451178451178451	0.9225589225589226	0.0	0.0	0.39225589225589225	6.563973063973064	0.8316498316498316	2.3013468013468015	4.37037037037037	3.313131313131313	0.9663299663299664	7.358585858585859	0.013468013468013467	4.929292929292929	3.1717171717171717	0.9410774410774411	1.8013468013468013	2.3956228956228958	0.8367003367003367
1690074	0.0	1.706060606060606	0.45454545454545453	0.9121212121212121	0.0	0.0	1.196969696969697	0.7121212121212122	0.21212121212121213	0.0	1.0818181818181818	2.4	0.0	0.0	1.1515151515151516	10.742424242424242	2.7333333333333334	7.3	1.1303030303030304	2.584848484848485	3.896969696969697	11.024242424242424	1.9303030303030304	7.884848484848485	3.693939393939394	0.9	3.1666666666666665	0.0	2.381818181818182
