key	WAM_ALR	WAM_CCR	WAM_IPI	WAM_MAR	WAM_MYS	WAM_PBL	WAM_PJN	WAM_PPR	WAM_PST	WAM_ROL	WAM_SCR	WAM_SGN	WAM_SIS	WAM_TWN	WAR_ALR	WAR_CCR	WAR_IPI	WAR_MAR	WAR_MYS	WAR_PBL	WAR_PJN	WAR_PPR	WAR_PSK	WAR_PST	WAR_RNW	WAR_ROL	WAR_SCR	WAR_SGL	WAR_SIS
1093346	1.0	1.0	0.0	1.0	1.0	1.0	1.0	1.0	1.0	1.0	1.0	1.0	0.3	1.0	0.0	1.0	0.0	0.6041666666666666	0.04583333333333333	0.9916666666666667	0.7416666666666667	0.49583333333333335	0.0	1.0	0.42916666666666664	0.0	1.0	0.9083333333333333	0.24583333333333332
559519	0.8950930626057529	0.8697123519458545	0.5025380710659898	1.0	1.0	1.0	0.9441624365482234	1.0	1.0	0.8392554991539763	1.0	0.8223350253807107	0.5211505922165821	1.0	0.16412859560067683	1.0	0.0	0.0	0.27918781725888325	0.9576988155668359	0.25549915397631134	0.6429780033840947	0.0	0.6869712351945855	0.676818950930626	0.21996615905245348	0.922165820642978	0.6852791878172588	0.6598984771573604
413961	0.0	0.5793650793650794	0.0	1.0	0.8650793650793651	0.7936507936507936	0.3492063492063492	1.0	0.9761904761904762	0.0	0.5793650793650794	0.0	0.0	1.0	0.0	0.9365079365079365	0.0	0.10317460317460317	0.0	0.0	0.0	0.753968253968254	0.0	0.9920634920634921	0.0	0.0	0.9920634920634921	0.0	0.0
634296	0.1388888888888889	1.0	0.0	1.0	1.0	1.0	1.0	1.0	1.0	1.0	1.0	0.5198412698412699	0.2619047619047619	1.0	0.0	0.7023809523809523	0.0	0.0	0.8611111111111112	0.8174603174603174	0.05952380952380952	1.0	0.003968253968253968	1.0	1.0	0.0	1.0	1.0	0.0
450339	0.029411764705882353	0.8676470588235294	0.0	0.9950980392156863	0.6372549019607843	0.9803921568627451	0.9950980392156863	0.9950980392156863	0.6078431372549019	0.6078431372549019	0.7843137254901961	0.4068627450980392	0.7401960784313726	0.9901960784313726	0.0	0.5833333333333334	0.0	0.0	0.0	0.31862745098039214	0.20588235294117646	0.0	0.5735294117647058	0.7107843137254902	0.0	0.0	0.3284313725490196	0.0	0.0
213612	0.3347763347763348	0.5901875901875901	0.3189033189033189	0.733044733044733	0.9148629148629148	1.0	0.6637806637806638	0.9134199134199135	0.7113997113997114	0.6637806637806638	0.9321789321789322	0.43434343434343436	0.0707070707070707	0.7157287157287158	0.20346320346320346	0.6984126984126984	0.0	0.3564213564213564	0.36363636363636365	0.7489177489177489	0.4069264069264069	0.8888888888888888	0.0	0.39105339105339104	0.6392496392496393	0.08658008658008658	0.7950937950937951	0.6219336219336219	0.43434343434343436
1384576	0.9453551912568307	1.0	0.29690346083788705	1.0	1.0	1.0	1.0	1.0	1.0	0.9890710382513661	1.0	1.0	0.0	1.0	0.0	0.9562841530054644	0.0	0.12386156648451731	0.7759562841530054	0.16393442622950818	0.5264116575591985	1.0	0.2859744990892532	0.13479052823315119	0.8542805100182149	0.0	1.0	0.2750455373406193	0.0
1384577	1.0	1.0	0.0	1.0	1.0	1.0	1.0	1.0	1.0	1.0	1.0	0.5856697819314641	0.0	1.0	0.0	0.8909657320872274	0.0	0.9875389408099688	0.9906542056074766	0.9875389408099688	0.4984423676012461	1.0	0.7383177570093458	0.6853582554517134	0.5264797507788161	0.0	1.0	0.3644859813084112	0.0
1384578	0.6016260162601627	1.0	0.0	1.0	1.0	1.0	1.0	1.0	1.0	1.0	1.0	0.7696476964769647	0.0	1.0	0.0	0.9349593495934959	0.0	0.975609756097561	0.3983739837398374	1.0	0.9295392953929539	1.0	1.0	0.6043360433604336	0.5121951219512195	0.0	1.0	0.8130081300813008	0.0
1384579	0.10727969348659004	1.0	0.0	1.0	1.0	1.0	1.0	1.0	1.0	1.0	1.0	1.0	0.0	1.0	0.0	1.0	0.7279693486590039	0.8582375478927203	0.13793103448275862	1.0	1.0	0.7739463601532567	1.0	0.37547892720306514	1.0	0.0	1.0	0.5862068965517241	0.17624521072796934
1384580	1.0	1.0	0.0	1.0	1.0	1.0	1.0	1.0	1.0	1.0	1.0	1.0	0.5833333333333334	1.0	0.0	0.5260416666666666	0.0	0.53125	0.59375	1.0	0.9479166666666666	0.2708333333333333	0.015625	0.9166666666666666	0.6458333333333334	0.0	1.0	1.0	0.6510416666666666
1384581	0.7952380952380952	1.0	0.0	1.0	1.0	1.0	1.0	1.0	1.0	1.0	1.0	1.0	0.6452380952380953	1.0	0.0	0.9452380952380952	0.0	0.45714285714285713	0.8285714285714286	0.7142857142857143	0.7547619047619047	1.0	0.7047619047619048	0.6785714285714286	0.861904761904762	0.0	1.0	0.7095238095238096	0.2833333333333333
1384582	0.9216524216524217	0.7464387464387464	0.6282051282051282	1.0	1.0	1.0	1.0	1.0	1.0	1.0	1.0	0.9145299145299145	0.8732193732193733	1.0	0.0	0.5527065527065527	0.0	0.886039886039886	0.0	0.7592592592592593	0.0	1.0	0.002849002849002849	0.6339031339031339	0.4131054131054131	0.32051282051282054	1.0	0.0	0.0
1384583	0.7719298245614035	0.2781954887218045	0.07518796992481203	1.0	1.0	1.0	1.0	1.0	1.0	1.0	1.0	1.0	0.3157894736842105	1.0	0.0	0.8320802005012531	0.0	1.0	0.0	0.7869674185463659	0.5162907268170426	1.0	0.12030075187969924	1.0	0.8345864661654135	0.0	1.0	0.41102756892230574	0.0
1384584	1.0	0.5777777777777777	0.0	1.0	1.0	1.0	0.8037037037037037	1.0	1.0	0.9222222222222223	1.0	1.0	0.6518518518518519	1.0	0.0	0.6851851851851852	0.0	0.8074074074074075	0.0	1.0	0.7333333333333333	1.0	0.35555555555555557	1.0	0.337037037037037	0.0	1.0	0.0	0.0
1384585	0.6642424242424242	0.9890909090909091	0.07272727272727272	1.0	1.0	1.0	1.0	1.0	1.0	0.9236363636363636	1.0	0.8618181818181818	0.22303030303030302	1.0	0.0	0.6678787878787878	0.0	0.5903030303030303	0.5321212121212121	0.7672727272727272	0.5078787878787879	1.0	0.32	0.6933333333333334	0.6945454545454546	0.0	1.0	0.1987878787878788	0.3660606060606061
1384586	0.7594501718213058	0.8900343642611683	0.9587628865979382	1.0	1.0	1.0	1.0	1.0	0.9415807560137457	1.0	1.0	0.9518900343642611	0.9587628865979382	1.0	0.0	1.0	0.0	0.0	0.7147766323024055	0.0	0.0	0.4845360824742268	0.0	0.47079037800687284	0.5738831615120275	0.0	1.0	0.0	0.0
1384562	0.7129909365558912	0.8328298086606244	0.0	1.0	1.0	1.0	0.9355488418932527	1.0	0.9264853977844915	0.8549848942598187	1.0	0.9315206445115811	0.7129909365558912	1.0	0.06747230614300101	0.730110775427996	0.0	0.5246727089627392	0.2849949647532729	0.67472306143001	0.2588116817724068	0.8821752265861027	0.0	0.5317220543806647	0.0	0.0	0.9486404833836858	0.4551863041289023	0.15307150050352467
1384564	1.0	1.0	0.7099236641221374	1.0	1.0	1.0	0.9770992366412213	1.0	1.0	1.0	1.0	0.3460559796437659	0.2748091603053435	1.0	0.0	0.8956743002544529	0.0	0.8193384223918575	0.5089058524173028	0.9033078880407125	0.5776081424936387	0.9338422391857506	0.7302798982188295	0.5623409669211196	0.7938931297709924	0.0	0.9694656488549618	0.6768447837150128	0.27989821882951654
1384565	0.7328042328042328	1.0	0.6878306878306878	1.0	1.0	1.0	1.0	1.0	1.0	1.0	1.0	1.0	0.8306878306878307	1.0	0.0	0.7037037037037037	0.0	0.6640211640211641	0.18253968253968253	0.843915343915344	1.0	1.0	0.4417989417989418	0.6111111111111112	1.0	0.0	1.0	0.15343915343915343	0.47619047619047616
1384567	0.5787037037037037	1.0	0.0	1.0	1.0	1.0	1.0	1.0	1.0	1.0	1.0	1.0	0.08333333333333333	1.0	0.0	0.8379629629629629	0.0	1.0	0.0	0.5416666666666666	0.9259259259259259	0.42592592592592593	1.0	0.5509259259259259	1.0	0.0	1.0	0.0	0.0
1384568	1.0	0.947290274684484	0.24870081662954716	1.0	1.0	1.0	1.0	1.0	1.0	0.9339272457312546	1.0	0.5070527097253155	0.6139569413511508	1.0	0.16555308092056423	0.8916109873793615	0.08389012620638456	0.21158129175946547	0.14847809948032664	0.844097995545657	0.5144766146993318	0.9643652561247216	0.3504083147735709	0.5775798069784707	0.2583518930957684	0.0	1.0	0.27765404602821087	0.0
1384569	0.9688888888888889	0.9177777777777778	0.47333333333333333	1.0	1.0	1.0	1.0	1.0	1.0	1.0	1.0	1.0	0.013333333333333334	1.0	0.0	1.0	0.0	0.0	0.12	1.0	0.76	0.6977777777777778	0.6133333333333333	0.7222222222222222	0.9888888888888889	0.0	1.0	0.6711111111111111	0.0
1384572	1.0	0.6526610644257703	0.6470588235294118	1.0	1.0	1.0	1.0	1.0	1.0	1.0	1.0	0.5966386554621849	0.0	1.0	1.0	0.9019607843137255	0.0	0.36134453781512604	0.6526610644257703	1.0	0.32492997198879553	1.0	0.6554621848739496	0.42296918767507	1.0	0.0	1.0	0.0	0.0
1384573	0.6177536231884058	1.0	0.11413043478260869	1.0	1.0	1.0	1.0	1.0	0.9981884057971014	1.0	1.0	0.13405797101449277	0.0	1.0	0.391304347826087	0.3115942028985507	0.13768115942028986	0.5507246376811594	0.02717391304347826	0.3496376811594203	0.0	1.0	0.43478260869565216	0.32065217391304346	0.35507246376811596	0.0	1.0	0.6829710144927537	0.0
1384574	0.974937343358396	1.0	0.47619047619047616	1.0	1.0	1.0	0.6541353383458647	1.0	1.0	0.7744360902255639	1.0	0.9548872180451128	0.0	1.0	1.0	0.974937343358396	0.3358395989974937	0.7368421052631579	1.0	0.45614035087719296	0.11027568922305764	1.0	0.3233082706766917	0.9624060150375939	0.8471177944862155	0.0	1.0	0.7568922305764411	0.0
368516	0.3900709219858156	1.0	0.6436170212765957	1.0	1.0	1.0	1.0	1.0	1.0	1.0	1.0	0.9840425531914894	0.30141843971631205	1.0	0.0	0.7056737588652482	0.3882978723404255	0.10106382978723404	0.0	0.8900709219858156	0.28900709219858156	0.9645390070921985	0.5886524822695035	0.5921985815602837	0.3882978723404255	0.0	1.0	0.5336879432624113	0.0
368518	0.2515262515262515	0.9621489621489622	0.4481074481074481	1.0	1.0	1.0	1.0	1.0	1.0	0.9877899877899878	1.0	0.8547008547008547	0.36874236874236876	1.0	0.0	0.8485958485958486	0.0	0.7484737484737485	0.5079365079365079	0.7973137973137974	0.8913308913308914	0.8412698412698413	0.18437118437118438	0.199023199023199	0.9096459096459096	0.31135531135531136	0.9829059829059829	0.5616605616605617	0.0
368519	0.6692406692406693	0.9279279279279279	0.5212355212355212	1.0	0.9562419562419563	1.0	1.0	1.0	1.0	0.8738738738738738	1.0	0.9317889317889317	0.5804375804375804	1.0	0.0	0.5791505791505791	0.21235521235521235	0.6422136422136422	0.6023166023166023	0.9485199485199485	0.758043758043758	0.9794079794079794	0.3307593307593308	0.9510939510939511	0.45817245817245816	0.16216216216216217	1.0	0.7747747747747747	0.5392535392535392
368520	0.9767441860465116	0.4754521963824289	0.5426356589147286	1.0	1.0	1.0	1.0	1.0	1.0	1.0	1.0	0.5529715762273901	0.06976744186046512	1.0	0.0	0.5012919896640827	0.6795865633074936	0.8811369509043928	0.06976744186046512	0.21963824289405684	0.03359173126614987	1.0	0.3875968992248062	1.0	1.0	0.0	1.0	0.7674418604651163	0.9612403100775194
368521	0.3530701754385965	0.7763157894736842	0.5394736842105263	1.0	1.0	1.0	1.0	1.0	1.0	1.0	1.0	0.9605263157894737	0.25	1.0	0.0	0.8881578947368421	0.0	0.0043859649122807015	0.581140350877193	0.10526315789473684	0.631578947368421	1.0	0.0	1.0	0.5921052631578947	0.0	1.0	0.0	0.41228070175438597
1065199	0.4098124098124098	1.0	0.23088023088023088	1.0	1.0	1.0	1.0	0.9567099567099567	1.0	0.5468975468975469	0.9047619047619048	0.963924963924964	0.5007215007215007	1.0	0.0	0.5238095238095238	0.0	0.5036075036075036	0.7431457431457431	0.46464646464646464	0.6623376623376623	0.8383838383838383	0.027417027417027416	0.46464646464646464	0.4862914862914863	0.0	0.5555555555555556	0.3665223665223665	0.0
1254762	1.0	1.0	0.8743169398907104	1.0	1.0	1.0	1.0	1.0	1.0	1.0	1.0	1.0	0.0	1.0	0.20218579234972678	1.0	0.453551912568306	0.819672131147541	0.5737704918032787	0.5355191256830601	0.26229508196721313	1.0	0.48633879781420764	0.7978142076502732	1.0	0.0	1.0	0.9562841530054644	0.0
1070448	0.6792452830188679	1.0	0.0	1.0	1.0	1.0	1.0	1.0	0.8805031446540881	0.4716981132075472	1.0	0.0	0.0	1.0	0.7421383647798742	0.27358490566037735	0.0	0.0	0.0	0.3018867924528302	0.015723270440251572	0.7421383647798742	0.0	0.6886792452830188	0.0	0.0	0.9622641509433962	0.018867924528301886	0.0
1248589	0.946236559139785	0.610752688172043	0.0	1.0	0.7483870967741936	0.6795698924731183	0.6451612903225806	0.875268817204301	0.6430107526881721	0.3763440860215054	0.8344086021505376	0.6451612903225806	0.0	0.8451612903225807	0.0	0.7247311827956989	0.0	0.610752688172043	0.0	0.578494623655914	0.6236559139784946	0.9032258064516129	0.0	0.4021505376344086	0.33548387096774196	0.0	0.7161290322580646	0.5526881720430108	0.3333333333333333
1396914	0.0	0.32662192393736017	0.14093959731543623	0.4250559284116331	0.9284116331096197	0.7248322147651006	0.8478747203579419	0.5548098434004475	0.9395973154362416	0.5570469798657718	0.5257270693512305	0.9776286353467561	0.0	0.7695749440715883	0.0	0.8590604026845637	0.0	0.2684563758389262	0.0	0.5995525727069351	0.0	0.6621923937360179	0.0	0.0	0.14541387024608501	0.0	0.9910514541387024	0.639821029082774	0.22818791946308725
1631143	0.7345132743362832	0.29793510324483774	0.0	1.0	1.0	1.0	1.0	1.0	1.0	0.9513274336283186	1.0	0.7979351032448377	0.5501474926253688	1.0	0.0	0.8053097345132744	0.3215339233038348	0.3466076696165192	0.2994100294985251	0.7566371681415929	0.0	0.9056047197640118	0.26843657817109146	0.6607669616519174	0.42035398230088494	0.0	1.0	0.09882005899705015	0.0
877721	0.7418879056047197	0.9808259587020649	0.19321533923303835	1.0	1.0	0.9823008849557522	1.0	1.0	0.911504424778761	0.9056047197640118	0.8790560471976401	0.9351032448377581	0.0	0.9365781710914455	0.21238938053097345	0.0	0.4498525073746313	0.06932153392330384	0.21091445427728614	0.8407079646017699	0.5294985250737463	1.0	0.2610619469026549	0.7463126843657817	0.02359882005899705	0.0	1.0	0.2831858407079646	0.0
877724	0.6703910614525139	1.0	0.0	1.0	1.0	1.0	1.0	1.0	1.0	1.0	1.0	1.0	0.2811918063314711	1.0	0.2569832402234637	1.0	0.0	0.4208566108007449	0.06517690875232775	1.0	0.06517690875232775	0.851024208566108	0.4767225325884544	0.9813780260707635	0.7355679702048417	0.3854748603351955	1.0	0.0	0.0
388545	0.5305555555555556	1.0	0.55	1.0	1.0	1.0	1.0	1.0	1.0	1.0	1.0	0.9	0.0	1.0	0.0	0.24444444444444444	0.24166666666666667	0.6055555555555555	0.14166666666666666	0.5944444444444444	0.2972222222222222	0.9555555555555556	0.4166666666666667	0.7277777777777777	0.9277777777777778	0.0	1.0	0.9694444444444444	0.0
945589	0.0	0.16666666666666666	0.0	1.0	0.0	1.0	0.7916666666666666	0.78125	0.71875	0.28125	0.5520833333333334	0.0	0.0	0.9895833333333334	0.4166666666666667	0.0	0.0	0.2708333333333333	0.0	0.9895833333333334	0.07291666666666667	1.0	0.0	0.0	0.0	0.0	1.0	0.0	0.0
1337452	0.4218213058419244	0.7800687285223368	0.0	0.9982817869415808	0.9037800687285223	0.9802405498281787	0.761168384879725	0.9896907216494846	0.9149484536082474	0.8625429553264605	0.9905498281786942	0.6039518900343642	0.0	0.9012027491408935	0.0	0.45017182130584193	0.18041237113402062	0.23883161512027493	0.21649484536082475	0.35137457044673537	0.0	0.7482817869415808	0.0	0.38917525773195877	0.3805841924398625	0.0	0.9673539518900344	0.2551546391752577	0.20103092783505155
21657	0.0	0.0	0.0	0.9184549356223176	0.5994277539341917	0.32331902718168815	0.525035765379113	0.7181688125894135	0.7868383404864091	0.16022889842632332	0.7167381974248928	0.9556509298998569	0.12732474964234622	0.9041487839771102	0.0	0.0	0.0	0.0	0.0	0.3805436337625179	0.21602288984263232	0.0	0.0	0.3748211731044349	0.0	0.0	0.402002861230329	0.5107296137339056	0.0
249142	0.0	0.06896551724137931	0.0	0.9195402298850575	0.9080459770114943	1.0	0.41379310344827586	1.0	0.3103448275862069	1.0	0.9655172413793104	0.3103448275862069	0.0	0.9195402298850575	0.7241379310344828	0.3563218390804598	0.0	0.47126436781609193	0.6206896551724138	0.1724137931034483	0.0	1.0	0.0	0.022988505747126436	0.9195402298850575	0.0	1.0	0.0	0.0
249143	0.24880382775119617	1.0	0.0	1.0	1.0	1.0	1.0	1.0	1.0	0.9617224880382775	1.0	0.9473684210526315	0.45933014354066987	1.0	0.37320574162679426	0.8787878787878788	0.0	0.569377990430622	0.266347687400319	0.6188197767145136	0.6746411483253588	1.0	0.0	0.6539074960127592	0.46730462519936206	0.0	1.0	0.1674641148325359	0.0
249144	1.0	0.8268608414239482	0.0	1.0	1.0	1.0	1.0	1.0	1.0	1.0	1.0	0.8543689320388349	0.4773462783171521	1.0	0.127831715210356	0.6715210355987055	0.15210355987055016	0.0	0.36893203883495146	0.8705501618122977	0.24919093851132687	1.0	0.0	0.813915857605178	0.5129449838187702	0.33495145631067963	1.0	0.5485436893203883	0.13592233009708737
249145	1.0	1.0	0.0	1.0	1.0	1.0	1.0	1.0	1.0	1.0	1.0	1.0	0.6372549019607843	1.0	0.20261437908496732	0.8790849673202614	0.0	1.0	0.7418300653594772	1.0	0.16339869281045752	1.0	0.6601307189542484	0.9705882352941176	0.8921568627450981	0.14705882352941177	1.0	0.7745098039215687	0.9836601307189542
372872	0.5774647887323944	0.7089201877934272	0.0	0.8169014084507042	0.7276995305164319	0.7089201877934272	0.29107981220657275	0.9436619718309859	1.0	1.0	0.7464788732394366	0.7089201877934272	0.6291079812206573	0.7370892018779343	0.0	0.6525821596244131	0.0	0.7089201877934272	0.0	0.5258215962441315	0.3427230046948357	0.6525821596244131	0.0	0.07042253521126761	0.0	0.0	0.8685446009389671	0.0	0.0
1294400	0.0	0.7291666666666666	0.0	0.8958333333333334	0.8854166666666666	0.7083333333333334	0.5833333333333334	0.9375	0.6875	0.0	0.5833333333333334	0.0	0.0	0.5833333333333334	0.0	0.0	0.0	0.0	0.0	0.0	0.0	0.6875	0.0	0.0	0.0	0.0	0.53125	0.0	0.0
1457038	0.5967741935483871	1.0	0.47580645161290325	1.0	1.0	1.0	1.0	1.0	1.0	1.0	1.0	0.9193548387096774	0.5026881720430108	1.0	0.0	0.21774193548387097	0.0	0.6612903225806451	0.8333333333333334	0.9650537634408602	0.260752688172043	0.946236559139785	0.7553763440860215	0.45161290322580644	0.5241935483870968	0.0	1.0	0.27419354838709675	0.0
776889	0.2777777777777778	0.6190476190476191	0.0	1.0	1.0	1.0	1.0	1.0	1.0	0.7063492063492064	1.0	0.5846560846560847	0.8941798941798942	1.0	0.0	0.23809523809523808	0.0	0.6375661375661376	0.30952380952380953	0.15343915343915343	0.0	0.6878306878306878	0.0	0.0	0.5661375661375662	0.0	0.9523809523809523	0.0	0.0
1279441	1.0	0.7360178970917226	0.0	1.0	1.0	1.0	0.87248322147651	1.0	0.8299776286353467	0.48322147651006714	1.0	0.0	0.8411633109619687	1.0	0.0	0.959731543624161	0.0	0.738255033557047	0.22595078299776286	0.8322147651006712	0.0	1.0	0.0	0.0	0.5861297539149888	0.0	1.0	0.0	0.0
1528569	0.8201058201058201	1.0	0.30511463844797176	1.0	1.0	1.0	1.0	1.0	1.0	1.0	1.0	1.0	0.5308641975308642	1.0	0.0	0.7707231040564374	0.13227513227513227	0.671957671957672	0.890652557319224	0.3474426807760141	0.8994708994708994	0.8835978835978836	0.19576719576719576	0.8130511463844797	0.49206349206349204	0.0	1.0	0.0	0.0
1552563	0.5980392156862745	1.0	0.296078431372549	1.0	0.9921568627450981	1.0	0.984313725490196	1.0	1.0	0.984313725490196	0.8784313725490196	1.0	0.0	1.0	0.0	0.6882352941176471	0.0	0.8137254901960784	0.0	0.8627450980392157	0.2019607843137255	0.5058823529411764	0.6039215686274509	1.0	0.0	0.5450980392156862	1.0	0.0	0.0
654764	0.8953771289537713	0.9781021897810219	0.6082725060827251	1.0	1.0	1.0	0.9975669099756691	1.0	1.0	1.0	1.0	0.7177615571776156	0.0	1.0	0.0	0.19464720194647203	0.3844282238442822	1.0	0.4793187347931874	0.5352798053527981	0.43552311435523117	1.0	0.6496350364963503	0.6642335766423357	0.7688564476885644	0.0	1.0	0.0	0.0
654772	0.5791805094130675	0.9147286821705426	0.07308970099667775	1.0	1.0	1.0	1.0	1.0	1.0	0.8682170542635659	1.0	0.10077519379844961	0.019933554817275746	1.0	0.0	0.8250276854928018	0.06201550387596899	0.574750830564784	0.18161683277962348	0.8183831672203765	0.3521594684385382	0.7043189368770764	0.0	0.7906976744186046	0.4994462901439646	0.0	1.0	0.0	0.0
1270736	1.0	1.0	0.0	1.0	1.0	1.0	1.0	1.0	1.0	1.0	1.0	0.9819819819819819	0.0	1.0	0.0	0.9819819819819819	0.0	0.33933933933933935	0.0	1.0	0.9369369369369369	0.9129129129129129	0.16216216216216217	1.0	0.12012012012012012	0.4174174174174174	1.0	1.0	0.0
354219	0.7450980392156863	1.0	0.3627450980392157	1.0	1.0	1.0	1.0	1.0	1.0	1.0	1.0	0.8986928104575164	0.2777777777777778	1.0	0.0	0.9313725490196079	0.0	0.058823529411764705	0.0	1.0	0.0	1.0	0.6078431372549019	0.6143790849673203	0.0	0.0	1.0	0.9738562091503268	0.4934640522875817
1368373	0.6525573192239859	0.9470899470899471	0.26102292768959434	1.0	1.0	1.0	1.0	1.0	1.0	0.8359788359788359	1.0	0.8641975308641975	0.0	1.0	0.0	0.35978835978835977	0.0	0.6155202821869489	0.35802469135802467	0.8800705467372134	0.24162257495590828	1.0	0.0	0.6666666666666666	0.5784832451499118	0.0	1.0	0.4567901234567901	0.0
216246	0.5998307952622673	0.9788494077834179	0.25549915397631134	1.0	1.0	1.0	0.9509306260575296	1.0	1.0	0.7377326565143824	1.0	0.29018612521150594	0.1996615905245347	1.0	0.1658206429780034	0.7935702199661591	0.0	0.5964467005076142	0.09898477157360407	0.24957698815566837	0.33417935702199664	0.8815566835871405	0.1353637901861252	0.29949238578680204	0.5439932318104906	0.0	1.0	0.16666666666666666	0.5177664974619289
1626863	0.8734177215189873	0.9113924050632911	0.6561181434599156	1.0	1.0	1.0	1.0	1.0	1.0	0.9704641350210971	1.0	0.7215189873417721	0.0	1.0	0.06751054852320675	1.0	0.5358649789029536	0.4936708860759494	0.4177215189873418	0.8481012658227848	0.07383966244725738	0.9915611814345991	0.19831223628691982	0.8839662447257384	1.0	0.0	1.0	0.0	0.0
1664680	0.43768115942028984	1.0	0.48695652173913045	1.0	1.0	1.0	1.0	1.0	1.0	1.0	1.0	0.7275362318840579	0.3565217391304348	1.0	0.11884057971014493	1.0	0.0	1.0	0.9594202898550724	0.9014492753623189	0.02608695652173913	1.0	0.06666666666666667	0.863768115942029	0.8231884057971014	0.0	1.0	0.4811594202898551	0.17101449275362318
1664681	0.0	1.0	0.4696969696969697	1.0	1.0	1.0	1.0	1.0	1.0	1.0	1.0	1.0	0.0	1.0	0.0	1.0	0.0	1.0	0.9090909090909091	0.0	0.6212121212121212	1.0	0.7121212121212122	0.0	0.7626262626262627	0.0	1.0	0.0	0.22727272727272727
652454	0.08465608465608465	0.3187830687830688	0.0	0.9034391534391535	0.7261904761904762	0.9246031746031746	0.8227513227513228	0.9206349206349206	0.6335978835978836	0.8121693121693122	1.0	0.3968253968253968	0.0	0.7275132275132276	0.0	0.5119047619047619	0.0	0.0	0.0	0.582010582010582	0.24735449735449735	0.2791005291005291	0.0	0.19973544973544974	0.0	0.0	0.9947089947089947	0.0	0.0
1136629	0.9109195402298851	0.7270114942528736	0.7155172413793104	1.0	1.0	1.0	1.0	1.0	1.0	0.9885057471264368	1.0	1.0	0.25287356321839083	1.0	0.0	1.0	0.0	0.29022988505747127	0.15804597701149425	1.0	0.9770114942528736	1.0	0.9166666666666666	0.0	0.7758620689655172	0.29022988505747127	1.0	0.25862068965517243	0.2442528735632184
534216	0.9262295081967213	1.0	0.0	1.0	0.5409836065573771	1.0	1.0	1.0	1.0	0.5846994535519126	1.0	1.0	0.6557377049180327	1.0	0.0	0.43169398907103823	0.6557377049180327	0.8333333333333334	0.0	0.0	0.05737704918032787	1.0	0.09562841530054644	0.5901639344262295	0.4344262295081967	0.0	0.9617486338797814	0.0	0.0
367523	0.5559360730593608	0.6484018264840182	0.0136986301369863	1.0	1.0	1.0	0.9172374429223744	1.0	1.0	0.9041095890410958	1.0	0.8207762557077626	0.3424657534246575	1.0	0.1889269406392694	0.882420091324201	0.0	0.4240867579908676	0.53824200913242	0.6615296803652968	0.514269406392694	1.0	0.3664383561643836	0.6404109589041096	0.8789954337899544	0.1723744292237443	1.0	0.2819634703196347	0.17180365296803654
612570	1.0	0.8710691823899371	0.3270440251572327	1.0	0.5031446540880503	1.0	1.0	1.0	1.0	1.0	1.0	0.09748427672955975	0.0	1.0	0.0	0.9968553459119497	0.0	0.0	0.7830188679245284	0.6729559748427673	0.7924528301886793	1.0	0.0	0.5094339622641509	1.0	0.0	1.0	0.20440251572327045	0.449685534591195
