key	WAM_ALR	WAM_CCR	WAM_IPI	WAM_MAR	WAM_MYS	WAM_PBL	WAM_PJN	WAM_PPR	WAM_PST	WAM_ROL	WAM_SCR	WAM_SGN	WAM_SIS	WAM_TWN	WAR_ALR	WAR_CCR	WAR_IPI	WAR_MAR	WAR_MYS	WAR_PBL	WAR_PJN	WAR_PPR	WAR_PSK	WAR_PST	WAR_RNW	WAR_ROL	WAR_SCR	WAR_SGL	WAR_SIS
1464194	0.0	0.0	0.0	0.0	0.0	0.0	0.0	0.0782608695652174	0.0	0.0	0.0	0.0	1.0	0.0	0.1855072463768116	0.0	0.0	0.0	0.0	0.0	0.0	0.0	0.0	0.0	0.0	0.0	0.0	0.17391304347826086	0.0
773501	0.0	0.0	0.0	0.0	0.0	0.0	0.3727598566308244	0.0	0.0	0.0	0.0	0.0	1.0	0.0	0.0	0.0	0.0	0.0	0.0	0.0	0.0	0.0	0.0	0.0	0.0	0.0	0.0	0.0	0.0
773503	0.0	0.0	0.0	0.0	0.5363735070575462	0.0	0.6416938110749185	0.0	0.0	0.0	0.7014115092290988	0.0	1.0	0.0	0.0	0.0	0.0	0.0	0.1498371335504886	0.0	0.08251900108577633	0.0	0.0	0.0	0.0	0.0	0.0	0.0	0.0
773504	0.13333333333333333	0.0	0.0	0.0	0.1270440251572327	0.0	0.38742138364779877	0.0	0.0	0.0	0.589937106918239	0.0	1.0	0.0	0.0	0.0	0.0	0.0	0.6427672955974842	0.0	0.0	0.0	0.0	0.0	0.0	0.0	0.0	0.0	0.0
773479	0.0	0.0	0.0	0.0	0.8747474747474747	0.0	0.0	0.0	0.0	0.0	0.0	0.0	1.0	0.0	0.0	0.0	0.0	0.0	0.0	0.0	0.43434343434343436	0.0	0.0	0.0	0.0	0.0	0.0	0.0	0.0
773480	0.0	0.0	0.0	0.0	0.49786324786324787	0.0	0.0	0.0	0.0	0.0	0.0	0.0	1.0	0.0	0.0	0.0	0.0	0.0	0.0	0.0	0.8824786324786325	0.0	0.0	0.0	0.0	0.0	0.0	0.0	0.0
717684	0.0	0.0	0.0	0.0	0.44991789819376027	0.0	0.0	0.0	0.0	0.0	0.6666666666666666	0.0	1.0	0.0	0.0	0.0	0.0	0.0	0.24794745484400657	0.0	0.11658456486042693	0.0	0.0	0.0	0.0	0.0	0.27257799671592775	0.0	0.0
1433246	0.0	0.0	0.5314685314685315	0.0	0.9324009324009324	0.0	0.9976689976689976	0.0	0.0	0.0	0.0	0.0	1.0	0.0	0.0	0.0	0.0	0.0	0.0	0.0	0.030303030303030304	0.0	0.0	0.0	0.0	0.0	0.1864801864801865	0.0	0.0
1433247	0.0	0.0	0.22592592592592592	0.0	0.3814814814814815	0.0	0.16666666666666666	0.0	0.0	0.0	0.0	0.0	1.0	0.0	0.0	0.0	0.0	0.0	0.0	0.0	0.0	0.0	0.0	0.0	0.0	0.0	0.0	0.0	0.0
1433252	0.0	0.14414414414414414	0.0	0.0	0.5855855855855856	0.0	0.0	0.0	0.0	0.024774774774774775	0.26126126126126126	0.0	1.0	0.0	0.0	0.0	0.0	0.0	0.36261261261261263	0.0	0.0	0.0	0.0	0.0	0.0990990990990991	0.0	0.0	0.0	0.0
1433259	0.0	0.0	0.0	0.0	0.7389830508474576	0.0	0.34124293785310733	0.0	0.22033898305084745	0.0	0.5265536723163842	0.0	1.0	0.0	0.0	0.0	0.0	0.0	0.09830508474576272	0.0	0.103954802259887	0.0	0.0	0.0	0.0	0.0	0.0	0.0	0.0
1433261	0.0	0.0	0.4144144144144144	0.0	0.590990990990991	0.0	0.31351351351351353	0.0	0.0	0.0	0.25045045045045045	0.0	1.0	0.0	0.0	0.0	0.0	0.0	0.0	0.0	0.0	0.0	0.0	0.0	0.0	0.0	0.3783783783783784	0.0	0.0
773420	0.0	0.1536281179138322	0.0	0.0	0.30272108843537415	0.0	0.6150793650793651	0.0	0.0	0.0	0.3526077097505669	0.0	1.0	0.0	0.0	0.0	0.0	0.0	0.0	0.0	0.12074829931972789	0.0	0.0	0.0	0.0	0.0	0.0	0.0	0.0
712301	0.0	0.0	0.0	0.0	0.32867132867132864	0.0	0.31002331002331	0.0	0.0	0.0	0.0	0.0	1.0	0.0	0.0	0.0	0.0	0.0	0.3776223776223776	0.0	0.0	0.0	0.0	0.0	0.0	0.0	0.0	0.0	0.0
712303	0.0	0.0	0.0	0.0	1.0	0.0	0.7518518518518519	0.0	0.0	0.0	0.0	0.0	1.0	0.0	0.0	0.0	0.0	0.0	0.0	0.0	0.0	0.0	0.0	0.0	0.0	0.0	0.0	0.0	0.0
712268	0.0	0.0	0.27946127946127947	0.0	0.24242424242424243	0.0	0.7525252525252525	0.0	0.0	0.0	0.4730639730639731	0.0	1.0	0.0	0.0	0.0	0.0	0.0	0.4494949494949495	0.0	0.3838383838383838	0.24074074074074073	0.0	0.0	0.0	0.2542087542087542	0.0	0.0	0.0
712272	0.5833333333333334	0.0	0.0	0.0	0.8537414965986394	0.0	0.7006802721088435	0.0	0.0	0.0	0.2687074829931973	0.0	1.0	0.0	0.24829931972789115	0.0	0.0	0.0	0.15816326530612246	0.0	0.24829931972789115	0.0	0.0	0.0	0.3010204081632653	0.0	0.0	0.0	0.0
393291	0.0	0.0	0.43131868131868134	0.0	0.5815018315018315	0.0	0.4139194139194139	0.0	0.0	0.0	0.0	0.0	1.0	0.0	0.0	0.0	0.0	0.0	0.1108058608058608	0.0	0.3507326007326007	0.0	0.0	0.0	0.0	0.0	0.0	0.13553113553113552	0.0
742775	0.0	0.0	0.0	0.0	0.9863013698630136	0.0	0.9634703196347032	0.0	0.0	0.6757990867579908	0.4520547945205479	0.0	1.0	0.0	0.0	0.0	0.0	0.0	0.0	0.0	0.0	0.0	0.0	0.0	0.0	0.0	0.0	0.0	0.0
773587	0.0	0.0	0.0	0.0	0.5329949238578681	0.0	0.6632825719120136	0.0	0.0	0.0	0.0	0.0	1.0	0.0	0.16751269035532995	0.0	0.0	0.0	0.350253807106599	0.0	0.3147208121827411	0.0	0.0	0.0	0.0	0.0	0.0	0.0	0.0
773585	0.0	0.0	0.0	0.43532338308457713	0.5696517412935324	0.0	0.4527363184079602	0.0	0.0	0.0	0.0	0.0	1.0	0.0	0.8258706467661692	0.0	0.0	0.0	0.48258706467661694	0.0	0.3756218905472637	0.0	0.0	0.0	0.0	0.0	0.7014925373134329	0.0	0.0
773345	0.0	0.0	0.0	0.0	0.46060606060606063	0.0	0.0	0.0	0.0	0.0	0.45151515151515154	0.0	1.0	0.0	0.0	0.0	0.0	0.0	0.0	0.0	0.0	0.0	0.0	0.0	0.0	0.0	0.0	0.0	0.0
1433282	0.0	0.0	0.49866666666666665	0.0	0.7306666666666667	0.0	0.9253333333333333	0.0	0.0	0.0	0.0	0.0	1.0	0.0	0.0	0.0	0.0	0.0	0.11733333333333333	0.0	0.0	0.0	0.0	0.0	0.0	0.0	0.0	0.0	0.0
1433283	0.0	0.0	0.0	0.0	0.7520325203252033	0.0	0.6016260162601627	0.0	0.0	0.0	0.26287262872628725	0.0	1.0	0.0	0.0	0.0	0.0	0.0	0.0	0.0	0.0	0.0	0.0	0.0	0.0	0.0	0.0	0.0	0.0
1433285	0.0	0.0	0.051470588235294115	0.0	0.0	0.0	0.5563725490196079	0.0	0.0	0.0	0.13725490196078433	0.0	1.0	0.0	0.0	0.0	0.0	0.0	0.0	0.0	0.5318627450980392	0.0	0.0	0.0	0.0	0.0	0.0	0.3700980392156863	0.0
1123750	0.0	0.0	0.0	0.0	0.7903225806451613	0.0	0.8064516129032258	0.0	0.0	0.7956989247311828	0.0	0.0	1.0	0.0	0.0	0.0	0.0	0.0	0.0	0.0	0.0	0.0	0.0	0.0	0.0	0.0	0.0	0.0	0.0
1662037	0.0	0.0	0.0	0.0	0.1717171717171717	0.0	0.9949494949494949	0.0	0.0	0.0	0.0	0.0	1.0	0.0	0.0	0.0	0.0	0.0	0.702020202020202	0.0	0.0	0.0	0.0	0.0	0.0	0.0	0.0	0.0	0.0
1662040	0.0	0.0	0.8643578643578643	0.0	0.5728715728715729	0.0	0.6565656565656566	0.0	0.0	0.0	0.34054834054834054	0.0	1.0	0.0	0.0	0.0	0.0	0.0	0.0	0.0	0.0	0.0	0.0	0.0	0.0	0.0	0.0	0.0	0.0
1662045	0.0	0.0	0.0	0.0	0.49193548387096775	0.0	0.3064516129032258	0.0	0.0	0.0	0.0	0.0	1.0	0.0	0.0	0.0	0.0	0.0	0.5833333333333334	0.0	0.0	0.0	0.0	0.0	0.0	0.0	0.0	0.6021505376344086	0.0
1662046	0.0	0.3205944798301486	0.3184713375796178	0.0	0.6305732484076433	0.0	0.3184713375796178	0.0	0.0	0.0	0.3184713375796178	0.0	1.0	0.0	0.0	0.0	0.0	0.0	0.0	0.0	0.10191082802547771	0.0	0.0	0.0	0.0	0.0	0.0	0.14012738853503184	0.0
773513	0.0	0.0	0.0	0.0	0.0	0.0	0.4224021592442645	0.0	0.0	0.0	0.6329284750337382	0.0	1.0	0.0	0.15519568151147098	0.0	0.0	0.0	0.3724696356275304	0.0	0.0	0.0	0.0	0.0	0.0	0.0	0.0	0.0	0.03508771929824561
773521	0.0	0.0	0.0	0.0	0.0	0.0	0.08571428571428572	0.0	0.0	0.0	0.0	0.0	1.0	0.0	0.0	0.0	0.0	0.0	0.0	0.0	0.0	0.0	0.0	0.0	0.0	0.0	0.0	0.0	0.0
773525	0.0	0.0	0.0	0.0	0.0	0.0	0.0	0.0	0.0	0.2329059829059829	0.0	0.0	1.0	0.0	0.0	0.0	0.0	0.0	0.0	0.0	0.0	0.0	0.0	0.0	0.0	0.0	0.0	0.0	0.0
742632	0.5370370370370371	0.0	0.0	0.0	0.7777777777777778	0.0	0.8148148148148148	0.0	0.0	0.43915343915343913	0.6111111111111112	0.0	1.0	0.0	0.0	0.0	0.0	0.0	0.0	0.0	0.013227513227513227	0.0	0.0	0.0	0.0	0.0	0.0	0.0	0.0
1135889	0.0	0.0	0.22653721682847897	0.0	0.8155339805825242	0.06472491909385113	1.0	0.0	0.0	0.0	0.0	0.0	1.0	0.0	0.0	0.0	0.0	0.0	0.0	0.0	0.5145631067961165	0.0	0.0	0.0	0.0	0.0	0.0	0.0	0.0
1135890	0.0	0.0	0.0	0.0	0.09186351706036745	0.4041994750656168	0.821522309711286	0.0	0.0	0.35826771653543305	0.6942257217847769	0.32677165354330706	1.0	0.0	0.0	0.0	0.0	0.0	0.0	0.0	0.0	0.0	0.0	0.0	0.0	0.0	0.0	0.0	0.0
1135891	0.0	0.0	0.0	0.0	0.7750809061488673	0.0	0.616504854368932	0.0	0.0	0.0	0.6440129449838188	0.0	1.0	0.0	0.0	0.0	0.0	0.0	0.0	0.0	0.4255663430420712	0.0	0.0	0.0	0.0	0.0	0.0	0.0	0.0
1135892	0.0	0.0	0.0	0.0	0.8226299694189603	0.0	0.8929663608562691	0.0	0.0	0.0	0.0	0.0	1.0	0.0	0.0	0.0	0.0	0.0	0.4617737003058104	0.0	0.12232415902140673	0.0	0.0	0.0	0.0	0.0	0.0	0.0	0.0
1135893	0.0	0.13017031630170317	0.0	0.0	0.36739659367396593	0.0	0.7031630170316302	0.0	0.0	0.0	0.14233576642335766	0.0	1.0	0.0	0.0	0.0	0.0	0.0	0.18004866180048662	0.0	0.00851581508515815	0.0	0.0	0.0	0.0	0.0	0.0	0.0	0.0
1135894	0.0	0.0	0.0	0.0	0.9384057971014492	0.0	0.39492753623188404	0.0	0.0	0.0	0.15579710144927536	0.0	1.0	0.0	0.0	0.0	0.0	0.0	0.0	0.0	1.0	0.0	0.0	0.0	0.0	0.0	0.427536231884058	0.0	0.0
1135895	0.0	0.0	0.0	0.0	0.3963254593175853	0.0	0.8372703412073491	0.0	0.0	0.0	0.32545931758530183	0.0	1.0	0.0	0.0	0.0	0.0	0.0	0.0	0.0	0.3438320209973753	0.0	0.0	0.0	0.0	0.0	0.06299212598425197	0.0	0.0
1135896	0.0	0.0	0.0	0.0	0.5150214592274678	0.0	0.44635193133047213	0.0	0.0	0.0	0.592274678111588	0.0	1.0	0.0	0.0	0.0	0.0	0.0	0.1988555078683834	0.0	0.40486409155937053	0.0	0.0	0.0	0.0	0.0	0.3190271816881259	0.0	0.0
1135897	0.40714285714285714	0.0	0.0	0.0	0.35714285714285715	0.0	0.7880952380952381	0.0	0.0	0.0	0.004761904761904762	0.0	1.0	0.0	0.0	0.0	0.0	0.0	0.12142857142857143	0.0	0.0	0.0	0.0	0.0	0.0	0.0	0.0	0.0	0.0
1135898	0.4830917874396135	0.0	0.0	0.0	0.6521739130434783	0.0	0.8502415458937198	0.0	0.0	0.0	0.0	0.0	1.0	0.0	0.0	0.0	0.0	0.0	0.0	0.0	0.0	0.0	0.0	0.0	0.0	0.0	0.0	0.0	0.0
1135899	0.0	0.0	0.0	0.0	0.625	0.0	0.0	0.0	0.0	0.0	0.05	0.0	1.0	0.0	0.0	0.0	0.0	0.0	0.0	0.0	0.0	0.0	0.0	0.0	0.0	0.0	0.0	0.0	0.0
1135900	0.0	0.0	0.0	0.0	0.0	0.0	0.4715447154471545	0.0	0.0	0.0	0.4715447154471545	0.0	1.0	0.0	0.0	0.0	0.0	0.0	0.0	0.0	0.0	0.0	0.0	0.0	0.0	0.0	0.45528455284552843	0.0	0.0
1135901	0.0	0.0	0.0	0.0	0.0	0.0	0.33015873015873015	0.0	0.0	0.0	0.0	0.0	1.0	0.0	0.0	0.0	0.0	0.0	0.0	0.0	0.0	0.0	0.0	0.0	0.0	0.0	0.37777777777777777	0.0	0.0
1135902	0.0	0.0	0.6391941391941391	0.0	0.47435897435897434	0.0	0.7307692307692307	0.0	0.0	0.0	0.5494505494505495	0.0	1.0	0.0	0.0	0.0	0.0	0.0	0.0	0.0	0.0	0.0	0.0	0.0	0.0	0.0	0.0	0.0	0.0
1135904	0.0	0.0	0.040100250626566414	0.0	0.37844611528822053	0.0	0.37844611528822053	0.11779448621553884	0.0	0.0	0.23057644110275688	0.0	1.0	0.0	0.0	0.0	0.0	0.0	0.0	0.0	0.0	0.0	0.0	0.0	0.0	0.0	0.6892230576441103	0.0	0.0
1135905	0.0	0.0	0.5692883895131086	0.0	0.6554307116104869	0.0	0.7565543071161048	0.0	0.0	0.0	0.21722846441947566	0.0	1.0	0.0	0.301498127340824	0.0	0.0	0.0	0.0	0.0	0.0	0.0	0.0	0.0	0.0	0.0	0.10299625468164794	0.0	0.0
1135906	0.0	0.0	0.0	0.0	0.7823691460055097	0.0	0.7713498622589532	0.0	0.0	0.0	0.3608815426997245	0.0	1.0	0.0	0.0	0.0	0.0	0.0	0.0	0.0	0.0	0.0	0.0	0.0	0.0	0.0	0.0	0.0	0.0
1135909	0.0	0.0	0.0	0.0	0.5923566878980892	0.0	0.7452229299363057	0.0	0.0	0.0	0.15498938428874734	0.0	1.0	0.0	0.6390658174097664	0.0	0.0	0.0	0.0	0.0	0.0	0.0	0.0	0.0	0.0	0.0	0.0	0.0	0.0
1135910	0.0	0.0	0.0	0.0	0.5295880149812734	0.0	0.0	0.0	0.0	0.3445692883895131	0.3962546816479401	0.0	1.0	0.0	0.0	0.0	0.0	0.0	0.6202247191011236	0.0	0.22621722846441947	0.0	0.0	0.0	0.0	0.0	0.0	0.0	0.0
1135911	0.0	0.0	0.3368421052631579	0.0	0.8578947368421053	0.0	0.0	0.0	0.0	0.34912280701754383	0.0	0.0	1.0	0.0	0.0	0.0	0.0	0.0	0.02280701754385965	0.0	0.0	0.0	0.0	0.0	0.0	0.0	0.0	0.0	0.0
1135912	0.0	0.0	0.0	0.6097560975609756	0.0	0.0	0.15718157181571815	0.0	0.0	0.0	0.0	0.0	1.0	0.0	0.0	0.0	0.0	0.0	0.0	0.0	0.0	0.0	0.0	0.0	0.0	0.0	0.0	0.0	0.0
1135913	0.0	0.0	0.0	0.0	0.015151515151515152	0.0	0.5707070707070707	0.0	0.0	0.0	0.0	0.0	1.0	0.0	0.0	0.0	0.0	0.0	0.3813131313131313	0.0	0.6338383838383839	0.0	0.0	0.0	0.0	0.0	0.0	0.0	0.0
1135914	0.0	0.295968534906588	0.43952802359882004	0.0	0.591937069813176	0.0	0.4975417895771878	0.0	0.0	0.0	0.10226155358898721	0.0	1.0	0.0	0.0	0.0	0.0	0.0	0.09046214355948869	0.0	0.0	0.0	0.0	0.0	0.0	0.0058997050147492625	0.0	0.0	0.0
1135915	0.0	0.0	0.0	0.0	0.3816091954022989	0.0	0.15632183908045977	0.0	0.0	0.6091954022988506	0.38850574712643676	0.0	1.0	0.0	0.0	0.0	0.0	0.0	0.0	0.0	0.0	0.0	0.0	0.0	0.0	0.4298850574712644	0.0	0.0	0.0
773688	0.0	0.24833333333333332	0.0	0.0	0.5991666666666666	0.0	0.30583333333333335	0.19416666666666665	0.0	0.0	0.0	0.0	1.0	0.0	0.051666666666666666	0.0	0.0	0.0	0.0	0.0	0.0	0.0	0.0	0.0	0.0	0.0	0.0	0.0	0.0
1609640	0.0	0.9157894736842105	0.3894736842105263	0.0	0.8666666666666667	0.0	0.0	0.4842105263157895	0.0	0.0	0.8421052631578947	0.0	1.0	0.0	0.0	0.0	0.0	0.0	0.0	0.0	0.0	0.0	0.0	0.0	0.0	0.0	0.0	0.0	0.0
773896	0.14646464646464646	0.15025252525252525	0.07891414141414141	0.0	0.2657828282828283	0.09217171717171717	0.19065656565656566	0.0	0.0	0.0	0.14204545454545456	0.0	1.0	0.0	0.0	0.0	0.0	0.0	0.0	0.0	0.0	0.0	0.0	0.0	0.0	0.0	0.0	0.0	0.0
773902	0.0	0.0	0.0	0.0	0.20430107526881722	0.0	0.20295698924731181	0.0	0.0	0.0	0.20295698924731181	0.0	1.0	0.0	0.0	0.31451612903225806	0.0	0.0	0.0	0.0	0.0	0.0	0.0	0.0	0.0	0.0	0.0	0.0	0.0
773553	0.0	0.09282700421940929	0.0	0.0	0.0	0.0	0.29535864978902954	0.0	0.0	0.310126582278481	0.21308016877637131	0.0	1.0	0.0	0.0	0.0	0.0	0.0	0.0	0.0	0.0	0.0	0.0	0.0	0.0	0.0	0.1940928270042194	0.0	0.0
773433	0.0	0.0	0.0	0.0	0.483974358974359	0.0	0.0	0.0	0.0	0.0	0.483974358974359	0.0	1.0	0.0	0.0	0.6346153846153846	0.0	0.0	0.0	0.0	0.019230769230769232	0.0	0.0	0.26282051282051283	0.0	0.0	0.0	0.0	0.0
774046	0.0	0.0	0.0	0.0	0.14682539682539683	0.2857142857142857	0.4007936507936508	0.0	0.0	0.0	0.0	0.0	1.0	0.0	0.0	0.0	0.0	0.0	0.2837301587301587	0.0	0.0	0.0	0.0	0.0	0.0	0.0	0.0	0.0	0.0
712317	0.0	0.0	0.0	0.0	0.4868913857677903	0.3595505617977528	0.6104868913857678	0.0	0.0	0.0	0.7078651685393258	0.0	1.0	0.0	0.0	0.0	0.0	0.0	0.0	0.0	0.0	0.0	0.0	0.0	0.0	0.0	0.0	0.0	0.0
712292	0.0	0.0	0.35119047619047616	0.0	0.6805555555555556	0.0	0.06746031746031746	0.0	0.0	0.3392857142857143	0.26785714285714285	0.0	1.0	0.0	0.0	0.0	0.0	0.0	0.0	0.0	0.7083333333333334	0.0	0.0	0.0	0.0	0.0	0.0	0.0	0.0
773981	0.0	0.0	0.2994350282485876	0.0	1.0	0.0	0.3870056497175141	0.0	0.0	0.0	0.0	0.0	1.0	0.0	0.0	0.0	0.0	0.0	0.05084745762711865	0.0	0.0	0.0	0.0	0.0	0.0	0.0	0.0	0.0	0.0
773982	0.0	0.0	0.0	0.0	1.0	0.0	0.0	0.0	0.0	0.0	0.0	0.0	1.0	0.0	0.0	0.0	0.0	0.0	1.0	0.0	0.0	0.0	0.0	0.0	0.0	0.0	0.0	0.0	0.0
773938	0.0	0.0	0.0	0.0	0.10739191073919108	0.0	0.2099023709902371	0.0	0.0	0.0	0.3417015341701534	0.0	1.0	0.0	0.0	0.0	0.0	0.0	0.0	0.0	0.2524407252440725	0.0	0.0	0.0	0.0	0.0	0.0	0.0	0.0
773863	0.0	0.0	0.0	0.0	0.30684931506849317	0.2091324200913242	0.5378995433789955	0.0	0.0	0.0	0.3598173515981735	0.0	1.0	0.0	0.0	0.0	0.0	0.0	0.44018264840182647	0.0	0.3004566210045662	0.0	0.0	0.0	0.0	0.19726027397260273	0.0	0.0	0.0
773670	0.0	0.0	0.0	0.0	0.0	0.0	0.38125	0.0	0.0	0.0	0.24375	0.0	1.0	0.0	0.253125	0.0	0.0	0.0	0.0	0.0	0.21770833333333334	0.0	0.0	0.0	0.0	0.0	0.0	0.0	0.0
