key	WAM_ALR	WAM_CCR	WAM_IPI	WAM_MAR	WAM_MYS	WAM_PBL	WAM_PJN	WAM_PPR	WAM_PST	WAM_ROL	WAM_SCR	WAM_SGN	WAM_SIS	WAM_TWN	WAR_ALR	WAR_CCR	WAR_IPI	WAR_MAR	WAR_MYS	WAR_PBL	WAR_PJN	WAR_PPR	WAR_PSK	WAR_PST	WAR_RNW	WAR_ROL	WAR_SCR	WAR_SGL	WAR_SIS
704857	0.7184466019417476	0.8932038834951457	0.22653721682847897	0.47896440129449835	0.0	0.07766990291262135	0.6828478964401294	1.0	0.30097087378640774	0.32362459546925565	0.6699029126213593	0.4886731391585761	0.22330097087378642	0.4886731391585761	0.9676375404530745	1.0	0.9514563106796117	0.7669902912621359	0.6828478964401294	1.0	0.8187702265372169	0.9967637540453075	0.0	1.0	0.6181229773462783	1.0	1.0	1.0	1.0
704858	0.6602254428341385	1.0	0.6714975845410628	0.5603864734299517	0.28019323671497587	0.5652173913043478	0.8341384863123994	1.0	1.0	0.42995169082125606	1.0	0.9822866344605475	0.3607085346215781	0.23349436392914655	0.9162640901771336	0.9742351046698873	0.9388083735909822	0.49114331723027377	0.8115942028985508	0.5813204508856683	0.4718196457326892	0.966183574879227	0.7439613526570048	1.0	0.8582930756843801	0.9259259259259259	1.0	0.7987117552334944	1.0
704859	0.616504854368932	1.0	0.7427184466019418	0.030744336569579287	0.37702265372168287	0.0	0.9336569579288025	0.7686084142394822	0.9789644012944984	0.7216828478964401	0.7200647249190939	0.6909385113268608	0.0	0.0	0.3932038834951456	1.0	0.4077669902912621	0.5970873786407767	0.48381877022653724	0.7006472491909385	0.24433656957928804	0.843042071197411	0.8883495145631068	0.9983818770226537	0.5954692556634305	1.0	0.9967637540453075	0.6359223300970874	0.93042071197411
704860	0.9775641025641025	1.0	1.0	0.7884615384615384	1.0	0.09294871794871795	0.8974358974358975	1.0	0.6858974358974359	0.9487179487179487	1.0	0.0	0.09294871794871795	0.0	1.0	1.0	0.9551282051282052	1.0	0.6025641025641025	0.6346153846153846	0.40064102564102566	1.0	0.9711538461538461	1.0	0.9230769230769231	1.0	1.0	0.36217948717948717	1.0
704861	0.7403381642512077	1.0	0.7185990338164251	0.8526570048309179	0.3417874396135266	0.7355072463768116	0.7934782608695652	0.7657004830917874	0.7584541062801933	0.7101449275362319	0.9758454106280193	0.37318840579710144	0.9009661835748792	0.0	0.8526570048309179	0.7439613526570048	1.0	0.7801932367149759	0.8140096618357487	0.966183574879227	0.7439613526570048	0.9927536231884058	0.5640096618357487	0.9420289855072463	0.11231884057971014	0.9577294685990339	1.0	0.4722222222222222	1.0
704862	0.4835164835164835	1.0	0.0	0.2600732600732601	0.9084249084249084	1.0	0.4432234432234432	0.8754578754578755	0.5238095238095238	0.4468864468864469	0.3516483516483517	1.0	0.5970695970695971	0.9010989010989011	0.0	1.0	0.978021978021978	0.0	0.8827838827838828	0.2271062271062271	1.0	1.0	0.5494505494505495	1.0	0.63003663003663	1.0	1.0	0.9926739926739927	1.0
704863	1.0	0.8898809523809523	0.6994047619047619	1.0	0.11011904761904762	0.6964285714285714	0.35119047619047616	1.0	1.0	0.9375	0.5922619047619048	0.8035714285714286	0.4494047619047619	0.002976190476190476	0.7648809523809523	1.0	1.0	0.25892857142857145	0.44047619047619047	0.7232142857142857	0.7202380952380952	1.0	0.44345238095238093	1.0	1.0	1.0	1.0	0.39285714285714285	1.0
704864	1.0	1.0	0.9029733959311425	0.9671361502347418	0.16118935837245696	0.9765258215962441	1.0	1.0	1.0	0.8716744913928013	1.0	0.9436619718309859	0.8779342723004695	0.0	1.0	1.0	0.4569640062597809	1.0	1.0	0.9217527386541471	1.0	1.0	0.9389671361502347	0.9389671361502347	0.5446009389671361	1.0	1.0	0.8262910798122066	1.0
704865	1.0	0.9905437352245863	0.8203309692671394	0.9054373522458629	0.6170212765957447	0.0	1.0	1.0	0.8959810874704491	1.0	1.0	0.9621749408983451	0.6501182033096927	0.0	1.0	0.7612293144208038	1.0	1.0	0.9550827423167849	0.6595744680851063	1.0	0.7990543735224587	0.9243498817966903	0.7257683215130024	0.9763593380614657	1.0	1.0	0.5460992907801419	1.0
704866	1.0	1.0	0.0	0.3088235294117647	0.6862745098039216	0.0	0.8382352941176471	0.9509803921568627	0.803921568627451	0.5637254901960784	1.0	0.0	0.1715686274509804	0.0	0.8186274509803921	1.0	0.9901960784313726	0.7794117647058824	0.0	0.0196078431372549	0.0784313725490196	0.4950980392156863	0.7450980392156863	1.0	1.0	1.0	1.0	0.9313725490196079	1.0
704867	1.0	0.8941176470588236	0.7647058823529411	0.592156862745098	0.0	0.3176470588235294	1.0	0.8392156862745098	0.5176470588235295	0.592156862745098	0.9921568627450981	0.0	0.9921568627450981	0.0	1.0	0.8549019607843137	1.0	0.396078431372549	0.3176470588235294	1.0	0.12549019607843137	1.0	0.9098039215686274	1.0	1.0	1.0	1.0	1.0	0.9058823529411765
704868	0.994579945799458	1.0	0.8753387533875339	0.8970189701897019	0.0	0.8997289972899729	0.8184281842818428	1.0	0.7452574525745257	0.4065040650406504	1.0	0.024390243902439025	0.7696476964769647	0.0	1.0	0.997289972899729	0.6883468834688347	1.0	0.8455284552845529	1.0	1.0	1.0	0.5040650406504065	1.0	0.1897018970189702	0.8319783197831978	1.0	0.6639566395663956	0.997289972899729
704869	1.0	1.0	0.41830065359477125	0.4444444444444444	0.0	0.43790849673202614	0.954248366013072	1.0	1.0	0.9084967320261438	0.8758169934640523	0.6633986928104575	0.5392156862745098	0.0	0.8071895424836601	0.5555555555555556	0.5784313725490197	0.934640522875817	0.4934640522875817	0.9771241830065359	0.5751633986928104	1.0	1.0	1.0	0.673202614379085	1.0	1.0	0.5228758169934641	0.9477124183006536
704870	1.0	0.9415807560137457	0.5721649484536082	0.6924398625429553	0.8127147766323024	0.5085910652920962	0.9261168384879725	0.8298969072164949	0.6683848797250859	0.8780068728522337	0.936426116838488	0.0	0.4639175257731959	0.6460481099656358	0.6821305841924399	0.8883161512027491	0.18556701030927836	0.6237113402061856	0.9347079037800687	0.8195876288659794	0.570446735395189	0.8213058419243986	0.9089347079037801	1.0	0.3024054982817869	0.9828178694158075	1.0	0.6649484536082474	1.0
704872	1.0	1.0	0.7719298245614035	0.6541353383458647	0.6115288220551378	0.6842105263157895	0.9899749373433584	0.8395989974937343	0.3483709273182957	1.0	1.0	0.0	0.8195488721804511	0.0	0.7167919799498746	1.0	0.8020050125313283	0.7719298245614035	0.924812030075188	0.8671679197994987	0.9974937343358395	1.0	0.87468671679198	1.0	0.9674185463659147	1.0	1.0	0.3433583959899749	1.0
704873	1.0	1.0	0.8229166666666666	1.0	0.7170138888888888	0.4739583333333333	1.0	0.9826388888888888	0.8975694444444444	0.7256944444444444	1.0	0.6579861111111112	0.08680555555555555	0.0	0.7465277777777778	0.9305555555555556	0.9756944444444444	0.7934027777777778	0.7951388888888888	0.8715277777777778	0.7413194444444444	1.0	0.640625	0.9479166666666666	0.9756944444444444	1.0	1.0	0.6284722222222222	1.0
704874	0.9333333333333333	0.6222222222222222	0.6416666666666667	0.6333333333333333	0.7805555555555556	0.4166666666666667	0.8388888888888889	1.0	0.9194444444444444	0.9166666666666666	0.7333333333333333	0.6777777777777778	1.0	0.0	0.8444444444444444	0.85	0.3888888888888889	0.8666666666666667	0.5388888888888889	0.7805555555555556	0.9388888888888889	0.9805555555555555	0.6416666666666667	1.0	0.8805555555555555	1.0	1.0	0.0	1.0
704877	0.8773148148148148	0.9537037037037037	0.8379629629629629	0.6527777777777778	0.17824074074074073	0.0	1.0	1.0	0.9583333333333334	1.0	0.6296296296296297	0.8240740740740741	0.6643518518518519	0.0	0.5763888888888888	0.8680555555555556	0.34953703703703703	0.32407407407407407	1.0	0.7106481481481481	0.8356481481481481	1.0	1.0	1.0	0.39351851851851855	1.0	1.0	0.0	1.0
704878	0.9808868501529052	0.8570336391437309	0.7522935779816514	0.43425076452599387	0.6659021406727829	0.2308868501529052	0.8570336391437309	1.0	0.9128440366972477	0.8027522935779816	1.0	0.7270642201834863	0.4151376146788991	0.0	0.9862385321100917	0.8402140672782875	0.6636085626911316	0.45871559633027525	0.908256880733945	0.5321100917431193	0.9090214067278287	0.9831804281345565	0.7224770642201835	1.0	0.4694189602446483	0.9587155963302753	1.0	0.7935779816513762	1.0
704880	1.0	0.9644444444444444	0.0	0.49333333333333335	0.3111111111111111	1.0	0.8088888888888889	1.0	1.0	1.0	1.0	1.0	1.0	0.0	1.0	1.0	0.8488888888888889	0.9866666666666667	1.0	0.6488888888888888	0.7644444444444445	1.0	0.7822222222222223	1.0	0.28444444444444444	1.0	1.0	1.0	1.0
704882	1.0	1.0	0.7664041994750657	0.5511811023622047	1.0	0.4409448818897638	0.9711286089238845	0.8871391076115486	0.8372703412073491	0.979002624671916	0.9763779527559056	0.7139107611548556	0.8766404199475065	0.0	1.0	1.0	0.8556430446194225	1.0	1.0	0.9816272965879265	1.0	1.0	0.6089238845144357	1.0	0.38320209973753283	1.0	1.0	0.4068241469816273	0.958005249343832
704883	1.0	1.0	0.7958656330749354	0.6253229974160207	0.05167958656330749	0.7700258397932817	0.9767441860465116	1.0	0.834625322997416	1.0	1.0	0.599483204134367	0.48578811369509045	0.0	1.0	1.0	0.7700258397932817	0.813953488372093	1.0	0.9483204134366925	0.8036175710594315	1.0	0.9870801033591732	1.0	1.0	1.0	1.0	0.7260981912144703	1.0
704885	0.917184265010352	1.0	0.8571428571428571	0.6542443064182195	0.0	0.10559006211180125	0.927536231884058	0.8954451345755694	0.9109730848861284	0.7784679089026915	1.0	0.44616977225672877	0.15838509316770186	0.14906832298136646	1.0	0.9202898550724637	0.6066252587991718	0.8084886128364389	0.7619047619047619	0.8178053830227743	0.9989648033126294	0.9927536231884058	0.9668737060041408	1.0	0.7246376811594203	0.9409937888198758	1.0	0.6656314699792961	0.9099378881987578
704886	0.9154929577464789	0.9929577464788732	0.43661971830985913	0.539906103286385	0.0	0.5633802816901409	0.9694835680751174	0.9765258215962441	0.8028169014084507	1.0	1.0	0.7816901408450704	0.8075117370892019	0.0	1.0	0.9929577464788732	0.960093896713615	0.8779342723004695	0.8615023474178404	0.6666666666666666	0.6384976525821596	0.9577464788732394	0.7934272300469484	0.8427230046948356	0.05868544600938967	0.6713615023474179	1.0	0.5563380281690141	0.9882629107981221
704890	0.8162926018287614	0.9891936824605154	0.8802992518703242	0.942643391521197	0.4837905236907731	0.571072319201995	0.9068994181213632	1.0	0.6043225270157938	0.7472984206151289	0.972568578553616	0.4921030756442228	0.20781379883624274	0.010806317539484621	1.0	0.8744804655029094	0.8902743142144638	0.7506234413965087	0.8794679966749792	0.6176226101413134	0.9675810473815462	0.9684123025768911	0.9243557772236076	1.0	0.6965918536990856	0.9792186201163757	1.0	0.7381546134663342	0.9310058187863675
704892	1.0	1.0	0.9088319088319088	0.47293447293447294	0.9886039886039886	0.37606837606837606	1.0	0.9202279202279202	0.9287749287749287	0.8632478632478633	0.7549857549857549	1.0	0.43874643874643876	0.0	0.7407407407407407	0.9230769230769231	0.5384615384615384	1.0	0.7264957264957265	0.9287749287749287	0.6381766381766382	1.0	1.0	1.0	0.150997150997151	1.0	1.0	0.584045584045584	1.0
173155	1.0	0.5986842105263158	0.3399122807017544	0.17982456140350878	0.28289473684210525	0.0	0.08114035087719298	0.8859649122807017	0.08114035087719298	0.8903508771929824	0.5986842105263158	0.5986842105263158	0.33114035087719296	0.0	0.9714912280701754	0.8881578947368421	0.9276315789473685	0.13596491228070176	0.5592105263157895	0.32894736842105265	0.5504385964912281	0.9473684210526315	0.09210526315789473	0.9013157894736842	0.0	0.9144736842105263	1.0	0.0	0.8925438596491229
1085365	0.9915966386554622	0.6610644257703081	0.0	0.0	0.0	0.42296918767507	0.6666666666666666	0.6078431372549019	0.680672268907563	0.7366946778711485	0.0	0.0	0.31932773109243695	0.0	0.4369747899159664	0.5070028011204482	0.7899159663865546	0.5406162464985994	0.0	0.0	0.9131652661064426	0.0	0.0	0.9439775910364145	0.0	0.8795518207282913	0.8123249299719888	0.5294117647058824	0.48739495798319327
198251	0.0	0.7909604519774012	0.0	0.8305084745762712	0.0	0.0	0.2711864406779661	0.8531073446327684	0.8700564971751412	0.0	0.0	0.0	0.0	0.0	0.0	0.7175141242937854	0.0	0.0	0.0	0.5875706214689266	0.0	0.0	0.2994350282485876	0.0	0.0	1.0	0.9887005649717514	0.0	0.0
301899	0.5303804656445201	0.6348665530948325	0.58603066439523	0.2975582055650199	0.5485519591141397	0.18171493469619535	0.40488358886996023	0.5570698466780238	0.521862578080636	0.2776831345826235	0.4293015332197615	0.6076093128904032	0.1567291311754685	0.0	0.2879045996592845	0.5224304372515616	0.7030096536059057	0.3651334469051675	0.5496876774559909	0.6689381033503691	0.34071550255536626	0.8989210675752414	0.47245883021010787	0.46678023850085176	0.5814877910278251	0.616695059625213	0.8654173764906303	0.46507666098807493	0.6104486087450313
1607602	1.0	0.9093333333333333	0.9466666666666667	0.0	0.9226666666666666	0.7413333333333333	0.904	1.0	0.9973333333333333	0.84	0.8053333333333333	0.9946666666666667	1.0	0.0	1.0	0.9813333333333333	0.20533333333333334	0.8693333333333333	0.976	0.8746666666666667	0.8293333333333334	1.0	0.8506666666666667	0.7893333333333333	0.72	1.0	1.0	0.616	1.0
1607603	1.0	1.0	0.7647058823529411	0.0	0.9529411764705882	0.6352941176470588	0.023529411764705882	1.0	1.0	1.0	1.0	1.0	0.9372549019607843	0.0	0.8901960784313725	0.9254901960784314	0.8352941176470589	1.0	0.7294117647058823	1.0	0.5333333333333333	1.0	0.996078431372549	1.0	0.49019607843137253	1.0	1.0	1.0	1.0
188496	0.4803921568627451	1.0	1.0	0.5833333333333334	0.9754901960784313	0.0	0.9656862745098039	0.7892156862745098	0.47549019607843135	0.9950980392156863	0.9901960784313726	1.0	0.0	0.0	1.0	0.946078431372549	0.29411764705882354	0.8970588235294118	1.0	0.22549019607843138	0.08333333333333333	1.0	0.8186274509803921	1.0	0.0	1.0	1.0	1.0	1.0
188497	0.792022792022792	1.0	0.05698005698005698	0.08831908831908832	1.0	0.0	0.5014245014245015	0.7606837606837606	0.43874643874643876	0.10826210826210826	1.0	0.11396011396011396	0.7948717948717948	0.0	0.886039886039886	0.7065527065527065	0.38746438746438744	1.0	0.8091168091168092	0.9401709401709402	0.38746438746438744	1.0	0.8547008547008547	0.9230769230769231	0.5897435897435898	0.47863247863247865	1.0	1.0	1.0
9652	0.9050505050505051	0.4767676767676768	0.5757575757575758	0.23434343434343435	0.41818181818181815	0.0	0.6060606060606061	0.997979797979798	0.8626262626262626	0.6484848484848484	0.701010101010101	0.498989898989899	0.30505050505050507	0.0	0.8646464646464647	0.2727272727272727	0.7696969696969697	0.7797979797979798	0.6787878787878788	0.5373737373737374	0.6101010101010101	0.48282828282828283	0.4444444444444444	0.9050505050505051	0.6525252525252525	0.9292929292929293	0.997979797979798	0.30505050505050507	0.9030303030303031
1002011	0.8333333333333334	0.823181049069374	0.8485617597292724	0.6472081218274112	0.7089678510998308	0.643824027072758	0.9763113367174281	0.922165820642978	0.8587140439932318	0.6937394247038917	0.9906937394247038	0.8587140439932318	0.9255499153976311	0.5126903553299492	0.40439932318104904	0.8316412859560067	0.8003384094754653	0.8646362098138748	0.9856175972927242	0.9500846023688664	0.7267343485617598	1.0	0.9247038917089678	0.9560067681895094	0.8426395939086294	0.7385786802030457	1.0	0.9670050761421319	0.873942470389171
1497350	0.9789029535864979	0.0	0.5274261603375527	1.0	0.6919831223628692	0.6624472573839663	0.919831223628692	1.0	0.8734177215189873	0.5991561181434599	1.0	0.0	0.0	0.0	0.6708860759493671	0.6075949367088608	0.9746835443037974	0.15611814345991562	0.14345991561181434	0.46835443037974683	1.0	1.0	1.0	1.0	0.6329113924050633	1.0	1.0	1.0	0.6286919831223629
1497343	0.8757062146892656	0.96045197740113	0.9887005649717514	0.6440677966101694	0.8531073446327684	0.0	0.847457627118644	0.7005649717514124	1.0	0.4350282485875706	0.0	1.0	0.6384180790960452	0.3785310734463277	1.0	0.7175141242937854	0.4124293785310734	0.3107344632768362	1.0	1.0	0.4519774011299435	1.0	0.8870056497175142	1.0	0.9830508474576272	1.0	1.0	1.0	1.0
567664	0.6069364161849711	0.8786127167630058	0.3699421965317919	0.6878612716763006	0.21579961464354527	0.17533718689788053	0.9845857418111753	0.6396917148362236	0.8786127167630058	0.5433526011560693	0.7842003853564548	0.6647398843930635	0.21001926782273603	0.2909441233140655	0.8111753371868978	0.8882466281310212	0.8863198458574181	1.0	0.8188824662813102	0.651252408477842	0.48940269749518306	1.0	0.5915221579961464	0.8959537572254336	0.11175337186897881	1.0	1.0	0.7052023121387283	0.9595375722543352
933313	0.9680851063829787	0.8546099290780141	0.7553191489361702	0.4326241134751773	0.22695035460992907	0.0	0.6914893617021277	0.7304964539007093	0.7659574468085106	1.0	0.8297872340425532	0.10638297872340426	0.6808510638297872	0.0	0.624113475177305	0.8546099290780141	0.8297872340425532	0.7943262411347518	0.9645390070921985	1.0	0.8368794326241135	0.900709219858156	0.8687943262411347	0.9964539007092199	0.0	1.0	0.9929078014184397	0.0	0.8652482269503546
933311	1.0	1.0	0.767337807606264	0.785234899328859	0.319910514541387	0.7516778523489933	1.0	0.9798657718120806	1.0	1.0	0.9619686800894854	0.8590604026845637	0.5234899328859061	0.0	1.0	1.0	1.0	1.0	0.727069351230425	0.8702460850111857	0.8747203579418344	1.0	0.9977628635346756	1.0	0.9821029082774049	1.0	1.0	0.9574944071588367	1.0
41573	1.0	1.0	0.3303030303030303	0.6515151515151515	0.9212121212121213	0.9848484848484849	0.4727272727272727	1.0	1.0	0.8909090909090909	1.0	0.6575757575757576	0.37272727272727274	0.0	1.0	1.0	0.803030303030303	1.0	0.7424242424242424	0.048484848484848485	0.793939393939394	1.0	0.9878787878787879	1.0	0.1696969696969697	1.0	1.0	0.7151515151515152	1.0
41574	0.9219653179190751	0.9441233140655106	0.7803468208092486	0.18304431599229287	0.7427745664739884	0.5973025048169557	0.7658959537572254	0.9614643545279383	0.9441233140655106	0.871868978805395	0.9508670520231214	0.8304431599229287	0.18497109826589594	0.0	0.9036608863198459	0.9383429672447013	0.8323699421965318	0.7369942196531792	0.558766859344894	0.7129094412331407	0.9701348747591522	1.0	0.6917148362235067	0.9354527938342967	0.0	0.9884393063583815	0.976878612716763	0.6859344894026975	1.0
1263770	0.5596707818930041	0.9393004115226338	0.4588477366255144	0.8281893004115226	0.507201646090535	0.16049382716049382	0.5432098765432098	0.8796296296296297	0.9197530864197531	1.0	1.0	0.911522633744856	0.1779835390946502	0.3446502057613169	0.9495884773662552	0.8693415637860082	0.8662551440329218	0.5648148148148148	0.7067901234567902	0.33539094650205764	0.5997942386831275	1.0	0.7654320987654321	0.8631687242798354	0.3888888888888889	0.9444444444444444	1.0	0.4825102880658436	1.0
1263773	0.9815837937384899	0.9779005524861878	0.4180478821362799	0.6574585635359116	0.7900552486187845	0.6666666666666666	0.6132596685082873	0.6924493554327809	0.6114180478821363	0.7605893186003683	0.8047882136279927	0.011049723756906077	0.2983425414364641	0.0	0.9705340699815838	0.569060773480663	0.3812154696132597	0.7771639042357275	0.8287292817679558	0.7771639042357275	0.716390423572744	0.8011049723756906	0.8987108655616943	0.7200736648250461	0.3314917127071823	1.0	1.0	0.425414364640884	0.9539594843462247
75508	0.9568965517241379	0.5804597701149425	0.22988505747126436	0.4339080459770115	0.0	0.4109195402298851	0.382183908045977	0.8448275862068966	1.0	0.5459770114942529	0.7413793103448276	0.9252873563218391	0.0	0.0	0.9942528735632183	0.46551724137931033	0.46839080459770116	1.0	0.8793103448275862	0.5603448275862069	0.5028735632183908	1.0	0.7471264367816092	0.8304597701149425	0.9339080459770115	0.9367816091954023	1.0	0.514367816091954	0.22126436781609196
75511	1.0	0.6592592592592592	0.7703703703703704	0.44814814814814813	0.5925925925925926	0.0	0.8222222222222222	1.0	0.9296296296296296	0.0	1.0	0.0	0.5074074074074074	0.0	0.9481481481481482	0.21851851851851853	0.26296296296296295	0.6111111111111112	0.0	0.6222222222222222	0.9555555555555556	0.9111111111111111	0.0	0.7925925925925926	0.48148148148148145	0.9518518518518518	1.0	0.6037037037037037	1.0
933793	0.580335731414868	0.09352517985611511	0.328537170263789	0.0	0.0	0.0	0.5227817745803357	1.0	0.7817745803357314	0.882494004796163	0.41007194244604317	0.4628297362110312	0.5731414868105515	0.0	0.4460431654676259	0.7913669064748201	0.3597122302158273	0.7913669064748201	0.49160671462829736	0.6858513189448441	0.40047961630695444	0.8105515587529976	0.7482014388489209	0.8009592326139089	0.0	0.9424460431654677	1.0	0.10551558752997602	0.22541966426858512
933797	0.9027777777777778	1.0	0.6041666666666666	0.7361111111111112	0.6284722222222222	0.3576388888888889	0.9340277777777778	1.0	0.8784722222222222	0.6423611111111112	1.0	0.6111111111111112	0.9930555555555556	0.0	1.0	0.5868055555555556	0.6597222222222222	0.9513888888888888	1.0	0.7118055555555556	0.9236111111111112	1.0	0.6493055555555556	1.0	0.90625	1.0	1.0	0.20833333333333334	1.0
933801	0.9190031152647975	1.0	0.16510903426791276	0.45482866043613707	0.6884735202492211	0.19003115264797507	0.8878504672897196	1.0	0.881619937694704	1.0	0.8161993769470405	0.470404984423676	1.0	0.573208722741433	0.9750778816199377	0.6074766355140186	1.0	0.8255451713395638	0.8504672897196262	0.8411214953271028	0.6947040498442367	0.9003115264797508	0.7881619937694704	0.9065420560747663	0.5700934579439252	1.0	1.0	0.8722741433021807	1.0
933802	1.0	0.47368421052631576	0.43859649122807015	0.3757309941520468	0.8976608187134503	0.34941520467836257	0.8757309941520468	1.0	0.3742690058479532	0.8669590643274854	1.0	0.3347953216374269	0.783625730994152	0.40789473684210525	1.0	0.97953216374269	0.6564327485380117	0.7660818713450293	0.6403508771929824	0.7280701754385965	0.7821637426900585	1.0	0.5745614035087719	0.9005847953216374	0.19883040935672514	0.9868421052631579	1.0	0.7134502923976608	0.9985380116959064
933803	0.8530805687203792	0.7140600315955766	0.6872037914691943	0.23696682464454977	0.08846761453396525	0.0	0.7677725118483413	0.7582938388625592	0.5481832543443917	0.9794628751974723	0.6998420221169036	0.35071090047393366	0.22274881516587677	0.0	0.8625592417061612	0.8056872037914692	0.3712480252764613	0.08530805687203792	0.665086887835703	0.4028436018957346	0.7424960505529226	0.8546603475513428	0.4928909952606635	1.0	0.2401263823064771	0.9383886255924171	1.0	0.6587677725118484	0.7898894154818326
571696	0.8	0.8207407407407408	0.0	0.8133333333333334	0.6533333333333333	0.2725925925925926	0.9644444444444444	0.7229629629629629	0.4148148148148148	0.9007407407407407	0.554074074074074	0.5081481481481481	0.5170370370370371	0.0	0.7051851851851851	0.7140740740740741	0.2814814814814815	0.48	0.5303703703703704	0.2237037037037037	0.7911111111111111	0.8637037037037038	0.7925925925925926	0.5125925925925926	0.24	0.9392592592592592	0.957037037037037	0.0	0.9407407407407408
934121	0.0	0.5592592592592592	0.6111111111111112	0.0	0.0	0.0	0.0	0.0	0.9629629629629629	0.0	0.0	0.0	0.7777777777777778	0.0	0.0	0.0	0.0	0.0	0.6037037037037037	0.0	0.3925925925925926	0.0	0.0	0.0	0.4962962962962963	0.4074074074074074	0.6148148148148148	0.0	0.0
1528856	0.1912568306010929	0.0	0.2459016393442623	0.8661202185792349	0.0	0.0	0.4918032786885246	0.42896174863387976	0.0	0.0	0.3770491803278688	0.6229508196721312	0.0	0.0	0.0	0.4644808743169399	0.11202185792349727	0.7950819672131147	0.0	0.0	0.11475409836065574	0.8579234972677595	0.505464480874317	0.9262295081967213	0.25136612021857924	0.8934426229508197	1.0	0.0	0.23770491803278687
884427	0.9354838709677419	0.8781362007168458	0.45340501792114696	0.7777777777777778	0.0	0.0	1.0	0.8369175627240143	0.9713261648745519	0.9175627240143369	1.0	0.44623655913978494	0.9731182795698925	0.0	1.0	0.8620071684587813	0.7508960573476703	1.0	1.0	0.9605734767025089	0.8620071684587813	1.0	0.9587813620071685	0.9910394265232975	0.8530465949820788	1.0	1.0	0.9014336917562724	1.0
884428	0.835820895522388	1.0	0.7197346600331676	0.6401326699834162	0.6865671641791045	0.4494195688225539	0.4626865671641791	0.6766169154228856	0.956882255389718	0.8872305140961857	0.912106135986733	0.8723051409618574	0.5505804311774462	0.0	0.87893864013267	0.8689883913764511	0.49917081260364843	0.47761194029850745	0.9618573797678275	0.572139303482587	0.5422885572139303	1.0	0.5804311774461028	1.0	0.7711442786069652	0.9800995024875622	1.0	0.7114427860696517	0.8872305140961857
884429	0.7509578544061303	0.9310344827586207	0.8109833971902938	0.3793103448275862	0.38058748403575987	0.0	0.7994891443167306	0.913154533844189	0.7062579821200511	0.9655172413793104	0.9042145593869731	0.6641123882503193	0.5389527458492975	0.0	0.7535121328224776	0.8212005108556832	0.4495530012771392	0.8467432950191571	0.9540229885057471	0.8441890166028098	0.8339719029374202	1.0	0.7586206896551724	0.8352490421455939	0.855683269476373	0.9553001277139208	1.0	0.6283524904214559	1.0
884430	0.531328320802005	1.0	0.9699248120300752	0.3609022556390977	0.0	0.0	1.0	1.0	0.5363408521303258	1.0	0.9548872180451128	0.9373433583959899	0.7869674185463659	0.0	1.0	0.7568922305764411	0.9298245614035088	0.8721804511278195	0.9874686716791979	0.899749373433584	1.0	1.0	0.9072681704260651	0.6441102756892231	0.3458646616541353	1.0	1.0	1.0	1.0
884431	0.6484018264840182	0.6461187214611872	0.954337899543379	0.0	0.5844748858447488	0.593607305936073	1.0	0.9292237442922374	0.7557077625570776	0.5707762557077626	1.0	0.4292237442922374	0.3447488584474886	0.4634703196347032	0.8036529680365296	0.997716894977169	0.771689497716895	1.0	1.0	0.7488584474885844	0.9383561643835616	1.0	1.0	0.7077625570776256	0.3744292237442922	1.0	1.0	0.8972602739726028	1.0
884434	0.6380638063806381	0.6380638063806381	0.19801980198019803	0.6094609460946094	0.16611661166116612	0.2893289328932893	0.5005500550055005	0.38173817381738173	0.6468646864686468	0.6226622662266227	0.759075907590759	0.38063806380638066	0.45874587458745875	0.0	0.6996699669966997	0.6919691969196919	0.8140814081408141	0.6534653465346535	0.4081408140814081	0.49394939493949397	0.9471947194719472	0.9372937293729373	0.583058305830583	0.9515951595159516	0.5192519251925193	0.9460946094609461	0.9526952695269527	0.3542354235423542	0.6457645764576457
1741971	0.6573426573426573	0.7832167832167832	0.9941724941724942	0.7668997668997669	0.0	0.0	0.7587412587412588	0.9696969696969697	0.8041958041958042	0.8613053613053613	0.9953379953379954	0.789044289044289	0.7051282051282052	0.0	0.831002331002331	0.8123543123543123	0.7074592074592074	0.993006993006993	0.9230769230769231	0.6177156177156177	0.9452214452214452	1.0	0.965034965034965	0.8613053613053613	0.6806526806526807	1.0	1.0	0.8205128205128205	0.8123543123543123
952639	0.8392156862745098	0.807843137254902	0.6549019607843137	0.6588235294117647	0.3568627450980392	0.0	0.615686274509804	0.8392156862745098	1.0	1.0	0.788235294117647	0.16470588235294117	0.23137254901960785	0.0	1.0	1.0	0.8313725490196079	0.6549019607843137	0.3215686274509804	0.6862745098039216	0.3568627450980392	0.9882352941176471	1.0	1.0	0.5843137254901961	1.0	1.0	0.6784313725490196	0.8862745098039215
