key	WAM_ALR	WAM_CCR	WAM_IPI	WAM_MAR	WAM_MYS	WAM_PBL	WAM_PJN	WAM_PPR	WAM_PST	WAM_ROL	WAM_SCR	WAM_SGN	WAM_SIS	WAM_TWN	WAR_ALR	WAR_CCR	WAR_IPI	WAR_MAR	WAR_MYS	WAR_PBL	WAR_PJN	WAR_PPR	WAR_PSK	WAR_PST	WAR_RNW	WAR_ROL	WAR_SCR	WAR_SGL	WAR_SIS
1075248	0.375	0.1772300469483568	0.0	0.17194835680751175	0.306924882629108	0.13791079812206572	0.4636150234741784	0.02112676056338028	0.09507042253521127	0.602112676056338	0.16901408450704225	0.08509389671361503	0.13849765258215962	0.11619718309859155	0.6473004694835681	0.0	0.5710093896713615	0.42370892018779344	0.15492957746478872	0.19190140845070422	0.4131455399061033	0.15492957746478872	0.1772300469483568	0.7124413145539906	0.16725352112676056	0.4841549295774648	0.13262910798122066	0.4953051643192488	0.7734741784037559
94217	0.5402298850574713	0.0	0.0	0.578544061302682	0.0	0.0	0.8544061302681992	0.22988505747126436	0.632183908045977	0.0	0.0	0.0	0.0	0.0421455938697318	0.3831417624521073	1.0	0.5210727969348659	0.3448275862068966	0.0	0.8275862068965517	0.0	0.0	0.0	1.0	0.0	0.8199233716475096	0.578544061302682	0.0	0.6283524904214559
988246	0.6499402628434886	0.0	0.5937873357228196	0.23775388291517324	0.0	0.0	0.44563918757467147	0.0	0.6786140979689367	0.5639187574671446	0.0	0.25686977299880526	0.0	0.0	0.2019115890083632	0.27001194743130225	0.7873357228195937	0.4444444444444444	0.35961768219832735	0.0	0.5507765830346476	0.0	0.0	0.6236559139784946	0.3106332138590203	0.9151732377538829	0.5352449223416965	0.6260454002389486	0.7658303464755077
577281	0.0	0.3378995433789954	0.6164383561643836	0.0	0.0	0.0	0.0	0.21232876712328766	0.5159817351598174	0.0958904109589041	0.0	0.0	0.08904109589041095	0.12557077625570776	0.3538812785388128	0.0	1.0	0.4383561643835616	0.3150684931506849	0.0	0.1187214611872146	0.4041095890410959	0.3127853881278539	0.9840182648401826	0.21232876712328766	0.7214611872146118	0.0	0.0	0.5205479452054794
577284	0.4301994301994302	0.41595441595441596	0.0	0.0698005698005698	0.0	0.0	0.8589743589743589	0.0	0.22507122507122507	0.04843304843304843	0.0	0.0	0.0	0.0	0.8076923076923077	0.0	0.8347578347578347	0.4116809116809117	0.29914529914529914	0.01566951566951567	0.2022792022792023	0.0	0.2150997150997151	0.3831908831908832	0.0	0.8831908831908832	0.3190883190883191	0.0	0.0
1039560	0.4215686274509804	0.0	0.0	0.0	0.06699346405228758	0.0	0.3888888888888889	0.0	0.24673202614379086	0.5571895424836601	0.0	0.0	0.0	0.0	0.6258169934640523	0.0	0.24673202614379086	0.0	0.42810457516339867	0.27124183006535946	0.09803921568627451	0.0	0.42483660130718953	0.6895424836601307	0.0	0.8921568627450981	0.0	0.0	0.4542483660130719
32992	0.34195402298850575	0.0	0.0	0.0	0.49137931034482757	0.0	0.0	0.0	0.6206896551724138	0.8362068965517241	0.0	0.06896551724137931	0.0	0.0	0.735632183908046	0.0	0.7155172413793104	0.0	0.0	0.27298850574712646	0.3045977011494253	0.0	0.0	0.7183908045977011	0.7442528735632183	0.9741379310344828	0.0	0.0	0.3390804597701149
32991	0.11580594679186229	0.0	0.0	0.0	0.21752738654147105	0.38341158059467917	0.3082942097026604	0.0	0.12363067292644757	0.28794992175273865	0.0	0.17683881064162754	0.0	0.0	0.5555555555555556	0.0	0.42566510172143973	0.0	0.0	0.2081377151799687	0.7417840375586855	0.0	0.6384976525821596	0.8309859154929577	0.07981220657276995	0.514866979655712	0.0	0.3427230046948357	0.7417840375586855
1233295	0.8983451536643026	0.0	0.4657210401891253	0.0	0.0	0.0	0.0	0.35697399527186763	0.35697399527186763	0.16312056737588654	0.0	0.0	0.35224586288416077	0.0	0.9716312056737588	0.07328605200945626	0.22458628841607564	0.42789598108747046	0.0	0.0	0.475177304964539	0.5886524822695035	0.0	0.5862884160756501	0.0	0.75177304964539	0.0	0.0	0.3191489361702128
953198	1.0	0.7814207650273224	0.0	0.0	0.0	0.3224043715846995	0.6284153005464481	0.0	0.39344262295081966	0.1994535519125683	0.0	0.00546448087431694	0.412568306010929	0.0	0.8907103825136612	0.412568306010929	0.13387978142076504	0.14754098360655737	0.7213114754098361	0.0	0.7021857923497268	0.0	0.48360655737704916	0.592896174863388	0.0	0.5819672131147541	0.7814207650273224	0.4781420765027322	0.5601092896174863
406645	0.0	0.0	0.0	0.5155555555555555	0.0	0.0	0.0	0.0	0.45555555555555555	0.5466666666666666	0.0	0.0	0.17555555555555555	0.0	0.4711111111111111	0.0	0.0	0.3333333333333333	0.42444444444444446	0.0	0.0	0.3333333333333333	0.33111111111111113	0.5644444444444444	0.0	0.6	0.0	0.0	0.0
254479	0.5529715762273901	0.0	0.0	0.31136950904392763	0.17829457364341086	0.0	0.3178294573643411	0.0	0.3359173126614987	0.5335917312661499	0.0	0.14728682170542637	0.7829457364341085	0.0	0.7390180878552972	0.39018087855297157	0.39018087855297157	0.2248062015503876	0.3087855297157623	0.04780361757105943	0.5529715762273901	0.0	0.1111111111111111	0.39018087855297157	0.37467700258397935	0.4354005167958656	0.27260981912144705	0.0	0.3669250645994832
446371	0.7252032520325203	0.7089430894308943	0.4894308943089431	0.24715447154471545	0.0	0.0	0.17886178861788618	0.0	0.0	0.0	0.24552845528455283	0.0	0.0	0.0	0.6715447154471544	0.0	0.7463414634146341	0.24390243902439024	0.6666666666666666	0.0	0.6455284552845528	0.4894308943089431	0.24390243902439024	0.7414634146341463	0.0	0.8536585365853658	0.0	0.11707317073170732	0.8260162601626017
446372	0.0	0.05	0.0	0.0	0.0	0.7266666666666667	0.31333333333333335	0.0	0.72	0.0	0.5	0.83	0.0	0.0	0.95	0.0	0.86	0.0	0.6266666666666667	0.0	0.59	0.0	0.5033333333333333	0.81	0.0	0.6066666666666667	0.0	0.18333333333333332	1.0
1553197	0.9113149847094801	0.0	0.0	0.0	0.0	0.42813455657492355	0.03669724770642202	0.45871559633027525	0.6697247706422018	0.0	0.0	0.0	0.0	0.0	1.0	0.2018348623853211	0.8929663608562691	0.45565749235474007	0.0	0.4617737003058104	0.0	0.0	0.6299694189602446	0.6024464831804281	0.41590214067278286	0.617737003058104	0.0	0.0	0.6269113149847095
646072	0.0	0.0	0.5399610136452242	0.3898635477582846	0.6861598440545809	0.0	0.8440545808966862	0.0	0.0	0.4249512670565302	0.0	0.4522417153996101	0.0	0.0	0.8440545808966862	0.0	0.6062378167641326	0.0	0.52046783625731	0.0	0.15789473684210525	0.0	0.7095516569200779	0.6842105263157895	0.0	0.9298245614035088	0.7290448343079922	0.49902534113060426	0.15594541910331383
294338	1.0	0.0	0.0	0.0	0.6934865900383141	0.0	0.0	0.0	0.5747126436781609	0.7547892720306514	0.0	0.0	0.0	0.0	0.9195402298850575	0.0	0.9961685823754789	0.40229885057471265	0.0	0.842911877394636	1.0	0.0	0.0	0.632183908045977	0.0	0.6551724137931034	0.0	0.3831417624521073	0.34099616858237547
294339	0.5216450216450217	0.0	0.5021645021645021	0.0	0.0	0.0	0.6147186147186147	0.0	0.3246753246753247	0.5930735930735931	0.0	0.0	0.0670995670995671	0.22727272727272727	0.6731601731601732	0.0	0.0	0.3268398268398268	0.5281385281385281	0.29653679653679654	0.6904761904761905	0.0	0.0	0.3203463203463203	0.0	0.841991341991342	0.5216450216450217	0.42424242424242425	0.0
1475921	0.735202492211838	0.0	0.03426791277258567	0.0	0.0	0.2834890965732087	0.3956386292834891	0.0	0.6355140186915887	0.0	0.0	0.0	0.0	0.0	0.940809968847352	0.0	0.470404984423676	0.0	0.0	0.26791277258566976	0.3613707165109034	0.04984423676012461	0.3302180685358255	0.4205607476635514	0.0	0.0	0.0	0.0	0.67601246105919
1126144	0.8241379310344827	0.1735632183908046	0.7114942528735633	0.29310344827586204	0.0	0.0	0.42298850574712643	0.0	0.013793103448275862	0.5206896551724138	0.0	0.3390804597701149	0.5080459770114942	0.3448275862068966	0.7942528735632184	0.3218390804597701	0.7862068965517242	0.0	0.0	0.1850574712643678	0.5	0.27816091954022987	0.8873563218390804	0.7655172413793103	0.2735632183908046	0.9057471264367816	0.0	0.32298850574712645	0.5344827586206896
1126145	0.956386292834891	0.470404984423676	0.0	0.09968847352024922	0.0	0.0	0.24610591900311526	0.24610591900311526	0.838006230529595	0.0	0.0	0.0	0.4672897196261682	0.0	1.0	0.0	0.32398753894080995	0.0	0.0	0.0	0.7757009345794392	0.0	0.43613707165109034	0.0	0.0	1.0	0.0	0.5171339563862928	0.6666666666666666
1126146	0.731437598736177	0.0	0.0	0.47709320695102686	0.0	0.0	0.26224328593996843	0.30647709320695105	0.292259083728278	0.0	0.0	0.0	0.47709320695102686	0.0	0.7677725118483413	0.0	0.9541864139020537	0.6398104265402843	0.5418641390205371	0.0	0.6113744075829384	0.4755134281200632	0.6034755134281201	0.7582938388625592	0.660347551342812	0.9873617693522907	0.0	0.0	0.9462875197472354
1126147	0.36251920122887865	0.0	0.3225806451612903	0.0	0.0	0.0	0.5514592933947773	0.0	0.23195084485407066	0.3655913978494624	0.0	0.0	0.0	0.0	0.0	0.0	0.11213517665130568	0.0	0.0	0.2411674347158218	0.009216589861751152	0.1781874039938556	0.0	0.7050691244239631	0.2887864823348694	0.6820276497695853	0.0	0.48540706605222733	0.0706605222734255
1126148	0.0	0.0	0.5015873015873016	0.0	0.0	0.0	0.9111111111111111	0.0	0.0	0.3396825396825397	0.0	0.0	0.0	0.0	0.580952380952381	0.0	0.0	0.0	0.0	0.20317460317460317	0.8888888888888888	0.5746031746031746	0.6888888888888889	0.38095238095238093	0.34285714285714286	0.09841269841269841	0.0	0.0	0.09841269841269841
1126151	0.967391304347826	0.0	0.0	0.0	0.0	0.0	0.677536231884058	0.3804347826086957	0.5434782608695652	0.20652173913043478	0.0	0.5434782608695652	0.2826086956521739	0.0	0.6086956521739131	0.0	0.5760869565217391	0.36594202898550726	0.0	0.10869565217391304	0.677536231884058	0.42028985507246375	0.2644927536231884	0.5471014492753623	0.44565217391304346	0.32971014492753625	0.5615942028985508	0.2210144927536232	0.5471014492753623
1126152	1.0	0.0	0.0	0.0	0.0	0.0	0.0	0.0	0.578125	0.2109375	0.0	0.0	0.0	0.0	0.9010416666666666	0.0	0.4270833333333333	0.4505208333333333	0.7526041666666666	0.0	0.0	0.0	0.0	0.7552083333333334	0.0	0.8020833333333334	0.0	0.5	0.7630208333333334
1126128	0.5467980295566502	0.0	0.0	0.0	0.0	0.0	0.2660098522167488	0.0	0.0	0.42857142857142855	0.0	0.0	0.0	0.40229885057471265	0.46798029556650245	0.0	0.367816091954023	0.47126436781609193	0.0	0.24630541871921183	0.05747126436781609	0.0	0.4466338259441708	0.4663382594417077	0.0	0.6091954022988506	0.0	0.3973727422003284	0.6354679802955665
1126129	0.044444444444444446	0.4505050505050505	0.0	0.0	0.0	0.0	0.44646464646464645	0.0	0.6343434343434343	0.0	0.0	0.0	0.022222222222222223	0.30505050505050507	0.4383838383838384	0.0	0.4121212121212121	0.2202020202020202	0.0	0.7717171717171717	0.8686868686868687	0.34949494949494947	0.5111111111111111	1.0	0.26666666666666666	0.9090909090909091	0.42424242424242425	0.5898989898989899	0.8161616161616162
1126131	0.4327956989247312	0.0	0.0	0.0	0.0	0.13440860215053763	0.8413978494623656	0.0	0.0	0.3118279569892473	0.0	0.2446236559139785	0.013440860215053764	0.0	0.008064516129032258	0.7661290322580645	0.0	0.8548387096774194	0.43548387096774194	0.42473118279569894	0.0	0.0	0.13440860215053763	1.0	0.0967741935483871	0.9623655913978495	0.0	0.0	0.5161290322580645
1126132	0.813780260707635	0.0	0.0	0.0	0.3575418994413408	0.0	0.18808193668528864	0.0	0.409683426443203	0.659217877094972	0.0	0.0	0.31471135940409684	0.0	0.9795158286778398	0.16573556797020483	0.7746741154562383	0.6368715083798883	0.5623836126629422	0.8491620111731844	0.3463687150837989	0.0	0.8212290502793296	0.18994413407821228	0.3333333333333333	0.7057728119180633	0.0	0.7262569832402235	0.62756052141527
1126133	0.4244791666666667	0.0	0.2552083333333333	0.0	0.0	0.0	0.5729166666666666	0.0	0.0	0.3255208333333333	0.0	0.0	0.0	0.0	0.7395833333333334	0.0	0.765625	0.20052083333333334	0.0	0.0	0.7421875	0.0	0.0	0.2838541666666667	0.0	0.7552083333333334	0.0	0.171875	0.0
1126135	0.06813996316758748	0.5543278084714549	0.01289134438305709	0.13075506445672191	0.47513812154696133	0.0	0.6979742173112339	0.0	0.6998158379373849	0.0	0.0	0.583793738489871	0.0	0.0	1.0	0.0	0.39594843462246776	0.5377532228360957	0.570902394106814	0.0	0.8305709023941068	0.0	0.26519337016574585	0.9244935543278084	0.6593001841620626	0.4861878453038674	0.10865561694290976	0.5561694290976059	0.9337016574585635
1126137	0.02710027100271003	0.5636856368563685	0.14905149051490515	0.0	0.6314363143631436	0.0	0.8509485094850948	0.0	0.3523035230352303	0.4010840108401084	0.07588075880758807	0.5528455284552846	0.0	0.0	0.8048780487804879	0.0	0.21680216802168023	0.9159891598915989	0.0	0.3116531165311653	0.0	0.0	0.7804878048780488	0.9701897018970189	0.0	0.37669376693766937	0.0	0.5040650406504065	0.4092140921409214
1126138	0.0	0.5930232558139535	0.9108527131782945	0.0	0.5658914728682171	0.0	0.5852713178294574	0.9108527131782945	0.7093023255813954	0.4263565891472868	0.9767441860465116	0.24031007751937986	0.0	0.0	0.810077519379845	0.0	0.0	0.25193798449612403	0.0	0.0	0.5193798449612403	0.0	0.4069767441860465	1.0	0.0	0.6744186046511628	0.313953488372093	0.624031007751938	0.6589147286821705
1126139	0.0	0.6127450980392157	0.9509803921568627	0.0	0.0	0.0	0.0	0.14705882352941177	1.0	0.29411764705882354	0.0	0.0	0.0	0.0	0.47549019607843135	0.0	0.35784313725490197	0.3088235294117647	0.38235294117647056	0.18137254901960784	0.0	0.0	0.6078431372549019	1.0	0.43137254901960786	0.6127450980392157	0.29411764705882354	0.0	0.06862745098039216
1126140	0.31873479318734793	0.13138686131386862	0.15328467153284672	0.0	0.0	0.0	0.36496350364963503	0.0	0.1411192214111922	0.41119221411192214	0.0	0.0	0.0	0.0	0.5231143552311436	0.0	0.5547445255474452	0.4209245742092457	0.5352798053527981	0.9416058394160584	0.36739659367396593	0.32116788321167883	0.0	0.25790754257907544	0.44282238442822386	1.0	0.0	0.0	0.8953771289537713
1126141	0.5191740412979351	0.24188790560471976	0.0029498525073746312	0.0	0.6504424778761062	0.0	0.443952802359882	0.0	0.41297935103244837	0.22271386430678466	0.0	0.24188790560471976	0.0	0.0	0.4365781710914454	0.0	0.5707964601769911	0.1592920353982301	0.4365781710914454	0.4469026548672566	0.5339233038348082	0.44542772861356933	0.6342182890855457	0.3053097345132743	0.0	1.0	0.0	0.41887905604719766	0.9277286135693216
1126142	0.19427402862985685	0.5766871165644172	0.4376278118609407	0.0	0.7525562372188139	0.8813905930470347	0.5316973415132924	0.0	0.5194274028629857	0.7689161554192229	0.41513292433537835	0.0	0.0	0.0	1.0	0.0	0.11042944785276074	0.3721881390593047	0.19222903885480572	0.3333333333333333	0.6134969325153374	0.0	0.5705521472392638	1.0	0.0	0.7014314928425358	0.016359918200409	0.0	0.8343558282208589
1126143	0.7347670250896058	0.0	0.8351254480286738	0.0	0.0	0.0	0.0	0.0	0.6164874551971327	0.4838709677419355	0.0	0.0	0.0	0.0	1.0	0.0	0.0	0.0	0.0	0.0	0.6021505376344086	0.0	1.0	1.0	0.0	1.0	0.6774193548387096	0.0	1.0
56448	0.0	0.0	0.0	0.0	0.07723577235772358	0.0	0.0	0.0	0.0	0.4065040650406504	0.0	0.0	0.0	0.0	0.6016260162601627	0.0	0.0	0.33739837398373984	0.21138211382113822	0.02032520325203252	0.42276422764227645	0.0	0.2967479674796748	0.0	0.6097560975609756	1.0	0.0	0.0	0.3048780487804878
451966	0.0	0.0	0.36507936507936506	0.0	0.0	0.0	0.0	0.0	0.0	0.0	0.0	0.335978835978836	0.0	0.0	0.3994708994708995	0.6587301587301587	0.25925925925925924	0.0	0.3994708994708995	0.0	0.6111111111111112	0.0	0.716931216931217	0.6587301587301587	0.0	0.0	0.0	0.0	0.5634920634920635
479380	0.0	0.0	0.6473922902494331	0.0	0.4365079365079365	0.0	0.0	0.0	0.4886621315192744	0.3378684807256236	0.0	0.30385487528344673	0.0	0.3424036281179138	0.7040816326530612	0.0	0.41723356009070295	0.0	0.0	0.2834467120181406	0.26077097505668934	0.5804988662131519	0.26643990929705214	0.4467120181405896	0.0	0.6462585034013606	0.5260770975056689	0.0	0.24603174603174602
253735	0.38857142857142857	0.41523809523809524	0.7733333333333333	0.0	0.0	0.0	0.8933333333333333	0.0	0.7828571428571428	0.0	0.0	0.29714285714285715	0.07047619047619047	0.0	0.4438095238095238	0.19238095238095237	0.34285714285714286	0.0	0.4228571428571429	0.0	0.0	0.0	0.7314285714285714	0.9885714285714285	0.4685714285714286	0.8228571428571428	0.37714285714285717	0.0	1.0
1363654	0.8836158192090395	0.2994350282485876	0.4135593220338983	0.34124293785310733	0.2248587570621469	0.0	0.6576271186440678	0.0	0.6790960451977401	0.5412429378531074	0.0	0.0	0.6022598870056497	0.0	0.9378531073446328	0.0	0.6112994350282486	0.37966101694915255	0.5141242937853108	0.43163841807909603	0.5728813559322034	0.0	0.34011299435028247	0.8101694915254237	0.0	0.4406779661016949	0.4101694915254237	0.25875706214689265	0.6192090395480226
563221	0.0	0.0	0.0	0.0	0.0	0.0	0.0	0.0	0.3159420289855073	0.0	0.0	0.0	0.034782608695652174	0.0	0.5652173913043478	0.0	0.8260869565217391	0.927536231884058	0.43768115942028984	0.3391304347826087	0.5159420289855072	0.7072463768115942	0.0	0.0	0.0	0.9449275362318841	0.0	0.0	0.6753623188405797
994802	0.0	0.0	0.2835820895522388	0.0	0.0	0.0	0.746268656716418	0.0	0.0	0.0	0.0	0.0	0.0	0.0	0.5174129353233831	0.0	0.208955223880597	0.17412935323383086	0.0	0.0	0.6119402985074627	0.0	0.0	0.527363184079602	0.22885572139303484	0.5373134328358209	0.0	0.0	0.0
994803	0.43127147766323026	0.0	0.7560137457044673	0.0	0.0	0.0	0.7268041237113402	0.0	0.38316151202749144	0.6099656357388317	0.0	0.0	0.0	0.0	0.47766323024054985	0.0	0.5567010309278351	0.5137457044673539	0.0	0.15979381443298968	0.4518900343642612	0.0	0.0	0.9278350515463918	0.26288659793814434	0.7663230240549829	0.0	0.44329896907216493	0.5824742268041238
994805	0.6868131868131868	0.18864468864468864	0.0	0.0	0.0	0.0	0.7728937728937729	0.0	0.10805860805860806	0.4413919413919414	0.0	0.2765567765567766	0.0	0.0	0.6932234432234432	0.13736263736263737	0.2765567765567766	0.4166666666666667	0.20146520146520147	0.4368131868131868	0.21611721611721613	0.24267399267399267	0.38095238095238093	0.9001831501831502	0.0	0.8635531135531136	0.0	0.0	0.7106227106227107
994806	0.7864357864357865	0.0	0.0	0.0	0.0	0.0	0.6262626262626263	0.0	0.12698412698412698	0.0	0.0	0.0	0.0	0.0	0.6825396825396826	0.215007215007215	0.5194805194805194	0.30447330447330445	0.9595959595959596	0.5396825396825397	0.7864357864357865	0.0	0.3621933621933622	0.9624819624819625	0.5497835497835498	0.5728715728715729	0.2178932178932179	0.0	0.39826839826839827
71239	0.8793650793650793	0.0	0.5587301587301587	0.0	0.8698412698412699	0.0	0.49523809523809526	0.8063492063492064	0.8380952380952381	0.031746031746031744	0.0	0.0	0.0	0.0	1.0	0.0	0.22857142857142856	0.5619047619047619	0.0	0.08571428571428572	0.8031746031746032	0.4793650793650794	0.0	0.5206349206349207	0.47619047619047616	0.031746031746031744	0.0	0.0	0.6793650793650794
71240	0.6329588014981273	0.0	0.018726591760299626	0.0	0.0	0.6404494382022472	0.0	0.7865168539325843	0.45692883895131087	0.0	0.0	0.0	0.0	0.0	0.951310861423221	0.34831460674157305	0.0	0.8951310861423221	0.0	1.0	0.42696629213483145	0.5655430711610487	0.0	0.0	0.0	0.5093632958801498	0.0	0.0	0.951310861423221
347844	0.0	0.0	0.06633499170812604	0.494195688225539	0.3548922056384743	0.0	0.0978441127694859	0.0	0.912106135986733	0.24875621890547264	0.0	0.04643449419568822	0.26533996683250416	0.0	0.7645107794361525	0.0	0.27197346600331673	0.08955223880597014	0.5008291873963516	0.0	0.7346600331674958	0.2504145936981758	0.24875621890547264	0.6782752902155887	0.0	0.8524046434494196	0.0	0.3648424543946932	0.37976782752902155
74302	0.2989247311827957	0.0	0.20430107526881722	0.3247311827956989	0.0	0.0	0.6473118279569893	0.0	0.6494623655913978	0.2623655913978495	0.0	0.0	0.0	0.0	0.9741935483870968	0.0	0.0	0.6731182795698925	0.3978494623655914	0.5376344086021505	0.4258064516129032	0.0	0.6430107526881721	0.22365591397849463	0.0	0.021505376344086023	0.3247311827956989	0.35268817204301073	0.8236559139784946
74303	0.0	0.0	0.5061728395061729	0.0	0.0	0.0	0.19506172839506172	0.0	0.1925925925925926	1.0	0.5382716049382716	0.0	0.4962962962962963	0.0	1.0	0.0	0.0	0.891358024691358	0.39012345679012345	0.6296296296296297	0.3950617283950617	0.0	0.2814814814814815	0.5753086419753086	0.0	0.13580246913580246	0.3728395061728395	0.7209876543209877	0.8
1151458	0.32682574114244395	0.3933477946493131	0.2386117136659436	0.08966015907447578	0.10918293564714389	0.0	0.21764280549530007	0.2024584237165582	0.0	0.5032537960954447	0.39985538684020244	0.15835140997830802	0.3022415039768619	0.0	0.6623282718727405	0.0	0.5943600867678959	0.0	0.13521330441070137	0.433116413593637	0.4497469269703543	0.0	0.4041937816341287	0.5278380332610267	0.2653651482284888	0.8127259580621836	0.0	0.1099060014461316	0.5314533622559653
1178	0.8107344632768362	0.0	0.8220338983050848	0.0	0.0	0.0	0.0423728813559322	0.0	0.4265536723163842	1.0	0.4689265536723164	0.0	0.0	0.01694915254237288	0.4971751412429379	0.0	0.192090395480226	0.6186440677966102	0.7033898305084746	0.0	0.53954802259887	0.6468926553672316	0.15819209039548024	0.9774011299435028	0.7203389830508474	0.8135593220338984	1.0	0.7994350282485876	1.0
1706516	0.684931506849315	0.0	0.0	0.0	0.0	0.0	0.0	0.0	0.4429223744292237	1.0	0.0	0.0	0.0	0.0	0.7168949771689498	0.0	0.9452054794520548	0.0	0.0	0.9041095890410958	0.3881278538812785	0.0	0.0	0.726027397260274	0.0	0.8264840182648402	0.0	1.0	0.2420091324200913
1006414	0.3390804597701149	0.0	0.33524904214559387	0.0	0.0	0.0	0.0	0.0	0.19157088122605365	0.0	0.0	0.0	0.0	0.0	0.0	0.0	0.0	0.0	0.0	0.0	0.0	0.28735632183908044	0.0	0.7471264367816092	0.0	0.3314176245210728	0.0	0.0	0.9022988505747126
1542829	0.3300546448087432	0.0	0.3081967213114754	0.0	0.0	0.0	0.1825136612021858	0.0	0.6743169398907104	0.0	0.0	0.0	0.0	0.0	0.6185792349726776	0.0	0.5748633879781421	0.23497267759562843	0.3289617486338798	0.0	0.5300546448087432	0.13442622950819672	0.35956284153005463	0.08961748633879782	0.0	0.7693989071038252	0.1650273224043716	0.3289617486338798	0.3704918032786885
31451	0.08255451713395638	0.0	0.0	0.0	0.6838006230529595	0.0	0.2336448598130841	0.0	0.0	0.40186915887850466	0.0	0.0	0.0	0.2336448598130841	0.5887850467289719	0.0	0.7149532710280374	0.3302180685358255	0.35669781931464173	0.0	0.559190031152648	0.6557632398753894	0.4672897196261682	0.3613707165109034	0.0	0.5077881619937694	0.2554517133956386	0.4236760124610592	0.8489096573208723
31452	0.1708542713567839	0.0	0.695142378559464	0.22278056951423786	0.10050251256281408	0.0	0.6046901172529313	0.0	0.6800670016750419	0.0	0.0	0.6968174204355109	0.0	0.0	0.7956448911222781	0.33668341708542715	0.5879396984924623	0.0	0.0	0.37520938023450584	0.37520938023450584	0.4723618090452261	0.5912897822445561	0.7889447236180904	0.4991624790619765	0.5812395309882747	0.0	0.3601340033500838	0.47068676716917923
31454	0.7930283224400871	0.09803921568627451	0.0	0.0	0.6470588235294118	0.0	0.0	0.04793028322440087	0.0	0.4662309368191721	0.0	0.0	0.0	0.0	0.9259259259259259	0.19172113289760348	0.7080610021786492	0.0	0.1655773420479303	0.43137254901960786	0.45098039215686275	0.0	0.0	0.869281045751634	0.0	0.5163398692810458	0.2549019607843137	0.7625272331154684	0.8300653594771242
138824	0.7513661202185792	0.0	0.0	0.0	0.0	0.0	0.5956284153005464	0.0	0.412568306010929	0.6721311475409836	0.0	0.0	0.0	0.0	0.907103825136612	0.0	0.855191256830601	0.6830601092896175	0.73224043715847	0.3770491803278688	0.8907103825136612	0.7786885245901639	0.0	0.8852459016393442	0.0	0.2677595628415301	0.0	0.7704918032786885	1.0
138825	0.704225352112676	0.7136150234741784	0.0	0.13145539906103287	0.6713615023474179	0.0	0.6666666666666666	0.0	0.704225352112676	0.704225352112676	0.0	0.0	0.0	0.0	0.8403755868544601	0.0	1.0	0.4835680751173709	0.0	0.971830985915493	0.47417840375586856	0.0	0.27230046948356806	0.14553990610328638	0.0	0.7511737089201878	0.0	0.7464788732394366	0.9765258215962441
