key	WAM_ALR	WAM_CCR	WAM_IPI	WAM_MAR	WAM_MYS	WAM_PBL	WAM_PJN	WAM_PPR	WAM_PST	WAM_ROL	WAM_SCR	WAM_SGN	WAM_SIS	WAM_TWN	WAR_ALR	WAR_CCR	WAR_IPI	WAR_MAR	WAR_MYS	WAR_PBL	WAR_PJN	WAR_PPR	WAR_PSK	WAR_PST	WAR_RNW	WAR_ROL	WAR_SCR	WAR_SGL	WAR_SIS
393153	0.0	0.9944444444444445	0.8166666666666667	1.0	1.0	1.0	1.0	1.0	1.0	1.0	1.0	1.0	1.0	1.0	0.0	0.6416666666666667	0.0	0.0	1.0	1.0	1.0	1.0	0.0	0.0	0.9222222222222223	0.0	1.0	0.5583333333333333	0.0
1108412	0.0	0.9803921568627451	0.7647058823529411	0.7843137254901961	0.8333333333333334	0.9901960784313726	0.9509803921568627	0.9019607843137255	0.7843137254901961	0.9509803921568627	0.9607843137254902	0.7156862745098039	1.0	0.7156862745098039	0.0	0.6764705882352942	0.0	0.0	0.4411764705882353	0.9607843137254902	0.9019607843137255	0.0	0.0	0.0	0.0	0.0	0.8333333333333334	0.0	0.0
187625	0.39944903581267216	0.9325068870523416	0.628099173553719	1.0	0.990358126721763	1.0	1.0	0.8774104683195593	0.8347107438016529	0.9077134986225895	1.0	1.0	1.0	1.0	0.0	0.5399449035812672	0.0	0.2796143250688705	0.5068870523415978	0.7988980716253443	0.859504132231405	0.6101928374655647	0.0	0.0	0.22865013774104684	0.0	0.8705234159779615	0.559228650137741	0.0
4007	0.8087986463620981	1.0	0.7495769881556683	1.0	1.0	1.0	1.0	1.0	1.0	1.0	1.0	1.0	1.0	1.0	0.09898477157360407	1.0	0.0	0.6505922165820643	1.0	1.0	1.0	0.9450084602368867	0.0	0.7030456852791879	0.5702199661590525	0.0	1.0	0.7563451776649747	0.0
388104	0.5193798449612403	1.0	0.937984496124031	1.0	1.0	1.0	1.0	1.0	1.0	1.0	1.0	1.0	1.0	1.0	0.0	1.0	0.0	0.9612403100775194	1.0	1.0	1.0	0.9302325581395349	0.5038759689922481	0.5775193798449613	1.0	0.0	1.0	0.6162790697674418	0.0
388105	0.7390476190476191	1.0	0.9485714285714286	1.0	1.0	1.0	1.0	1.0	1.0	1.0	1.0	1.0	1.0	1.0	0.5619047619047619	1.0	0.0	0.7047619047619048	1.0	0.8171428571428572	0.979047619047619	1.0	0.6266666666666667	0.6819047619047619	1.0	0.0	1.0	1.0	0.0
1057280	1.0	0.9502923976608187	1.0	1.0	0.956140350877193	1.0	1.0	1.0	1.0	1.0	1.0	0.9415204678362573	0.9970760233918129	1.0	0.19005847953216373	0.9415204678362573	0.0	0.9766081871345029	0.8771929824561403	0.9181286549707602	1.0	1.0	0.13742690058479531	0.9093567251461988	0.7046783625730995	0.0	1.0	0.7748538011695907	0.0
1057249	0.07889546351084813	1.0	0.8126232741617357	1.0	1.0	1.0	1.0	1.0	1.0	1.0	1.0	1.0	1.0	1.0	0.0	1.0	0.0	0.0	1.0	1.0	0.8698224852071006	0.7909270216962525	0.9211045364891519	1.0	1.0	0.30177514792899407	1.0	0.5956607495069034	0.0
1057250	0.6112789526686808	1.0	0.8288016112789527	1.0	1.0	1.0	1.0	1.0	1.0	1.0	1.0	1.0	1.0	1.0	0.0	1.0	0.0	0.6203423967774421	1.0	0.945619335347432	0.9174219536757301	1.0	0.2849949647532729	0.7764350453172205	0.5921450151057401	0.0	1.0	0.6273917421953675	0.0
1057252	1.0	0.9770992366412213	1.0	1.0	1.0	1.0	1.0	1.0	1.0	1.0	1.0	1.0	1.0	1.0	0.0	1.0	0.0	0.0	1.0	1.0	1.0	0.806615776081425	0.26208651399491095	0.19592875318066158	0.821882951653944	0.6743002544529262	1.0	0.910941475826972	0.0
1057253	0.18783068783068782	1.0	0.5846560846560847	1.0	1.0	1.0	1.0	1.0	1.0	1.0	1.0	1.0	1.0	1.0	0.0	1.0	0.0	0.0	1.0	1.0	1.0	0.7328042328042328	0.49206349206349204	1.0	0.5740740740740741	0.0	1.0	0.5793650793650794	0.0
1057255	0.0	1.0	1.0	1.0	1.0	1.0	1.0	1.0	1.0	1.0	1.0	1.0	1.0	1.0	0.0	1.0	0.0	0.0	0.9675925925925926	1.0	0.9444444444444444	1.0	0.0	0.9490740740740741	0.8240740740740741	0.0	1.0	0.5879629629629629	0.0
1057256	0.05357142857142857	1.0	0.9955357142857143	1.0	1.0	1.0	1.0	1.0	1.0	0.9940476190476191	1.0	1.0	1.0	1.0	0.0	0.9508928571428571	0.0	0.4025297619047619	0.9828869047619048	0.9159226190476191	0.9985119047619048	0.9308035714285714	0.041666666666666664	0.65625	0.8712797619047619	0.0	1.0	0.7276785714285714	0.0
1057257	0.9288888888888889	1.0	1.0	1.0	1.0	1.0	1.0	1.0	1.0	1.0	1.0	1.0	1.0	1.0	0.19111111111111112	1.0	0.0	0.5377777777777778	0.9911111111111112	0.7577777777777778	0.7444444444444445	1.0	0.5311111111111111	0.9288888888888889	0.98	0.0	1.0	0.7022222222222222	0.0
1057260	0.6218487394957983	1.0	1.0	1.0	1.0	1.0	1.0	1.0	1.0	1.0	1.0	1.0	1.0	1.0	0.0	1.0	0.0	0.957983193277311	0.7478991596638656	0.9663865546218487	1.0	1.0	0.1792717086834734	1.0	0.834733893557423	0.0	1.0	0.0	0.0
1057261	0.6340579710144928	1.0	1.0	1.0	1.0	1.0	1.0	1.0	1.0	1.0	1.0	1.0	1.0	1.0	0.2898550724637681	1.0	0.0	0.6847826086956522	1.0	0.8931159420289855	1.0	1.0	0.0	0.5597826086956522	0.9547101449275363	0.0	1.0	0.7590579710144928	0.0
1057262	0.03007518796992481	1.0	1.0	1.0	1.0	1.0	1.0	1.0	1.0	1.0	1.0	1.0	1.0	1.0	0.2706766917293233	1.0	0.0	0.9298245614035088	0.9824561403508771	0.8471177944862155	1.0	0.9699248120300752	0.0	0.556390977443609	0.8471177944862155	0.0	1.0	0.0	0.0
1057264	0.4567219152854512	1.0	0.8950276243093923	1.0	1.0	1.0	1.0	1.0	1.0	1.0	1.0	1.0	1.0	1.0	0.15285451197053407	1.0	0.0	0.6298342541436464	0.85451197053407	0.9005524861878453	0.9668508287292817	0.6648250460405156	0.0	0.58195211786372	0.8913443830570903	0.0	1.0	0.2154696132596685	0.0
1057265	1.0	1.0	0.8068535825545171	1.0	1.0	1.0	1.0	1.0	1.0	1.0	1.0	1.0	1.0	1.0	0.01557632398753894	1.0	0.0	0.12461059190031153	1.0	1.0	1.0	1.0	0.04984423676012461	0.8909657320872274	1.0	0.0	1.0	0.0	0.0
1057266	0.8401084010840109	1.0	0.9132791327913279	1.0	1.0	1.0	1.0	1.0	1.0	1.0	1.0	1.0	1.0	1.0	0.4905149051490515	1.0	0.0	0.5663956639566395	1.0	0.6097560975609756	1.0	0.8915989159891599	0.9132791327913279	0.8265582655826558	1.0	0.0	1.0	0.0	0.0
1057267	0.8007662835249042	1.0	0.7279693486590039	1.0	1.0	1.0	1.0	1.0	1.0	1.0	1.0	1.0	1.0	1.0	0.0	0.8275862068965517	0.0	0.8237547892720306	0.9655172413793104	1.0	1.0	1.0	0.632183908045977	0.7662835249042146	0.6896551724137931	0.0	1.0	0.0	0.0
1057268	1.0	1.0	1.0	1.0	1.0	1.0	1.0	1.0	1.0	1.0	1.0	1.0	1.0	1.0	0.0	1.0	0.0	1.0	0.49743589743589745	1.0	1.0	0.517948717948718	0.0	0.6358974358974359	1.0	0.0	1.0	1.0	0.0
1057269	0.8166666666666667	1.0	1.0	1.0	1.0	1.0	1.0	1.0	1.0	1.0	1.0	1.0	1.0	1.0	0.0	1.0	0.11904761904761904	0.23333333333333334	1.0	1.0	1.0	1.0	0.0	0.5476190476190477	0.9333333333333333	0.0	1.0	0.5761904761904761	0.0
1057270	0.7673758865248227	1.0	1.0	1.0	1.0	1.0	1.0	1.0	1.0	1.0	1.0	1.0	1.0	1.0	0.3517730496453901	1.0	0.13049645390070921	0.03546099290780142	0.8141843971631205	0.7588652482269503	1.0	0.9446808510638298	0.42836879432624114	0.9106382978723404	0.8468085106382979	0.0	1.0	0.8893617021276595	0.0
1057271	0.949874686716792	1.0	0.9323308270676691	1.0	1.0	1.0	1.0	1.0	1.0	1.0	1.0	1.0	1.0	1.0	0.6240601503759399	0.9072681704260651	0.0	0.03508771929824561	1.0	1.0	1.0	1.0	0.10275689223057644	1.0	0.49624060150375937	0.0	1.0	0.8897243107769424	0.0
1057272	1.0	1.0	0.8389513108614233	1.0	1.0	1.0	1.0	1.0	1.0	1.0	1.0	1.0	1.0	1.0	0.011235955056179775	1.0	0.5655430711610487	0.951310861423221	0.07116104868913857	1.0	1.0	0.7116104868913857	0.8689138576779026	0.9026217228464419	0.5692883895131086	0.0	1.0	0.26217228464419473	0.0
1057273	0.7296969696969697	1.0	1.0	1.0	1.0	1.0	1.0	1.0	1.0	1.0	1.0	1.0	1.0	1.0	0.0	1.0	0.17939393939393938	0.6218181818181818	0.7296969696969697	0.9175757575757576	1.0	0.9660606060606061	0.21333333333333335	0.9066666666666666	0.7163636363636363	0.0	1.0	0.42303030303030303	0.0
1057274	0.18556701030927836	1.0	1.0	1.0	1.0	1.0	1.0	1.0	1.0	1.0	1.0	1.0	1.0	1.0	0.6769759450171822	1.0	0.0	0.0	0.9278350515463918	1.0	1.0	1.0	0.27147766323024053	0.020618556701030927	0.11683848797250859	0.0	1.0	0.5120274914089347	0.0
1057275	0.8086124401913876	1.0	0.5964912280701754	1.0	1.0	1.0	1.0	1.0	1.0	1.0	1.0	1.0	1.0	1.0	0.6778309409888357	1.0	0.0	0.6156299840510366	1.0	0.835725677830941	0.94896331738437	0.5821371610845295	0.48484848484848486	0.8421052631578947	0.6012759170653907	0.0	1.0	0.6874003189792663	0.0
1057276	0.6294498381877023	1.0	0.3964401294498382	1.0	1.0	1.0	1.0	1.0	1.0	1.0	1.0	1.0	1.0	1.0	0.0	0.9514563106796117	0.0	0.313915857605178	0.9352750809061489	1.0	1.0	0.9158576051779935	0.33980582524271846	1.0	0.7944983818770227	0.0	1.0	0.0	0.0
1057277	0.0032679738562091504	1.0	1.0	1.0	1.0	1.0	1.0	1.0	1.0	1.0	1.0	1.0	1.0	1.0	0.0	1.0	0.0	0.761437908496732	1.0	0.9379084967320261	1.0	1.0	1.0	1.0	1.0	0.0	1.0	0.03594771241830065	0.0
1057279	0.9209401709401709	1.0	0.8867521367521367	1.0	1.0	1.0	1.0	1.0	1.0	1.0	1.0	1.0	1.0	1.0	0.6858974358974359	1.0	0.0	0.6709401709401709	1.0	1.0	1.0	1.0	0.42094017094017094	1.0	0.20512820512820512	0.0	1.0	0.09829059829059829	0.0
1092942	0.35563380281690143	1.0	0.9847417840375586	1.0	1.0	1.0	1.0	1.0	1.0	1.0	1.0	1.0	1.0	1.0	0.34976525821596244	1.0	0.0	0.8309859154929577	1.0	1.0	1.0	1.0	0.20892018779342722	0.352112676056338	0.82981220657277	0.0	1.0	0.6643192488262911	0.0
1092944	0.5448028673835126	1.0	1.0	1.0	1.0	1.0	1.0	1.0	1.0	1.0	1.0	1.0	1.0	1.0	0.06272401433691756	1.0	0.0	0.478494623655914	0.7401433691756273	0.6989247311827957	0.7831541218637993	0.7885304659498208	0.0	0.449820788530466	0.910394265232975	0.0	1.0	0.5017921146953405	0.0
1092947	0.8245172124265323	1.0	0.8178001679261125	1.0	1.0	1.0	1.0	1.0	1.0	1.0	1.0	1.0	1.0	1.0	0.0	0.9529806884970613	0.0	0.2518891687657431	1.0	0.9916036943744753	1.0	0.6364399664147775	0.3971452560873216	0.818639798488665	0.8589420654911839	0.0	1.0	0.31905961376994124	0.0
1470046	0.25773195876288657	1.0	1.0	1.0	1.0	1.0	1.0	1.0	1.0	1.0	1.0	1.0	1.0	1.0	0.0	1.0	0.0	0.5171821305841925	0.7920962199312714	0.802405498281787	1.0	1.0	0.070446735395189	1.0	0.6804123711340206	0.0	1.0	1.0	0.0
178820	0.0	1.0	0.9506172839506173	1.0	1.0	1.0	1.0	1.0	1.0	1.0	1.0	1.0	1.0	1.0	0.0	1.0	0.0	0.12962962962962962	0.8919753086419753	0.9907407407407407	0.7098765432098766	0.9660493827160493	0.0	0.8827160493827161	0.6728395061728395	0.0	1.0	0.8518518518518519	0.0
1131549	0.2676056338028169	0.7136150234741784	0.6854460093896714	1.0	0.647887323943662	1.0	1.0	1.0	0.9577464788732394	1.0	1.0	1.0	1.0	0.9107981220657277	0.0	0.9530516431924883	0.0	0.7089201877934272	0.03286384976525822	0.0	1.0	0.6948356807511737	0.0	0.0	0.0	0.0	0.9483568075117371	0.5915492957746479	0.0
1470722	0.11816578483245149	0.9664902998236331	0.7072310405643739	1.0	1.0	1.0	1.0	1.0	1.0	0.5855379188712522	1.0	1.0	1.0	1.0	0.0	0.9065255731922398	0.0	0.0	0.4409171075837742	0.15873015873015872	0.8888888888888888	0.0	0.0	0.7689594356261023	0.9012345679012346	0.0	1.0	0.6472663139329806	0.0
1149293	0.0	1.0	1.0	1.0	1.0	1.0	1.0	1.0	1.0	1.0	1.0	1.0	1.0	0.8413978494623656	0.4650537634408602	1.0	0.0	0.967741935483871	0.9086021505376344	1.0	1.0	0.8440860215053764	0.0	0.9811827956989247	0.4166666666666667	0.0	1.0	0.20161290322580644	0.5295698924731183
449954	0.7873563218390804	1.0	1.0	1.0	1.0	1.0	1.0	1.0	0.9597701149425287	0.6896551724137931	1.0	1.0	1.0	1.0	0.0	1.0	0.0	0.5919540229885057	0.9597701149425287	0.8448275862068966	0.896551724137931	0.25287356321839083	0.0	0.22988505747126436	0.39080459770114945	0.0	1.0	0.0	0.0
867875	0.23783783783783785	1.0	0.7153153153153153	1.0	1.0	1.0	1.0	1.0	1.0	1.0	1.0	1.0	1.0	1.0	0.42702702702702705	0.9513513513513514	0.0	0.6504504504504505	0.5315315315315315	0.9243243243243243	0.9657657657657658	0.7027027027027027	0.3009009009009009	1.0	0.8522522522522522	0.0	1.0	0.7333333333333333	0.0
542729	0.6497890295358649	1.0	1.0	1.0	1.0	1.0	1.0	1.0	1.0	0.9915611814345991	1.0	1.0	1.0	1.0	0.03375527426160337	1.0	0.0	0.0	1.0	0.5443037974683544	0.9620253164556962	0.8291139240506329	0.006329113924050633	1.0	0.6244725738396625	0.0	1.0	0.0	0.0
1675711	0.22305764411027568	1.0	1.0	1.0	1.0	1.0	1.0	1.0	1.0	1.0	1.0	1.0	1.0	1.0	0.0	1.0	0.0	0.8897243107769424	0.9974937343358395	0.38847117794486213	1.0	0.631578947368421	0.0	1.0	0.9473684210526315	0.543859649122807	1.0	0.08771929824561403	0.0
1430426	0.0	0.8365231259968102	0.7854864433811802	0.9992025518341308	0.9944178628389154	0.9944178628389154	1.0	0.9465709728867624	0.9218500797448166	0.8429027113237639	1.0	0.9736842105263158	1.0	0.7679425837320574	0.0	0.9824561403508771	0.0	0.48325358851674644	0.17304625199362042	0.3054226475279107	0.7655502392344498	0.5151515151515151	0.3181818181818182	0.23444976076555024	0.5829346092503987	0.0	0.992822966507177	0.2511961722488038	0.0
657538	0.2903225806451613	1.0	0.9139784946236559	1.0	1.0	1.0	1.0	1.0	1.0	1.0	1.0	1.0	1.0	1.0	0.0	1.0	0.0	0.03763440860215054	1.0	1.0	1.0	0.717741935483871	0.010752688172043012	0.5483870967741935	0.9973118279569892	0.0	1.0	0.8548387096774194	0.0
1074470	0.28	1.0	1.0	1.0	1.0	1.0	1.0	1.0	1.0	1.0	1.0	1.0	1.0	1.0	0.0	1.0	0.0	0.7033333333333334	1.0	1.0	1.0	0.92	0.23333333333333334	0.7433333333333333	0.28	0.0	1.0	0.43666666666666665	0.0
443147	0.20593368237347295	1.0	0.9982547993019197	1.0	1.0	1.0	1.0	1.0	1.0	1.0	1.0	1.0	1.0	1.0	0.0	0.9144851657940664	0.0	0.3717277486910995	0.9912739965095986	0.9075043630017452	0.7242582897033158	0.9162303664921466	0.0	0.44502617801047123	0.8254799301919721	0.0	1.0	0.4851657940663176	0.0
67028	0.21238938053097345	1.0	0.9262536873156342	1.0	1.0	1.0	1.0	1.0	1.0	1.0	1.0	1.0	1.0	1.0	0.0	1.0	0.0	0.2920353982300885	1.0	0.2935103244837758	0.7522123893805309	0.9587020648967551	0.45427728613569324	0.4085545722713864	0.5073746312684366	0.0	1.0	0.0	0.0
1288192	0.2783882783882784	1.0	0.9169719169719169	1.0	1.0	1.0	1.0	1.0	1.0	1.0	1.0	1.0	1.0	1.0	0.20757020757020758	1.0	0.14285714285714285	0.5201465201465202	1.0	0.7423687423687424	1.0	0.8473748473748474	0.590964590964591	0.3724053724053724	0.5323565323565324	0.0	1.0	0.1452991452991453	0.0
1288189	0.618421052631579	1.0	0.7697368421052632	1.0	1.0	1.0	1.0	1.0	1.0	1.0	1.0	1.0	1.0	1.0	0.11403508771929824	0.8201754385964912	0.0	0.9912280701754386	1.0	1.0	0.9671052631578947	0.881578947368421	0.05043859649122807	0.7850877192982456	0.7368421052631579	0.0	1.0	0.8267543859649122	0.0
1288190	0.3875968992248062	1.0	0.9715762273901809	1.0	1.0	1.0	1.0	1.0	1.0	1.0	1.0	1.0	1.0	1.0	0.40310077519379844	1.0	0.0	0.6795865633074936	0.9896640826873385	1.0	1.0	1.0	0.0	0.26356589147286824	1.0	0.0	1.0	0.0	0.0
1288191	0.48675034867503486	1.0	0.6527196652719666	1.0	1.0	1.0	1.0	1.0	1.0	1.0	1.0	1.0	1.0	1.0	0.03905160390516039	0.9944211994421199	0.0	0.4393305439330544	0.9860529986052998	0.6499302649930265	0.8298465829846583	0.7308228730822873	0.6220362622036262	0.7238493723849372	1.0	0.4211994421199442	1.0	0.793584379358438	0.0
14105	0.6939890710382514	1.0	1.0	1.0	1.0	1.0	1.0	1.0	1.0	1.0	1.0	1.0	1.0	1.0	0.0	1.0	0.0	1.0	0.6994535519125683	1.0	1.0	1.0	0.0	1.0	0.0	0.0	1.0	1.0	0.0
213947	0.4598290598290598	1.0	0.9846153846153847	1.0	1.0	1.0	1.0	1.0	0.9977207977207977	1.0	1.0	1.0	1.0	1.0	0.0	0.9458689458689459	0.0	0.39658119658119656	0.6227920227920228	0.9561253561253561	0.9715099715099715	0.8290598290598291	0.3903133903133903	0.47806267806267805	0.7202279202279203	0.002849002849002849	1.0	0.37037037037037035	0.12136752136752137
1628536	0.847041847041847	1.0	0.42857142857142855	1.0	1.0	1.0	1.0	1.0	1.0	1.0	1.0	1.0	1.0	1.0	0.2554112554112554	0.9812409812409812	0.0	0.7431457431457431	0.9004329004329005	0.9711399711399712	1.0	0.9884559884559885	0.6738816738816739	0.836940836940837	1.0	0.113997113997114	1.0	0.2683982683982684	0.0
1628539	1.0	1.0	0.9908675799086758	1.0	1.0	1.0	1.0	1.0	1.0	1.0	1.0	1.0	1.0	1.0	0.0	1.0	0.0	0.1415525114155251	0.5251141552511416	1.0	1.0	0.8995433789954338	0.5570776255707762	0.8584474885844748	1.0	0.0	1.0	0.0	0.0
201073	0.0	0.8447488584474886	0.7488584474885844	1.0	0.9863013698630136	1.0	1.0	0.9908675799086758	0.9954337899543378	0.9863013698630136	1.0	1.0	1.0	0.8949771689497716	0.0	0.771689497716895	0.0	0.6164383561643836	0.954337899543379	0.9634703196347032	0.8949771689497716	0.8858447488584474	0.0	0.4703196347031963	0.4337899543378995	0.0	1.0	0.5159817351598174	0.0
1114058	0.015659955257270694	1.0	0.9351230425055929	1.0	1.0	1.0	1.0	1.0	1.0	1.0	1.0	1.0	1.0	1.0	0.0	0.9888143176733781	0.0	0.30201342281879195	0.9395973154362416	0.4272930648769575	1.0	0.9328859060402684	0.0	1.0	1.0	0.0	1.0	0.17002237136465326	0.0
359018	0.0	1.0	1.0	1.0	1.0	1.0	1.0	1.0	1.0	1.0	1.0	1.0	1.0	1.0	0.0	0.8095238095238095	0.0	0.0	1.0	0.6825396825396826	0.9761904761904762	0.9285714285714286	0.0	0.7182539682539683	0.4087301587301587	0.0	1.0	1.0	0.0
359028	0.5592592592592592	1.0	0.5296296296296297	1.0	1.0	1.0	1.0	1.0	1.0	1.0	1.0	1.0	1.0	1.0	0.0	1.0	0.0	0.0	1.0	1.0	1.0	1.0	0.0	0.3296296296296296	0.36666666666666664	0.0	1.0	0.3851851851851852	0.14814814814814814
