key	WAM_ALR	WAM_CCR	WAM_IPI	WAM_MAR	WAM_MYS	WAM_PBL	WAM_PJN	WAM_PPR	WAM_PST	WAM_ROL	WAM_SCR	WAM_SGN	WAM_SIS	WAM_TWN	WAR_ALR	WAR_CCR	WAR_IPI	WAR_MAR	WAR_MYS	WAR_PBL	WAR_PJN	WAR_PPR	WAR_PSK	WAR_PST	WAR_RNW	WAR_ROL	WAR_SCR	WAR_SGL	WAR_SIS
444059	0.7103064066852368	0.1894150417827298	0.0	0.015784586815227482	0.0	0.0	0.0	1.0	0.0	0.0	0.1606313834726091	0.24512534818941503	0.0	0.8115134633240483	0.0	0.3361188486536676	0.0	0.0	0.0	0.0	0.0	0.03806870937790158	0.0	0.0	0.0	0.0	0.6434540389972145	0.0	0.0
1467367	0.7166018158236057	0.19584954604409857	0.0	0.5038910505836576	0.10894941634241245	0.17963683527885863	0.0	1.0	0.08819714656290532	0.0	0.6549935149156939	0.0	0.0	0.8450064850843061	0.06809338521400778	0.0	0.0	0.0	0.0	0.0	0.0	0.19520103761348898	0.0	0.0	0.0	0.0	0.5097276264591439	0.0	0.19520103761348898
681390	1.0	0.0	0.0	0.47076023391812866	0.0	0.0	0.0	1.0	0.0	0.0	0.5409356725146199	0.0	0.0	1.0	0.0	0.0	0.0	0.0	0.0	0.0	0.0	0.347953216374269	0.0	0.0	0.0	0.0	0.6169590643274854	0.0	0.0
1474700	0.8304093567251462	0.37719298245614036	0.0	0.8771929824561403	0.0	0.0	0.0	1.0	0.0	0.0	0.6929824561403509	0.0	0.0	0.45321637426900585	0.0	0.0	0.0	0.0	0.0	0.0	0.0	0.0	0.0	0.0	0.0	0.0	0.6432748538011696	0.0	0.0
1042554	0.0	0.25462962962962965	0.0	0.0	0.0	0.0	0.0	1.0	0.0	0.0	0.0	0.0	0.0	0.4861111111111111	0.0	0.0	0.0	0.0	0.0	0.0	0.0	0.0	0.0	0.0	0.0	0.0	0.0	0.0	0.0
380608	0.8148148148148148	0.0	0.0	0.7472766884531591	0.0	0.0	0.0	1.0	0.0	0.0	0.0	0.0	0.0	0.30501089324618735	0.0	0.0	0.0	0.0	0.0	0.0	0.0	0.6535947712418301	0.0	0.0	0.0	0.0	0.6056644880174292	0.0	0.0
380610	1.0	0.8848484848484849	0.0	0.4575757575757576	0.0	0.0	0.0	1.0	0.0	0.0	0.0	0.7696969696969697	0.0	0.6575757575757576	0.0	0.0	0.0	0.0	0.0	0.0	0.0	0.0	0.0	0.0	0.0	0.0	0.5242424242424243	0.0	0.0
1207666	0.9357923497267759	0.2923497267759563	0.0	0.7691256830601093	0.0	0.0	0.0	1.0	0.0	0.43579234972677594	0.6284153005464481	0.8183060109289617	0.0	0.9016393442622951	0.2568306010928962	0.0	0.0	0.0	0.0	0.0	0.0	0.412568306010929	0.0	0.0	0.0	0.0	0.19672131147540983	0.0	0.0
1207667	0.4479166666666667	0.1440972222222222	0.0	0.0	0.0	0.0	0.0	0.9878472222222222	0.0	0.005208333333333333	0.5243055555555556	0.5642361111111112	0.0	0.0	0.0	0.0	0.0	0.0	0.0	0.0	0.0	0.0	0.0	0.0	0.0	0.0	0.2621527777777778	0.0	0.0
1207665	1.0	0.657051282051282	0.0	0.9583333333333334	0.5064102564102564	0.0	0.0	1.0	0.0	0.0	0.17307692307692307	0.17307692307692307	0.0	0.9006410256410257	0.0	0.6378205128205128	0.0	0.0	0.0	0.0	0.0	0.3301282051282051	0.0	0.0	0.0	0.0	0.42948717948717946	0.0	0.0
1204865	0.5972927241962775	0.2622673434856176	0.0	0.5109983079526227	0.0	0.0	0.0	1.0	0.0	0.4906937394247039	0.5346869712351946	0.0	0.0	0.5076142131979695	0.0	0.0	0.0	0.0	0.0	0.0	0.0	0.0	0.0	0.0	0.0	0.0	0.4754653130287648	0.0	0.0
1664626	1.0	0.5876068376068376	0.0	0.0	0.0	0.0	0.0	1.0	0.0	0.0	0.21367521367521367	0.0	0.0	0.7243589743589743	0.2905982905982906	0.0	0.0	0.0	0.0	0.0	0.0	0.0	0.0	0.0	0.0	0.0	0.4230769230769231	0.0	0.0
269731	0.7217391304347827	0.9826086956521739	0.0	0.2492753623188406	0.0	0.0	0.0	1.0	0.0	0.0	0.0	0.0	0.0	1.0	0.0	0.0	0.0	0.0	0.0	0.0	0.0	0.32463768115942027	0.0	0.0	0.0	0.0	0.0	0.0	0.0
1413571	0.797979797979798	0.0	0.0	0.3712121212121212	0.0	0.0	0.0	1.0	0.0	0.0	0.0	0.5214646464646465	0.0	0.3787878787878788	0.0	0.0	0.0	0.0	0.0	0.0	0.0	0.26515151515151514	0.0	0.0	0.0	0.0	0.571969696969697	0.0	0.0
357262	0.962457337883959	0.40273037542662116	0.0	0.7360637087599545	0.0	0.0	0.3435722411831627	1.0	0.0	0.0	0.6120591581342435	0.3993174061433447	0.0	0.9840728100113766	0.0	0.0	0.0	0.0	0.0	0.0	0.0	0.2616609783845279	0.0	0.0	0.0	0.0	0.8395904436860068	0.0	0.0
357263	0.8034188034188035	0.7692307692307693	0.0	0.6175213675213675	0.0	0.18482905982905984	0.0	1.0	0.0	0.0	0.8194444444444444	0.0	0.1047008547008547	0.9978632478632479	0.0	0.0	0.0	0.0	0.0	0.0	0.0	0.2553418803418803	0.2938034188034188	0.0	0.0	0.0	0.5876068376068376	0.0	0.0
1485273	1.0	1.0	0.0	0.15015015015015015	0.0	0.3333333333333333	0.0	1.0	0.0	0.12312312312312312	0.8618618618618619	0.0	0.0	0.0	0.0	0.32732732732732733	0.0	0.0	0.0	0.0	0.0	0.08408408408408409	0.0	0.0	0.0	0.0	0.0	0.0	0.0
708057	0.6748466257668712	0.38650306748466257	0.0	0.18200408997955012	0.0	0.3456032719836401	0.0	0.8732106339468303	0.0	0.0	0.0	0.0	0.0	0.8016359918200409	0.0	0.0	0.0	0.0	0.0	0.0	0.0	0.0	0.0	0.0	0.0	0.0	0.5950920245398773	0.0	0.0
1112429	0.831275720164609	0.3683127572016461	0.0	0.0	0.4403292181069959	0.0	0.0	0.9732510288065843	0.0	0.0	0.7592592592592593	0.0	0.0	0.31069958847736623	0.0	0.0	0.0	0.0	0.0	0.0	0.0	0.3559670781893004	0.0	0.0	0.0	0.0	0.49382716049382713	0.0	0.0
491453	0.182648401826484	0.0	0.0	0.1552511415525114	0.0	0.0	0.0	1.0	0.0	0.0	0.8447488584474886	0.0	0.0	0.0	0.0	0.0	0.0	0.0	0.0	0.0	0.0	0.0	0.0	0.0	0.0	0.0	0.0	0.0	0.0
1731883	0.827217125382263	0.4602446483180428	0.0	0.7446483180428135	0.0	0.0	0.0	1.0	0.0	0.0	0.6207951070336392	0.0	0.0	0.9663608562691132	0.0	0.1636085626911315	0.0	0.0	0.0	0.0	0.0	0.0	0.0	0.35932721712538224	0.0	0.0	0.14831804281345565	0.0	0.0
840426	1.0	0.2549019607843137	0.0	0.0	0.0	0.0	0.0	1.0	0.0	0.8151260504201681	0.19047619047619047	0.0	0.0	0.5182072829131653	0.0	0.0	0.0	0.0	0.0	0.0	0.0	0.40896358543417366	0.0	0.0	0.0	0.0	0.0	0.0	0.0
840427	0.9797979797979798	0.9494949494949495	0.0	0.7070707070707071	0.0	0.0	0.0	1.0	0.0	0.0	0.4898989898989899	0.9444444444444444	0.0	0.0	0.0	0.0	0.0	0.0	0.0	0.0	0.0	0.0	0.0	0.0	0.0	0.0	0.0	0.0	0.0
279916	0.8807339449541285	0.672782874617737	0.0	0.0	0.0	0.0	0.0	1.0	0.0	0.0	0.44648318042813456	0.0	0.0	0.3944954128440367	0.0	0.0	0.0	0.0	0.0	0.0	0.0	0.0	0.0	0.0	0.0	0.0	0.44954128440366975	0.0	0.0
1140904	0.39	0.5333333333333333	0.0	0.45666666666666667	0.0	0.0	0.0	1.0	0.0033333333333333335	0.0	0.0	0.03	0.0	0.45666666666666667	0.0	0.5	0.0	0.0	0.0	0.0	0.0	0.0	0.0	0.0	0.0	0.0	0.0	0.0	0.0
1544435	0.9185867895545314	0.22887864823348694	0.0	0.0	0.0	0.08755760368663594	0.0	1.0	0.0	0.4009216589861751	0.34408602150537637	0.0	0.0	0.7357910906298003	0.0	0.0	0.07834101382488479	0.0	0.0	0.0	0.0	0.0	0.0	0.0	0.0	0.0	0.4254992319508449	0.0	0.0
1700208	0.0	0.0	0.0	0.3378076062639821	0.0	0.0	0.0	0.9485458612975392	0.0	0.0	0.4899328859060403	0.33557046979865773	0.0	0.0	0.0	0.0	0.0	0.0	0.0	0.0	0.0	0.0	0.0	0.0	0.0	0.0	0.0	0.0	0.0
958877	0.592156862745098	0.46078431372549017	0.0	0.0	0.0	0.0	0.0	1.0	0.0	0.0	0.0	0.0	0.0	0.9019607843137255	0.0	0.0	0.0	0.0	0.0	0.0	0.0	0.0	0.296078431372549	0.0	0.0	0.0	0.13725490196078433	0.0	0.0
1618594	0.28431372549019607	0.0	0.0	0.0	0.0	0.0	0.0	1.0	0.9068627450980392	0.0	0.8970588235294118	0.5147058823529411	0.0	0.29901960784313725	0.0	0.0	0.0	0.0	0.0	0.0	0.0	0.0	0.0	0.0	0.0	0.0	0.5294117647058824	0.0	0.0
1651575	0.8818181818181818	0.0	0.0	0.8424242424242424	0.0	0.0	0.0	1.0	0.0	0.0	0.8636363636363636	0.6636363636363637	0.0	0.5636363636363636	0.0	0.0	0.0	0.0	0.0	0.0	0.0	0.8181818181818182	0.0	0.0	0.0	0.0	0.03333333333333333	0.0	0.0
872063	0.7995337995337995	0.0	0.0	0.6386946386946387	0.0	0.47086247086247085	0.0	1.0	0.0	0.0	0.34965034965034963	0.0	0.0	0.9254079254079254	0.0	0.0	0.0	0.0	0.0	0.0	0.0	0.0	0.4405594405594406	0.0	0.0	0.0	0.0	0.0	0.0
928864	0.8620689655172413	0.0	0.0	0.0	0.0	0.0	0.0	0.9195402298850575	0.0	0.0	0.0	0.0	0.0	0.7931034482758621	0.0	0.0	0.0	0.0	0.0	0.0	0.0	0.0	0.0	0.0	0.0	0.0	0.5632183908045977	0.0	0.0
1141477	0.8733333333333333	0.0	0.0	0.0	0.0	0.0	0.3422222222222222	1.0	0.0	0.0	0.4711111111111111	0.0	0.0	1.0	0.0	0.0	0.0	0.0	0.0	0.0	0.0	0.0	0.0	0.0	0.0	0.0	0.4444444444444444	0.0	0.0
1276730	0.5617283950617284	0.0	0.0	0.0	0.0	0.0	0.0	1.0	0.0	0.0	0.0	0.0	0.0	0.0	0.0	0.0	0.0	0.0	0.0	0.0	0.0	0.0	0.0	0.0	0.0	0.0	0.0	0.0	0.0
831203	0.4427083333333333	0.0	0.0	0.5173611111111112	0.0	0.0	0.0	1.0	0.0	0.0	0.609375	0.0	0.0	0.5121527777777778	0.0	0.21354166666666666	0.0	0.0	0.0	0.0	0.0	0.0	0.0	0.0	0.0	0.0	0.5208333333333334	0.0	0.0
121157	1.0	0.0	0.0	0.42735042735042733	0.0	0.0	0.0	1.0	0.0	0.0	0.27635327635327633	1.0	0.0	1.0	0.0	0.0	0.0	0.0	0.0	0.0	0.0	0.0	0.0	0.0	0.0	0.0	0.1168091168091168	0.0	0.0
1067685	0.9540229885057471	0.0	0.0	0.2260536398467433	0.0	0.0	0.0	1.0	0.0	0.06130268199233716	0.8850574712643678	0.0	0.0	1.0	0.0	0.0	0.0	0.0	0.0	0.0	0.0	0.578544061302682	0.44061302681992337	0.0	0.0	0.0	0.6743295019157088	0.0	0.0
1067687	0.6666666666666666	0.23980815347721823	0.0	0.2541966426858513	0.0	0.0	0.24060751398880895	1.0	0.2414068745003997	0.0	0.0	0.0	0.0	0.7641886490807354	0.0	0.0	0.0	0.0	0.0	0.0	0.0	0.2190247801758593	0.0	0.0	0.2414068745003997	0.0	0.09112709832134293	0.0	0.0
517160	0.9888888888888889	0.0	0.0	0.0	0.0	0.0	0.0	0.8777777777777778	0.0	0.0	0.4	0.0	0.0	0.0	0.0	0.0	0.0	0.0	0.0	0.0	0.0	0.0	0.0	0.0	0.0	0.0	0.4222222222222222	0.0	0.0
1740403	0.8830715532286213	0.33507853403141363	0.0	0.6369982547993019	0.0	0.48342059336823734	0.0	1.0	0.0	0.0	0.5462478184991274	0.0	0.0	0.9179755671902269	0.0	0.0	0.0	0.0	0.0	0.0	0.0	0.0	0.0	0.0	0.0	0.0	0.26352530541012215	0.0	0.0
1248490	1.0	0.0	0.0	0.9653333333333334	0.0	0.0	0.0	1.0	0.0	0.0	1.0	0.7386666666666667	0.0	0.9386666666666666	0.0	0.4	0.0	0.0	0.0	0.0	0.0	0.0	0.0	0.0	0.0	0.0	0.608	0.0	0.0
1248491	1.0	0.06623931623931624	0.0	0.6452991452991453	0.0	0.0	0.0	1.0	0.0	0.0	0.17094017094017094	0.0	0.0	0.8611111111111112	0.0	0.0	0.0	0.0	0.0	0.0	0.0	0.0	0.5576923076923077	0.0	0.0	0.0	0.8867521367521367	0.0	0.0
1130891	0.6934156378600823	0.0	0.0	0.0	0.0	0.0	0.0	1.0	0.0	0.4567901234567901	0.8168724279835391	0.0	0.0	0.5432098765432098	0.0	0.0	0.0	0.0	0.0	0.0	0.0	0.0	0.0	0.0	0.0	0.0	0.6213991769547325	0.0	0.0
1459714	0.8646188850967008	0.41751990898748575	0.0	0.5699658703071673	0.24573378839590443	0.31968145620022753	0.0	1.0	0.0	0.0	0.040955631399317405	0.4539249146757679	0.0	0.39476678043230945	0.0	0.0	0.0	0.0	0.0	0.0	0.0	0.0	0.0	0.0	0.0	0.0	0.3594994311717861	0.0	0.0
1459717	0.941712204007286	0.18214936247723132	0.0	0.819672131147541	0.0	0.16393442622950818	0.0	1.0	0.0	0.0	0.6174863387978142	0.2750455373406193	0.0	1.0	0.0	0.0	0.0	0.0	0.0	0.0	0.0	0.0	0.0	0.0	0.0	0.0	0.5591985428051002	0.0	0.0
1459719	0.8333333333333334	0.373134328358209	0.0	0.9067164179104478	0.0	0.0	0.0	0.9987562189054726	0.23134328358208955	0.16169154228855723	0.75	0.5124378109452736	0.0	0.7450248756218906	0.0	0.0	0.0	0.0	0.0	0.0	0.0	0.0	0.0	0.0	0.0	0.0	0.6417910447761194	0.0	0.0
596555	1.0	0.5358649789029536	0.0	0.21940928270042195	0.0	0.6371308016877637	0.0	1.0	0.0	0.8607594936708861	0.0	0.0	0.0	0.7805907172995781	0.0	0.0	0.0	0.0	0.0	0.0	0.0	0.0	0.0	0.0	0.0	0.0	0.0	0.0	0.0
705459	0.6764484574868322	0.22573363431151242	0.0	0.6245297215951844	0.0	0.0	0.0	1.0	0.0	0.0	0.40255831452219715	0.2272385252069225	0.0	0.31376975169300225	0.0	0.0	0.0	0.0	0.11963882618510158	0.0	0.0	0.22648607975921745	0.0	0.0	0.0	0.0	0.22648607975921745	0.0	0.0
1083520	1.0	0.7010309278350515	0.0	0.020618556701030927	0.0	0.0	0.0	1.0	0.0	0.020618556701030927	0.0	0.0	0.08934707903780069	0.9175257731958762	0.0	0.0	0.0	0.0	0.0	0.0	0.0	0.0	0.058419243986254296	0.0	0.0	0.0	0.9106529209621993	0.0	0.0
1083521	0.6666666666666666	0.45555555555555555	0.0	0.0	0.0	0.6648148148148149	0.0	0.8074074074074075	0.0	0.25555555555555554	0.0	0.0	0.5185185185185185	0.3055555555555556	0.0	0.0	0.0	0.0	0.0	0.0	0.0	0.0	0.0	0.0	0.0	0.0	0.7870370370370371	0.0	0.0
1083496	0.580335731414868	0.36211031175059955	0.0	0.7050359712230215	0.0	0.42206235011990406	0.0	1.0	0.0	0.36211031175059955	0.0	0.0	0.0	0.6738609112709832	0.0	0.0	0.0	0.47961630695443647	0.0	0.0	0.0	0.0	0.0	0.0	0.0	0.0	0.12470023980815348	0.0	0.0
1083497	1.0	0.0	0.0	0.30784913353720694	0.3058103975535168	0.1600407747196738	0.0	1.0	0.0	0.2579001019367992	0.34454638124362896	0.5351681957186545	0.0	0.6625891946992865	0.20285423037716616	0.0	0.0	0.0	0.30784913353720694	0.0	0.0	0.07339449541284404	0.0	0.0	0.0	0.0	0.3761467889908257	0.0	0.0
1083499	0.7213541666666666	0.0	0.0	0.921875	0.0	0.0	0.0	1.0	0.0	0.0	0.5859375	0.3984375	0.0	0.859375	0.0	0.0	0.0	0.0	0.0	0.0	0.0	0.3203125	0.0	0.0	0.0	0.0	1.0	0.0	0.0
1083500	0.1694915254237288	0.0	0.0	0.05649717514124294	0.0	0.0	0.0	1.0	0.0	0.0	0.4265536723163842	0.0	0.0	0.9180790960451978	0.0	0.0	0.0	0.0	0.0	0.0	0.0	0.0	0.0	0.0	0.0	0.0	0.5536723163841808	0.0	0.0
1083502	0.5192012288786483	0.4869431643625192	0.0	0.8648233486943164	0.10599078341013825	0.0	0.0	1.0	0.0	0.0	0.18509984639016897	0.0	0.0	0.8218125960061444	0.0	0.0	0.0	0.0	0.0	0.0	0.0	0.19047619047619047	0.0	0.0	0.0	0.0	0.19738863287250383	0.0	0.0
1083503	0.8850574712643678	0.46436781609195404	0.0	0.9172413793103448	0.0	0.0	0.0	1.0	0.0	0.0	0.5724137931034483	0.0	0.0	0.8942528735632184	0.0	0.3954022988505747	0.0	0.0	0.0	0.0	0.0	0.9494252873563218	0.0	0.0	0.0	0.0	0.5655172413793104	0.0	0.0
1083506	0.8706896551724138	0.21839080459770116	0.0	0.0	0.0	0.0	0.0	1.0	0.0	0.32471264367816094	0.6522988505747126	0.0	0.0	0.8017241379310345	0.0	0.0	0.0	0.0	0.0	0.0	0.0	0.4339080459770115	0.0	0.0	0.0	0.0	0.5919540229885057	0.0	0.0
1083507	0.6941391941391941	0.0	0.0	0.19597069597069597	0.0	0.0	0.0	1.0	0.0	0.32234432234432236	0.6043956043956044	0.0	0.0	0.532967032967033	0.0	0.0	0.0	0.0	0.0	0.0	0.0	0.42857142857142855	0.0	0.0	0.0	0.0	0.0	0.0	0.0
1083508	0.6944444444444444	0.898989898989899	0.0	0.851010101010101	0.0	0.0	0.0	1.0	0.0	0.0	0.43434343434343436	0.0	0.0	0.6338383838383839	0.0	0.2702020202020202	0.2878787878787879	0.0	0.0	0.0	0.0	0.4621212121212121	0.0	0.0	0.0	0.0	0.8813131313131313	0.0	0.0
1083510	1.0	0.0	0.0	0.9111111111111111	0.0	0.0	0.0	1.0	0.0	0.5425925925925926	0.0	0.0	0.0	0.9666666666666667	0.0	0.0	0.0	0.0	0.0	0.0	0.0	0.43703703703703706	0.0	0.0	0.0	0.0	0.524074074074074	0.0	0.0
1083511	1.0	0.009615384615384616	0.0	0.3333333333333333	0.32371794871794873	0.0	0.0	1.0	0.0	0.34615384615384615	0.5865384615384616	0.0	0.0	0.5705128205128205	0.0	0.0	0.0	0.0	0.0	0.0	0.0	0.0	0.0	0.0	0.0	0.0	0.9134615384615384	0.0	0.0
1083512	0.7642276422764228	0.5447154471544715	0.0	0.8265582655826558	0.962059620596206	0.4065040650406504	0.0	1.0	0.0	0.0	0.6178861788617886	0.0	0.0	0.6205962059620597	0.0	0.0	0.0	0.0	0.0	0.0	0.0	0.0	0.0	0.0	0.0	0.0	0.7588075880758808	0.0	0.0
1083513	1.0	0.011235955056179775	0.0	0.3707865168539326	0.14232209737827714	0.5655430711610487	0.0	1.0	0.0	0.0	0.6629213483146067	0.0	0.0	1.0	0.0	0.8838951310861424	0.0	0.0	0.0	0.0	0.0	0.9925093632958801	0.0	0.0	0.0	0.0	0.5355805243445693	0.0	0.0
1083514	1.0	0.9010416666666666	0.0	0.9010416666666666	0.0	0.0	0.0	1.0	0.0	0.0	0.7864583333333334	0.0	0.0	0.453125	0.0	0.18229166666666666	0.3020833333333333	0.0	0.0	0.0	0.0	0.03125	0.0	0.0	0.0	0.0	1.0	0.0	0.0
1083515	0.5888077858880778	0.6885644768856448	0.0	0.5863746958637469	0.0	0.0	0.0	1.0	0.0	0.6690997566909975	0.49391727493917276	0.0	0.0	0.9951338199513382	0.0	0.8856447688564477	0.5912408759124088	0.0	0.0	0.0	0.0	0.0	0.0	0.0	0.0	0.0	0.40632603406326034	0.0	0.0
1083516	0.5899705014749262	0.6622418879056047	0.0	0.6519174041297935	0.0	0.6194690265486725	0.0	1.0	0.12536873156342182	0.0	0.5029498525073747	0.0	0.0	0.8687315634218289	0.0	0.0	0.0	0.0	0.0	0.0	0.0	0.4351032448377581	0.0	0.0	0.0	0.0	0.7212389380530974	0.0	0.0
1083517	1.0	0.2042042042042042	0.0	0.4774774774774775	0.0	0.45345345345345345	0.0	1.0	0.4624624624624625	0.0	0.8378378378378378	0.5285285285285285	0.0	1.0	0.0	0.0	0.0	0.0	0.0	0.0	0.0	0.0	0.0	0.0	0.0	0.0	0.6126126126126126	0.0	0.0
1083518	1.0	0.0	0.0	0.20146520146520147	0.0	0.0	0.0	1.0	0.0	0.0	0.5347985347985348	0.39194139194139194	0.0	0.8534798534798534	0.0	0.0	0.0	0.0	0.0	0.0	0.0	0.0	0.0	0.0	0.0	0.0	1.0	0.0	0.0
1083519	0.8909090909090909	0.4593939393939394	0.0	0.6278787878787879	0.0	0.40606060606060607	0.0	1.0	0.3660606060606061	0.0	0.553939393939394	0.0	0.0	0.4775757575757576	0.0	0.0	0.3660606060606061	0.0	0.0	0.0	0.0	0.0	0.14666666666666667	0.0	0.0	0.0	0.35515151515151516	0.0	0.0
573182	1.0	0.6989247311827957	0.0	0.021505376344086023	0.0	0.0	0.0	1.0	0.0	0.0	0.3951612903225806	0.0	0.0	0.7849462365591398	0.0	0.0	0.0	0.0	0.0	0.0	0.0	0.44086021505376344	0.0	0.0	0.0	0.0	0.8279569892473119	0.0	0.0
573185	0.8132183908045977	0.35344827586206895	0.0	0.41954022988505746	0.0	0.1896551724137931	0.0	1.0	0.4281609195402299	0.0	0.4698275862068966	0.0	0.35919540229885055	0.992816091954023	0.0	0.0	0.0	0.0	0.0	0.0	0.0	0.6910919540229885	0.43103448275862066	0.0	0.0	0.0	0.0	0.0	0.0
1742732	0.22566371681415928	0.0	0.0	0.7300884955752213	0.0	0.3333333333333333	0.0	1.0	0.0	0.443952802359882	0.0	0.2949852507374631	0.0	0.30678466076696165	0.0	0.3775811209439528	0.0	0.3805309734513274	0.0	0.0	0.0	0.26253687315634217	0.0	0.0	0.0	0.0	0.22271386430678466	0.0	0.0
1183453	0.5225225225225225	0.0	0.0	0.45345345345345345	0.0	0.0	0.0	0.975975975975976	0.0	0.0	0.45345345345345345	0.0	0.0	0.5195195195195195	0.0	0.0	0.0	0.0	0.0	0.0	0.0	0.0	0.0	0.0	0.0	0.0	0.0	0.0	0.0
