key	WAM_ALR	WAM_CCR	WAM_IPI	WAM_MAR	WAM_MYS	WAM_PBL	WAM_PJN	WAM_PPR	WAM_PST	WAM_ROL	WAM_SCR	WAM_SGN	WAM_SIS	WAM_TWN	WAR_ALR	WAR_CCR	WAR_IPI	WAR_MAR	WAR_MYS	WAR_PBL	WAR_PJN	WAR_PPR	WAR_PSK	WAR_PST	WAR_RNW	WAR_ROL	WAR_SCR	WAR_SGL	WAR_SIS
533093	1.0	0.5291005291005291	0.7671957671957672	0.8342151675485009	0.32098765432098764	0.6137566137566137	0.798941798941799	0.7566137566137566	0.7795414462081128	0.8677248677248677	0.35978835978835977	0.8712522045855379	0.6525573192239859	0.0	0.9594356261022927	0.8342151675485009	0.8712522045855379	0.6490299823633157	0.6596119929453262	1.0	0.7072310405643739	0.7689594356261023	0.7601410934744268	1.0	0.8201058201058201	0.8130511463844797	0.9929453262786596	1.0	0.7160493827160493
533111	0.957169459962756	0.9497206703910615	1.0	0.8472998137802608	0.4748603351955307	0.1452513966480447	0.9813780260707635	1.0	1.0	0.9720670391061452	0.4655493482309125	0.8715083798882681	0.24022346368715083	0.4264432029795158	1.0	1.0	1.0	0.9888268156424581	1.0	0.9441340782122905	1.0	1.0	1.0	1.0	1.0	1.0	0.8324022346368715	1.0	1.0
1609526	1.0	0.6821705426356589	0.8449612403100775	0.0	0.8992248062015504	1.0	0.4263565891472868	0.7131782945736435	0.8217054263565892	0.14728682170542637	0.7131782945736435	0.0	0.4418604651162791	0.0	0.0	0.7674418604651163	0.813953488372093	1.0	1.0	1.0	0.4263565891472868	0.7829457364341085	0.7674418604651163	1.0	0.7596899224806202	0.6201550387596899	0.9147286821705426	1.0	0.6201550387596899
618788	1.0	0.9509803921568627	0.8398692810457516	0.5686274509803921	0.47875816993464054	0.7173202614379085	0.8333333333333334	0.35947712418300654	0.9084967320261438	0.9477124183006536	0.9967320261437909	0.9428104575163399	0.4918300653594771	0.38562091503267976	1.0	1.0	1.0	0.9901960784313726	0.8937908496732027	0.9362745098039216	1.0	0.988562091503268	1.0	1.0	1.0	1.0	1.0	1.0	0.6356209150326797
618790	0.8153846153846154	0.9213675213675213	0.9982905982905983	0.9709401709401709	0.9948717948717949	0.37094017094017095	1.0	0.6888888888888889	0.9538461538461539	0.6495726495726496	0.8991452991452992	0.8803418803418803	0.25811965811965815	0.4683760683760684	0.9948717948717949	0.9452991452991453	1.0	0.8341880341880342	0.9709401709401709	0.8205128205128205	1.0	0.976068376068376	0.5777777777777777	0.9247863247863248	0.9914529914529915	1.0	1.0	0.9623931623931624	1.0
215035	0.4228571428571429	0.8876190476190476	0.9733333333333334	0.8323809523809523	0.9352380952380952	0.8457142857142858	1.0	0.0419047619047619	0.5314285714285715	0.9428571428571428	1.0	1.0	0.08	0.2876190476190476	0.9466666666666667	1.0	1.0	1.0	1.0	0.8857142857142857	1.0	1.0	1.0	1.0	0.9619047619047619	0.939047619047619	0.9847619047619047	0.9733333333333334	0.8742857142857143
181814	0.5563271604938271	0.7492283950617284	0.8302469135802469	0.5408950617283951	0.24382716049382716	0.4089506172839506	0.9884259259259259	0.8132716049382716	0.8912037037037037	0.7970679012345679	0.5246913580246914	0.6944444444444444	0.14969135802469136	0.12191358024691358	0.9097222222222222	0.970679012345679	0.8649691358024691	1.0	0.996141975308642	1.0	0.7546296296296297	1.0	0.9313271604938271	1.0	0.9189814814814815	0.9467592592592593	0.9768518518518519	1.0	0.9945987654320988
181787	0.5223367697594502	0.9455899198167239	0.9432989690721649	0.6786941580756014	0.5956471935853379	0.7285223367697594	0.9381443298969072	0.6529209621993127	0.9410080183276059	0.7004581901489118	0.6649484536082474	0.8774341351660939	0.5595647193585338	0.15063001145475372	0.9507445589919816	1.0	0.9186712485681557	0.9444444444444444	0.9581901489117984	0.9707903780068728	0.9324169530355098	0.936426116838488	0.9684994272623139	0.9891179839633448	0.9358533791523482	1.0	0.9587628865979382	0.9730813287514318	0.763459335624284
181795	0.17592592592592593	1.0	0.7685185185185185	1.0	1.0	0.0	0.5972222222222222	0.3148148148148148	0.2824074074074074	0.6342592592592593	0.6342592592592593	1.0	0.8101851851851852	0.0	0.6527777777777778	1.0	1.0	1.0	0.9398148148148148	1.0	1.0	1.0	1.0	1.0	1.0	1.0	1.0	1.0	1.0
355817	0.6308539944903582	0.6418732782369146	0.5041322314049587	0.8484848484848485	0.9586776859504132	0.17355371900826447	0.7630853994490359	0.7024793388429752	0.3278236914600551	0.8126721763085399	0.928374655647383	0.4380165289256198	0.5702479338842975	0.21212121212121213	0.8870523415977961	0.9972451790633609	1.0	0.7272727272727273	0.8429752066115702	0.8126721763085399	0.9118457300275482	1.0	0.7933884297520661	1.0	0.9201101928374655	0.9917355371900827	1.0	0.8980716253443526	1.0
1440631	0.7247924080664294	0.9822064056939501	0.9928825622775801	0.7532621589561092	0.6429418742586003	0.8884934756820878	1.0	0.3570581257413998	0.6476868327402135	0.4697508896797153	0.9715302491103203	0.7734282325029656	0.45077105575326215	0.25622775800711745	0.9620403321470937	0.9905100830367735	0.9620403321470937	0.9988137603795967	0.9098457888493475	0.9905100830367735	1.0	1.0	1.0	1.0	1.0	1.0	1.0	1.0	0.9952550415183867
1440632	0.974910394265233	0.8530465949820788	1.0	0.8888888888888888	0.6523297491039427	0.5806451612903226	1.0	0.3763440860215054	1.0	1.0	1.0	1.0	0.5412186379928315	0.6774193548387096	1.0	0.9175627240143369	0.9390681003584229	1.0	1.0	1.0	1.0	1.0	0.6559139784946236	1.0	0.8315412186379928	1.0	1.0	1.0	0.7204301075268817
1440633	1.0	0.8530183727034121	1.0	0.989501312335958	0.7506561679790026	0.952755905511811	0.9711286089238845	0.94750656167979	0.910761154855643	0.7034120734908137	1.0	1.0	0.931758530183727	0.8267716535433071	1.0	1.0	1.0	1.0	1.0	0.8530183727034121	1.0	1.0	0.8346456692913385	1.0	1.0	1.0	1.0	1.0	1.0
1440634	0.8966942148760331	0.8691460055096418	1.0	1.0	0.47107438016528924	0.7011019283746557	1.0	0.256198347107438	0.9862258953168044	1.0	0.953168044077135	1.0	0.8622589531680441	0.2644628099173554	1.0	1.0	1.0	1.0	0.9421487603305785	0.7493112947658402	1.0	1.0	1.0	1.0	1.0	1.0	1.0	1.0	1.0
1440635	0.9033816425120773	0.9082125603864735	0.47101449275362317	0.7681159420289855	0.0	0.3647342995169082	0.9541062801932367	0.5289855072463768	0.12318840579710146	0.5603864734299517	1.0	0.9347826086956522	0.8647342995169082	0.0	1.0	0.9371980676328503	0.748792270531401	1.0	1.0	0.6884057971014492	1.0	1.0	0.9130434782608695	0.7077294685990339	1.0	1.0	1.0	0.8188405797101449	0.8888888888888888
1440636	1.0	1.0	1.0	0.9179487179487179	0.841025641025641	0.7743589743589744	0.6	0.0	0.41025641025641024	1.0	0.6051282051282051	0.8051282051282052	0.06666666666666667	0.0	1.0	1.0	0.9076923076923077	1.0	0.14358974358974358	1.0	1.0	1.0	0.7743589743589744	1.0	0.46153846153846156	0.8153846153846154	0.5435897435897435	1.0	0.5025641025641026
1440637	1.0	0.8991228070175439	0.5833333333333334	1.0	0.5526315789473685	0.5614035087719298	0.9035087719298246	0.9035087719298246	1.0	1.0	1.0	1.0	0.0	0.0	0.8464912280701754	1.0	1.0	1.0	0.7850877192982456	1.0	0.20175438596491227	1.0	1.0	0.9692982456140351	0.41228070175438597	1.0	0.7456140350877193	1.0	1.0
1440638	0.962059620596206	0.8482384823848238	0.9051490514905149	0.8509485094850948	0.7940379403794038	0.7344173441734417	0.6016260162601627	0.04607046070460705	0.7344173441734417	0.8102981029810298	0.5799457994579946	0.986449864498645	0.0	0.0	0.6910569105691057	0.7886178861788617	1.0	0.991869918699187	0.8861788617886179	1.0	0.8401084010840109	0.7289972899728997	0.7804878048780488	1.0	0.6178861788617886	1.0	0.5257452574525745	1.0	1.0
1440639	0.6253968253968254	0.8761904761904762	0.5111111111111111	0.5682539682539682	0.0	0.8126984126984127	0.26031746031746034	0.9079365079365079	1.0	0.7873015873015873	0.780952380952381	1.0	0.7428571428571429	0.0	1.0	0.9142857142857143	1.0	0.8380952380952381	1.0	1.0	0.8825396825396825	0.9047619047619048	1.0	1.0	0.9333333333333333	1.0	0.5492063492063493	1.0	1.0
1440640	0.5634057971014492	0.8623188405797102	0.6666666666666666	0.23550724637681159	0.447463768115942	0.7663043478260869	0.875	0.4601449275362319	0.09601449275362318	0.9746376811594203	1.0	1.0	1.0	0.0	1.0	1.0	1.0	1.0	1.0	1.0	1.0	0.9347826086956522	0.9166666666666666	1.0	1.0	1.0	0.9293478260869565	1.0	1.0
1440642	0.24812030075187969	1.0	1.0	0.6616541353383458	1.0	0.6917293233082706	1.0	0.9949874686716792	1.0	0.8320802005012531	0.7644110275689223	0.7844611528822055	0.5463659147869674	0.7769423558897243	1.0	1.0	1.0	0.9423558897243107	0.9724310776942355	1.0	0.9122807017543859	1.0	1.0	1.0	1.0	1.0	1.0	1.0	1.0
1440643	0.9307116104868914	0.9269662921348315	1.0	1.0	0.8108614232209738	0.9550561797752809	0.9138576779026217	0.900749063670412	0.6235955056179775	0.9026217228464419	1.0	0.7621722846441947	0.7865168539325843	0.4419475655430712	1.0	1.0	1.0	1.0	0.9176029962546817	1.0	0.9044943820224719	1.0	0.8146067415730337	1.0	1.0	0.8838951310861424	1.0	1.0	0.9925093632958801
1440644	0.7416666666666667	0.7416666666666667	0.8722222222222222	1.0	0.6861111111111111	1.0	1.0	0.4444444444444444	1.0	0.7972222222222223	0.21944444444444444	1.0	0.4361111111111111	0.0	0.8222222222222222	1.0	1.0	0.6555555555555556	0.2611111111111111	1.0	0.6944444444444444	0.9638888888888889	1.0	1.0	0.8083333333333333	1.0	1.0	1.0	1.0
707930	0.41134751773049644	0.8014184397163121	0.9976359338061466	1.0	1.0	0.8132387706855791	0.8439716312056738	0.8368794326241135	1.0	1.0	0.851063829787234	0.6997635933806147	0.1938534278959811	0.0	1.0	1.0	1.0	0.9692671394799054	0.8581560283687943	1.0	1.0	1.0	1.0	1.0	1.0	1.0	1.0	1.0	0.9692671394799054
387601	0.268361581920904	0.5875706214689266	0.2768361581920904	0.0	0.13559322033898305	0.2824858757062147	0.8813559322033898	0.3192090395480226	0.6384180790960452	0.7005649717514124	1.0	0.8559322033898306	0.864406779661017	0.0	0.4293785310734463	0.9858757062146892	0.7598870056497176	1.0	0.7853107344632768	1.0	1.0	0.9689265536723164	0.8785310734463276	1.0	1.0	1.0	1.0	0.8107344632768362	0.7994350282485876
58111	0.8421052631578947	0.5537280701754386	0.33114035087719296	0.6546052631578947	0.5241228070175439	0.2236842105263158	0.9890350877192983	0.6239035087719298	0.4243421052631579	0.8464912280701754	0.21929824561403508	0.5712719298245614	0.10855263157894737	0.0	0.6019736842105263	0.6589912280701754	0.7302631578947368	0.9331140350877193	0.6557017543859649	0.9989035087719298	0.9331140350877193	0.7730263157894737	0.5142543859649122	0.956140350877193	0.9396929824561403	1.0	0.3432017543859649	0.5581140350877193	0.5679824561403509
1062414	0.8482905982905983	0.8162393162393162	0.8162393162393162	0.3952991452991453	0.36752136752136755	0.5876068376068376	0.0	0.7841880341880342	1.0	0.038461538461538464	0.5555555555555556	0.8867521367521367	0.0	0.35683760683760685	0.202991452991453	0.9273504273504274	0.8012820512820513	0.9722222222222222	0.6602564102564102	0.8739316239316239	0.7692307692307693	0.6282051282051282	0.5876068376068376	0.9166666666666666	0.8910256410256411	0.9658119658119658	0.8632478632478633	0.8632478632478633	0.5021367521367521
605444	1.0	1.0	0.3931034482758621	0.8942528735632184	1.0	0.0	0.32873563218390806	0.20229885057471264	0.7103448275862069	0.6091954022988506	0.0735632183908046	1.0	0.0	0.36091954022988504	0.9793103448275862	0.9011494252873563	0.2597701149425287	0.9862068965517241	0.8597701149425288	0.6252873563218391	0.0	0.8735632183908046	0.6298850574712643	0.8022988505747126	0.8551724137931035	0.9011494252873563	0.8482758620689655	0.9885057471264368	0.8689655172413793
605445	0.7705041384499624	0.8743416102332581	0.7569601203912716	0.6749435665914221	0.6252821670428894	0.9006772009029346	0.8848758465011287	0.9751693002257337	0.8495109104589917	0.7268623024830699	0.9857035364936042	0.9495861550037622	0.435665914221219	0.2513167795334838	0.8555304740406321	0.8382242287434161	0.2964635063957863	0.9300225733634312	0.618510158013544	0.7930775018811136	0.9255079006772009	0.7200902934537246	0.9051918735891648	0.9157261098570354	0.8841234010534236	0.8841234010534236	0.9375470278404816	0.9962377727614747	0.9292701279157262
605446	0.0	1.0	0.0	0.8108108108108109	0.6468468468468469	0.7513513513513513	0.8504504504504504	0.5315315315315315	0.7405405405405405	0.7189189189189189	0.781981981981982	0.9333333333333333	0.0	0.0	0.6504504504504505	1.0	0.8756756756756757	0.40540540540540543	0.645045045045045	1.0	0.3027027027027027	0.08828828828828829	0.8414414414414414	1.0	0.7063063063063063	1.0	1.0	0.8936936936936937	0.6468468468468469
605447	1.0	1.0	0.9947089947089947	0.5767195767195767	0.7486772486772487	0.8915343915343915	1.0	1.0	0.7698412698412699	0.8042328042328042	0.8544973544973545	1.0	0.4417989417989418	0.6481481481481481	0.8624338624338624	0.7037037037037037	0.955026455026455	1.0	1.0	1.0	1.0	1.0	0.8042328042328042	1.0	1.0	1.0	1.0	1.0	0.8465608465608465
605448	1.0	1.0	0.7243107769423559	0.0	0.5238095238095238	0.9649122807017544	1.0	1.0	1.0	0.8421052631578947	0.8972431077694235	1.0	0.0	0.7744360902255639	0.7719298245614035	0.7243107769423559	0.9072681704260651	1.0	0.2832080200501253	1.0	1.0	1.0	0.9874686716791979	1.0	1.0	0.8822055137844611	1.0	1.0	0.6791979949874687
499673	0.10897435897435898	0.3418803418803419	1.0	0.0	0.5363247863247863	0.0	1.0	0.7222222222222222	0.7029914529914529	0.7649572649572649	0.32264957264957267	1.0	0.5726495726495726	0.49786324786324787	1.0	0.8995726495726496	0.8333333333333334	1.0	0.3974358974358974	1.0	1.0	1.0	0.7542735042735043	1.0	0.9829059829059829	1.0	0.7350427350427351	1.0	1.0
413501	1.0	0.9800995024875622	1.0	1.0	0.05472636815920398	0.9203980099502488	0.9203980099502488	0.5074626865671642	1.0	0.6915422885572139	1.0	0.9203980099502488	0.9651741293532339	0.0	1.0	1.0	1.0	1.0	1.0	1.0	1.0	1.0	1.0	1.0	1.0	1.0	1.0	1.0	1.0
413502	1.0	1.0	1.0	0.0	1.0	1.0	1.0	1.0	0.39662447257383965	0.4345991561181435	1.0	1.0	0.6455696202531646	0.4810126582278481	1.0	1.0	1.0	1.0	1.0	1.0	1.0	1.0	1.0	1.0	1.0	1.0	0.3628691983122363	1.0	0.9493670886075949
1612444	0.7484276729559748	0.8949685534591195	0.7459119496855345	0.9691823899371069	0.5981132075471698	0.8679245283018868	0.9930817610062893	0.869811320754717	0.9559748427672956	0.6339622641509434	0.8289308176100629	0.9031446540880503	0.550314465408805	0.6591194968553459	0.9968553459119497	0.9893081761006289	0.9584905660377359	0.7119496855345911	0.8805031446540881	0.9987421383647799	1.0	1.0	0.9647798742138365	1.0	1.0	1.0	0.8452830188679246	1.0	0.8817610062893082
1299760	0.847953216374269	0.9122807017543859	0.48148148148148145	0.29434697855750486	0.7504873294346979	0.1617933723196881	0.9395711500974658	0.0	0.4580896686159844	0.8284600389863548	0.6861598440545809	0.7037037037037037	0.22417153996101363	0.4502923976608187	0.8869395711500975	0.723196881091618	0.7719298245614035	0.6023391812865497	0.8265107212475633	0.9317738791423001	0.9766081871345029	0.9395711500974658	0.9980506822612085	0.9571150097465887	0.8382066276803118	0.8421052631578947	0.9122807017543859	0.9142300194931774	0.9629629629629629
684045	0.8863049095607235	0.8914728682170543	0.4780361757105943	0.43669250645994834	0.8165374677002584	0.4728682170542636	0.9715762273901809	0.37467700258397935	0.6847545219638242	0.6356589147286822	1.0	1.0	0.0	0.8656330749354005	1.0	1.0	1.0	0.772609819121447	1.0	1.0	0.979328165374677	1.0	1.0	0.9948320413436692	0.9870801033591732	1.0	0.9948320413436692	0.9819121447028424	0.7390180878552972
684047	0.5962962962962963	1.0	1.0	0.43703703703703706	0.0	0.9444444444444444	0.8851851851851852	0.1037037037037037	1.0	0.9555555555555556	0.7222222222222222	0.6481481481481481	0.5962962962962963	0.0	0.8962962962962963	0.7925925925925926	1.0	1.0	1.0	1.0	1.0	1.0	1.0	1.0	0.9851851851851852	1.0	0.8629629629629629	0.9518518518518518	1.0
449138	0.7223459539717891	0.5976243504083147	0.7951002227171492	0.6109873793615441	0.3890126206384558	0.8760207869339273	0.8040089086859689	0.5590200445434298	0.7089829250185598	0.4662212323682257	0.5248700816629547	0.9933184855233853	0.0	0.06978470675575353	0.8767631774313289	0.9695619896065331	0.593170007423905	0.8114328136599851	0.807720861172977	0.9302152932442465	0.7230883444691908	0.7416481069042317	0.651818856718634	0.9532293986636972	0.7980697847067557	1.0	0.7691165553080921	0.9955456570155902	0.8723088344469191
129027	0.64822695035461	0.8439716312056738	0.9432624113475178	0.7815602836879433	0.38865248226950355	0.5517730496453901	0.6468085106382979	0.7219858156028369	0.9148936170212766	0.6127659574468085	0.6567375886524822	0.6382978723404256	0.36312056737588655	0.0	0.9673758865248226	1.0	0.849645390070922	0.9460992907801419	0.9546099290780142	0.9914893617021276	0.4056737588652482	1.0	0.6822695035460993	1.0	0.5914893617021276	0.9815602836879432	0.873758865248227	0.902127659574468	0.9730496453900709
129028	0.5984848484848485	0.5909090909090909	0.8686868686868687	1.0	0.8914141414141414	1.0	0.9823232323232324	0.648989898989899	0.7777777777777778	0.8308080808080808	0.8131313131313131	1.0	0.0	0.7045454545454546	1.0	1.0	0.702020202020202	0.6994949494949495	1.0	1.0	1.0	1.0	0.8686868686868687	0.9242424242424242	1.0	0.9949494949494949	1.0	1.0	1.0
104553	0.17869415807560138	0.584192439862543	0.7995418098510882	0.5326460481099656	0.4536082474226804	0.7869415807560137	0.9621993127147767	0.3631156930126002	0.3459335624284078	0.8648339060710195	0.7926689576174112	0.9381443298969072	0.21305841924398625	0.0	0.4547537227949599	0.6494845360824743	0.7674684994272624	0.7961053837342497	0.7193585337915235	0.6872852233676976	0.8029782359679267	0.9484536082474226	0.6884306987399771	0.5395189003436426	0.7502863688430699	0.9186712485681557	0.9919816723940436	0.5945017182130584	0.8808705612829324
104554	0.7220026350461133	0.8142292490118577	0.8814229249011858	0.46772068511198944	0.6640316205533597	0.3939393939393939	0.8695652173913043	0.09486166007905138	0.3926218708827404	0.8050065876152833	0.19894598155467721	0.7852437417654808	0.466403162055336	0.0	0.8379446640316206	0.8919631093544137	0.8682476943346509	0.7707509881422925	0.6363636363636364	0.8866930171277997	0.6785243741765481	0.9762845849802372	0.5928853754940712	0.922266139657444	0.9354413702239789	1.0	0.8932806324110671	0.8919631093544137	0.6548089591567853
104551	0.0	0.47619047619047616	1.0	0.9470899470899471	0.9365079365079365	0.328042328042328	0.6772486772486772	0.6349206349206349	0.0	0.7936507936507936	0.0	0.6349206349206349	0.0	0.798941798941799	0.9470899470899471	0.5925925925925926	0.9788359788359788	0.9470899470899471	0.544973544973545	0.8624338624338624	0.9576719576719577	0.9206349206349206	0.7619047619047619	0.8571428571428571	0.8677248677248677	0.8941798941798942	0.8571428571428571	0.5608465608465608	0.9576719576719577
646669	0.8214285714285714	0.3492063492063492	1.0	0.5357142857142857	0.5753968253968254	0.5674603174603174	0.7261904761904762	0.4583333333333333	0.8035714285714286	0.9861111111111112	0.9484126984126984	0.9226190476190477	0.5515873015873016	0.0	0.7678571428571429	0.5436507936507936	0.9345238095238095	0.8849206349206349	1.0	0.9404761904761905	0.8531746031746031	1.0	0.5158730158730159	1.0	0.878968253968254	0.9265873015873016	0.9523809523809523	1.0	0.7757936507936508
469736	0.7658045977011494	0.9554597701149425	0.8261494252873564	1.0	0.8620689655172413	0.8117816091954023	0.5589080459770115	0.5172413793103449	0.7083333333333334	0.3936781609195402	0.9813218390804598	0.8204022988505747	0.10919540229885058	0.1278735632183908	0.9870689655172413	0.8994252873563219	0.9353448275862069	1.0	0.9870689655172413	0.9712643678160919	1.0	1.0	0.9985632183908046	1.0	0.9468390804597702	0.9123563218390804	1.0	1.0	1.0
1119782	0.9300635785649409	0.8592188919164396	0.8074477747502271	0.5685740236148955	0.3978201634877384	0.5522252497729337	0.7002724795640327	0.5676657584014533	0.7983651226158038	0.5277020890099909	0.7974568574023615	0.5567665758401453	0.9309718437783833	0.2742960944595822	0.8828337874659401	1.0	0.7892824704813806	0.821071752951862	0.9809264305177112	0.963669391462307	0.7293369663941871	0.9318801089918256	0.9209809264305178	0.9082652134423251	0.9427792915531336	1.0	0.8537693006357856	0.9091734786557675	0.927338782924614
1098449	0.0	0.475177304964539	0.0	0.0	1.0	0.8865248226950354	0.0	0.8829787234042553	0.8333333333333334	0.05673758865248227	1.0	1.0	0.0	0.0	0.7269503546099291	1.0	0.14893617021276595	1.0	0.18439716312056736	1.0	0.9680851063829787	1.0	0.2801418439716312	0.8191489361702128	1.0	0.8475177304964538	1.0	0.12056737588652482	0.7872340425531915
928675	0.5592592592592592	0.0	0.6296296296296297	1.0	0.12962962962962962	0.5518518518518518	0.9407407407407408	0.34074074074074073	0.9222222222222223	0.7703703703703704	1.0	1.0	0.9925925925925926	0.0	1.0	0.9148148148148149	1.0	1.0	0.9703703703703703	0.8629629629629629	1.0	1.0	1.0	1.0	0.9518518518518518	1.0	1.0	0.48518518518518516	0.9962962962962963
928676	0.0	0.8357843137254902	0.0	0.42401960784313725	0.571078431372549	0.0	0.2107843137254902	0.14215686274509803	0.5196078431372549	0.17892156862745098	0.7058823529411765	0.6151960784313726	0.4068627450980392	0.0	0.8946078431372549	0.5220588235294118	0.7352941176470589	1.0	0.5490196078431373	0.4068627450980392	0.5784313725490197	0.5784313725490197	0.39215686274509803	0.5882352941176471	0.25980392156862747	0.3700980392156863	0.5441176470588235	0.33088235294117646	0.2107843137254902
1432141	0.7473363774733638	0.8356164383561644	0.9269406392694064	0.3820395738203957	0.2785388127853881	0.5038051750380518	0.8919330289193302	0.589041095890411	0.9406392694063926	0.969558599695586	0.2694063926940639	0.5068493150684932	0.5677321156773212	0.0	0.8158295281582952	0.3515981735159817	0.9832572298325722	0.4094368340943683	0.9360730593607306	0.7808219178082192	1.0	1.0	0.7777777777777778	1.0	1.0	1.0	0.2496194824961948	0.6407914764079148	0.9786910197869102
1090790	0.7961309523809523	0.6875	0.5238095238095238	0.7083333333333334	0.125	0.0	0.4166666666666667	0.5788690476190477	0.5119047619047619	0.36755952380952384	0.5580357142857143	0.6934523809523809	0.3020833333333333	0.0	0.7157738095238095	0.8764880952380952	0.5520833333333334	0.5133928571428571	0.7247023809523809	0.7157738095238095	0.30654761904761907	0.8675595238095238	0.5565476190476191	0.6354166666666666	0.46577380952380953	0.8630952380952381	0.6651785714285714	0.9895833333333334	0.6190476190476191
615112	0.41801075268817206	0.2849462365591398	0.521505376344086	0.7674731182795699	0.9341397849462365	0.6545698924731183	0.989247311827957	0.9153225806451613	0.9825268817204301	0.885752688172043	1.0	0.9663978494623656	0.5564516129032258	0.18548387096774194	0.9838709677419355	1.0	1.0	0.9959677419354839	0.9301075268817204	0.9637096774193549	0.9448924731182796	1.0	0.8897849462365591	1.0	1.0	1.0	0.9233870967741935	1.0	0.8951612903225806
1649374	0.5045045045045045	0.0	0.6306306306306306	0.9279279279279279	0.45045045045045046	1.0	1.0	0.6186186186186187	0.8768768768768769	0.6936936936936937	0.5195195195195195	0.6936936936936937	0.45045045045045046	0.30930930930930933	0.5555555555555556	0.93993993993994	0.9309309309309309	0.9669669669669669	0.45345345345345345	0.45045045045045046	0.7207207207207207	1.0	0.996996996996997	0.5075075075075075	0.7867867867867868	0.7237237237237237	0.9669669669669669	1.0	0.93993993993994
201782	0.0	0.0	0.0	0.0	0.0	0.0	0.45871559633027525	0.0	0.0	0.0	0.0	0.7155963302752294	0.4617737003058104	0.0	1.0	0.308868501529052	0.6452599388379205	0.1345565749235474	0.0	0.4617737003058104	0.0	0.5779816513761468	0.012232415902140673	0.0	0.0	0.6941896024464832	0.0	0.3944954128440367	0.0
201784	0.8116438356164384	0.8242009132420092	0.6484018264840182	0.541095890410959	0.3984018264840183	0.3139269406392694	0.726027397260274	0.4018264840182648	1.0	0.702054794520548	0.8949771689497716	0.8550228310502284	0.5331050228310502	0.23401826484018265	1.0	0.9965753424657534	0.908675799086758	0.954337899543379	0.547945205479452	0.8059360730593608	0.9486301369863014	1.0	0.9817351598173516	1.0	0.9143835616438356	0.9360730593607306	1.0	1.0	0.9611872146118722
1503084	0.0	0.6556776556776557	0.8937728937728938	1.0	1.0	0.26373626373626374	0.6446886446886447	0.8827838827838828	0.5970695970695971	0.9377289377289377	0.6703296703296703	0.9157509157509157	0.4981684981684982	0.0	1.0	1.0	1.0	1.0	0.9340659340659341	1.0	1.0	0.989010989010989	1.0	1.0	0.7106227106227107	1.0	0.9523809523809523	0.9413919413919414	1.0
1188762	0.7412008281573499	0.6252587991718427	0.5113871635610766	0.0	0.0	0.014492753623188406	0.5113871635610766	0.3105590062111801	0.7432712215320911	0.8530020703933747	0.9440993788819876	0.6563146997929606	0.3830227743271222	0.0	1.0	0.8219461697722568	0.9440993788819876	1.0	0.6356107660455487	0.8467908902691511	0.8198757763975155	0.9544513457556936	0.8322981366459627	1.0	0.968944099378882	0.927536231884058	0.6935817805383023	0.0	0.9730848861283644
1532303	0.6201923076923077	0.0016025641025641025	0.6826923076923077	0.8076923076923077	0.6634615384615384	0.6538461538461539	1.0	0.7355769230769231	0.9791666666666666	0.42467948717948717	0.8381410256410257	1.0	0.6522435897435898	0.46634615384615385	1.0	0.9663461538461539	0.6009615384615384	1.0	1.0	0.9391025641025641	1.0	0.3317307692307692	0.7403846153846154	1.0	0.9983974358974359	1.0	0.967948717948718	0.9423076923076923	1.0
1532305	0.3074712643678161	1.0	1.0	0.8103448275862069	0.8850574712643678	0.8649425287356322	0.9798850574712644	0.6752873563218391	0.8908045977011494	0.5545977011494253	0.41954022988505746	1.0	0.0	0.0	1.0	1.0	1.0	1.0	1.0	1.0	0.8132183908045977	1.0	1.0	1.0	0.9568965517241379	0.7011494252873564	1.0	1.0	0.27873563218390807
419720	0.6903703703703704	0.8444444444444444	0.6977777777777778	0.7185185185185186	0.0	0.5348148148148149	0.9881481481481481	0.9185185185185185	0.8133333333333334	0.2696296296296296	0.28444444444444444	0.9718518518518519	0.7422222222222222	0.8977777777777778	0.7585185185185185	0.4948148148148148	0.3348148148148148	1.0	0.7244444444444444	0.6296296296296297	0.8977777777777778	1.0	0.9955555555555555	1.0	0.6444444444444445	0.8281481481481482	1.0	0.9348148148148148	0.9348148148148148
303791	0.47558922558922556	0.6725589225589226	0.6506734006734006	0.4393939393939394	0.4166666666666667	0.17424242424242425	0.32323232323232326	0.30892255892255893	0.39057239057239057	0.5631313131313131	0.4739057239057239	0.7550505050505051	0.7247474747474747	0.0	0.7222222222222222	0.9116161616161617	0.3400673400673401	0.4234006734006734	0.5260942760942761	0.9612794612794613	0.5606060606060606	0.6893939393939394	0.9494949494949495	0.7685185185185185	0.6717171717171717	0.7272727272727273	0.6430976430976431	0.702020202020202	0.5395622895622896
889112	0.2149122807017544	0.0	0.6710526315789473	0.9714912280701754	0.0	0.7916666666666666	0.7697368421052632	0.5043859649122807	0.3508771929824561	0.40131578947368424	0.0	0.3684210526315789	0.4517543859649123	0.0	1.0	0.881578947368421	0.6293859649122807	0.9385964912280702	1.0	0.9978070175438597	0.9956140350877193	0.8333333333333334	1.0	1.0	0.5416666666666666	0.9605263157894737	1.0	1.0	1.0
889113	0.4722222222222222	0.8504273504273504	0.5982905982905983	0.7542735042735043	0.4807692307692308	0.5256410256410257	0.4807692307692308	0.6111111111111112	0.8205128205128205	0.7414529914529915	0.8568376068376068	0.8183760683760684	0.5021367521367521	0.0	1.0	0.8504273504273504	0.9252136752136753	1.0	0.9850427350427351	1.0	0.8632478632478633	1.0	0.8504273504273504	0.9743589743589743	0.6816239316239316	0.9636752136752137	0.9401709401709402	0.6666666666666666	1.0
396633	0.0	1.0	0.412568306010929	1.0	1.0	1.0	1.0	1.0	0.9672131147540983	0.45901639344262296	0.9562841530054644	0.73224043715847	0.2978142076502732	0.0	0.31693989071038253	1.0	1.0	0.8306010928961749	1.0	1.0	0.8415300546448088	1.0	1.0	1.0	1.0	1.0	1.0	1.0	1.0
