key	WAM_ALR	WAM_CCR	WAM_IPI	WAM_MAR	WAM_MYS	WAM_PBL	WAM_PJN	WAM_PPR	WAM_PST	WAM_ROL	WAM_SCR	WAM_SGN	WAM_SIS	WAM_TWN	WAR_ALR	WAR_CCR	WAR_IPI	WAR_MAR	WAR_MYS	WAR_PBL	WAR_PJN	WAR_PPR	WAR_PSK	WAR_PST	WAR_RNW	WAR_ROL	WAR_SCR	WAR_SGL	WAR_SIS
1239329	0.6340579710144928	0.677536231884058	0.6956521739130435	0.8731884057971014	0.8731884057971014	0.0	1.0	0.9021739130434783	0.12681159420289856	0.5181159420289855	0.0	0.0036231884057971015	0.7391304347826086	0.2898550724637681	1.0	0.0	1.0	0.36594202898550726	0.927536231884058	1.0	1.0	0.0	0.5181159420289855	1.0	0.3115942028985507	1.0	0.9565217391304348	1.0	1.0
1522816	0.8308702791461412	0.9983579638752053	0.6535303776683087	0.5845648604269293	0.0	0.0	0.8752052545155994	0.0	0.49589490968801314	0.3957307060755337	0.49589490968801314	0.6486042692939245	0.7274220032840722	0.541871921182266	0.986863711001642	0.10509031198686371	0.8111658456486043	0.909688013136289	0.4548440065681445	0.8932676518883416	0.7405582922824302	0.38587848932676516	0.6091954022988506	0.8866995073891626	0.80623973727422	0.7947454844006568	0.6896551724137931	0.49589490968801314	0.7947454844006568
234815	0.47577092511013214	0.44640234948604995	0.1145374449339207	0.3377386196769457	0.0	0.0	0.447870778267254	0.6681350954478708	0.25697503671071953	0.1395007342143906	0.1027900146842878	0.7136563876651982	0.0	0.10866372980910426	0.9162995594713657	0.2701908957415565	0.5007342143906021	0.6769456681350955	0.4434654919236417	0.7400881057268722	0.7547723935389133	0.0	0.591776798825257	0.6784140969162996	0.7797356828193832	0.6798825256975036	0.37738619676945667	0.9662261380323054	0.6167400881057269
657453	0.0	0.48641975308641977	0.0024691358024691358	0.0	0.0	0.5753086419753086	0.0	0.0	0.41975308641975306	0.23703703703703705	0.0	0.0024691358024691358	0.0	0.0	0.0	0.3728395061728395	0.2617283950617284	0.2	0.3728395061728395	0.9506172839506173	0.0	0.28888888888888886	0.0	0.7111111111111111	0.3728395061728395	0.38765432098765434	0.027160493827160494	0.4617283950617284	0.854320987654321
657455	0.061488673139158574	0.25080906148867316	0.4546925566343042	0.2588996763754045	0.6262135922330098	0.0	0.284789644012945	0.3187702265372168	0.6715210355987055	0.6488673139158576	0.0	0.24433656957928804	0.042071197411003236	0.0	0.7265372168284789	0.0	0.15857605177993528	0.0	0.0	0.7799352750809061	0.9579288025889967	0.48058252427184467	0.2168284789644013	0.5679611650485437	0.8543689320388349	1.0	0.988673139158576	0.5016181229773463	0.8333333333333334
657459	0.0	0.5249500998003992	0.6846307385229541	0.3013972055888224	0.0	0.0	0.4740518962075848	0.0	0.4231536926147705	0.3253493013972056	0.0	0.48403193612774453	0.436127744510978	0.4151696606786427	0.47904191616766467	0.0	0.5319361277445109	0.564870259481038	0.2994011976047904	0.4540918163672655	0.8562874251497006	0.3003992015968064	0.22854291417165667	0.7874251497005988	0.8213572854291418	0.8423153692614771	0.7514970059880239	0.781437125748503	0.906187624750499
488427	0.909688013136289	0.7471264367816092	0.9655172413793104	0.625615763546798	0.39408866995073893	0.48932676518883417	0.7471264367816092	0.19540229885057472	0.4482758620689655	0.6748768472906403	0.31527093596059114	0.7487684729064039	0.0	0.0	0.9146141215106732	0.4548440065681445	0.9835796387520526	0.5008210180623974	0.8029556650246306	0.5977011494252874	0.8472906403940886	0.6338259441707718	0.9490968801313628	1.0	0.6305418719211823	0.8653530377668309	0.8883415435139573	0.5911330049261084	0.7274220032840722
527587	0.9036144578313253	0.14859437751004015	0.9437751004016064	0.8072289156626506	0.9879518072289156	0.08032128514056225	0.9397590361445783	0.0	0.6224899598393574	0.9437751004016064	0.0	1.0	0.0	1.0	1.0	0.01606425702811245	0.7349397590361446	0.7911646586345381	1.0	1.0	1.0	0.0	0.0	1.0	1.0	1.0	1.0	1.0	0.7991967871485943
527588	0.8666666666666667	1.0	0.0	0.2222222222222222	0.9047619047619048	0.6730158730158731	1.0	0.0	0.5111111111111111	0.8571428571428571	0.0	0.20634920634920634	0.0	0.8825396825396825	0.9587301587301588	0.5746031746031746	0.37777777777777777	1.0	0.9968253968253968	0.7746031746031746	0.8095238095238095	0.4793650793650794	0.0	0.6761904761904762	0.9111111111111111	1.0	0.273015873015873	0.5650793650793651	1.0
888253	0.8482587064676617	0.373134328358209	1.0	0.7761194029850746	0.6019900497512438	0.0	0.05970149253731343	0.6716417910447762	0.8706467661691543	0.0	0.0	0.27860696517412936	0.8532338308457711	0.24129353233830847	1.0	0.6965174129353234	0.1044776119402985	0.9577114427860697	0.6293532338308457	0.7263681592039801	0.6616915422885572	0.0	0.6666666666666666	1.0	0.9154228855721394	0.9825870646766169	1.0	0.5895522388059702	0.8631840796019901
703493	0.8837606837606837	0.6854700854700855	0.6495726495726496	0.49914529914529915	0.0	0.4256410256410256	0.7948717948717948	0.24615384615384617	0.8222222222222222	0.0	0.49230769230769234	0.5863247863247864	0.6564102564102564	0.21025641025641026	1.0	0.4170940170940171	0.37948717948717947	1.0	0.48547008547008547	1.0	0.9538461538461539	0.07692307692307693	0.27008547008547007	1.0	0.8	0.9965811965811966	0.9897435897435898	0.5008547008547009	0.9555555555555556
703495	0.8762886597938144	0.9896907216494846	0.4936998854524628	0.47995418098510884	0.3436426116838488	0.5945017182130584	0.8247422680412371	0.5120274914089347	0.8384879725085911	0.6357388316151202	0.0	0.8442153493699885	0.5028636884306987	0.07674684994272624	1.0	0.36884306987399773	0.3459335624284078	0.9919816723940436	0.5463917525773195	0.9942726231386025	1.0	0.42955326460481097	0.9885452462772051	1.0	1.0	0.588774341351661	0.7995418098510882	0.9610538373424972	1.0
703490	0.7940797940797941	0.8211068211068211	0.45817245817245816	0.6306306306306306	0.05791505791505792	0.3333333333333333	0.694980694980695	0.4929214929214929	0.510939510939511	0.12483912483912483	0.0	0.752895752895753	0.28314028314028317	0.5045045045045045	1.0	0.918918918918919	0.722007722007722	0.8584298584298584	0.04247104247104247	0.8159588159588159	0.8352638352638353	0.28442728442728443	0.7722007722007722	1.0	0.915057915057915	0.9292149292149292	0.9485199485199485	1.0	0.9433719433719434
942274	0.7101910828025477	0.46178343949044587	0.6199575371549894	0.3970276008492569	0.24309978768577495	0.0	0.7760084925690022	0.0	0.5201698513800425	0.8450106157112527	0.0	0.23354564755838642	0.6114649681528662	0.0	0.940552016985138	0.1751592356687898	0.5254777070063694	0.5859872611464968	0.5159235668789809	0.470276008492569	0.5318471337579618	0.42462845010615713	0.6019108280254777	0.9193205944798302	0.9830148619957537	1.0	0.9384288747346072	1.0	0.910828025477707
942275	0.6192893401015228	0.6277495769881557	0.0	0.25549915397631134	0.45346869712351945	0.0	0.9069373942470389	0.0	0.5380710659898477	0.07952622673434856	0.0	0.7038917089678511	0.5042301184433164	0.0	0.4467005076142132	0.0	0.2893401015228426	0.6751269035532995	0.3976311336717428	1.0	0.8223350253807107	0.22673434856175972	0.36209813874788493	1.0	0.7377326565143824	0.8426395939086294	0.6463620981387479	1.0	1.0
62064	0.8297491039426523	0.6810035842293907	0.8620071684587813	0.0	0.26881720430107525	0.08781362007168458	0.9910394265232975	0.2616487455197133	0.8655913978494624	0.0	0.0	0.978494623655914	0.04121863799283154	0.0	1.0	0.6397849462365591	0.2060931899641577	0.0	0.0	0.7903225806451613	0.8673835125448028	0.0	0.6308243727598566	0.9659498207885304	0.967741935483871	1.0	0.27060931899641577	1.0	0.6899641577060932
70004	0.9963898916967509	0.9975932611311673	0.5451263537906137	0.46329723225030084	0.4464500601684717	0.14320096269554752	0.6113116726835138	0.0	0.9217809867629362	0.8098676293622142	0.1095066185318893	0.8086642599277978	0.2539109506618532	0.5703971119133574	0.7280385078219013	0.42117930204572807	1.0	0.855595667870036	1.0	1.0	0.8351383874849578	0.618531889290012	0.7545126353790613	1.0	1.0	0.937424789410349	0.8784596871239471	0.9723225030084236	1.0
70005	1.0	1.0	0.437984496124031	0.8953488372093024	0.0	0.0	0.7248062015503876	0.0	0.9573643410852714	0.313953488372093	0.0	0.5155038759689923	0.0	0.7596899224806202	0.9612403100775194	0.0	1.0	0.9883720930232558	1.0	0.9108527131782945	1.0	0.18604651162790697	1.0	1.0	1.0	1.0	1.0	1.0	0.813953488372093
70006	1.0	0.9683908045977011	0.8908045977011494	0.28160919540229884	0.9310344827586207	0.8649425287356322	0.8477011494252874	0.0	0.8994252873563219	1.0	0.4224137931034483	0.8908045977011494	0.0	1.0	1.0	0.5	0.10632183908045977	1.0	0.8074712643678161	1.0	1.0	0.8994252873563219	0.367816091954023	1.0	1.0	0.7988505747126436	0.9798850574712644	1.0	1.0
70007	1.0	0.7417027417027418	0.8643578643578643	0.14862914862914864	0.09956709956709957	0.0	0.9494949494949495	0.4329004329004329	0.7748917748917749	0.31746031746031744	0.27705627705627706	0.5887445887445888	0.7012987012987013	0.3665223665223665	0.9393939393939394	0.8874458874458875	0.7835497835497836	0.3722943722943723	0.47186147186147187	0.24386724386724387	0.9538239538239538	0.3838383838383838	0.5180375180375181	1.0	0.7705627705627706	1.0	1.0	0.9191919191919192	0.7287157287157288
70008	0.5833333333333334	0.6095238095238096	0.8476190476190476	0.6333333333333333	0.20238095238095238	0.0	0.8071428571428572	0.0	0.3404761904761905	1.0	0.29285714285714287	0.6047619047619047	0.0	0.6190476190476191	1.0	0.8666666666666667	0.5476190476190477	0.55	1.0	0.6214285714285714	1.0	0.4142857142857143	0.4595238095238095	0.9714285714285714	0.8023809523809524	0.9166666666666666	0.9880952380952381	0.930952380952381	1.0
70009	1.0	1.0	1.0	0.8904109589041096	1.0	0.2922374429223744	1.0	0.9315068493150684	1.0	0.0182648401826484	0.6666666666666666	0.7031963470319634	0.0	0.0	1.0	0.680365296803653	1.0	0.8401826484018264	1.0	1.0	1.0	1.0	0.771689497716895	0.6757990867579908	0.817351598173516	1.0	1.0	1.0	1.0
70010	0.7935103244837758	0.9882005899705014	0.2831858407079646	1.0	0.07669616519174041	0.26253687315634217	1.0	1.0	1.0	0.0	0.06489675516224189	0.504424778761062	0.0	0.0	1.0	0.7256637168141593	0.7404129793510325	0.5899705014749262	0.9587020648967551	1.0	1.0	0.8200589970501475	1.0	1.0	1.0	1.0	1.0	1.0	1.0
70011	0.6368563685636857	0.8048780487804879	0.34688346883468835	0.2953929539295393	0.0	0.7425474254742548	1.0	0.3252032520325203	0.6260162601626016	0.8699186991869918	0.7615176151761518	0.997289972899729	0.0	0.7235772357723578	1.0	0.8915989159891599	0.959349593495935	0.16802168021680217	0.6747967479674797	1.0	0.1897018970189702	0.6395663956639567	0.5121951219512195	1.0	0.981029810298103	1.0	1.0	1.0	1.0
70012	0.0	0.6698717948717948	0.6153846153846154	0.00641025641025641	0.9134615384615384	0.7692307692307693	0.9775641025641025	0.0	0.967948717948718	0.28525641025641024	0.0	1.0	0.0	0.19230769230769232	0.8365384615384616	0.8717948717948718	0.7756410256410257	0.40384615384615385	1.0	1.0	0.6634615384615384	0.0	0.6346153846153846	1.0	0.14102564102564102	1.0	1.0	1.0	1.0
70013	0.16206261510128914	0.8195211786372008	0.8305709023941068	0.6151012891344383	0.35543278084714547	0.27992633517495397	1.0	0.9429097605893186	0.7569060773480663	0.7955801104972375	0.0	1.0	0.429097605893186	0.8987108655616943	1.0	0.5930018416206262	0.8950276243093923	0.8839779005524862	0.9613259668508287	1.0	0.9023941068139963	0.24125230202578268	0.27992633517495397	1.0	0.9668508287292817	1.0	0.7808471454880295	0.9226519337016574	0.8802946593001841
70014	0.8345864661654135	0.7969924812030075	0.03258145363408521	0.8621553884711779	0.7218045112781954	0.0	0.9949874686716792	0.38095238095238093	0.7969924812030075	0.3533834586466165	0.17042606516290726	0.9197994987468672	0.02506265664160401	0.5137844611528822	0.9649122807017544	0.16040100250626566	0.9097744360902256	0.9974937343358395	0.37343358395989973	0.8847117794486216	1.0	0.5964912280701754	0.7719298245614035	1.0	1.0	0.7167919799498746	0.8571428571428571	0.8245614035087719	0.9899749373433584
70015	0.7944444444444444	0.7703703703703704	0.011111111111111112	0.3574074074074074	0.2962962962962963	0.0	0.912962962962963	0.024074074074074074	0.9481481481481482	0.0	0.19074074074074074	0.7388888888888889	0.5111111111111111	1.0	0.9166666666666666	0.0	1.0	0.6055555555555555	1.0	0.2759259259259259	0.837037037037037	0.13518518518518519	0.9981481481481481	1.0	1.0	0.9296296296296296	0.9981481481481481	0.7574074074074074	0.9722222222222222
70016	0.4781420765027322	0.3360655737704918	0.4918032786885246	0.6939890710382514	0.40710382513661203	0.0	1.0	0.3360655737704918	1.0	0.0	0.0	0.9590163934426229	0.7978142076502732	0.7759562841530054	0.9234972677595629	0.6174863387978142	0.6612021857923497	0.5382513661202186	0.7868852459016393	0.040983606557377046	1.0	0.7076502732240437	1.0	0.9453551912568307	1.0	1.0	1.0	0.9453551912568307	0.6885245901639344
70018	0.45861297539149887	0.4809843400447427	0.24608501118568232	0.3378076062639821	1.0	0.0	0.8903803131991052	0.0	0.6733780760626398	1.0	0.0	0.9843400447427293	0.013422818791946308	0.0	0.8232662192393736	0.0	0.3579418344519016	0.9843400447427293	0.7024608501118568	0.3959731543624161	1.0	0.0	0.8814317673378076	1.0	1.0	1.0	1.0	0.9261744966442953	0.9328859060402684
70019	0.9357249626307922	0.8325859491778774	0.7406576980568012	0.4947683109118087	0.5605381165919282	0.2974588938714499	0.6315396113602392	0.30269058295964124	0.19133034379671152	0.8340807174887892	0.08968609865470852	0.9147982062780269	0.23692077727952168	0.5538116591928252	0.8153961136023916	0.22047832585949179	0.71898355754858	0.8721973094170403	0.9125560538116592	0.5396113602391629	0.984304932735426	0.49028400597907323	0.7414050822122571	1.0	0.8781763826606876	0.899103139013453	0.9977578475336323	0.953662182361734	0.875186846038864
70020	1.0	0.9330289193302892	0.710806697108067	0.7138508371385084	0.2267884322678843	0.0	0.7214611872146118	0.0	0.3424657534246575	0.6971080669710806	0.5114155251141552	0.3744292237442922	0.4855403348554033	0.0015220700152207	0.9041095890410958	0.5190258751902588	0.7016742770167428	0.6438356164383562	1.0	0.558599695585997	0.7321156773211568	0.136986301369863	0.9178082191780822	1.0	0.4520547945205479	0.867579908675799	0.954337899543379	0.4733637747336377	1.0
70000	0.44983818770226536	0.9676375404530745	0.0	0.3592233009708738	0.0	0.0	0.7346278317152104	0.9579288025889967	0.4886731391585761	0.6828478964401294	0.4886731391585761	0.9838187702265372	0.8414239482200647	0.6601941747572816	1.0	0.0	0.4627831715210356	1.0	0.7216828478964401	0.9385113268608414	1.0	1.0	0.656957928802589	1.0	1.0	1.0	0.6601941747572816	1.0	1.0
70001	0.5624012638230648	0.6903633491311216	0.8483412322274881	0.5781990521327014	0.5150078988941548	0.0	0.9684044233807267	0.5055292259083728	0.9225908372827805	0.15165876777251186	0.0	0.6445497630331753	0.49921011058451814	0.9304897314375987	1.0	0.627172195892575	0.3333333333333333	0.7630331753554502	0.9557661927330173	1.0	0.9004739336492891	0.7345971563981043	0.9715639810426541	1.0	1.0	1.0	0.9541864139020537	1.0	0.9273301737756714
70002	0.8452380952380952	1.0	0.5639880952380952	0.5952380952380952	0.27232142857142855	0.4375	0.9985119047619048	0.5044642857142857	0.6577380952380952	0.6309523809523809	0.4494047619047619	0.8407738095238095	0.24851190476190477	0.7693452380952381	1.0	0.22321428571428573	0.8244047619047619	0.8065476190476191	1.0	1.0	0.9538690476190477	0.31845238095238093	0.9196428571428571	1.0	0.5863095238095238	1.0	0.9717261904761905	0.7068452380952381	0.9122023809523809
70003	0.6205673758865248	1.0	0.46099290780141844	0.0	0.0	0.8085106382978723	1.0	0.5070921985815603	0.14184397163120568	0.950354609929078	0.5354609929078015	1.0	0.40070921985815605	0.7907801418439716	1.0	0.9680851063829787	0.0	0.30851063829787234	0.028368794326241134	0.8723404255319149	1.0	0.6737588652482269	1.0	1.0	0.35106382978723405	0.8404255319148937	1.0	0.20212765957446807	1.0
273930	0.0	0.7023809523809523	0.7182539682539683	0.0	0.0	0.0	0.4880952380952381	0.6666666666666666	1.0	0.753968253968254	0.23412698412698413	0.8809523809523809	0.0	0.05555555555555555	0.8333333333333334	0.0	0.047619047619047616	0.9285714285714286	0.4523809523809524	0.4444444444444444	0.4880952380952381	0.873015873015873	0.8412698412698413	0.7619047619047619	0.8333333333333334	0.9126984126984127	0.8888888888888888	0.9087301587301587	0.8373015873015873
1411675	0.9592430858806404	0.9388646288209607	0.9898107714701602	0.4104803493449782	0.08442503639010189	0.5225618631732168	0.9854439592430859	0.4497816593886463	0.06550218340611354	0.5443959243085881	0.6331877729257642	0.8981077147016011	0.4002911208151383	0.2678311499272198	0.9199417758369723	0.2561863173216885	0.6797671033478894	0.11062590975254731	1.0	0.6244541484716157	0.8995633187772926	0.2197962154294032	0.7248908296943232	0.8675400291120815	0.8820960698689956	0.8486171761280932	0.5269286754002911	0.8573508005822417	0.6302765647743813
1073390	0.8410852713178295	0.8178294573643411	1.0	0.4069767441860465	0.5503875968992248	0.7228682170542635	0.8837209302325582	0.31976744186046513	0.6375968992248062	1.0	0.4437984496124031	0.23255813953488372	0.0	0.31007751937984496	1.0	0.3701550387596899	0.8275193798449613	0.013565891472868217	0.5329457364341085	0.7538759689922481	0.5872093023255814	0.29069767441860467	0.9631782945736435	0.9263565891472868	0.5794573643410853	0.9573643410852714	0.9224806201550387	0.8914728682170543	1.0
1073393	0.9878787878787879	0.8707070707070707	0.7111111111111111	0.6727272727272727	0.997979797979798	0.30505050505050507	0.795959595959596	0.3373737373737374	0.6686868686868687	0.23030303030303031	0.0	0.30505050505050507	0.03434343434343434	0.5292929292929293	0.8565656565656565	0.5777777777777777	0.6606060606060606	0.7393939393939394	0.7858585858585858	0.43434343434343436	0.8646464646464647	0.0	0.4383838383838384	0.9616161616161616	0.5373737373737374	1.0	1.0	0.5717171717171717	1.0
578375	0.7309941520467836	0.30214424951267055	0.8635477582846004	0.0	0.29239766081871343	0.3216374269005848	0.39766081871345027	0.6803118908382066	0.7056530214424951	0.5886939571150097	0.009746588693957114	0.46588693957115007	0.8265107212475633	0.0	0.8752436647173489	0.5399610136452242	0.571150097465887	0.9688109161793372	0.7699805068226121	0.9083820662768031	0.98635477582846	0.4697855750487329	0.9103313840155945	0.9571150097465887	0.5847953216374269	0.9688109161793372	0.8050682261208577	0.9317738791423001	0.9941520467836257
700057	0.6722689075630253	0.896358543417367	0.6722689075630253	0.06442577030812324	0.0	0.7058823529411765	0.8207282913165266	0.0	0.4649859943977591	0.8431372549019608	0.0	0.969187675070028	0.0	0.0	1.0	0.24369747899159663	0.7086834733893558	0.29411764705882354	1.0	0.4425770308123249	0.9047619047619048	0.0	1.0	1.0	1.0	0.7983193277310925	0.988795518207283	1.0	0.7478991596638656
1235061	0.0	0.0	0.8531073446327684	0.0	0.0	0.0	0.8022598870056498	0.0	0.0	0.0	0.0	0.4632768361581921	0.0	0.0	0.3050847457627119	0.0	0.0	0.4632768361581921	0.9209039548022598	0.6045197740112994	0.5536723163841808	0.0	0.8531073446327684	1.0	1.0	0.3107344632768362	0.0	0.615819209039548	0.96045197740113
966963	0.0	0.0	0.49145299145299143	0.21794871794871795	0.0	0.3525641025641026	0.03205128205128205	0.0	0.6538461538461539	0.4358974358974359	0.0	0.9316239316239316	0.3504273504273504	0.5064102564102564	0.8461538461538461	0.0	0.8226495726495726	0.18376068376068377	0.32051282051282054	0.053418803418803416	1.0	0.6089743589743589	0.9893162393162394	0.8333333333333334	0.6602564102564102	1.0	0.5833333333333334	0.6410256410256411	0.3974358974358974
886129	0.95	0.975	0.8222222222222222	0.4166666666666667	1.0	0.2722222222222222	1.0	0.30277777777777776	0.9972222222222222	0.0	0.0	0.8916666666666667	0.0	0.7861111111111111	1.0	0.09444444444444444	0.9138888888888889	1.0	0.9583333333333334	0.9916666666666667	1.0	0.24166666666666667	0.9638888888888889	1.0	0.8583333333333333	1.0	0.8861111111111111	0.9888888888888889	1.0
886130	0.6263440860215054	0.8723118279569892	0.7983870967741935	0.5618279569892473	0.8615591397849462	0.239247311827957	0.7244623655913979	0.3817204301075269	0.8924731182795699	0.5618279569892473	0.06182795698924731	0.9637096774193549	0.603494623655914	0.9435483870967742	1.0	0.8400537634408602	0.6881720430107527	0.9771505376344086	0.29973118279569894	0.9045698924731183	1.0	0.946236559139785	0.8911290322580645	1.0	0.9959677419354839	0.8091397849462365	0.9126344086021505	0.821236559139785	0.9798387096774194
886131	0.0	0.9936507936507937	1.0	0.9841269841269841	0.19047619047619047	0.9142857142857143	0.9904761904761905	0.8571428571428571	0.5650793650793651	0.7238095238095238	0.8412698412698413	1.0	1.0	0.834920634920635	1.0	0.9650793650793651	0.0	1.0	0.7714285714285715	1.0	1.0	0.8888888888888888	0.6095238095238096	1.0	1.0	0.9904761904761905	1.0	1.0	1.0
324031	0.879585326953748	0.9633173843700159	0.6355661881977671	0.7033492822966507	0.42902711323763953	0.4098883572567783	1.0	0.23604465709728867	0.638755980861244	0.5637958532695375	0.0	0.8365231259968102	0.3197767145135566	0.20414673046251994	0.9776714513556619	0.6100478468899522	0.38197767145135564	0.5287081339712919	0.7312599681020734	0.6842105263157895	0.9362041467304625	0.32854864433811803	0.6068580542264753	0.8732057416267942	0.9043062200956937	0.8923444976076556	0.9250398724082934	0.861244019138756	0.7830940988835726
1015045	0.0	0.40437158469945356	0.0	0.7814207650273224	0.0	0.0	0.0	0.0	0.0	0.0	0.0	0.0	0.0	0.0	1.0	0.0	0.8087431693989071	0.0	0.4371584699453552	0.9836065573770492	0.8852459016393442	0.0	0.0	0.4808743169398907	0.8306010928961749	0.9672131147540983	0.5409836065573771	1.0	1.0
503713	1.0	0.6325757575757576	0.9583333333333334	0.44696969696969696	0.5681818181818182	0.0	1.0	0.0	0.10227272727272728	1.0	0.0	1.0	1.0	1.0	1.0	0.0	1.0	1.0	1.0	0.9583333333333334	1.0	0.7272727272727273	0.9734848484848485	1.0	0.5909090909090909	1.0	1.0	0.045454545454545456	1.0
503714	1.0	1.0	0.25203252032520324	0.0	0.9051490514905149	0.0	1.0	0.7560975609756098	0.6395663956639567	0.9349593495934959	0.0	0.975609756097561	1.0	0.4878048780487805	0.8509485094850948	0.0	1.0	0.8292682926829268	0.8834688346883469	1.0	1.0	0.0	0.5121951219512195	1.0	0.8075880758807588	1.0	1.0	0.997289972899729	1.0
503717	0.0	0.8778877887788779	0.4537953795379538	0.0	0.0	0.45544554455445546	0.49174917491749176	0.0	0.0	0.4768976897689769	0.0	0.334983498349835	0.35313531353135313	0.009900990099009901	0.16006600660066006	0.0	0.24752475247524752	0.0	0.4636963696369637	0.21782178217821782	0.8184818481848185	0.2145214521452145	0.07095709570957096	0.8646864686468647	0.6270627062706271	0.641914191419142	0.24752475247524752	0.5759075907590759	0.5132013201320133
728240	0.4965034965034965	0.0	0.6923076923076923	0.7016317016317016	0.11888111888111888	0.0	0.10023310023310024	0.0	0.0	0.0	0.0	1.0	0.0	0.1282051282051282	0.13286713286713286	0.0	0.05128205128205128	0.0	0.0	0.34965034965034963	0.7715617715617715	0.5734265734265734	0.0	0.3776223776223776	0.8648018648018648	0.6713286713286714	0.3146853146853147	0.6666666666666666	0.7249417249417249
1644148	0.35634328358208955	0.8208955223880597	0.8165422885572139	0.09390547263681592	0.6610696517412935	0.12126865671641791	0.44838308457711445	0.2916666666666667	0.6368159203980099	0.4552238805970149	0.14987562189054726	0.6859452736318408	0.6828358208955224	0.5783582089552238	0.9838308457711443	0.376865671641791	0.9104477611940298	0.6946517412935324	0.8078358208955224	0.7624378109452736	0.875	0.6243781094527363	0.7468905472636815	0.9322139303482587	0.9427860696517413	0.9751243781094527	0.8482587064676617	0.5833333333333334	0.7611940298507462
1644149	0.4991364421416235	0.7944732297063903	0.696027633851468	0.5774323546344272	0.16580310880829016	0.2987910189982729	0.743811168681635	0.4444444444444444	0.6689694876223373	0.2999424294761082	0.0	0.5284974093264249	0.3471502590673575	0.22279792746113988	0.8313183649971215	0.12435233160621761	0.5757052389176741	0.9222797927461139	0.6493955094991365	0.6989061600460564	0.9925158318940702	0.40241796200345425	0.7944732297063903	0.9510650546919976	0.952216465169833	0.8002302820955671	0.8802533103051238	0.8077144502014968	0.9815774323546345
754599	0.46565656565656566	0.7090909090909091	0.9292929292929293	0.25757575757575757	0.6565656565656566	0.0	0.9636363636363636	0.0	0.9040404040404041	0.5474747474747474	0.4313131313131313	0.9727272727272728	0.25555555555555554	0.30404040404040406	0.8767676767676768	0.4090909090909091	0.7595959595959596	0.6070707070707071	0.6242424242424243	0.7424242424242424	0.990909090909091	0.45555555555555555	0.8151515151515152	1.0	0.8181818181818182	0.7171717171717171	0.8666666666666667	0.6171717171717171	0.8111111111111111
1033262	0.20876585928489041	0.8217993079584776	0.6776239907727797	0.3621683967704729	0.2773933102652826	0.0	0.6136101499423299	0.35697808535178777	0.5559400230680508	0.2710495963091119	0.09457900807381776	0.458477508650519	0.3760092272202999	0.5847750865051903	0.6130334486735871	0.19319492502883506	0.6482122260668973	0.5242214532871973	0.7058823529411765	0.7104959630911188	0.8442906574394463	0.4232987312572088	0.6291810841983853	0.9579008073817762	0.7191464821222606	0.8529411764705882	0.8489042675893888	0.8292964244521338	0.7681660899653979
1606531	0.8827160493827161	0.7107583774250441	0.826278659611993	0.5634920634920635	0.3492063492063492	0.09171075837742504	0.8536155202821869	0.3562610229276896	0.6005291005291006	0.3959435626102293	0.0	0.591710758377425	0.42504409171075835	0.4929453262786596	0.7716049382716049	0.15520282186948853	0.9779541446208113	0.6208112874779541	0.5282186948853616	0.6252204585537919	0.9188712522045855	0.059964726631393295	0.6287477954144621	0.8201058201058201	0.828042328042328	0.855379188712522	0.9047619047619048	0.6851851851851852	1.0
432049	0.0	0.6746031746031746	0.5476190476190477	0.0	0.0	0.0	0.9682539682539683	0.8253968253968254	0.7063492063492064	0.626984126984127	0.0	0.015873015873015872	0.0	0.0	1.0	0.42857142857142855	0.5555555555555556	0.0	0.4523809523809524	0.0	0.5952380952380952	0.0	0.9206349206349206	0.9841269841269841	0.7698412698412699	0.9682539682539683	0.47619047619047616	0.023809523809523808	1.0
1545629	1.0	0.91324200913242	0.21232876712328766	0.9748858447488584	0.4383561643835616	0.17579908675799086	0.7054794520547946	0.0365296803652968	0.10273972602739725	0.4657534246575342	0.0	0.4452054794520548	0.0	0.5570776255707762	1.0	0.4954337899543379	0.408675799086758	0.8789954337899544	0.6643835616438356	0.1004566210045662	0.8447488584474886	0.6255707762557078	0.3858447488584475	0.16666666666666666	1.0	0.8287671232876712	0.0	0.6118721461187214	0.6095890410958904
553642	0.0593607305936073	0.0	0.6255707762557078	0.821917808219178	0.9863013698630136	0.0	0.8264840182648402	0.9634703196347032	1.0	0.0958904109589041	0.0273972602739726	1.0	0.0	0.0502283105022831	1.0	0.91324200913242	0.4840182648401826	0.6712328767123288	0.4840182648401826	0.9863013698630136	0.5251141552511416	0.0	1.0	1.0	1.0	0.2054794520547945	0.8447488584474886	1.0	1.0
766730	0.015037593984962405	0.3182957393483709	1.0	0.45363408521303256	0.0	0.7468671679197995	0.9974937343358395	0.7042606516290727	0.949874686716792	0.9724310776942355	0.0	0.39348370927318294	0.9523809523809523	0.0	1.0	0.6441102756892231	0.7568922305764411	0.2506265664160401	0.047619047619047616	0.8646616541353384	1.0	0.0	1.0	1.0	1.0	1.0	0.9899749373433584	0.9573934837092731	1.0
766731	0.8787878787878788	0.6471861471861472	1.0	0.6623376623376623	0.6341991341991342	0.010822510822510822	0.8484848484848485	0.16233766233766234	1.0	0.7748917748917749	0.0	0.9004329004329005	0.7142857142857143	0.0	0.7619047619047619	0.7922077922077922	0.6341991341991342	0.45021645021645024	0.36363636363636365	0.9112554112554112	0.935064935064935	0.2748917748917749	0.6731601731601732	1.0	1.0	0.7705627705627706	0.9935064935064936	1.0	0.9523809523809523
1592531	0.8405797101449275	0.5603864734299517	0.391304347826087	0.8985507246376812	0.8671497584541062	0.0	1.0	0.0	0.8019323671497585	0.5410628019323671	0.0	0.8599033816425121	0.9033816425120773	0.0	0.9637681159420289	0.20531400966183574	0.6859903381642513	0.9758454106280193	0.9782608695652174	1.0	0.5603864734299517	0.0	0.6714975845410628	1.0	0.8309178743961353	1.0	0.748792270531401	1.0	1.0
1592530	0.0	0.08072916666666667	0.8541666666666666	0.2786458333333333	0.671875	0.0	0.6875	0.4036458333333333	0.9348958333333334	0.7916666666666666	0.0	1.0	0.3880208333333333	0.7578125	0.9166666666666666	0.7630208333333334	0.9140625	0.4244791666666667	0.8307291666666666	0.796875	0.3984375	0.3385416666666667	0.9583333333333334	1.0	0.6171875	1.0	0.9427083333333334	0.9375	0.9791666666666666
1464724	0.3994708994708995	0.5264550264550265	0.0	0.07804232804232804	0.0	0.0	0.46825396825396826	0.23809523809523808	0.46825396825396826	0.35978835978835977	0.0	0.5026455026455027	0.5211640211640212	0.0	0.9537037037037037	0.33201058201058203	0.0	0.6296296296296297	0.6534391534391535	0.9232804232804233	0.9074074074074074	0.3333333333333333	0.5171957671957672	0.8915343915343915	0.832010582010582	0.8042328042328042	0.6865079365079365	0.8783068783068783	0.30423280423280424
52377	0.45552784704904403	0.3632585203657523	0.6400665004156276	0.16458852867830423	0.6325852036575229	0.22360764754779716	0.3865336658354115	0.0	0.3108894430590191	0.3025768911055694	0.0	0.600166251039069	0.15045719035743974	0.2801330008312552	0.7256857855361596	0.3915211970074813	0.8137988362427265	0.3050706566916043	0.3408146300914381	0.6093100581878637	0.7215295095594347	0.08811305070656691	0.29925187032418954	0.4837905236907731	0.7506234413965087	0.743973399833749	0.7206982543640897	0.4713216957605985	0.8345802161263508
