key	WAM_ALR	WAM_CCR	WAM_IPI	WAM_MAR	WAM_MYS	WAM_PBL	WAM_PJN	WAM_PPR	WAM_PST	WAM_ROL	WAM_SCR	WAM_SGN	WAM_SIS	WAM_TWN	WAR_ALR	WAR_CCR	WAR_IPI	WAR_MAR	WAR_MYS	WAR_PBL	WAR_PJN	WAR_PPR	WAR_PSK	WAR_PST	WAR_RNW	WAR_ROL	WAR_SCR	WAR_SGL	WAR_SIS
1041419	0.0	0.0	0.9722222222222222	0.0	0.0	0.5339506172839507	0.0	0.0	0.0	0.0	0.0	0.0	0.0	0.0	0.16666666666666666	0.0	0.0	0.0	0.8672839506172839	0.0	0.46296296296296297	0.0	0.0	0.7932098765432098	0.0	0.0	0.0	0.0	0.0
1041420	0.0	0.0	0.937950937950938	0.0	0.18037518037518038	0.0735930735930736	0.0	0.0	0.0	0.0	0.0	0.0	0.0	0.0	0.0	0.0	0.0	0.0	0.8917748917748918	0.0	0.08080808080808081	0.0	0.23232323232323232	0.050505050505050504	0.0	0.0	0.0	0.0	0.0
1041421	0.0	0.0	0.788659793814433	0.0	0.08934707903780069	0.0	0.0	0.0	0.0	0.46563573883161513	0.0	0.3384879725085911	0.3161512027491409	0.0	0.0	0.1872852233676976	0.0	0.0	0.9845360824742269	0.0	0.0	0.0	0.5189003436426117	0.0	0.0	0.0	0.0	0.0	0.0
314544	0.0	0.0	1.0	0.0	0.7934782608695652	0.0	0.0	0.0	0.0	0.0	0.0	0.6956521739130435	0.0	0.0	0.0	0.0	0.0	0.0	1.0	0.0	0.0	0.0	0.0	0.8623188405797102	0.0	0.0	0.0	0.0	0.0
1304519	0.0	0.0	0.7112794612794613	0.0	0.30892255892255893	0.12289562289562289	0.0	0.0	0.0	0.0	0.0	0.0	0.0	0.0	0.0	0.3930976430976431	0.0	0.0	0.696969696969697	0.17676767676767677	0.20033670033670034	0.0	0.0	0.0	0.0	0.021885521885521887	0.0	0.0	0.0
1714585	0.0	0.0	0.35365853658536583	0.0	0.0	0.0	0.0	0.0	0.16666666666666666	0.0	0.0	0.4078590785907859	0.0	0.0	0.0	0.4092140921409214	0.0	0.0	0.45257452574525747	0.0	0.0	0.0	0.0	0.0	0.0	0.0	0.0	0.0	0.0
149017	0.0	0.0	0.16161616161616163	0.0	0.0	0.0	0.0	0.0	0.0	0.0	0.0	0.0	0.0	0.0	0.0	0.0	0.0	0.0	0.9158249158249159	0.6026936026936027	0.7710437710437711	0.0	0.5084175084175084	0.0	0.0	0.0	0.0	0.0	0.0
149014	0.4358974358974359	0.0	0.9743589743589743	0.0	0.0	0.0	0.0	0.0	0.0	0.0	0.3553113553113553	0.0	0.0	0.0	0.0	0.0	0.0	0.0	0.4945054945054945	0.0	0.0	0.0	0.0	0.3663003663003663	0.0	0.0	0.0	0.0	0.0
1200984	0.0	0.0	0.9037800687285223	0.0	0.48109965635738833	0.738831615120275	0.0	0.0	0.0	0.0	0.0	0.18900343642611683	0.0	0.0	0.0	0.0	0.0	0.0	0.7835051546391752	0.0	0.0	0.0	0.0	0.0	0.0	0.0	0.0	0.0	0.0
997793	0.1	0.0	0.8509803921568627	0.0	0.0	0.0	0.296078431372549	0.0	0.0	0.0	0.0	0.0	0.0	0.0	0.0	0.0	0.0	0.0	0.7254901960784313	0.0	0.0	0.0	0.0	0.0	0.0	0.0	0.0	0.0	0.0
53740	0.0	0.0	0.8771929824561403	0.0	0.0	0.0	0.0	0.0	0.0	0.0	0.0	0.6622807017543859	0.0	0.0	0.0	0.75	0.0	0.14035087719298245	0.8771929824561403	0.5219298245614035	0.0	0.0	0.0	0.0	0.0	0.0	0.0	0.0	0.0
53741	0.0	0.0	0.7894736842105263	0.0	0.0	0.0	0.0	0.0	0.3684210526315789	0.0	0.0	0.0	0.0	0.0	0.0	0.10902255639097744	0.2869674185463659	0.2807017543859649	0.968671679197995	0.18922305764411027	0.37468671679197996	0.0	0.0	0.37844611528822053	0.37719298245614036	0.0	0.0	0.0	0.0
53742	0.0	0.0	1.0	0.0	0.3952802359882006	0.0	0.0	0.0	0.0	0.0	0.0	0.0	0.0	0.0	0.0	0.36283185840707965	0.0	0.0	0.6814159292035398	0.0	0.0	0.0	0.0	0.0	0.0	0.0	0.0	0.0	0.0
53743	0.0	0.0	1.0	0.0	0.3575418994413408	0.2811918063314711	0.0	0.0	0.0	0.0	0.0	0.0	0.0	0.0	0.20670391061452514	0.7579143389199255	0.0	0.0	0.08193668528864059	0.0	0.0	0.0	0.0	0.0670391061452514	0.0	0.0	0.5623836126629422	0.0	0.0
53744	0.0	0.0	1.0	0.0	0.2981651376146789	0.22324159021406728	0.0	0.0	0.0	0.0	0.2889908256880734	0.0	0.0	0.0	0.4602446483180428	0.0	0.0	0.0	0.9128440366972477	0.0	0.0	0.0	0.0	0.22935779816513763	0.0	0.3440366972477064	0.0	0.0	0.0
536755	0.0	0.0	0.7886178861788617	0.0	0.0	0.0	0.0	0.0	0.49105691056910566	0.0	0.0	0.0	0.0	0.0	0.0	0.3089430894308943	0.0	0.0	0.8292682926829268	0.0	0.44065040650406506	0.0	0.0	0.32195121951219513	0.0	0.0	0.0	0.0	0.0
1484516	0.0	0.0	0.8747346072186837	0.0	0.0	0.004246284501061571	0.0	0.0	0.0	0.0	0.0	0.31634819532908703	0.0	0.0	0.3821656050955414	0.0	0.0	0.0	0.5711252653927813	0.0	0.0	0.0	0.0	0.0	0.0	0.0	0.0	0.0	0.0
1484517	0.0	0.0	0.9797979797979798	0.6111111111111112	0.0	0.7222222222222222	0.0	0.0	0.3838383838383838	0.0	0.0	0.0	0.3611111111111111	0.0	0.0	0.0	0.0	0.0	0.9141414141414141	0.0	0.0	0.0	0.3787878787878788	0.0	0.0	0.0	0.0	0.0	0.0
1484518	0.0	0.0	0.8471454880294659	0.0	0.47882136279926335	0.0	0.0	0.0	0.0	0.0	0.0	0.0	0.0	0.46593001841620624	0.14548802946593	0.0	0.0	0.0	0.994475138121547	0.0	0.0	0.0	0.4162062615101289	0.42357274401473294	0.0	0.0	0.0	0.0	0.0
1484519	0.0	0.0	0.46111111111111114	0.0	0.0	0.4111111111111111	0.0	0.0	0.0	0.0	0.0	0.0	0.0	0.0	0.6111111111111112	0.0	0.0	0.0	0.0	0.0	0.0	0.0	0.6583333333333333	0.5361111111111111	0.0	0.0	0.0	0.0	0.0
1179312	0.0	0.0	0.8376811594202899	0.23043478260869565	0.3173913043478261	0.0	0.0	0.0	0.09130434782608696	0.0	0.0	0.0	0.21811594202898552	0.0	0.0	0.10942028985507246	0.0	0.0	0.5594202898550724	0.0	0.0	0.0	0.21666666666666667	0.30869565217391304	0.0	0.0	0.0	0.0	0.19710144927536233
706987	0.0	0.0	0.7615062761506276	0.0	0.0	0.0	0.0	0.0	0.0	0.0	0.0	0.3877266387726639	0.0	0.0	0.0	0.33612273361227335	0.0	0.0	0.99721059972106	0.0	0.0	0.0	0.0	0.24686192468619247	0.0	0.0	0.0	0.0	0.0
1612335	0.0	0.0	0.9215686274509803	0.0	0.6013071895424836	0.0	0.0	0.0	0.0	0.0	0.0	0.0	0.0	0.0	0.0	0.1655773420479303	0.0	0.0	0.9237472766884531	0.0	0.5359477124183006	0.0	0.0	0.0	0.0	0.0	0.0	0.0	0.0
1365070	0.0	0.0	0.6666666666666666	0.0	0.0	0.0	0.0	0.3826291079812207	0.0	0.0	0.0	0.0	0.0	0.0	0.0	0.0	0.0	0.0	1.0	0.0	0.0	0.0	0.6431924882629108	0.3286384976525822	0.0	0.0	0.0	0.0	0.3615023474178404
1365071	0.0	0.0	0.9128065395095368	0.0	0.0	0.0	0.16076294277929154	0.0	0.0	0.0	0.0	0.0	0.0	0.0	0.0	0.0	0.0	0.0	0.9981834695731153	0.0	0.19255222524977295	0.0	0.21707538601271573	0.1516802906448683	0.0	0.0	0.0	0.0	0.1307901907356948
1365072	0.0	0.0	1.0	0.0	0.0	0.0	0.0	0.0	0.0	0.0	0.0	0.0	0.0	0.0	0.7484276729559748	0.0	0.0	0.0	0.8836477987421384	0.6949685534591195	0.330188679245283	0.0	0.0	0.0	0.0	0.0	0.0	0.0	0.0
1365073	0.0	0.0	1.0	0.0	0.0	0.2906666666666667	0.0	0.0	0.0	0.0	0.0	0.0	0.0	0.0	0.0	0.0	0.0	0.0	0.968	0.07733333333333334	0.45066666666666666	0.0	0.624	0.0	0.0	0.0	0.0	0.0	0.0
1365074	0.0	0.0	0.9781659388646288	0.0	0.08369723435225619	0.20451237263464336	0.0	0.0	0.01455604075691412	0.0	0.0	0.0	0.0	0.0	0.0	0.2190684133915575	0.0	0.0	0.7314410480349345	0.0	0.0	0.0	0.0	0.41120815138282385	0.185589519650655	0.0	0.0	0.0	0.0
1365075	0.0	0.0	1.0	0.0	0.08501118568232663	0.0	0.0	0.0	0.6196868008948546	0.0	0.0	0.0	0.0	0.0	0.0	0.41387024608501116	0.0	0.0	0.9172259507829977	0.0	0.0	0.0	0.0	0.15436241610738255	0.0	0.0	0.0	0.0	0.0
316979	0.0	0.4295190713101161	0.7927031509121062	0.34328358208955223	0.0	0.0	0.0	0.0	0.3333333333333333	0.0	0.0	0.0	0.0	0.0	0.0	0.006633499170812604	0.0	0.0	0.9253731343283582	0.27197346600331673	0.0	0.0	0.0	0.0	0.0	0.0	0.0	0.2537313432835821	0.0
1720148	0.30128205128205127	0.0	0.6474358974358975	0.0	0.0	0.0	0.0	0.0	0.0	0.25	0.4807692307692308	0.0	0.0	0.0	0.0	0.5993589743589743	0.0	0.0	1.0	0.0	0.20512820512820512	0.0	0.0	0.5512820512820513	0.0	0.0	0.0	0.0	0.0
1720149	0.21825396825396826	0.0	1.0	0.0	0.0	0.0	0.0	0.0	0.3055555555555556	0.7301587301587301	0.4603174603174603	0.0	0.0	0.0	0.0	0.0	0.0	0.7698412698412699	0.9007936507936508	0.0	0.8809523809523809	0.0	0.0	0.21825396825396826	0.626984126984127	0.0	0.0	0.0	0.0
1597201	0.0	0.0	0.856140350877193	0.0	0.0	0.0	0.0	0.0	0.2824561403508772	0.0	0.0	0.0	0.0	0.0	0.0	0.0	0.48596491228070177	0.0	0.8315789473684211	0.0	0.0	0.0	0.0	0.0	0.0	0.0	0.0	0.0	0.18947368421052632
1597202	0.0	0.0	1.0	0.0	0.0	0.0	0.8771929824561403	0.0	0.0	0.0	0.0	0.0	0.0	0.0	0.0	0.0	0.0	0.0	0.7309941520467836	0.0	0.3333333333333333	0.0	0.0	0.0	0.0	0.0	0.0	0.18421052631578946	0.2777777777777778
1318540	0.0	0.0	0.6785714285714286	0.0	0.0	0.0	0.0	0.0	0.0	0.0	0.5190476190476191	0.0	0.0	0.0	0.5761904761904761	0.0	0.0	0.0	0.9476190476190476	0.0	0.0	0.0	0.0	0.0	0.0	0.0	0.0	0.0	0.0
419571	0.0	0.0	0.6908602150537635	0.4032258064516129	0.0	0.0	0.0	0.0	0.0	0.0	0.0	0.0	0.0	0.0	0.0	0.0	0.0	0.0	0.15053763440860216	0.0	0.0	0.0	0.0	0.20430107526881722	0.0	0.0	0.2849462365591398	0.0	0.0
277185	0.0	0.0	1.0	0.0	0.0	0.0	0.5518518518518518	0.0	0.0	0.0	0.0	0.0	0.0	0.0	0.0	0.0	0.0	0.0	0.9851851851851852	0.0	0.0	0.0	0.0	0.0	0.0	0.0	0.0	0.0	0.0
1576380	0.0	0.44	1.0	0.0	0.0	0.0	0.0	0.0	0.0	0.0	0.0	0.5253333333333333	0.0	0.0	0.0	0.0	0.0	0.0	0.9946666666666667	0.0	0.0	0.0	0.0	0.0	0.0	0.0	0.0	0.6853333333333333	0.0
1576381	0.4430379746835443	0.0	1.0	0.0	0.0	0.0	0.0	0.0	0.31856540084388185	0.0	0.0	0.0	0.0	0.0	0.0	0.339662447257384	0.0	0.3438818565400844	1.0	0.0	0.0	0.0	0.0	0.0	0.0	0.0	0.0	0.0	0.0
639523	0.0	0.0	0.7969624300559552	0.0	0.19904076738609114	0.0	0.0	0.0	0.0	0.0	0.0	0.0	0.0	0.0	0.0	0.42046362909672264	0.0	0.0	0.903277378097522	0.0	0.0	0.0	0.0	0.42046362909672264	0.0	0.0	0.0	0.0	0.0
722379	0.0	0.0	0.0	0.0	0.0	0.0	0.0	0.0	0.0	0.0	0.0	0.0	0.0	0.18546365914786966	0.0	0.37844611528822053	0.0	0.0	0.7819548872180451	0.0	0.0	0.0	0.0	0.5939849624060151	0.0	0.0	0.0	0.0	0.0
1009747	0.0	0.0	1.0	0.0	0.11403508771929824	0.0	0.0	0.0	0.0	0.0	0.0	0.0	0.0	0.5657894736842105	0.0	0.543859649122807	0.0	0.0	1.0	0.0	0.0	0.0	0.0	0.0	0.0	0.0	0.0	0.0	0.0
896473	0.0	0.0	0.39316239316239315	0.0	0.0	0.4081196581196581	0.0	0.0	0.0	0.0	0.0	0.0	0.0	0.0	0.0	0.1517094017094017	0.0	0.0	0.9529914529914529	0.0	0.0	0.0	0.0	0.0	0.0	0.0	0.0	0.0	0.0
1602079	0.0	0.0	0.9222903885480572	0.0	0.0	0.0	0.0	0.0	0.6912065439672802	0.0	0.0	0.0	0.0	0.0	0.0	0.20040899795501022	0.0	0.0	0.721881390593047	0.0	0.0	0.0	0.0	0.0	0.0	0.0	0.0	0.5357873210633947	0.0
978436	0.12979351032448377	0.0	0.7964601769911505	0.24778761061946902	0.0	0.0	0.0	0.0	0.0	0.0	0.0	0.0	0.0	0.22271386430678466	0.0	0.22271386430678466	0.0	0.0	0.8938053097345132	0.0	0.0	0.0	0.0	0.0	0.1504424778761062	0.0	0.0	0.0	0.0
1339456	0.0	0.0	0.6784869976359338	0.0	0.0	0.3557919621749409	0.0	0.0	0.0	0.0	0.15130023640661938	0.0	0.0	0.0	0.07328605200945626	0.0	0.06501182033096926	0.0	0.6666666666666666	0.0	0.0	0.0	0.0	0.35106382978723405	0.0	0.35697399527186763	0.0	0.0	0.0
1339455	0.0	0.0	1.0	0.0	0.2695035460992908	0.0	0.0	0.0	0.0	0.21418439716312057	0.11205673758865248	0.0	0.0	0.0	0.0	0.1276595744680851	0.7049645390070922	0.0	0.8879432624113475	0.0	0.0	0.0	0.0	0.0	0.0	0.0	0.0	0.0	0.0
751774	0.0	0.0	0.5601092896174863	0.412568306010929	0.0	0.2786885245901639	0.0	0.0	0.0	0.0	0.0	0.0	0.4098360655737705	0.0	0.0	0.32786885245901637	0.0	0.0	0.9426229508196722	0.2978142076502732	0.16393442622950818	0.0	0.0	0.07377049180327869	0.0	0.0	0.0	0.0	0.0
