key	WAM_ALR	WAM_CCR	WAM_IPI	WAM_MAR	WAM_MYS	WAM_PBL	WAM_PJN	WAM_PPR	WAM_PST	WAM_ROL	WAM_SCR	WAM_SGN	WAM_SIS	WAM_TWN	WAR_ALR	WAR_CCR	WAR_IPI	WAR_MAR	WAR_MYS	WAR_PBL	WAR_PJN	WAR_PPR	WAR_PSK	WAR_PST	WAR_RNW	WAR_ROL	WAR_SCR	WAR_SGL	WAR_SIS
177352	0.8938547486033519	1.0	0.7839851024208566	0.6815642458100558	0.8361266294227188	0.9925512104283054	1.0	0.9832402234636871	0.9646182495344506	0.9143389199255121	0.9534450651769087	1.0	0.7132216014897579	0.7392923649906891	0.8417132216014898	0.9869646182495344	1.0	0.9776536312849162	0.9646182495344506	1.0	1.0	1.0	0.9385474860335196	0.8324022346368715	0.8230912476722533	0.9366852886405959	0.9385474860335196	0.8472998137802608	1.0
324734	1.0	0.8174097664543525	0.7791932059447984	1.0	0.9808917197452229	1.0	1.0	1.0	0.8471337579617835	0.9872611464968153	0.9596602972399151	0.7197452229299363	0.6411889596602972	0.7006369426751592	0.8004246284501062	0.910828025477707	1.0	0.7006369426751592	0.9808917197452229	1.0	1.0	1.0	1.0	1.0	0.8768577494692145	1.0	1.0	0.9787685774946921	0.970276008492569
2791	0.7978142076502732	0.9672131147540983	0.5191256830601093	0.9426229508196722	0.0	0.7240437158469946	0.9398907103825137	0.9344262295081968	0.0	0.5901639344262295	1.0	1.0	0.46994535519125685	0.0	0.9344262295081968	0.9754098360655737	0.8142076502732241	1.0	0.6912568306010929	0.8907103825136612	0.7049180327868853	1.0	0.8387978142076503	0.8743169398907104	0.09836065573770492	0.7158469945355191	1.0	1.0	1.0
1414856	1.0	1.0	0.7253668763102725	1.0	1.0	1.0	0.9769392033542977	1.0	0.9937106918238994	0.9119496855345912	1.0	1.0	0.5136268343815513	0.7148846960167715	1.0	1.0	0.8050314465408805	1.0	1.0	1.0	1.0	1.0	1.0	1.0	1.0	1.0	1.0	1.0	1.0
1669963	1.0	1.0	0.9374288964732651	1.0	0.9988623435722411	0.9886234357224118	1.0	1.0	1.0	0.856655290102389	1.0	1.0	0.8031854379977247	0.7178612059158134	0.9567690557451649	1.0	0.8862343572241184	0.9943117178612059	0.8555176336746303	0.9954493742889647	1.0	1.0	0.9954493742889647	1.0	0.9931740614334471	0.9055745164960182	1.0	0.9112627986348123	0.7736063708759955
1669966	1.0	1.0	1.0	0.9962756052141527	0.8975791433891993	0.7430167597765364	0.8063314711359404	0.9683426443202979	1.0	1.0	0.8342644320297952	0.9888268156424581	0.9646182495344506	0.5381750465549349	1.0	1.0	0.9962756052141527	1.0	0.88268156424581	1.0	1.0	1.0	1.0	1.0	1.0	1.0	1.0	1.0	1.0
1669968	1.0	1.0	0.8645833333333334	0.9571759259259259	0.1840277777777778	0.9988425925925926	1.0	1.0	1.0	0.9618055555555556	1.0	1.0	0.3136574074074074	0.42592592592592593	0.8599537037037037	1.0	0.09027777777777778	1.0	0.7048611111111112	0.9444444444444444	0.9270833333333334	1.0	1.0	0.9363425925925926	0.9814814814814815	0.8587962962962963	1.0	1.0	0.9641203703703703
262289	0.8202898550724638	0.763768115942029	0.8797101449275362	0.7304347826086957	0.7710144927536232	0.7739130434782608	0.7333333333333333	0.636231884057971	1.0	0.7579710144927536	0.6942028985507246	0.7391304347826086	0.7536231884057971	0.3101449275362319	0.9173913043478261	1.0	0.21739130434782608	0.9507246376811594	0.47101449275362317	0.9637681159420289	0.8927536231884058	1.0	0.6115942028985507	0.827536231884058	0.7	0.7231884057971014	0.991304347826087	1.0	0.9217391304347826
1589097	1.0	1.0	0.924812030075188	1.0	1.0	1.0	0.9824561403508771	1.0	1.0	0.5764411027568922	1.0	1.0	0.7443609022556391	0.7017543859649122	0.9774436090225563	1.0	0.9799498746867168	1.0	1.0	1.0	0.7218045112781954	1.0	1.0	1.0	1.0	1.0	1.0	1.0	1.0
1316568	1.0	0.9613259668508287	0.6832412523020258	0.8084714548802947	1.0	0.4861878453038674	1.0	0.861878453038674	0.9502762430939227	1.0	1.0	1.0	1.0	0.7624309392265194	0.9521178637200737	0.992633517495396	0.7329650092081031	0.7458563535911602	0.9042357274401474	0.8324125230202578	1.0	0.8213627992633518	0.9410681399631676	0.8802946593001841	0.8011049723756906	1.0	1.0	0.996316758747698	1.0
556577	1.0	1.0	1.0	1.0	0.6	1.0	0.9894736842105263	1.0	1.0	1.0	1.0	1.0	0.7263157894736842	0.6491228070175439	1.0	1.0	0.7719298245614035	1.0	0.8421052631578947	1.0	1.0	1.0	1.0	1.0	1.0	0.9824561403508771	1.0	1.0	1.0
1238092	0.9880952380952381	1.0	1.0	0.9273809523809524	0.8035714285714286	1.0	1.0	1.0	1.0	1.0	1.0	1.0	0.6928571428571428	0.5535714285714286	0.9821428571428571	1.0	1.0	0.9833333333333333	1.0	1.0	1.0	1.0	1.0	1.0	1.0	1.0	1.0	1.0	1.0
1238093	1.0	1.0	0.7506561679790026	1.0	1.0	1.0	1.0	1.0	1.0	1.0	1.0	1.0	0.18635170603674542	0.4671916010498688	0.9553805774278216	1.0	1.0	1.0	0.9553805774278216	1.0	0.9868766404199475	1.0	1.0	1.0	1.0	1.0	1.0	1.0	1.0
731279	1.0	1.0	0.9900497512437811	1.0	0.6218905472636815	1.0	1.0	1.0	1.0	1.0	1.0	1.0	1.0	1.0	1.0	1.0	1.0	1.0	1.0	1.0	1.0	1.0	1.0	1.0	1.0	1.0	1.0	1.0	1.0
731280	1.0	1.0	1.0	1.0	1.0	1.0	1.0	0.9504132231404959	1.0	1.0	1.0	1.0	0.5895316804407713	0.7052341597796143	0.9944903581267218	1.0	0.768595041322314	1.0	1.0	1.0	0.7630853994490359	1.0	1.0	0.8512396694214877	1.0	1.0	1.0	1.0	1.0
569410	1.0	1.0	0.9726775956284153	1.0	0.9562841530054644	1.0	1.0	1.0	0.9972677595628415	0.9836065573770492	1.0	0.5765027322404371	0.5245901639344263	0.8469945355191257	0.5601092896174863	0.319672131147541	1.0	1.0	0.8360655737704918	1.0	1.0	1.0	0.9590163934426229	0.8387978142076503	1.0	1.0	1.0	1.0	1.0
569412	0.8542635658914729	0.9410852713178295	0.7534883720930232	0.8170542635658915	0.3689922480620155	0.7410852713178294	0.9829457364341085	1.0	0.6713178294573643	0.7255813953488373	0.7891472868217054	0.9720930232558139	0.41550387596899224	0.35038759689922483	1.0	0.9751937984496124	0.5441860465116279	0.937984496124031	0.48372093023255813	1.0	1.0	1.0	0.8806201550387597	0.9302325581395349	0.9891472868217054	0.9829457364341085	1.0	0.9410852713178295	1.0
196636	0.5412186379928315	1.0	0.7311827956989247	1.0	0.5089605734767025	0.2831541218637993	0.7311827956989247	1.0	1.0	1.0	0.5412186379928315	0.8458781362007168	0.0	0.4121863799283154	0.7275985663082437	0.8781362007168458	0.5089605734767025	0.9032258064516129	0.989247311827957	0.6953405017921147	0.4731182795698925	1.0	0.5985663082437276	1.0	0.6953405017921147	0.9032258064516129	1.0	0.967741935483871	0.4336917562724014
1410604	1.0	1.0	1.0	1.0	0.5234159779614325	0.977961432506887	1.0	1.0	1.0	0.8044077134986226	1.0	1.0	0.6528925619834711	1.0	1.0	1.0	0.7988980716253443	1.0	1.0	1.0	1.0	1.0	1.0	1.0	1.0	1.0	1.0	1.0	1.0
1465674	1.0	1.0	1.0	1.0	0.8674242424242424	1.0	1.0	1.0	1.0	1.0	1.0	1.0	1.0	1.0	1.0	1.0	1.0	1.0	1.0	1.0	1.0	1.0	1.0	1.0	1.0	1.0	1.0	1.0	0.9924242424242424
1301572	1.0	0.837037037037037	0.528395061728395	1.0	0.9308641975308642	0.8864197530864197	1.0	0.7679012345679013	1.0	0.9308641975308642	1.0	0.5802469135802469	1.0	1.0	0.9975308641975309	0.9827160493827161	1.0	0.6024691358024692	0.8518518518518519	1.0	1.0	1.0	1.0	1.0	0.9654320987654321	1.0	1.0	1.0	1.0
1530501	1.0	1.0	0.7990867579908676	1.0	1.0	1.0	1.0	1.0	1.0	0.8812785388127854	1.0	1.0	0.9954337899543378	0.1050228310502283	1.0	1.0	1.0	1.0	0.9954337899543378	1.0	1.0	1.0	1.0	0.8858447488584474	1.0	1.0	1.0	1.0	1.0
1411438	0.8290598290598291	1.0	1.0	1.0	0.9202279202279202	1.0	1.0	1.0	0.9629629629629629	1.0	1.0	1.0	0.2706552706552707	0.9857549857549858	0.9287749287749287	1.0	0.9145299145299145	1.0	1.0	1.0	0.9088319088319088	1.0	0.8917378917378918	1.0	0.7863247863247863	1.0	1.0	1.0	1.0
1297794	1.0	1.0	0.7750511247443763	1.0	0.6380368098159509	0.9918200408997955	1.0	1.0	1.0	0.852760736196319	1.0	1.0	0.9713701431492843	0.9918200408997955	0.7914110429447853	1.0	0.5357873210633947	0.803680981595092	1.0	1.0	0.9263803680981595	1.0	1.0	1.0	1.0	0.8773006134969326	1.0	0.9856850715746421	1.0
1297795	1.0	1.0	1.0	1.0	0.49134199134199136	0.8766233766233766	1.0	1.0	1.0	1.0	1.0	1.0	0.6948051948051948	0.974025974025974	1.0	1.0	0.6147186147186147	1.0	0.9935064935064936	1.0	1.0	1.0	1.0	1.0	1.0	1.0	1.0	1.0	1.0
1297789	0.7888888888888889	1.0	1.0	1.0	0.9481481481481482	0.937037037037037	1.0	1.0	1.0	0.022222222222222223	1.0	0.8814814814814815	0.8518518518518519	0.7333333333333333	1.0	1.0	1.0	0.9481481481481482	0.8814814814814815	1.0	1.0	1.0	1.0	1.0	1.0	0.9851851851851852	1.0	1.0	1.0
1297790	1.0	1.0	0.696	1.0	0.7933333333333333	0.976	0.9946666666666667	1.0	1.0	0.6933333333333334	1.0	0.86	0.20133333333333334	0.72	1.0	1.0	0.8506666666666667	0.9666666666666667	0.9586666666666667	0.9826666666666667	1.0	1.0	1.0	1.0	0.904	1.0	1.0	0.9186666666666666	1.0
1257639	0.8476411446249034	1.0	0.7950502706883217	0.8785769528228925	0.8074245939675174	0.8754833720030936	0.8979118329466357	0.8352668213457076	0.8460943542150039	0.7973704563031709	0.9118329466357309	0.9644238205723125	0.13070378963650425	0.2637277648878577	0.5390564578499614	0.860015467904099	0.45552977571539055	0.699922660479505	0.6047950502706884	0.8824439288476411	0.9110595514307811	1.0	0.6952822892498066	0.33023975251353443	0.9775715390564579	0.54292343387471	0.9450889404485692	0.7672080433101315	0.8499613302397525
371665	0.9102564102564102	1.0	1.0	0.6858974358974359	0.6602564102564102	0.9871794871794872	1.0	1.0	1.0	1.0	1.0	0.9209401709401709	0.7606837606837606	0.5641025641025641	1.0	0.9038461538461539	0.21153846153846154	0.8055555555555556	0.7457264957264957	1.0	1.0	1.0	1.0	1.0	0.9572649572649573	1.0	1.0	0.8269230769230769	1.0
558848	0.9926739926739927	0.8937728937728938	0.7032967032967034	0.4981684981684982	0.7912087912087912	0.7032967032967034	0.9926739926739927	0.967032967032967	0.4139194139194139	1.0	0.9010989010989011	0.7912087912087912	0.0	0.7838827838827839	0.8644688644688645	0.4908424908424908	1.0	0.8131868131868132	0.6959706959706959	0.9010989010989011	0.39194139194139194	0.7728937728937729	0.9926739926739927	0.7728937728937729	0.7728937728937729	0.6666666666666666	1.0	0.9926739926739927	0.7435897435897436
558849	0.9975845410628019	1.0	0.7898550724637681	1.0	1.0	0.9371980676328503	1.0	1.0	1.0	1.0	1.0	1.0	0.7270531400966184	0.7053140096618358	1.0	0.9734299516908212	0.9758454106280193	0.9710144927536232	1.0	1.0	0.9178743961352657	1.0	1.0	0.7053140096618358	0.7632850241545893	0.9033816425120773	1.0	1.0	0.9396135265700483
558851	1.0	1.0	1.0	1.0	1.0	1.0	1.0	1.0	1.0	1.0	1.0	1.0	0.9090909090909091	1.0	0.7575757575757576	1.0	1.0	1.0	0.9797979797979798	1.0	1.0	1.0	1.0	1.0	1.0	1.0	1.0	1.0	1.0
558852	1.0	1.0	1.0	1.0	1.0	1.0	1.0	1.0	0.935064935064935	1.0	1.0	1.0	1.0	0.7835497835497836	1.0	1.0	0.5324675324675324	1.0	0.4458874458874459	0.9696969696969697	1.0	1.0	1.0	1.0	1.0	1.0	1.0	1.0	1.0
558853	0.7371273712737128	1.0	0.8617886178861789	0.6314363143631436	0.33062330623306235	0.8346883468834688	1.0	1.0	0.9512195121951219	0.4742547425474255	1.0	1.0	0.8563685636856369	0.8590785907859079	1.0	0.6802168021680217	1.0	1.0	0.9132791327913279	1.0	1.0	1.0	0.9512195121951219	1.0	1.0	1.0	1.0	1.0	0.9376693766937669
558854	0.9391025641025641	0.7403846153846154	0.9583333333333334	0.9262820512820513	1.0	1.0	1.0	0.967948717948718	0.28205128205128205	0.0	1.0	1.0	0.5993589743589743	0.30448717948717946	1.0	1.0	0.3974358974358974	1.0	0.32371794871794873	1.0	0.6346153846153846	0.9487179487179487	1.0	0.6378205128205128	1.0	0.967948717948718	0.9775641025641025	1.0	1.0
774187	1.0	1.0	1.0	1.0	1.0	1.0	1.0	1.0	0.9545454545454546	0.9191919191919192	1.0	1.0	1.0	0.8484848484848485	1.0	1.0	1.0	1.0	0.9545454545454546	1.0	1.0	1.0	1.0	1.0	0.6060606060606061	1.0	1.0	1.0	1.0
265458	0.9685534591194969	0.9433962264150944	0.6616352201257861	0.9861635220125786	0.6188679245283019	0.9182389937106918	0.6830188679245283	0.9572327044025157	0.2993710691823899	0.9446540880503145	0.9446540880503145	0.9144654088050315	0.6955974842767295	0.6754716981132075	0.9622641509433962	0.8188679245283019	0.9257861635220126	0.8842767295597485	0.8226415094339623	0.8226415094339623	0.4918238993710692	0.9987421383647799	0.9081761006289308	0.9006289308176101	0.9635220125786164	0.8704402515723271	1.0	0.9006289308176101	0.9748427672955975
352111	0.37174721189591076	0.7286245353159851	0.0	0.08178438661710037	0.0	0.2701363073110285	0.0	0.6951672862453532	0.815365551425031	0.0	0.7385377942998761	0.6431226765799256	0.0	0.0	0.3742255266418835	0.6270136307311028	0.4708798017348203	0.7558859975216853	0.25650557620817843	0.5291201982651796	0.7509293680297398	0.7967781908302355	0.0	0.7955390334572491	0.37174721189591076	0.0	0.6121437422552665	0.3110285006195787	0.22924411400247832
366625	0.955026455026455	1.0	0.9828042328042328	1.0	0.8835978835978836	1.0	1.0	1.0	1.0	1.0	1.0	1.0	0.7407407407407407	0.9708994708994709	1.0	1.0	1.0	1.0	1.0	0.9338624338624338	1.0	1.0	0.9986772486772487	1.0	1.0	1.0	1.0	1.0	0.996031746031746
366631	1.0	0.9809523809523809	0.8785714285714286	1.0	0.9761904761904762	0.9357142857142857	1.0	0.9714285714285714	0.8404761904761905	0.9880952380952381	1.0	0.9904761904761905	0.35714285714285715	0.6785714285714286	0.8452380952380952	1.0	1.0	1.0	0.9714285714285714	1.0	0.9952380952380953	1.0	0.9833333333333333	1.0	0.8690476190476191	0.9833333333333333	1.0	1.0	1.0
371645	1.0	1.0	1.0	1.0	0.9720853858784894	1.0	1.0	1.0	1.0	1.0	1.0	1.0	0.819376026272578	1.0	1.0	1.0	1.0	0.9885057471264368	1.0	1.0	1.0	1.0	0.9786535303776683	1.0	1.0	1.0	1.0	1.0	1.0
371648	1.0	1.0	0.9625668449197861	1.0	1.0	1.0	1.0	1.0	1.0	0.9625668449197861	1.0	1.0	0.6524064171122995	0.49732620320855614	1.0	0.9376114081996435	1.0	1.0	0.9429590017825312	1.0	1.0	1.0	1.0	1.0	1.0	1.0	1.0	1.0	1.0
371656	1.0	1.0	1.0	1.0	0.8976449275362319	1.0	1.0	1.0	1.0	0.9375	1.0	1.0	0.7436594202898551	0.4601449275362319	1.0	1.0	1.0	1.0	0.7572463768115942	1.0	0.9846014492753623	1.0	0.9619565217391305	1.0	1.0	0.9456521739130435	1.0	1.0	1.0
1586101	1.0	1.0	0.9390363815142576	1.0	0.7738446411012783	0.7748279252704031	1.0	0.9773844641101278	0.9528023598820059	0.7944936086529006	1.0	0.9370698131760079	0.42674532940019666	0.9528023598820059	1.0	1.0	0.9233038348082596	0.9950835791543756	0.8377581120943953	0.8820058997050148	1.0	1.0	0.9852507374631269	1.0	0.8741396263520157	1.0	1.0	0.9724680432645034	0.9360865290068829
1586102	1.0	1.0	0.7328767123287672	1.0	0.8059360730593608	0.9851598173515982	1.0	1.0	1.0	0.5582191780821918	0.9634703196347032	1.0	0.9531963470319634	0.2694063926940639	0.9920091324200914	1.0	0.639269406392694	1.0	0.9680365296803652	1.0	1.0	1.0	1.0	1.0	0.8333333333333334	1.0	1.0	0.9691780821917808	1.0
526722	1.0	0.9305555555555556	0.8777777777777778	0.6527777777777778	0.9694444444444444	1.0	1.0	1.0	1.0	0.7944444444444444	1.0	1.0	0.525	0.9861111111111112	1.0	1.0	0.9416666666666667	1.0	1.0	1.0	1.0	1.0	1.0	1.0	1.0	1.0	1.0	1.0	1.0
526723	0.7973333333333333	0.7253333333333334	0.7973333333333333	0.4266666666666667	0.496	0.904	0.696	0.624	0.3626666666666667	0.0	0.8906666666666667	0.584	0.488	0.38133333333333336	0.8773333333333333	1.0	0.864	0.448	0.6906666666666667	1.0	0.352	0.936	0.8	1.0	0.7973333333333333	0.5546666666666666	0.9653333333333334	0.7706666666666667	0.936
526717	0.9751937984496124	1.0	0.7627906976744186	0.9674418604651163	0.8031007751937984	0.8403100775193798	1.0	0.9813953488372092	0.7023255813953488	0.641860465116279	0.951937984496124	1.0	0.6604651162790698	0.3674418604651163	0.9038759689922481	0.8449612403100775	0.6837209302325581	1.0	0.9364341085271318	1.0	1.0	1.0	1.0	1.0	0.9922480620155039	0.6666666666666666	1.0	1.0	1.0
526718	1.0	1.0	0.6350954478707783	0.8935389133627019	0.9008810572687225	0.8906020558002937	0.9816446402349486	0.9133627019089574	0.8076358296622613	0.9126284875183553	0.9684287812041116	0.9691629955947136	0.4618208516886931	0.31791483113069013	1.0	1.0	0.9875183553597651	0.9647577092511013	0.8847283406754772	0.8722466960352423	0.8810572687224669	0.9911894273127754	1.0	1.0	0.9647577092511013	0.9508076358296622	1.0	0.9823788546255506	0.8876651982378855
526719	0.7777777777777778	1.0	0.7735042735042735	0.7735042735042735	0.5790598290598291	0.5149572649572649	0.9914529914529915	1.0	1.0	0.10042735042735043	1.0	0.7158119658119658	0.4658119658119658	0.6217948717948718	0.7158119658119658	0.8568376068376068	0.5726495726495726	0.9273504273504274	0.6410256410256411	0.7649572649572649	0.9615384615384616	0.9957264957264957	0.42735042735042733	0.5	1.0	0.9572649572649573	1.0	0.9743589743589743	1.0
69094	0.8459119496855346	0.9943396226415094	0.6566037735849056	0.7861635220125787	0.8106918238993711	0.8672955974842768	1.0	1.0	0.8679245283018868	0.9389937106918239	0.9132075471698113	0.9867924528301887	0.45723270440251573	0.7641509433962265	0.9528301886792453	0.9427672955974843	0.8182389937106919	0.9490566037735849	0.9566037735849057	0.9924528301886792	0.9484276729559749	0.9459119496855346	1.0	0.9509433962264151	0.949685534591195	0.9981132075471698	1.0	0.9691823899371069	0.9779874213836478
1060707	1.0	0.4925925925925926	0.774074074074074	1.0	0.5814814814814815	0.0	1.0	0.6	1.0	1.0	1.0	1.0	1.0	1.0	1.0	1.0	1.0	1.0	1.0	1.0	1.0	1.0	1.0	1.0	0.8666666666666667	1.0	1.0	1.0	1.0
1348932	1.0	1.0	0.974	0.9033333333333333	0.9506666666666667	0.9926666666666667	1.0	1.0	0.9506666666666667	0.854	1.0	1.0	0.512	0.6566666666666666	1.0	0.9026666666666666	0.9326666666666666	1.0	0.8486666666666667	0.9866666666666667	0.9726666666666667	1.0	1.0	1.0	0.9726666666666667	1.0	0.9973333333333333	1.0	0.8193333333333334
