key	WAM_ALR	WAM_CCR	WAM_IPI	WAM_MAR	WAM_MYS	WAM_PBL	WAM_PJN	WAM_PPR	WAM_PST	WAM_ROL	WAM_SCR	WAM_SGN	WAM_SIS	WAM_TWN	WAR_ALR	WAR_CCR	WAR_IPI	WAR_MAR	WAR_MYS	WAR_PBL	WAR_PJN	WAR_PPR	WAR_PSK	WAR_PST	WAR_RNW	WAR_ROL	WAR_SCR	WAR_SGL	WAR_SIS
744721	1.0	1.0	0.9816666666666667	1.0	1.0	1.0	1.0	1.0	1.0	0.7483333333333333	1.0	1.0	0.7633333333333333	0.725	1.0	1.0	0.8933333333333333	1.0	0.8183333333333334	1.0	0.9483333333333334	1.0	0.7866666666666666	1.0	0.9066666666666666	0.9933333333333333	1.0	0.9716666666666667	0.9583333333333334
1608148	0.971042471042471	1.0	0.9105534105534105	0.9253539253539254	0.7657657657657657	0.9543114543114544	1.0	0.9993564993564994	0.8951093951093951	0.6422136422136422	0.9864864864864865	0.925997425997426	0.19433719433719435	0.859073359073359	0.9285714285714286	0.9929214929214929	0.9305019305019305	0.7194337194337195	0.9330759330759331	0.9922779922779923	0.8944658944658944	1.0	0.8487773487773488	0.9124839124839125	0.9485199485199485	0.9562419562419563	1.0	0.9858429858429858	0.8667953667953668
595919	1.0	1.0	0.975609756097561	0.9024390243902439	1.0	1.0	0.964769647696477	1.0	1.0	0.959349593495935	1.0	0.7777777777777778	0.5420054200542005	1.0	1.0	1.0	1.0	1.0	0.8373983739837398	1.0	0.7452574525745257	1.0	1.0	1.0	1.0	1.0	1.0	1.0	1.0
595920	1.0	1.0	0.9700176366843033	0.9753086419753086	1.0	0.9453262786596119	1.0	1.0	1.0	0.16225749559082892	1.0	1.0	0.5361552028218695	0.7954144620811288	1.0	1.0	0.9576719576719577	0.9400352733686067	1.0	1.0	1.0	1.0	0.9964726631393298	0.9417989417989417	1.0	1.0	1.0	1.0	0.8765432098765432
595921	0.9922480620155039	0.8837209302325582	0.8217054263565892	1.0	0.7674418604651163	0.18992248062015504	0.6976744186046512	0.9922480620155039	1.0	0.9728682170542635	0.7558139534883721	0.8410852713178295	0.0	0.45348837209302323	0.751937984496124	0.9108527131782945	0.6395348837209303	0.9069767441860465	0.8837209302325582	0.9806201550387597	0.31007751937984496	0.8449612403100775	1.0	0.7093023255813954	1.0	0.9147286821705426	0.9651162790697675	0.7674418604651163	0.0
595916	0.9770114942528736	0.2471264367816092	0.7471264367816092	0.896551724137931	0.9540229885057471	0.7586206896551724	0.4942528735632184	0.0	1.0	0.6551724137931034	0.4367816091954023	0.5574712643678161	0.0	0.8448275862068966	0.7586206896551724	0.6436781609195402	0.0	0.0	0.0	0.5574712643678161	0.4942528735632184	0.9540229885057471	0.8448275862068966	0.9942528735632183	0.29310344827586204	0.07471264367816093	0.9540229885057471	0.0	0.47126436781609193
595917	1.0	1.0	0.943952802359882	0.8633235004916421	0.8151425762045231	0.9960668633235005	1.0	1.0	0.960668633235005	0.7610619469026548	1.0	0.9724680432645034	0.5801376597836775	0.9636184857423795	0.7610619469026548	1.0	0.992133726647001	0.9292035398230089	0.943952802359882	0.9705014749262537	0.8534906588003933	1.0	0.9616519174041298	1.0	1.0	1.0	1.0	0.9990167158308751	0.9793510324483776
595918	0.8156565656565656	1.0	1.0	1.0	0.9545454545454546	1.0	1.0	1.0	1.0	0.9747474747474747	1.0	1.0	0.32323232323232326	1.0	1.0	1.0	0.9166666666666666	0.38636363636363635	1.0	0.8560606060606061	1.0	1.0	0.9040404040404041	1.0	1.0	1.0	1.0	1.0	1.0
534627	1.0	1.0	0.863013698630137	1.0	0.6986301369863014	1.0	1.0	1.0	0.8904109589041096	0.5159817351598174	1.0	0.8858447488584474	0.0273972602739726	0.319634703196347	1.0	1.0	1.0	0.9771689497716894	1.0	1.0	1.0	1.0	0.6712328767123288	0.9771689497716894	1.0	1.0	1.0	1.0	1.0
946720	0.9429735234215886	1.0	0.5478615071283096	0.7589952477936185	0.4650373387644263	0.9735234215885947	0.8649015614392397	0.9368635437881874	0.9674134419551935	0.4290563475899525	1.0	0.8492871690427699	0.6327223353699932	0.835030549898167	0.526816021724372	0.988458927359131	0.8764426340801086	0.7596741344195519	0.8492871690427699	0.748133061778683	0.9809911744738629	0.9273591310251188	0.5743380855397149	0.8139850644942295	0.9769178547182621	0.8078750848608283	0.9864222674813307	0.9212491513917176	0.8105906313645621
6507	0.0	0.5782828282828283	0.0	0.0	0.23484848484848486	0.0	0.0	0.0	0.0	0.4318181818181818	0.11616161616161616	0.0	0.0	0.0	0.0	0.42424242424242425	0.0	0.43686868686868685	0.0	0.4797979797979798	0.0	0.0	0.12626262626262627	0.3813131313131313	0.0	0.0	0.0	0.11363636363636363	0.0
1732512	0.951276102088167	0.9528228924980665	0.8020108275328693	0.908739365815932	0.7911832946635731	0.8074245939675174	0.951276102088167	1.0	1.0	0.34725444702242847	0.9938128383604021	1.0	0.5197215777262181	0.6821345707656613	0.9520494972931168	0.9860788863109049	0.9249806651198763	0.7904098994586234	0.8979118329466357	1.0	0.97138437741686	1.0	1.0	1.0	1.0	0.9992266047950503	1.0	1.0	0.8631090487238979
1245000	0.9375951293759512	1.0	0.7229832572298326	0.8964992389649924	0.7990867579908676	0.8888888888888888	0.9512937595129376	1.0	1.0	0.969558599695586	1.0	0.9315068493150684	0.2252663622526636	1.0	0.9604261796042618	0.9771689497716894	0.9360730593607306	0.9878234398782344	1.0	0.9908675799086758	0.9619482496194824	1.0	0.9786910197869102	1.0	0.9056316590563166	1.0	1.0	0.9680365296803652	0.817351598173516
1245002	0.7469135802469136	1.0	1.0	0.6172839506172839	0.8827160493827161	0.8477366255144033	1.0	1.0	1.0	0.8189300411522634	1.0	1.0	0.0	0.9403292181069959	0.9670781893004116	0.9382716049382716	0.808641975308642	0.8827160493827161	1.0	0.5267489711934157	0.9444444444444444	1.0	0.9053497942386831	1.0	0.8271604938271605	1.0	1.0	0.9794238683127572	0.7119341563786008
434995	1.0	1.0	0.8154269972451791	0.8016528925619835	0.9348025711662076	1.0	1.0	1.0	1.0	1.0	0.9972451790633609	1.0	0.6345270890725436	0.8108356290174472	0.9164370982552801	1.0	0.8640955004591369	0.9072543617998163	0.6611570247933884	1.0	0.898989898989899	1.0	0.9375573921028466	1.0	0.790633608815427	0.9430670339761249	1.0	0.8686868686868687	0.9421487603305785
1418880	0.9944444444444445	1.0	0.8703703703703703	1.0	0.8166666666666667	1.0	0.9722222222222222	1.0	1.0	0.4722222222222222	0.8925925925925926	1.0	0.8870370370370371	0.9833333333333333	0.5555555555555556	1.0	1.0	0.812962962962963	0.9925925925925926	1.0	1.0	1.0	1.0	0.924074074074074	0.9888888888888889	0.9185185185185185	1.0	1.0	1.0
1418882	0.8112947658402204	1.0	0.6666666666666666	1.0	0.9972451790633609	1.0	1.0	1.0	0.8636363636363636	0.9972451790633609	1.0	1.0	0.4986225895316804	0.9338842975206612	1.0	1.0	1.0	0.6928374655647382	0.9090909090909091	0.9573002754820936	1.0	1.0	1.0	0.9807162534435262	1.0	1.0	1.0	1.0	0.977961432506887
1418883	1.0	1.0	0.8556430446194225	1.0	1.0	1.0	1.0	1.0	0.800524934383202	0.6561679790026247	1.0	1.0	0.7716535433070866	1.0	1.0	1.0	0.7795275590551181	1.0	0.8713910761154856	1.0	1.0	1.0	1.0	1.0	1.0	1.0	1.0	1.0	1.0
1499090	0.8837209302325582	1.0	0.7612403100775194	0.9193798449612403	0.8976744186046511	1.0	1.0	1.0	1.0	0.462015503875969	0.9162790697674419	0.9798449612403101	0.26976744186046514	1.0	1.0	1.0	0.7007751937984497	0.39069767441860465	0.5596899224806201	1.0	0.9736434108527132	1.0	0.7906976744186046	0.9441860465116279	0.9891472868217054	1.0	1.0	0.9751937984496124	0.9488372093023256
645533	0.8373015873015873	1.0	0.998015873015873	0.9940476190476191	0.8849206349206349	0.7619047619047619	0.8035714285714286	0.9484126984126984	0.9265873015873016	0.36706349206349204	1.0	0.5337301587301587	0.2837301587301587	0.9642857142857143	0.8988095238095238	1.0	0.3630952380952381	1.0	0.6507936507936508	1.0	0.6130952380952381	1.0	0.8234126984126984	1.0	1.0	0.8888888888888888	1.0	1.0	0.6408730158730159
304616	1.0	1.0	0.9318734793187348	0.9829683698296837	0.5571776155717761	0.7737226277372263	0.8126520681265207	1.0	1.0	0.9513381995133819	1.0	1.0	0.0	0.36739659367396593	0.8929440389294404	1.0	1.0	0.9975669099756691	0.8126520681265207	0.7980535279805353	0.9318734793187348	1.0	0.9610705596107056	0.9927007299270073	1.0	1.0	1.0	0.9586374695863747	0.9124087591240876
304620	1.0	1.0	1.0	1.0	1.0	1.0	1.0	1.0	1.0	0.7713675213675214	1.0	0.9529914529914529	0.9358974358974359	0.8076923076923077	0.8824786324786325	1.0	0.9316239316239316	0.8696581196581197	1.0	0.7094017094017094	0.9444444444444444	1.0	0.9188034188034188	1.0	1.0	1.0	1.0	0.9700854700854701	1.0
304608	0.8500669344042838	0.9825970548862115	1.0	0.9410977242302544	0.8714859437751004	0.8447121820615796	1.0	1.0	1.0	0.8808567603748326	0.9236947791164659	1.0	0.9946452476572959	0.9531459170013387	1.0	1.0	0.892904953145917	0.8995983935742972	0.571619812583668	1.0	0.9263721552878179	1.0	1.0	1.0	0.927710843373494	0.9785809906291834	1.0	0.9089692101740294	1.0
1061956	1.0	1.0	1.0	1.0	0.8225806451612904	1.0	1.0	1.0	1.0	0.7043010752688172	1.0	0.5161290322580645	0.6666666666666666	0.0	1.0	1.0	0.967741935483871	1.0	0.5860215053763441	1.0	0.03763440860215054	1.0	1.0	1.0	1.0	1.0	1.0	1.0	1.0
50146	0.9219219219219219	1.0	0.8348348348348348	1.0	0.93993993993994	0.8438438438438438	1.0	1.0	1.0	0.4594594594594595	1.0	1.0	0.6966966966966966	0.9819819819819819	1.0	1.0	0.7057057057057057	1.0	0.9219219219219219	1.0	1.0	1.0	1.0	1.0	0.93993993993994	1.0	1.0	1.0	1.0
1656745	1.0	1.0	1.0	1.0	0.9225225225225225	0.9027027027027027	1.0	1.0	1.0	0.9225225225225225	1.0	1.0	0.8504504504504504	0.7837837837837838	1.0	1.0	1.0	0.6864864864864865	0.9207207207207208	1.0	1.0	1.0	1.0	1.0	0.8972972972972973	1.0	1.0	0.9369369369369369	1.0
304595	0.9354838709677419	1.0	0.8781362007168458	0.9014336917562724	0.7437275985663082	0.45161290322580644	0.6594982078853047	1.0	1.0	0.6146953405017921	1.0	1.0	0.7060931899641577	0.9838709677419355	0.8512544802867383	1.0	0.8709677419354839	0.9265232974910395	0.4731182795698925	1.0	1.0	1.0	0.8602150537634409	1.0	1.0	0.2670250896057348	1.0	1.0	0.9050179211469535
304597	1.0	1.0	0.9989106753812637	0.7941176470588235	0.5010893246187363	0.7625272331154684	1.0	0.9901960784313726	0.9466230936819172	0.3148148148148148	0.9215686274509803	0.8747276688453159	0.2636165577342048	0.6982570806100218	0.9172113289760349	0.9684095860566448	0.7625272331154684	0.3997821350762527	0.7342047930283224	0.8006535947712419	1.0	1.0	0.9912854030501089	0.9324618736383442	1.0	0.8725490196078431	1.0	0.7254901960784313	0.5272331154684096
304598	1.0	0.8700564971751412	0.8666666666666667	0.6655367231638418	0.34124293785310733	0.8926553672316384	1.0	0.9672316384180791	1.0	0.48926553672316386	0.9954802259887006	1.0	0.19322033898305085	0.5480225988700564	1.0	1.0	0.9661016949152542	1.0	0.63954802259887	0.7401129943502824	0.8169491525423729	0.96045197740113	0.8892655367231639	0.7661016949152543	1.0	0.8271186440677966	1.0	0.8779661016949153	0.5423728813559322
535275	1.0	1.0	1.0	1.0	0.9658119658119658	1.0	1.0	0.9636752136752137	1.0	1.0	1.0	0.9978632478632479	0.5213675213675214	0.7692307692307693	1.0	1.0	0.9017094017094017	1.0	0.8846153846153846	1.0	0.9594017094017094	1.0	1.0	1.0	1.0	1.0	1.0	0.9914529914529915	1.0
535276	1.0	1.0	1.0	0.9127906976744186	0.9922480620155039	0.936046511627907	1.0	1.0	1.0	0.5755813953488372	1.0	0.6085271317829457	0.7790697674418605	0.7538759689922481	0.6686046511627907	1.0	0.7674418604651163	0.751937984496124	0.5968992248062015	1.0	0.9069767441860465	1.0	0.8565891472868217	1.0	1.0	0.9108527131782945	1.0	0.8953488372093024	0.9437984496124031
1227850	1.0	1.0	1.0	1.0	0.9903846153846154	1.0	1.0	1.0	1.0	0.8846153846153846	1.0	1.0	0.483974358974359	0.9839743589743589	1.0	1.0	1.0	0.9391025641025641	1.0	1.0	1.0	1.0	1.0	1.0	0.47435897435897434	0.9871794871794872	1.0	1.0	0.8589743589743589
50159	0.6927536231884058	1.0	0.9455072463768116	0.9182608695652174	0.7136231884057971	0.8950724637681159	0.9756521739130435	0.9930434782608696	0.767536231884058	0.7582608695652174	0.9756521739130435	1.0	0.05333333333333334	0.8121739130434783	1.0	0.9542028985507246	0.7234782608695652	0.8359420289855073	0.7194202898550724	0.9953623188405797	0.9994202898550725	1.0	0.8371014492753623	0.9553623188405798	1.0	0.936231884057971	1.0	0.7559420289855072	0.896231884057971
437792	1.0	1.0	1.0	0.8229166666666666	1.0	0.7333333333333333	1.0	1.0	1.0	0.80625	1.0	1.0	0.84375	0.5333333333333333	1.0	1.0	1.0	0.5	1.0	1.0	1.0	1.0	1.0	1.0	0.9916666666666667	1.0	1.0	1.0	1.0
796795	0.5860215053763441	0.9946236559139785	0.978494623655914	0.43010752688172044	0.22580645161290322	0.8924731182795699	0.9946236559139785	0.5806451612903226	0.0	0.9354838709677419	0.8655913978494624	0.7634408602150538	0.4946236559139785	0.0	1.0	0.7043010752688172	0.7096774193548387	0.24193548387096775	0.2956989247311828	0.5645161290322581	0.989247311827957	1.0	0.9946236559139785	0.7634408602150538	0.6720430107526881	0.9946236559139785	1.0	1.0	0.44623655913978494
1676586	0.8717948717948718	1.0	1.0	1.0	1.0	1.0	1.0	1.0	1.0	0.04358974358974359	1.0	0.9743589743589743	0.5897435897435898	0.8692307692307693	1.0	1.0	1.0	1.0	1.0	1.0	1.0	1.0	1.0	1.0	1.0	0.958974358974359	1.0	1.0	0.6256410256410256
1656759	1.0	1.0	0.9777777777777777	1.0	1.0	1.0	1.0	1.0	0.9814814814814815	0.37407407407407406	1.0	1.0	0.4074074074074074	0.5	1.0	1.0	0.24074074074074073	0.6666666666666666	1.0	0.9296296296296296	1.0	1.0	1.0	1.0	1.0	1.0	1.0	1.0	0.8851851851851852
1656760	1.0	1.0	1.0	1.0	1.0	1.0	1.0	1.0	1.0	0.9047619047619048	1.0	1.0	0.88	0.8819047619047619	0.9961904761904762	1.0	1.0	0.7714285714285715	0.9752380952380952	1.0	1.0	1.0	0.9695238095238096	1.0	0.9523809523809523	0.9733333333333334	1.0	0.8514285714285714	0.8876190476190476
1656747	1.0	1.0	0.8287671232876712	1.0	0.9988584474885844	1.0	1.0	1.0	1.0	0.9897260273972602	0.9554794520547946	1.0	0.9657534246575342	0.66324200913242	1.0	1.0	0.8378995433789954	0.9794520547945206	1.0	1.0	1.0	1.0	0.9223744292237442	1.0	1.0	0.980593607305936	1.0	0.930365296803653	0.9703196347031964
1656754	1.0	1.0	1.0	1.0	1.0	1.0	0.8005464480874317	1.0	0.9207650273224044	0.8032786885245902	1.0	1.0	0.6857923497267759	1.0	0.8934426229508197	1.0	1.0	0.9863387978142076	1.0	1.0	0.9972677595628415	1.0	1.0	1.0	1.0	0.9453551912568307	1.0	0.22131147540983606	0.9918032786885246
744748	1.0	1.0	1.0	1.0	1.0	1.0	1.0	1.0	1.0	1.0	1.0	1.0	0.6891385767790262	1.0	0.8951310861423221	1.0	0.9138576779026217	1.0	1.0	1.0	1.0	1.0	0.9026217228464419	0.9625468164794008	1.0	0.850187265917603	1.0	1.0	0.8951310861423221
744730	1.0	1.0	1.0	0.7622739018087855	1.0	1.0	1.0	1.0	1.0	0.8165374677002584	0.8682170542635659	0.9198966408268734	0.5219638242894057	0.10335917312661498	1.0	1.0	1.0	1.0	0.6640826873385013	1.0	1.0	1.0	1.0	0.9974160206718347	1.0	1.0	1.0	1.0	1.0
744732	1.0	1.0	0.9	1.0	1.0	1.0	1.0	1.0	1.0	0.2777777777777778	1.0	1.0	0.9629629629629629	0.21851851851851853	1.0	1.0	1.0	1.0	1.0	1.0	1.0	1.0	0.825925925925926	1.0	0.6444444444444445	0.7444444444444445	1.0	0.9666666666666667	0.5
917082	0.9756944444444444	1.0	1.0	0.8715277777777778	0.7916666666666666	1.0	1.0	1.0	1.0	0.6145833333333334	1.0	1.0	0.18055555555555555	1.0	1.0	1.0	0.9791666666666666	0.7847222222222222	1.0	1.0	1.0	1.0	1.0	1.0	1.0	1.0	1.0	1.0	1.0
752423	0.3787878787878788	1.0	0.4444444444444444	1.0	1.0	1.0	0.5757575757575758	0.5303030303030303	1.0	1.0	1.0	1.0	0.7323232323232324	0.7474747474747475	1.0	1.0	0.0	0.898989898989899	1.0	0.20202020202020202	1.0	1.0	0.7727272727272727	1.0	1.0	0.6565656565656566	1.0	1.0	1.0
752424	0.9971751412429378	1.0	0.7457627118644068	1.0	0.8926553672316384	1.0	1.0	1.0	1.0	0.4661016949152542	1.0	0.9124293785310734	0.0	0.9745762711864406	1.0	1.0	0.8107344632768362	0.867231638418079	0.8361581920903954	1.0	1.0	1.0	0.5254237288135594	1.0	1.0	1.0	1.0	0.4632768361581921	1.0
71067	0.994729907773386	1.0	1.0	1.0	0.8563899868247694	0.8761528326745718	1.0	1.0	0.8616600790513834	0.7299077733860343	0.8432147562582345	1.0	0.6772068511198946	1.0	0.8893280632411067	1.0	0.9235836627140975	0.852437417654809	0.9393939393939394	1.0	0.997364953886693	1.0	0.8590250329380764	1.0	0.7312252964426877	0.83399209486166	1.0	0.9367588932806324	0.8023715415019763
1697591	0.9604261796042618	1.0	1.0	1.0	0.9178082191780822	1.0	1.0	1.0	0.9558599695585996	0.7473363774733638	1.0	0.9147640791476408	0.4140030441400304	0.8493150684931506	0.9528158295281582	1.0	0.5570776255707762	0.9010654490106544	1.0	0.969558599695586	1.0	1.0	0.8706240487062404	1.0	1.0	0.558599695585997	1.0	1.0	0.9497716894977168
1697596	1.0	1.0	0.8218954248366013	1.0	0.9411764705882353	1.0	1.0	1.0	1.0	0.9199346405228758	1.0	0.696078431372549	0.8856209150326797	0.9509803921568627	0.9950980392156863	1.0	1.0	1.0	1.0	0.9591503267973857	0.9199346405228758	1.0	1.0	0.8333333333333334	1.0	1.0	1.0	1.0	0.8366013071895425
47814	1.0	1.0	0.9492753623188406	1.0	0.8695652173913043	0.9376811594202898	1.0	1.0	0.9550724637681159	0.981159420289855	0.927536231884058	0.9420289855072463	0.11594202898550725	0.9188405797101449	0.7333333333333333	1.0	1.0	1.0	0.9043478260869565	1.0	1.0	1.0	1.0	0.8927536231884058	1.0	1.0	1.0	1.0	0.9173913043478261
47819	1.0	1.0	0.9273927392739274	1.0	1.0	0.858085808580858	1.0	1.0	0.7656765676567657	0.4389438943894389	1.0	1.0	0.22772277227722773	0.8877887788778878	1.0	1.0	0.8745874587458746	0.9108910891089109	1.0	0.9603960396039604	1.0	1.0	1.0	1.0	1.0	0.9933993399339934	1.0	1.0	1.0
47820	1.0	1.0	0.9023354564755839	1.0	0.910828025477707	0.9426751592356688	1.0	1.0	1.0	0.7940552016985138	1.0	1.0	0.8301486199575372	0.5923566878980892	1.0	1.0	0.9235668789808917	0.7685774946921444	1.0	0.9235668789808917	1.0	1.0	0.9363057324840764	1.0	0.9384288747346072	0.5265392781316348	1.0	1.0	0.8874734607218684
2333	0.9991809991809992	0.9983619983619983	0.7076167076167076	0.9983619983619983	0.9156429156429157	0.914004914004914	0.9025389025389026	1.0	0.9623259623259623	0.8181818181818182	0.9672399672399672	1.0	0.3521703521703522	0.9443079443079443	0.954954954954955	0.9148239148239148	0.7215397215397216	0.9959049959049959	0.8632268632268633	0.9484029484029484	0.8427518427518428	0.9901719901719902	0.9238329238329238	1.0	0.9475839475839476	0.959049959049959	1.0	0.6928746928746928	0.9754299754299754
2334	0.9433962264150944	1.0	0.8197064989517819	1.0	0.7610062893081762	1.0	1.0	1.0	1.0	0.7274633123689728	0.9245283018867925	0.9580712788259959	0.8909853249475891	0.9454926624737946	1.0	1.0	0.9329140461215933	0.9433962264150944	0.960167714884696	0.8511530398322851	1.0	1.0	1.0	1.0	0.9329140461215933	1.0	1.0	0.960167714884696	1.0
2337	1.0	1.0	1.0	1.0	1.0	1.0	1.0	0.9805555555555555	1.0	1.0	1.0	1.0	0.9555555555555556	0.9277777777777778	1.0	1.0	0.9861111111111112	1.0	1.0	0.95	0.8777777777777778	1.0	1.0	1.0	1.0	0.8583333333333333	1.0	1.0	1.0
2338	0.951310861423221	1.0	0.9962546816479401	1.0	0.7883895131086143	1.0	0.9569288389513109	1.0	1.0	0.8745318352059925	1.0	1.0	0.5074906367041199	0.8745318352059925	1.0	1.0	1.0	0.897003745318352	1.0	0.8314606741573034	1.0	1.0	0.653558052434457	0.6123595505617978	1.0	0.6198501872659176	1.0	0.7453183520599251	0.8764044943820225
2339	0.8671679197994987	1.0	1.0	1.0	0.8070175438596491	0.9949874686716792	1.0	1.0	1.0	0.7017543859649122	1.0	1.0	0.924812030075188	0.9147869674185464	1.0	1.0	1.0	0.3483709273182957	0.9523809523809523	1.0	1.0	0.9949874686716792	1.0	1.0	1.0	0.6666666666666666	1.0	1.0	0.7969924812030075
2341	1.0	1.0	0.9175824175824175	1.0	0.9413919413919414	1.0	1.0	1.0	1.0	1.0	1.0	1.0	0.21794871794871795	1.0	1.0	1.0	0.9725274725274725	0.8754578754578755	1.0	1.0	0.9743589743589743	1.0	1.0	1.0	0.9413919413919414	0.9267399267399268	1.0	1.0	0.2765567765567766
2342	1.0	1.0	0.6352201257861635	0.9779874213836478	0.8459119496855346	0.6635220125786163	1.0	0.9528301886792453	1.0	1.0	0.6383647798742138	0.9779874213836478	0.41823899371069184	0.4276729559748428	1.0	1.0	0.3333333333333333	0.5974842767295597	0.9559748427672956	0.9685534591194969	1.0	1.0	0.8647798742138365	1.0	0.7515723270440252	0.610062893081761	1.0	1.0	0.46226415094339623
2343	0.8319783197831978	1.0	1.0	1.0	0.9376693766937669	0.9512195121951219	1.0	1.0	1.0	1.0	1.0	0.981029810298103	0.42276422764227645	0.948509485094851	0.8997289972899729	1.0	0.978319783197832	1.0	1.0	0.7398373983739838	1.0	1.0	0.8536585365853658	1.0	1.0	0.9349593495934959	1.0	1.0	0.94579945799458
2344	0.5284552845528455	1.0	0.6341463414634146	1.0	0.5894308943089431	0.8170731707317073	1.0	1.0	1.0	1.0	1.0	1.0	0.08130081300813008	0.8333333333333334	1.0	1.0	0.44308943089430897	1.0	0.5772357723577236	1.0	1.0	1.0	1.0	1.0	1.0	0.6341463414634146	1.0	1.0	1.0
2345	1.0	1.0	0.9074074074074074	1.0	0.7824074074074074	1.0	1.0	1.0	0.35185185185185186	0.8287037037037037	1.0	1.0	0.5509259259259259	0.6759259259259259	1.0	1.0	0.7777777777777778	1.0	0.0	0.9861111111111112	1.0	1.0	0.7314814814814815	1.0	1.0	0.8240740740740741	1.0	0.9675925925925926	0.7870370370370371
2346	1.0	1.0	0.8785714285714286	0.8476190476190476	1.0	0.9095238095238095	1.0	1.0	0.8357142857142857	0.8142857142857143	0.8595238095238096	0.8833333333333333	0.40476190476190477	1.0	0.8833333333333333	1.0	1.0	0.7	0.9666666666666667	0.95	1.0	1.0	0.9214285714285714	1.0	1.0	0.9880952380952381	1.0	0.9333333333333333	0.6333333333333333
2347	0.9497126436781609	1.0	0.9037356321839081	1.0	1.0	0.9482758620689655	1.0	1.0	0.9985632183908046	0.8362068965517241	1.0	1.0	0.4827586206896552	1.0	0.6882183908045977	1.0	1.0	1.0	1.0	0.9310344827586207	1.0	1.0	1.0	1.0	0.8275862068965517	1.0	1.0	0.9123563218390804	1.0
2348	1.0	1.0	1.0	1.0	0.6481481481481481	1.0	1.0	1.0	0.9682539682539683	0.25132275132275134	1.0	1.0	0.5661375661375662	0.798941798941799	0.9656084656084656	1.0	0.9391534391534392	1.0	0.5873015873015873	0.6640211640211641	1.0	1.0	1.0	1.0	0.6481481481481481	0.8095238095238095	1.0	0.6957671957671958	1.0
2349	1.0	1.0	1.0	1.0	0.6956521739130435	0.8405797101449275	1.0	1.0	1.0	0.9891304347826086	1.0	1.0	1.0	0.8043478260869565	1.0	1.0	1.0	0.9057971014492754	0.9202898550724637	0.8260869565217391	1.0	1.0	1.0	1.0	0.6884057971014492	1.0	1.0	1.0	1.0
2350	1.0	0.9963636363636363	0.7818181818181819	1.0	0.9527272727272728	0.9963636363636363	1.0	1.0	1.0	0.9818181818181818	1.0	1.0	0.5890909090909091	0.9478787878787879	0.703030303030303	1.0	0.7551515151515151	0.5066666666666667	0.18303030303030304	0.9963636363636363	1.0	1.0	0.9563636363636364	0.9696969696969697	1.0	0.9454545454545454	1.0	1.0	0.9030303030303031
2351	0.9510703363914373	1.0	0.9235474006116208	1.0	0.7522935779816514	1.0	1.0	1.0	1.0	0.6636085626911316	0.7033639143730887	1.0	0.0	0.5932721712538226	1.0	1.0	0.9174311926605505	0.8379204892966361	0.7400611620795107	1.0	0.7920489296636085	1.0	1.0	1.0	1.0	1.0	1.0	1.0	1.0
2352	0.9253968253968254	1.0	0.8825396825396825	0.9619047619047619	0.8634920634920635	0.9587301587301588	1.0	1.0	0.7095238095238096	0.3968253968253968	0.9396825396825397	1.0	0.22380952380952382	0.04285714285714286	1.0	0.9746031746031746	1.0	0.9317460317460318	0.719047619047619	0.926984126984127	1.0	1.0	0.9888888888888889	0.946031746031746	0.7031746031746032	0.8666666666666667	1.0	1.0	1.0
2353	1.0	1.0	0.854916067146283	0.9628297362110312	0.9256594724220624	0.8273381294964028	1.0	1.0	0.7122302158273381	0.7050359712230215	0.973621103117506	1.0	0.7134292565947242	0.658273381294964	0.9664268585131894	1.0	0.8225419664268585	1.0	0.8249400479616307	0.920863309352518	1.0	1.0	0.9364508393285371	1.0	1.0	1.0	1.0	0.7470023980815348	0.737410071942446
2354	0.6375404530744336	1.0	0.9773462783171522	1.0	0.39805825242718446	0.7508090614886731	1.0	1.0	1.0	0.627831715210356	1.0	0.7864077669902912	0.10355987055016182	1.0	0.8673139158576052	1.0	0.5954692556634305	1.0	0.8705501618122977	0.8446601941747572	1.0	1.0	1.0	0.8576051779935275	1.0	0.7864077669902912	1.0	0.7766990291262136	0.7605177993527508
574835	0.989517819706499	0.9958071278825996	0.7987421383647799	0.8480083857442348	0.8616352201257862	0.9171907756813418	0.9486373165618449	0.8563941299790356	0.9905660377358491	0.90041928721174	1.0	0.9444444444444444	0.2693920335429769	0.8574423480083857	0.9706498951781971	1.0	0.8542976939203354	0.8312368972746331	0.8029350104821803	0.9989517819706499	0.9119496855345912	1.0	0.9192872117400419	1.0	0.8406708595387841	0.9654088050314465	1.0	1.0	0.839622641509434
