key	WAM_ALR	WAM_CCR	WAM_IPI	WAM_MAR	WAM_MYS	WAM_PBL	WAM_PJN	WAM_PPR	WAM_PST	WAM_ROL	WAM_SCR	WAM_SGN	WAM_SIS	WAM_TWN	WAR_ALR	WAR_CCR	WAR_IPI	WAR_MAR	WAR_MYS	WAR_PBL	WAR_PJN	WAR_PPR	WAR_PSK	WAR_PST	WAR_RNW	WAR_ROL	WAR_SCR	WAR_SGL	WAR_SIS
1419001	0.9393939393939394	1.0	1.0	0.9515151515151515	0.2787878787878788	1.0	1.0	1.0	1.0	1.0	0.706060606060606	1.0	0.5969696969696969	0.3333333333333333	1.0	1.0	1.0	1.0	1.0	1.0	1.0	1.0	1.0	1.0	1.0	1.0	1.0	1.0	1.0
1420496	1.0	0.941351150705271	1.0	0.9235337787676318	0.7312546399406088	0.4795842613214551	0.8329621380846325	0.8923533778767632	0.9510022271714922	0.9806978470675576	0.9606533036377134	0.9829250185597624	0.7512991833704529	0.4357832219747587	1.0	1.0	1.0	1.0	1.0	1.0	1.0	1.0	1.0	0.9784706755753526	1.0	1.0	1.0	1.0	1.0
1314146	1.0	0.981159420289855	0.946376811594203	0.9492753623188406	1.0	0.4449275362318841	1.0	0.43768115942028984	1.0	0.972463768115942	1.0	0.16521739130434782	0.3782608695652174	0.5753623188405798	1.0	1.0	1.0	1.0	1.0	1.0	1.0	1.0	1.0	1.0	1.0	1.0	1.0	0.9971014492753624	1.0
1314149	1.0	1.0	1.0	1.0	1.0	1.0	0.8614232209737828	1.0	1.0	1.0	0.9925093632958801	1.0	0.35580524344569286	0.0	1.0	1.0	1.0	0.9775280898876404	1.0	0.9887640449438202	1.0	1.0	1.0	0.8651685393258427	1.0	1.0	1.0	1.0	1.0
1070648	0.9453551912568307	0.6885245901639344	1.0	0.912568306010929	1.0	0.8852459016393442	0.9590163934426229	0.907103825136612	1.0	1.0	0.366120218579235	0.4562841530054645	0.28688524590163933	0.0	1.0	0.9562841530054644	1.0	1.0	1.0	0.7213114754098361	1.0	1.0	0.8333333333333334	1.0	1.0	1.0	1.0	1.0	1.0
1074623	0.9372197309417041	0.9603886397608371	0.8714499252615845	0.9080717488789237	0.8766816143497758	0.5298953662182362	0.8363228699551569	0.6913303437967115	0.7316890881913304	0.9364723467862481	0.7234678624813154	0.5829596412556054	0.3064275037369208	0.17862481315396114	0.9581464872944694	0.9372197309417041	0.9977578475336323	0.7137518684603886	1.0	0.9992526158445441	0.9603886397608371	1.0	0.9783258594917787	0.9865470852017937	0.9663677130044843	0.9028400597907325	1.0	0.9364723467862481	1.0
1115701	1.0	1.0	1.0	0.8634751773049646	0.9166666666666666	0.8209219858156028	1.0	0.5319148936170213	1.0	0.9840425531914894	0.6595744680851063	0.9113475177304965	0.5354609929078015	0.03900709219858156	1.0	1.0	1.0	1.0	1.0	1.0	0.9858156028368794	1.0	1.0	1.0	0.5868794326241135	1.0	1.0	1.0	1.0
228934	0.9147956246401843	0.7875647668393783	1.0	0.6689694876223373	0.9562464018422567	0.6154289004029937	0.9464594127806563	0.7219343696027634	0.9476108232584917	0.9401266551525619	0.8762233736327001	0.9769717904432931	0.46286701208981	0.0	1.0	1.0	1.0	1.0	1.0	1.0	1.0	1.0	1.0	1.0	0.9902130109383995	1.0	0.9902130109383995	1.0	1.0
797259	1.0	1.0	1.0	0.8292929292929293	0.98989898989899	0.9696969696969697	1.0	0.804040404040404	0.996969696969697	0.996969696969697	0.8818181818181818	0.8636363636363636	0.0	0.44646464646464645	1.0	1.0	1.0	1.0	1.0	1.0	1.0	1.0	1.0	0.98989898989899	1.0	1.0	1.0	1.0	1.0
797260	1.0	1.0	1.0	1.0	1.0	1.0	1.0	0.868766404199475	0.9606299212598425	1.0	0.8320209973753281	0.8713910761154856	0.0	0.0	1.0	1.0	1.0	1.0	1.0	1.0	0.963254593175853	1.0	0.7559055118110236	1.0	0.9422572178477691	1.0	1.0	1.0	1.0
797262	1.0	1.0	1.0	0.7692307692307693	0.8482905982905983	0.6923076923076923	0.811965811965812	0.9957264957264957	0.6346153846153846	0.8824786324786325	1.0	0.7670940170940171	0.0	0.0	1.0	1.0	1.0	1.0	1.0	1.0	1.0	1.0	1.0	1.0	1.0	1.0	1.0	1.0	1.0
1310834	1.0	1.0	1.0	1.0	1.0	0.7565217391304347	1.0	1.0	1.0	0.936231884057971	0.4289855072463768	1.0	0.8521739130434782	0.0	1.0	1.0	1.0	1.0	1.0	1.0	0.9565217391304348	1.0	1.0	0.9507246376811594	0.7304347826086957	1.0	1.0	1.0	1.0
1310835	1.0	1.0	1.0	1.0	0.9373433583959899	1.0	1.0	0.6616541353383458	1.0	0.8571428571428571	0.8596491228070176	0.5864661654135338	0.5714285714285714	0.5588972431077694	1.0	1.0	1.0	1.0	1.0	1.0	0.9573934837092731	1.0	1.0	1.0	0.9373433583959899	1.0	1.0	1.0	1.0
1310838	1.0	1.0	1.0	0.7613636363636364	1.0	0.3162878787878788	1.0	0.5625	0.8257575757575758	0.9053030303030303	0.8087121212121212	0.9034090909090909	0.5056818181818182	0.032196969696969696	1.0	1.0	1.0	1.0	0.9147727272727273	0.8276515151515151	0.9715909090909091	1.0	1.0	0.990530303030303	1.0	1.0	1.0	1.0	1.0
1310840	1.0	0.3923076923076923	0.882051282051282	0.9153846153846154	0.7974358974358975	0.2948717948717949	1.0	0.4666666666666667	0.823076923076923	0.7717948717948718	1.0	0.1076923076923077	0.33076923076923076	0.04358974358974359	1.0	1.0	1.0	1.0	1.0	1.0	0.9794871794871794	1.0	1.0	1.0	0.9897435897435898	1.0	1.0	1.0	1.0
1310841	1.0	1.0	1.0	1.0	0.9603603603603603	0.9171171171171171	0.8324324324324325	0.6414414414414414	0.9369369369369369	0.7495495495495496	0.4252252252252252	0.8252252252252252	0.4918918918918919	0.218018018018018	0.9711711711711711	1.0	1.0	0.9963963963963964	1.0	1.0	1.0	1.0	1.0	0.7063063063063063	1.0	1.0	1.0	1.0	1.0
1310847	1.0	1.0	1.0	1.0	0.8904761904761904	0.4880952380952381	1.0	0.7880952380952381	0.6833333333333333	0.8952380952380953	0.49047619047619045	0.7976190476190477	0.5023809523809524	0.0	1.0	1.0	1.0	0.8047619047619048	1.0	0.9976190476190476	1.0	1.0	1.0	1.0	0.9595238095238096	1.0	1.0	1.0	1.0
1310848	1.0	0.9885773624091381	1.0	1.0	0.994288681204569	0.7824506749740394	0.9641744548286605	0.6905503634475597	0.994288681204569	1.0	0.9018691588785047	0.9039460020768432	0.4636552440290758	0.23727933541017654	1.0	1.0	1.0	0.9740394600207685	0.9885773624091381	0.9418483904465212	0.9392523364485982	1.0	0.980269989615784	0.9984423676012462	0.9906542056074766	1.0	1.0	0.9652128764278297	1.0
1310824	1.0	1.0	0.9817204301075269	0.8881720430107527	0.9817204301075269	0.110752688172043	1.0	0.964516129032258	0.6408602150537634	1.0	0.8763440860215054	0.9236559139784947	0.1978494623655914	0.0	1.0	1.0	1.0	0.8903225806451613	1.0	0.9849462365591398	0.986021505376344	1.0	1.0	1.0	0.9989247311827957	1.0	1.0	1.0	1.0
1310825	0.9965870307167235	0.8521046643913538	1.0	0.8225255972696246	1.0	0.782707622298066	1.0	0.7542662116040956	1.0	0.9908987485779295	0.47440273037542663	0.944254835039818	0.5119453924914675	0.5096700796359499	1.0	1.0	1.0	0.9226393629124005	1.0	0.9920364050056882	0.9954493742889647	1.0	0.9271899886234357	0.9328782707622298	0.8339021615472128	1.0	1.0	1.0	1.0
1310826	1.0	0.9347079037800687	1.0	0.5979381443298969	1.0	1.0	1.0	0.0	1.0	1.0	0.6460481099656358	0.8247422680412371	1.0	0.03436426116838488	1.0	1.0	1.0	0.4570446735395189	1.0	1.0	1.0	1.0	1.0	0.9656357388316151	0.6082474226804123	1.0	1.0	1.0	1.0
1310828	1.0	0.7134146341463414	1.0	0.959349593495935	0.9044715447154471	0.27235772357723576	1.0	1.0	1.0	0.573170731707317	1.0	0.9573170731707317	0.0	0.2459349593495935	1.0	1.0	1.0	0.8414634146341463	1.0	1.0	1.0	1.0	1.0	1.0	0.975609756097561	1.0	1.0	1.0	1.0
1310829	1.0	0.6971428571428572	1.0	0.9485714285714286	0.8857142857142857	0.03428571428571429	0.9561904761904761	0.9104761904761904	1.0	0.9885714285714285	0.7923809523809524	1.0	0.2876190476190476	0.8342857142857143	1.0	0.9961904761904762	1.0	1.0	1.0	1.0	1.0	1.0	1.0	1.0	0.9733333333333334	1.0	1.0	1.0	1.0
1310830	1.0	0.8649425287356322	1.0	0.9841954022988506	1.0	0.7729885057471264	1.0	1.0	0.8649425287356322	0.6939655172413793	0.6120689655172413	0.8620689655172413	0.2744252873563218	0.2974137931034483	1.0	1.0	1.0	0.9612068965517241	1.0	0.985632183908046	1.0	1.0	1.0	1.0	1.0	1.0	1.0	1.0	1.0
1310831	1.0	1.0	1.0	1.0	0.4852941176470588	0.9068627450980392	1.0	0.0784313725490196	1.0	1.0	1.0	0.6911764705882353	1.0	0.8676470588235294	1.0	1.0	1.0	1.0	1.0	1.0	1.0	1.0	1.0	1.0	1.0	1.0	1.0	1.0	1.0
1070649	1.0	1.0	1.0	0.946236559139785	0.9849462365591398	1.0	1.0	0.7741935483870968	1.0	0.9956989247311828	0.9720430107526882	0.7698924731182796	0.3956989247311828	0.421505376344086	1.0	1.0	1.0	1.0	1.0	1.0	1.0	1.0	1.0	1.0	1.0	1.0	1.0	1.0	1.0
1070650	1.0	1.0	1.0	1.0	1.0	0.5941043083900227	1.0	0.8049886621315193	0.927437641723356	1.0	0.9682539682539683	0.9297052154195011	0.8163265306122449	0.18594104308390022	1.0	1.0	1.0	1.0	1.0	0.9455782312925171	1.0	1.0	1.0	1.0	0.9546485260770975	1.0	1.0	1.0	1.0
548326	1.0	0.88003663003663	1.0	0.8653846153846154	0.9358974358974359	0.6501831501831502	1.0	0.6483516483516484	0.8937728937728938	0.9441391941391941	0.9880952380952381	0.8635531135531136	0.31868131868131866	0.0	1.0	1.0	1.0	0.9322344322344323	1.0	1.0	0.9258241758241759	1.0	1.0	0.9194139194139194	1.0	1.0	1.0	1.0	1.0
1277370	1.0	0.9583333333333334	1.0	0.9292929292929293	0.8863636363636364	0.8446969696969697	0.8087121212121212	0.9419191919191919	1.0	1.0	0.9368686868686869	0.9286616161616161	0.5138888888888888	0.5031565656565656	1.0	1.0	1.0	1.0	1.0	1.0	0.9835858585858586	1.0	0.9924242424242424	1.0	0.7487373737373737	1.0	1.0	1.0	1.0
1420338	1.0	1.0	1.0	0.8641304347826086	0.8840579710144928	0.4673913043478261	1.0	0.5561594202898551	1.0	0.9891304347826086	0.7028985507246377	0.980072463768116	0.23731884057971014	0.427536231884058	1.0	1.0	1.0	1.0	1.0	1.0	0.9384057971014492	1.0	1.0	1.0	0.9384057971014492	1.0	1.0	0.9619565217391305	0.9981884057971014
1420462	1.0	1.0	1.0	0.9879518072289156	0.7831325301204819	0.8955823293172691	0.8072289156626506	1.0	1.0	1.0	0.7188755020080321	1.0	0.25301204819277107	0.357429718875502	1.0	1.0	1.0	1.0	1.0	0.8192771084337349	1.0	1.0	0.8875502008032129	1.0	1.0	1.0	1.0	1.0	1.0
1036496	0.8038095238095239	0.7771428571428571	1.0	0.7885714285714286	1.0	0.9542857142857143	1.0	0.9828571428571429	0.2761904761904762	0.5485714285714286	0.6952380952380952	0.6666666666666666	0.0	0.0	1.0	0.9257142857142857	1.0	0.9485714285714286	1.0	0.9923809523809524	1.0	1.0	1.0	1.0	0.9752380952380952	1.0	1.0	1.0	1.0
228955	1.0	1.0	0.9651416122004357	0.9259259259259259	0.04357298474945534	0.0	1.0	0.8910675381263616	0.9564270152505446	0.8758169934640523	1.0	0.6557734204793029	0.3289760348583878	0.2549019607843137	1.0	1.0	1.0	1.0	1.0	1.0	1.0	1.0	1.0	1.0	0.9411764705882353	1.0	1.0	1.0	1.0
228964	0.9295774647887324	0.9843505477308294	1.0	0.6197183098591549	1.0	0.3380281690140845	0.6572769953051644	0.27856025039123633	1.0	0.9389671361502347	0.7089201877934272	0.971830985915493	1.0	0.2378716744913928	1.0	1.0	1.0	1.0	1.0	1.0	1.0	1.0	1.0	1.0	0.8028169014084507	1.0	1.0	1.0	1.0
1420404	1.0	1.0	0.9951219512195122	0.9951219512195122	0.8097560975609757	0.9203252032520325	0.4504065040650406	0.5853658536585366	0.9544715447154472	0.5577235772357724	0.8975609756097561	0.9479674796747968	0.6325203252032521	0.07642276422764227	1.0	1.0	1.0	1.0	1.0	1.0	1.0	1.0	1.0	1.0	0.9577235772357724	1.0	1.0	1.0	1.0
878781	0.9819376026272578	1.0	1.0	0.5796387520525451	0.9507389162561576	0.5566502463054187	1.0	0.3054187192118227	0.8932676518883416	1.0	0.7027914614121511	0.9178981937602627	0.8883415435139573	0.0	1.0	0.9852216748768473	1.0	1.0	1.0	1.0	0.9129720853858785	1.0	1.0	1.0	1.0	1.0	1.0	1.0	1.0
198407	0.6611111111111111	1.0	1.0	0.6648148148148149	1.0	0.48518518518518516	0.9833333333333333	1.0	0.9666666666666667	0.9277777777777778	0.937037037037037	0.6555555555555556	0.6037037037037037	0.17037037037037037	1.0	1.0	1.0	0.8425925925925926	1.0	1.0	1.0	1.0	1.0	1.0	1.0	1.0	1.0	1.0	1.0
