key	WAM_ALR	WAM_CCR	WAM_IPI	WAM_MAR	WAM_MYS	WAM_PBL	WAM_PJN	WAM_PPR	WAM_PST	WAM_ROL	WAM_SCR	WAM_SGN	WAM_SIS	WAM_TWN	WAR_ALR	WAR_CCR	WAR_IPI	WAR_MAR	WAR_MYS	WAR_PBL	WAR_PJN	WAR_PPR	WAR_PSK	WAR_PST	WAR_RNW	WAR_ROL	WAR_SCR	WAR_SGL	WAR_SIS
507702	0.0	0.0	0.0	0.0	0.0	0.0	0.0	0.37971014492753624	0.0	0.0	0.0	0.0	0.0	0.0	0.43478260869565216	0.0	0.0	0.0	0.0	0.43768115942028984	0.0	0.0	0.0	0.3826086956521739	0.22608695652173913	0.0	0.4028985507246377	0.6753623188405797	0.43478260869565216
507703	0.0	0.0	0.0	0.0	0.6501831501831502	0.2967032967032967	0.0	0.10073260073260074	0.14652014652014653	0.0	0.35714285714285715	0.0	0.0	0.12454212454212454	0.0	0.09523809523809523	0.0	0.0	0.336996336996337	0.0	0.0	0.0	0.5366300366300366	0.2838827838827839	0.11172161172161173	0.0	0.6904761904761905	0.10073260073260074	0.0
507704	0.0	0.0	0.0	0.0	0.9833333333333333	0.3333333333333333	0.0	0.33055555555555555	0.4111111111111111	0.0	0.1111111111111111	0.7194444444444444	0.0	0.5972222222222222	0.0	0.0	0.0	0.0	0.0	0.0	0.41944444444444445	0.0	0.0	0.43333333333333335	0.0	0.10555555555555556	0.0	0.0	0.0
507707	0.16666666666666666	0.0	0.0	0.0	0.0	0.20270270270270271	0.0	0.8198198198198198	0.0	0.0	0.0	0.7477477477477478	0.0	0.0	0.36261261261261263	0.5045045045045045	0.6396396396396397	0.668918918918919	0.11486486486486487	0.0	0.13288288288288289	0.0	0.6914414414414415	0.4391891891891892	0.0	0.30855855855855857	0.4864864864864865	0.2882882882882883	0.0
507708	0.3592814371257485	0.0	0.0	0.0	0.0	0.0	0.0	0.3473053892215569	0.0	0.2754491017964072	0.0	0.8662674650698603	0.0	0.3013972055888224	0.0	0.41916167664670656	0.0	0.3013972055888224	0.0	0.0	0.21956087824351297	0.0	0.0	0.0	0.0	0.32934131736526945	0.5828343313373253	0.0	0.5489021956087824
510376	0.41576283441793205	0.0	0.30441070137382503	0.1467823571945047	0.0	0.0	0.0	0.0	0.2031814895155459	0.015907447577729574	0.09833694866232827	0.1005061460592914	0.0	0.26825741142443965	0.2928416485900217	0.09255242227042661	0.13159797541576285	0.10918293564714389	0.14027476500361533	0.3289949385394071	0.3868402024584237	0.0	0.2668112798264642	0.2111352133044107	0.0	0.0	0.40708604483007954	0.4150397686189443	0.21691973969631237
90096	0.0	0.10493827160493827	0.0	0.0	0.0	0.0	0.0	0.0	0.0	0.48148148148148145	0.0030864197530864196	0.0	0.2623456790123457	0.0	1.0	0.0	0.0	0.0	0.6141975308641975	0.3333333333333333	0.5432098765432098	0.043209876543209874	0.0	0.0	0.12654320987654322	0.41975308641975306	0.8487654320987654	0.0	0.0
90097	0.0	0.6422764227642277	0.0	0.0	0.0	0.6910569105691057	0.0	0.0	0.0	0.3983739837398374	0.41192411924119243	0.0	0.0	0.0	0.943089430894309	0.0	0.0	0.0	0.28184281842818426	0.23848238482384823	0.11653116531165311	1.0	0.0	0.0	0.6124661246612466	0.6883468834688347	0.46883468834688347	0.0	0.0
90098	0.0	0.9021739130434783	0.0	0.0	0.0	0.0	0.0	0.0	0.0	0.0	0.0	0.0	0.0	0.6268115942028986	0.0	0.0	0.0	0.0	0.0	0.0	0.0	0.5869565217391305	0.0	0.0	0.028985507246376812	0.0	0.5471014492753623	0.0	0.0
90099	0.0	0.8444444444444444	0.0	0.0	0.0	0.0	0.0	0.0	0.4666666666666667	0.0	0.0	0.0	0.0	0.48	0.0	0.0	0.0	0.0	0.0	0.0	0.0	0.8977777777777778	0.0	0.0	0.5777777777777777	0.0	0.0	0.0	0.0
90100	0.0	0.20512820512820512	0.0	0.0	0.0	0.0	0.0	0.0	0.4358974358974359	0.0	0.0	0.0	0.0	0.0	0.0	0.0	0.0	0.0	0.0	0.0	0.0	0.5487179487179488	0.0	0.0	0.7794871794871795	0.0	0.0	0.0	0.0
1170799	0.0	0.35802469135802467	0.6172839506172839	0.6995884773662552	0.12757201646090535	0.0	0.0	0.9670781893004116	0.0	0.6213991769547325	0.0	1.0	0.0	0.0	0.0	0.0	0.0	0.0	0.0	0.0	0.0	1.0	0.0	0.0	0.2139917695473251	0.3868312757201646	0.13580246913580246	0.0	0.0
407695	0.0	0.6108374384236454	0.49261083743842365	0.0	0.0	0.35960591133004927	0.0	0.3563218390804598	0.047619047619047616	0.0	0.0	0.0	0.0	0.45977011494252873	0.0	0.0	0.5320197044334976	0.0	0.0	0.22167487684729065	0.0	0.24794745484400657	0.0	0.0	0.2512315270935961	0.6157635467980296	0.4400656814449918	0.49589490968801314	0.0
389233	0.0	0.6582633053221288	0.0	0.0	0.6638655462184874	0.0	0.0	0.32212885154061627	0.0	0.0	0.0	0.0	0.0	0.0	0.5966386554621849	0.0	0.0	0.0	0.2913165266106443	0.01680672268907563	0.6302521008403361	1.0	0.0	0.8487394957983193	0.0	0.7030812324929971	0.0028011204481792717	0.6526610644257703	0.24089635854341737
389234	0.0	0.0	0.0	0.0	0.0	0.0	0.0	0.9115646258503401	0.0	0.0	0.0	0.0	0.0	0.0	0.0	0.0	0.0	0.0	0.0	0.5272108843537415	0.0	0.07142857142857142	0.0	0.0	0.0	0.0	0.0	1.0	0.0
438153	0.0	0.5720720720720721	0.0	0.0	0.0	0.0	0.0	0.04504504504504504	0.32432432432432434	0.0	0.0	0.0	0.0	0.7657657657657657	0.5180180180180181	0.8288288288288288	0.0	0.5630630630630631	0.6036036036036037	0.0	0.6801801801801802	0.0	0.0	0.7927927927927928	0.018018018018018018	0.0	0.8918918918918919	0.0	0.0
1711230	0.0	0.0	0.45248868778280543	0.4193061840120664	0.0	0.0	0.2277526395173454	0.4555052790346908	0.42232277526395173	0.0	0.0	0.16289592760180996	0.0	0.2277526395173454	0.2171945701357466	0.25188536953242835	0.0	0.0	0.22624434389140272	0.0	0.34992458521870284	0.28808446455505277	0.0	0.0	0.0	0.0	0.39215686274509803	0.0	0.0
304475	0.0	0.0	0.0	0.0	0.4173669467787115	0.0	0.0	0.5266106442577031	0.0	0.0	0.0	0.0	0.0	0.0	0.0	0.5966386554621849	0.0	0.24649859943977592	0.0	0.0	0.42296918767507	0.0	0.42296918767507	0.0	0.8403361344537815	0.0	0.24929971988795518	0.5406162464985994	0.45938375350140054
876851	0.0	0.0	0.0	0.0	0.0	0.0	0.0	0.0	0.0	0.0	0.0	0.0	0.0	1.0	0.0	1.0	0.0	0.0	0.0	0.0	0.0	0.0	0.0	0.0	0.0	0.0	0.0	0.0	0.0
1147286	0.0	0.0	0.0	0.0	0.0	0.22945736434108527	0.0	0.23410852713178296	0.5317829457364341	0.0	0.0	0.4744186046511628	0.19534883720930232	0.009302325581395349	0.06821705426356589	0.0	0.0	0.0	0.15038759689922482	0.0	0.0	0.0	0.5643410852713179	0.2310077519379845	0.0	0.12248062015503876	0.7410852713178294	0.19689922480620156	0.23410852713178296
1147285	0.0	0.2807017543859649	0.0	0.0	0.0	0.0	0.0	0.0	0.0	0.0	0.0	0.38847117794486213	0.5388471177944862	0.681704260651629	0.18546365914786966	0.0	0.0	0.0	0.44110275689223055	0.0	0.3583959899749373	0.0	0.44611528822055135	0.0	0.0	0.44110275689223055	0.0	0.42857142857142855	0.0
1280726	0.024132730015082957	0.0	0.0	0.0	0.0	0.4539969834087481	0.0	0.027149321266968326	0.0	0.11463046757164404	0.0	0.7330316742081447	0.0	0.0	0.5294117647058824	0.669683257918552	0.4042232277526395	0.2956259426847662	0.0	0.3861236802413273	0.2850678733031674	0.0	0.0	0.0	0.8748114630467572	0.3378582202111614	0.6832579185520362	0.0	0.5806938159879337
1280727	0.014760147601476014	0.0	0.15621156211562115	0.0	0.0	0.33579335793357934	0.0	0.5928659286592866	0.0	0.04428044280442804	0.34932349323493234	0.36900369003690037	0.0	0.0	0.46371463714637146	0.27183271832718325	0.008610086100861008	0.0	0.0	0.0	0.0	0.33948339483394835	0.0	0.0	0.35178351783517836	0.14145141451414514	0.33825338253382536	0.3075030750307503	0.3038130381303813
109323	0.7262569832402235	0.0	0.0	0.0	0.20297951582867785	0.2383612662942272	0.7877094972067039	0.0	0.31843575418994413	0.061452513966480445	0.44320297951582865	0.0	0.05772811918063315	0.5027932960893855	0.0	0.5661080074487895	0.0	0.0	0.061452513966480445	0.24022346368715083	0.27932960893854747	0.3612662942271881	0.0595903165735568	0.5772811918063314	0.4171322160148976	0.0	0.7783985102420856	0.409683426443203	0.17690875232774675
109325	0.0	0.9615384615384616	0.21367521367521367	0.0	0.0	0.06837606837606838	0.19515669515669515	0.0	0.0	0.0	0.0	0.3831908831908832	0.1111111111111111	0.07122507122507123	0.0	0.4287749287749288	0.08262108262108261	0.0	0.0	0.18091168091168092	0.38746438746438744	0.0	0.4287749287749288	0.0	0.0	0.19515669515669515	0.6965811965811965	0.5	0.0811965811965812
1472060	0.0	0.6991150442477876	0.2713864306784661	0.0	0.0	0.8790560471976401	0.0	0.0	0.0	0.36578171091445427	0.672566371681416	0.0	0.35988200589970504	0.5663716814159292	0.30383480825958703	0.504424778761062	0.0	0.9174041297935103	0.008849557522123894	0.0	0.39233038348082594	0.0	0.0	0.3303834808259587	0.0	0.12389380530973451	0.0	0.4336283185840708	0.0
313563	0.9833333333333333	0.45	0.0	0.0	0.0	0.175	0.0	0.4166666666666667	0.0	0.4111111111111111	0.0	0.6277777777777778	0.0	0.0	0.3888888888888889	0.3138888888888889	0.0	0.0	0.0	0.0	0.0	0.49166666666666664	0.41944444444444445	0.0	0.0	0.0	0.0	0.0	0.41944444444444445
1046805	0.0	0.0	0.9347442680776014	0.0	0.0	0.0	0.48324514991181655	0.5238095238095238	0.14462081128747795	0.0	0.3403880070546737	0.0	0.0	0.0	0.0	0.0	0.0	0.0	0.0	0.4091710758377425	0.9047619047619048	0.0	0.6243386243386243	0.0	0.0	0.5114638447971781	0.5308641975308642	0.0	0.0
787746	0.7016317016317016	0.0	0.18181818181818182	0.12354312354312354	0.0	0.03496503496503497	0.0	1.0	0.0	0.0	0.0	0.0	0.0	0.0	0.0	0.0	0.0	0.13053613053613053	0.0	0.62004662004662	0.3356643356643357	0.6480186480186481	0.48717948717948717	0.351981351981352	0.5291375291375291	0.0	0.0979020979020979	0.3752913752913753	0.0
787747	0.8308080808080808	0.3661616161616162	0.0	0.3787878787878788	0.0	0.0	0.0	0.13131313131313133	0.0	0.0	0.0	0.3333333333333333	0.0	0.3787878787878788	0.0	0.0	0.5075757575757576	0.3661616161616162	0.2904040404040404	0.3813131313131313	0.3813131313131313	0.8939393939393939	0.16666666666666666	0.3813131313131313	0.12626262626262627	0.0	0.10101010101010101	0.0	0.0
957775	0.0	0.19682539682539682	0.2968253968253968	0.0	0.0	0.06111111111111111	0.40476190476190477	0.0	0.0	0.41349206349206347	0.0	0.05873015873015873	0.2396825396825397	0.35634920634920636	0.0	0.0	0.0	0.18492063492063493	0.0	0.25476190476190474	0.0	0.0	0.24126984126984127	0.0	0.11904761904761904	0.0	0.1357142857142857	0.20714285714285716	0.0
498843	0.2754237288135593	0.3898305084745763	0.0	0.2584745762711864	0.0	0.0	0.4703389830508475	0.4251412429378531	0.0	0.4251412429378531	0.211864406779661	0.3375706214689266	0.3008474576271186	0.19491525423728814	0.0	0.518361581920904	0.0	0.2132768361581921	0.0	0.2655367231638418	0.0	0.3516949152542373	0.3912429378531073	0.4604519774011299	0.0	0.2443502824858757	0.53954802259887	0.4251412429378531	0.2132768361581921
1022244	0.0	0.0	0.24019607843137256	0.0	0.0	0.0	0.0	0.0	0.00980392156862745	0.0	0.9607843137254902	0.7352941176470589	0.0	0.0	0.0	0.0	0.0	0.0	0.0	0.8774509803921569	0.0	1.0	0.6372549019607843	0.0	0.0	0.9068627450980392	0.7303921568627451	0.8774509803921569	0.0
1022245	0.34156378600823045	0.0	0.0	0.0	0.0	0.0	0.0	0.0	0.5637860082304527	0.0	0.0	0.0	0.0	0.0	0.4897119341563786	0.10699588477366255	0.0	0.02880658436213992	0.0	0.0	0.0	1.0	0.34156378600823045	0.5390946502057613	0.0	0.6213991769547325	0.8271604938271605	1.0	0.0
306614	0.0	0.0	0.1702127659574468	0.0	0.851063829787234	0.12588652482269502	0.0	0.5460992907801419	0.17907801418439717	0.0	0.0	0.32269503546099293	0.0	0.0	0.39361702127659576	0.2765957446808511	0.4432624113475177	0.13829787234042554	0.0	0.35638297872340424	0.23404255319148937	0.5053191489361702	0.32269503546099293	0.25177304964539005	0.0	0.42021276595744683	0.6187943262411347	0.0	0.0
140149	0.0	0.0	0.0	1.0	0.0	0.0	0.0	0.0	0.0	0.0	0.0	0.0	0.0	0.8306878306878307	0.0	0.0	0.0	0.0	0.0	0.0	0.0	0.31216931216931215	0.0	0.0	0.10582010582010581	0.0	0.0	0.14814814814814814	0.0
1144876	0.09758203799654577	0.0	0.0	0.0	0.0	0.0	0.3540587219343696	0.0	0.14853195164075994	0.09930915371329879	0.0	0.2599309153713299	0.0	0.0	0.38687392055267705	0.12780656303972365	0.2556131260794473	0.0	0.3687392055267703	0.20898100172711573	0.0	0.25906735751295334	0.0	0.08808290155440414	0.04404145077720207	0.45509499136442144	0.2599309153713299	0.39378238341968913	0.2607944732297064
238369	0.10576923076923077	0.0	0.0	0.28525641025641024	0.0	0.0	0.0	0.5032051282051282	0.41025641025641024	0.2564102564102564	0.0	0.0	0.0	0.0	0.0	0.5032051282051282	0.0	0.0	0.0	0.375	0.8621794871794872	0.6057692307692307	0.0	0.0	0.0	0.9551282051282052	0.6602564102564102	0.0	0.2532051282051282
238368	0.437984496124031	0.689922480620155	0.0	0.0	0.0	0.25193798449612403	0.0	0.28294573643410853	0.35271317829457366	0.0	0.0	0.0	0.0	0.0	0.13178294573643412	0.0	0.3333333333333333	0.0	0.0	0.5813953488372093	0.5077519379844961	0.26356589147286824	0.0	0.0	0.0	0.5852713178294574	0.5426356589147286	0.19767441860465115	0.8294573643410853
