key	WAM_ALR	WAM_CCR	WAM_IPI	WAM_MAR	WAM_MYS	WAM_PBL	WAM_PJN	WAM_PPR	WAM_PST	WAM_ROL	WAM_SCR	WAM_SGN	WAM_SIS	WAM_TWN	WAR_ALR	WAR_CCR	WAR_IPI	WAR_MAR	WAR_MYS	WAR_PBL	WAR_PJN	WAR_PPR	WAR_PSK	WAR_PST	WAR_RNW	WAR_ROL	WAR_SCR	WAR_SGL	WAR_SIS
1645957	0.022222222222222223	0.28888888888888886	0.2518518518518518	0.8685185185185185	0.46111111111111114	0.027777777777777776	0.0	0.5370370370370371	0.0	0.2851851851851852	0.737037037037037	0.5518518518518518	0.0	0.2796296296296296	0.5537037037037037	0.524074074074074	0.0	0.0	0.37037037037037035	0.0	0.0	0.2796296296296296	0.0	0.0	0.0	0.5555555555555556	0.4888888888888889	0.0	0.06851851851851852
1645958	1.0	1.0	0.0	0.0	0.0	0.7203065134099617	0.0	0.9808429118773946	0.0	0.09195402298850575	0.9501915708812261	0.0	0.0	0.5747126436781609	0.26053639846743293	0.0	0.0	0.0	0.45977011494252873	0.0	0.5019157088122606	0.578544061302682	0.8160919540229885	0.0	0.0	0.17624521072796934	0.7471264367816092	0.0	0.2835249042145594
1645971	0.44298245614035087	0.7127192982456141	0.5109649122807017	0.5964912280701754	0.0	0.5526315789473685	0.4824561403508772	0.6907894736842105	0.0	0.05701754385964912	0.8859649122807017	0.47368421052631576	0.37280701754385964	0.0	0.0021929824561403508	0.6228070175438597	0.0	0.0	0.4649122807017544	0.45394736842105265	0.8026315789473685	0.1337719298245614	0.0	0.0	0.0	0.3706140350877193	1.0	0.6578947368421053	0.0
1645972	0.09043927648578812	0.8811369509043928	0.0	0.0	0.42377260981912146	0.0	0.330749354005168	0.0	0.0	0.9689922480620154	1.0	0.0	0.0	0.2842377260981912	0.0	0.5038759689922481	0.0	0.0	0.5193798449612403	0.0	0.7235142118863049	0.165374677002584	0.0	0.0	0.0	0.34108527131782945	0.4806201550387597	0.0	0.39018087855297157
1645974	0.3516609392898053	0.7869415807560137	0.6288659793814433	0.5166093928980527	0.5601374570446735	0.1958762886597938	0.1718213058419244	0.854524627720504	0.1729667812142039	0.0	0.8098510882016037	0.2508591065292096	0.23482245131729668	0.5601374570446735	0.0	0.17525773195876287	0.0	0.0	0.0	0.0	0.33791523482245134	0.08018327605956473	0.20962199312714777	0.0	0.0	0.0	0.6643757159221076	0.3447880870561283	0.11225658648339061
1645975	0.3152337858220211	0.5475113122171946	0.4796380090497738	0.7737556561085973	0.0	0.06334841628959276	0.22624434389140272	1.0	0.45248868778280543	0.0	0.9743589743589743	0.2277526395173454	0.34841628959276016	0.22473604826546004	0.0	0.8355957767722474	0.0	0.0	0.5444947209653092	0.0	0.4358974358974359	0.6666666666666666	0.4132730015082956	0.0	0.0	0.0	0.33634992458521873	0.0	0.43137254901960786
1355261	0.0	0.0	0.25507246376811593	0.8869565217391304	0.6608695652173913	0.0	0.48695652173913045	0.8956521739130435	0.0	0.0	0.881159420289855	0.43768115942028984	0.0	0.0	0.0	0.0	0.0	0.0	0.0	0.0	0.0	1.0	0.0	0.0	0.7188405797101449	0.0	0.9014492753623189	0.0	0.0
1365958	0.3225225225225225	0.5117117117117117	0.0	0.6432432432432432	0.4540540540540541	0.0	0.42702702702702705	0.6576576576576577	0.12432432432432433	0.0	1.0	0.010810810810810811	0.6216216216216216	0.0	0.0	0.2702702702702703	0.012612612612612612	0.1927927927927928	0.5441441441441441	0.0	0.0	0.6738738738738739	0.0	0.0	0.0	0.0	0.7225225225225225	0.0	0.3927927927927928
1562609	0.0	0.24110032362459546	0.4886731391585761	0.5954692556634305	0.6553398058252428	0.3478964401294498	0.0	0.7491909385113269	0.0	0.0	0.8770226537216829	0.0	0.24271844660194175	0.0	0.0	0.4886731391585761	0.0	0.0	0.13268608414239483	0.4546925566343042	0.22815533980582525	0.6423948220064725	0.0	0.2087378640776699	0.0	0.24433656957928804	1.0	0.24110032362459546	0.0
507637	0.20518867924528303	0.535377358490566	0.5180817610062893	0.23742138364779874	0.5573899371069182	0.0	0.3584905660377358	0.7507861635220126	0.02122641509433962	0.0	0.9261006289308176	0.027515723270440252	0.4276729559748428	0.0	0.0	0.16037735849056603	0.0	0.0	0.0	0.0	0.0	0.06682389937106918	0.23663522012578617	0.14622641509433962	0.0	0.0	0.5133647798742138	0.11242138364779874	0.0
391719	0.0	0.9139784946236559	0.7383512544802867	0.3978494623655914	0.0	0.0	0.17921146953405018	0.9175627240143369	0.8315412186379928	0.7455197132616488	0.5197132616487455	0.0	0.0	0.0	0.0	0.5913978494623656	0.15770609318996415	0.0	0.0	0.0	0.0	0.11469534050179211	0.0	0.8853046594982079	0.0	0.0	0.6810035842293907	0.0	0.0
669114	0.24479166666666666	0.2649739583333333	0.15950520833333334	0.3541666666666667	0.5169270833333334	0.22330729166666666	0.5475260416666666	0.8639322916666666	0.0	0.0	0.9375	0.0	0.5364583333333334	0.0	0.0	0.2877604166666667	0.044921875	0.1953125	0.3509114583333333	0.0	0.0	0.2799479166666667	0.28515625	0.039713541666666664	0.318359375	0.0	0.7434895833333334	0.0	0.0
669123	0.0	0.9712643678160919	0.0	0.23850574712643677	0.0	0.0	0.04885057471264368	1.0	0.0	0.0	0.8477011494252874	0.0	0.0	0.0	0.4942528735632184	0.0	0.0	0.0	0.0	0.0	0.5948275862068966	0.09770114942528736	0.0	0.0	0.0	0.0	0.0	0.0	0.0
986650	0.37800687285223367	0.7285223367697594	0.0	0.8694158075601375	0.506872852233677	0.0	0.4261168384879725	0.697594501718213	0.4965635738831615	0.0	0.8780068728522337	0.5171821305841925	0.5292096219931272	0.0	0.0	0.27835051546391754	0.13058419243986255	0.0	0.0	0.0	0.32646048109965636	0.6924398625429553	0.13058419243986255	0.5807560137457045	0.18041237113402062	0.0	0.6391752577319587	0.0	0.0
56947	0.12582159624413145	0.16150234741784036	0.007511737089201878	0.14178403755868543	0.26009389671361505	0.22065727699530516	0.3023474178403756	0.8985915492957747	0.15774647887323945	0.3051643192488263	0.8816901408450705	0.0	0.339906103286385	0.0	0.0	0.06291079812206572	0.0	0.28356807511737087	0.0	0.0	0.0	0.08169014084507042	0.0	0.19061032863849764	0.0	0.26854460093896715	0.7727699530516432	0.0	0.0
808069	0.0	0.494949494949495	0.0	0.0	0.9545454545454546	0.0	0.8787878787878788	0.6060606060606061	0.0	0.31313131313131315	1.0	0.0	0.7626262626262627	0.0	0.0	0.18181818181818182	0.0	0.0	0.0	0.0	0.0	0.0	0.0	0.0	0.0	0.0	0.0	0.0	0.9292929292929293
1386719	0.0	0.38492063492063494	0.0	0.0	0.5992063492063492	0.5992063492063492	0.0	0.7896825396825397	1.0	0.0	0.6150793650793651	0.0	0.0	0.0	0.0	0.0	0.0	0.0	0.8571428571428571	0.0	0.0	0.0	0.0	0.0	0.0	0.0	0.7063492063492064	0.0	0.0
35501	0.6763888888888889	0.5972222222222222	0.0	0.7041666666666667	0.9111111111111111	0.0	0.9111111111111111	0.6138888888888889	0.3347222222222222	0.0875	0.9833333333333333	0.0	0.23194444444444445	0.0	0.0	0.44166666666666665	0.0	0.0	0.3736111111111111	0.0	0.0	0.5361111111111111	0.41944444444444445	0.0	0.0	0.10694444444444444	0.8930555555555556	0.1875	0.3125
1641413	0.0	0.4375	0.0	0.0	0.38425925925925924	0.33796296296296297	0.7962962962962963	0.9768518518518519	0.03009259259259259	0.0	0.7083333333333334	0.6527777777777778	0.2916666666666667	0.0	0.0	0.0	0.0	0.0	0.0	0.0	0.3958333333333333	0.25925925925925924	0.2569444444444444	0.0	0.6712962962962963	0.5254629629629629	0.9421296296296297	0.0	0.0
1704958	0.0	0.44155844155844154	0.0	0.2532467532467532	0.0	0.0	0.2077922077922078	0.974025974025974	0.3225108225108225	0.0	0.6558441558441559	0.29653679653679654	0.5735930735930735	0.0	0.0	0.0	0.0	0.0	0.0	0.0	0.0	0.6861471861471862	0.341991341991342	0.0	0.0	0.0	0.9134199134199135	0.0	0.0
499092	0.0	0.0	0.39862542955326463	0.5670103092783505	0.41580756013745707	0.0	0.0	0.5085910652920962	0.0	0.0	1.0	0.2852233676975945	0.0	0.0	0.5189003436426117	0.7010309278350515	0.0	0.0	0.0	0.0	0.0	0.0	0.47766323024054985	0.0	0.0	0.0	1.0	0.0	0.0
499090	0.0	0.5371329879101899	0.0	0.5958549222797928	0.6839378238341969	0.0	0.3540587219343696	0.36787564766839376	0.0	0.0	0.8721934369602763	0.0	0.1692573402417962	0.0	0.2659758203799655	0.20898100172711573	0.0	0.0	0.5215889464594128	0.0	0.0	0.4939550949913644	0.0	0.09326424870466321	0.0	0.0	0.2607944732297064	0.0	0.0
499091	0.0	0.0	0.3696682464454976	0.0	0.7883096366508688	0.0	0.3459715639810427	0.8672985781990521	0.0	0.0	0.608214849921011	0.0	0.32385466034755134	0.0	0.2796208530805687	0.3127962085308057	0.0	0.0	0.0	0.0	0.0	0.0	0.009478672985781991	0.29067930489731436	0.0	0.0	0.8072669826224329	0.0	0.0
1748051	0.0	0.5547445255474452	0.0	0.19708029197080293	0.0170316301703163	0.0	0.3819951338199513	0.5231143552311436	0.0	0.5060827250608273	1.0	0.0	0.09732360097323602	0.25547445255474455	0.0	0.24574209245742093	0.0	0.0	0.0170316301703163	0.0	0.0	0.0	0.0024330900243309003	0.0	0.0	0.0	0.5109489051094891	0.0	0.0
1677391	0.0	0.0	0.0	0.0	0.8632478632478633	0.0	0.0	0.0	0.0	0.0	0.0	0.9487179487179487	0.0	0.0	0.0	0.0	0.0	0.0	0.0	0.0	0.0	0.44871794871794873	0.0	0.0	0.0	0.0	0.0	0.0	0.0
434116	0.0	0.0	0.22873082287308227	0.11297071129707113	0.6959553695955369	0.0	0.4281729428172943	0.7308228730822873	0.0	0.38493723849372385	0.6331938633193863	0.0	0.3458856345885635	0.27615062761506276	0.0	0.2301255230125523	0.3891213389121339	0.0	0.2524407252440725	0.0	0.0	0.9037656903765691	0.0	0.0	0.23291492329149233	0.0	0.592747559274756	0.0	0.0
434118	0.0	0.0	0.0	0.19420289855072465	0.9507246376811594	0.0	0.1565217391304348	0.0	0.0	0.0	1.0	0.0	0.5043478260869565	0.0	0.0	0.40869565217391307	0.0	0.0	0.3826086956521739	0.0	0.0	0.0	0.46956521739130436	0.0	0.0	0.0	0.5043478260869565	0.0	0.0
434124	0.6202898550724638	0.0	0.5594202898550724	0.4	0.43768115942028984	0.0	0.7478260869565218	0.7797101449275362	0.0	0.4144927536231884	0.9797101449275363	0.43768115942028984	0.4753623188405797	0.0	0.0	0.014492753623188406	0.19420289855072465	0.0	0.0	0.0	0.3217391304347826	0.7478260869565218	0.0	0.0	0.0	0.0	1.0	0.3565217391304348	0.0
921038	0.40397350993377484	0.695364238410596	0.0	0.0	0.673289183222958	0.0	0.7350993377483444	0.7858719646799117	0.7064017660044151	0.0	1.0	0.0	0.3333333333333333	0.0	0.0	0.152317880794702	0.0	0.0	0.0	0.6181015452538632	0.0	0.0	0.0	0.5320088300220751	0.0	0.0	0.8631346578366446	0.45695364238410596	0.3333333333333333
921040	0.0	0.5782828282828283	0.0	0.3813131313131313	0.03535353535353535	0.0	0.0	0.39646464646464646	0.4090909090909091	0.0	1.0	0.0	0.4898989898989899	0.0	0.0	0.0	0.0	0.4772727272727273	0.0	0.0	0.8383838383838383	0.09090909090909091	0.0	0.0	0.3005050505050505	0.0	0.851010101010101	0.0	0.0
60254	0.3366778149386845	0.34448160535117056	0.0	0.6744704570791528	0.750278706800446	0.0	0.5206243032329989	0.5440356744704571	0.5406911928651059	0.2552954292084727	0.7212931995540691	0.11482720178372352	0.7023411371237458	0.0	0.1527313266443701	0.6443701226309922	0.0	0.0	0.5429208472686734	0.30657748049052397	0.10925306577480491	0.22853957636566333	0.0	0.16833890746934224	0.0	0.0	0.3511705685618729	0.16610925306577481	0.07023411371237458
1270953	0.0	0.2463768115942029	0.0	0.0	0.0	0.0	0.5797101449275363	0.9528985507246377	0.0	0.0	0.0	0.0	0.0	0.0	0.0	0.0	0.0036231884057971015	0.0	0.0	0.0	0.0	0.0	0.0	0.0	0.0	0.0	0.2826086956521739	0.5471014492753623	0.0
1270955	0.1753774680603949	0.6991869918699187	0.0	0.4425087108013937	0.5842044134727061	0.1753774680603949	0.4332171893147503	0.9303135888501742	0.305458768873403	0.0	0.8559814169570267	0.0	0.5516840882694541	0.5807200929152149	0.3356562137049942	0.19396051103368175	0.1753774680603949	0.0	0.7839721254355401	0.0	0.0	0.22880371660859466	0.1173054587688734	0.15911730545876887	0.0	0.32752613240418116	0.8385598141695703	0.0	0.0
1452476	0.4393939393939394	0.04040404040404041	0.0	0.8181818181818182	0.30808080808080807	0.7373737373737373	0.9797979797979798	0.494949494949495	0.0	0.7626262626262627	1.0	0.0	0.32323232323232326	0.13131313131313133	0.0	0.3282828282828283	0.0	0.0	0.4797979797979798	0.0	0.0	0.7373737373737373	0.4494949494949495	0.020202020202020204	0.0	0.0	0.050505050505050504	0.0	0.0
1452479	0.2318840579710145	0.6536231884057971	0.12753623188405797	0.4434782608695652	0.43043478260869567	0.427536231884058	0.3739130434782609	0.9043478260869565	0.17246376811594202	0.32608695652173914	1.0	0.391304347826087	0.26811594202898553	0.0	0.0	0.28695652173913044	0.0	0.0	0.6028985507246377	0.0	0.0	0.6521739130434783	0.16231884057971013	0.21884057971014492	0.0	0.0	0.7695652173913043	0.0	0.0
1004831	0.37694704049844235	0.8037383177570093	0.0	0.9439252336448598	0.0	0.0	0.9875389408099688	0.9875389408099688	0.0	0.26791277258566976	1.0	0.0	0.0	0.0	0.0	0.0	0.0	0.0	0.470404984423676	0.0	0.0	0.0	0.6199376947040498	0.0	0.0	0.0	1.0	0.0	0.0
1438115	0.0	1.0	0.0	0.5168776371308017	0.6919831223628692	0.0	0.6371308016877637	1.0	0.0	0.6329113924050633	1.0	0.0	0.0	0.23628691983122363	0.28270042194092826	0.0	0.0	0.5274261603375527	0.4957805907172996	0.0	0.0	0.3628691983122363	0.4008438818565401	0.0	0.0	0.0	0.6940928270042194	0.0	0.0
1438119	0.3714759535655058	0.5870646766169154	0.3946932006633499	0.40630182421227196	0.714759535655058	0.3747927031509121	0.4660033167495854	0.6111111111111112	0.06799336650082918	0.028192371475953566	0.6940298507462687	0.0	0.19237147595356552	0.0	0.28441127694859036	0.6077943615257048	0.0	0.0	0.0	0.0	0.10199004975124377	0.35903814262023215	0.02404643449419569	0.3880597014925373	0.0	0.0	0.2562189054726368	0.13018242122719734	0.2396351575456053
1559047	0.8962962962962963	0.37037037037037035	0.9629629629629629	0.8148148148148148	0.2111111111111111	0.0	0.0	0.6777777777777778	0.0	0.0	0.8444444444444444	0.0	0.5370370370370371	0.0	0.0	0.0	0.0	0.0	0.0	0.0	0.0	0.18888888888888888	0.0	0.5592592592592592	0.8481481481481481	0.0	0.0	0.0	0.0
1168384	0.7896825396825397	0.5992063492063492	0.4444444444444444	0.6190476190476191	0.873015873015873	0.4246031746031746	0.3373015873015873	0.6349206349206349	0.0	0.0	0.9246031746031746	0.5992063492063492	0.0	0.0	0.0	0.0	0.0	0.0	0.0	0.0	0.0	0.5912698412698413	0.0	0.0	0.0	0.0	0.0	0.0	0.0
1168378	0.0	0.0	0.0	0.2469879518072289	0.0	0.0	0.43373493975903615	0.7610441767068273	0.0	0.0	0.7971887550200804	0.15863453815261044	0.0	0.0	0.0	0.30120481927710846	0.0	0.0	0.0	0.0	0.0	0.0	0.02208835341365462	0.0	0.0	0.0	0.7911646586345381	0.0	0.3112449799196787
1168379	0.0	0.0	0.0	0.05472636815920398	0.8507462686567164	0.0845771144278607	0.263681592039801	0.5398009950248757	0.8134328358208955	0.0	0.9104477611940298	0.0	0.0	0.0	0.0	0.6940298507462687	0.0	0.0	0.0	0.0	0.0	0.0	0.44776119402985076	0.0	0.0	0.7089552238805971	0.900497512437811	0.3656716417910448	0.0
1168381	0.4963768115942029	0.5887681159420289	0.0	0.9148550724637681	0.9655797101449275	0.0	0.4257246376811594	0.9728260869565217	0.0	0.375	0.9619565217391305	0.0	0.0	0.0	0.0	0.6702898550724637	0.0	0.0	0.0	0.0	0.23731884057971014	0.0	0.29528985507246375	0.26811594202898553	0.0	0.0	0.4927536231884058	0.0	0.14492753623188406
1168382	0.9809523809523809	0.9746031746031746	0.0	0.2634920634920635	0.9047619047619048	0.0	0.9523809523809523	1.0	0.0	0.9682539682539683	1.0	0.0	0.7936507936507936	0.0	0.19047619047619047	0.0	0.0	0.0	0.0	0.0	0.0	0.0	0.4888888888888889	0.0	0.0	0.0	0.0	0.7968253968253968	0.0
1168383	0.6260162601626016	0.4173441734417344	0.1842818428184282	0.3252032520325203	0.5826558265582655	0.26558265582655827	0.46883468834688347	0.6531165311653117	0.0	0.48509485094850946	0.8997289972899729	0.4092140921409214	0.0	0.0	0.6314363143631436	0.6043360433604336	0.0	0.0	0.0	0.0	0.7100271002710027	0.0	0.0	0.0	0.0	0.0	0.0	0.0	0.0
347262	0.38836477987421386	0.23113207547169812	0.4371069182389937	0.23742138364779874	0.7484276729559748	0.0	0.5974842767295597	0.7342767295597484	0.0	0.0	1.0	0.08962264150943396	0.8694968553459119	0.0	0.44025157232704404	0.0	0.0	0.0	0.0	0.0	0.0	0.46855345911949686	0.0	0.0	0.0	0.1069182389937107	0.4009433962264151	0.3474842767295597	0.0
1522056	0.23909249563699825	0.28272251308900526	0.0	0.39267015706806285	0.30715532286212915	0.0	0.525305410122164	0.5043630017452007	0.4572425828970332	0.0	0.8411867364746946	0.0	0.2670157068062827	0.0	0.0	0.3647469458987784	0.0	0.3961605584642234	0.33856893542757416	0.0	0.04363001745200698	0.36300174520069806	0.0	0.6649214659685864	0.0	0.0	1.0	0.0	0.24083769633507854
890179	1.0	0.0	0.0	0.0	0.0	0.7222222222222222	0.8461538461538461	0.0	0.8376068376068376	0.0	1.0	0.0	0.0	0.0	0.0	0.0	0.0	0.0	0.0	0.0	0.0	0.042735042735042736	0.0	0.0	0.0	0.0	0.8632478632478633	0.0	0.0
1048054	0.0	1.0	0.0	0.42483660130718953	0.9019607843137255	0.0	0.0	0.2777777777777778	0.33986928104575165	0.0	0.9803921568627451	0.0	0.0	0.6503267973856209	0.0	0.0	0.0	0.0	0.0	0.0	0.16339869281045752	0.3366013071895425	0.0	0.0	0.0	0.0	0.7450980392156863	0.0	0.28431372549019607
1118865	0.0	0.0	0.0	0.0	0.6556169429097606	0.427255985267035	0.6279926335174953	0.4861878453038674	0.585635359116022	0.0	0.6758747697974218	0.5561694290976059	0.3996316758747698	0.0	0.0	0.0	0.44014732965009207	0.4843462246777164	0.04604051565377532	0.0	0.0	0.9060773480662984	0.5561694290976059	0.0	0.0	0.5524861878453039	0.5267034990791897	0.0	0.3996316758747698
1102573	0.0	0.7946428571428571	0.11011904761904762	0.0	0.25	0.8125	0.5952380952380952	0.9553571428571429	0.0	0.4494047619047619	0.4166666666666667	0.0	0.8660714285714286	0.0	0.0	0.0	0.0	0.0	0.0	0.0	0.0	0.0	0.0	0.0	0.0	0.0	0.11011904761904762	0.0	0.0
1102576	0.0	0.0	0.0	0.0	0.4988962472406181	0.0	0.423841059602649	0.9823399558498896	0.04856512141280353	0.6644591611479028	0.7704194260485652	0.0	0.3841059602649007	0.0	0.0	0.45916114790286977	0.0	0.0	0.0	0.0	0.0	0.11037527593818984	0.0	0.24503311258278146	0.0	0.0	0.5187637969094923	0.32891832229580575	0.0
1102577	0.0	0.29046563192904656	0.0	0.36363636363636365	0.7161862527716186	0.286770140428677	0.3170731707317073	0.8381374722838137	0.38063562453806354	0.0	0.9120473022912047	0.0	0.4745011086474501	0.21286031042128603	0.22320768662232077	0.3296378418329638	0.1293422025129342	0.14855875831485588	0.0	0.0	0.0	0.24981522542498152	0.2010347376201035	0.3178122690317812	0.0	0.0	0.541019955654102	0.11160384331116038	0.15225424981522542
1102578	0.0	0.0	0.0	0.6203703703703703	0.38425925925925924	0.0	0.16666666666666666	1.0	0.1111111111111111	0.0	1.0	0.0	1.0	0.0	0.0	0.0	0.0	0.0	0.0	0.0	0.0	0.4675925925925926	0.0	0.49074074074074076	0.0	0.0	0.5046296296296297	0.0	0.4351851851851852
1102579	0.0	0.544	0.56	0.768	0.4	0.0	0.45066666666666666	0.9706666666666667	0.0	0.0	0.7253333333333334	0.0	0.7413333333333333	0.0	0.0	0.552	0.17333333333333334	0.0	0.0	0.0	0.6213333333333333	0.8133333333333334	0.0	0.0	0.5786666666666667	0.0	1.0	0.21333333333333335	0.0
1102580	0.0	0.7473958333333334	0.0	0.15104166666666666	0.6901041666666666	0.17447916666666666	0.0	0.15885416666666666	0.0	0.0	0.7135416666666666	0.7864583333333334	0.0	0.0	0.0	0.2682291666666667	0.0	0.0	0.53125	0.0	0.6354166666666666	0.2864583333333333	0.7083333333333334	0.0	0.0	0.0	0.8255208333333334	0.4661458333333333	0.0
1102582	0.25176233635448136	0.5790533736153072	0.4108761329305136	0.5981873111782477	0.1268882175226586	0.15206445115810674	0.13897280966767372	0.9305135951661632	0.0	0.3041289023162135	1.0	0.0	0.48338368580060426	0.0	0.29506545820745217	0.48539778449144005	0.0	0.0	0.3162134944612286	0.10372608257804633	0.0	0.38872104733131924	0.0	0.10976837865055387	0.0	0.0	0.9889224572004028	0.0	0.20443101711983888
1102583	0.0	0.37777777777777777	0.6101010101010101	0.1111111111111111	0.8303030303030303	0.6060606060606061	0.0	0.9717171717171718	0.397979797979798	0.0	1.0	0.0	0.6101010101010101	0.0	0.0	0.0	0.0	0.0	0.24646464646464647	0.0	0.0	0.49292929292929294	0.604040404040404	0.0	0.0	0.0	0.9434343434343434	0.501010101010101	0.0
1102589	0.28205128205128205	0.4481074481074481	0.184981684981685	0.2496947496947497	0.3131868131868132	0.14285714285714285	0.6703296703296703	0.5787545787545788	0.16361416361416362	0.11294261294261294	0.7307692307692307	0.18437118437118438	0.5091575091575091	0.18437118437118438	0.10622710622710622	0.09157509157509157	0.19047619047619047	0.0	0.2869352869352869	0.0	0.4340659340659341	0.4004884004884005	0.0	0.09096459096459096	0.0	0.0	0.6245421245421245	0.0	0.0
517621	0.5826086956521739	0.7275362318840579	0.9884057971014493	0.0	0.09855072463768116	0.0	0.8608695652173913	0.0	0.6927536231884058	0.7130434782608696	1.0	0.39420289855072466	0.30144927536231886	0.0	0.0	0.34492753623188405	0.0	0.0	0.3101449275362319	0.7275362318840579	0.0	0.0	0.0	0.0	0.5797101449275363	0.0	0.7913043478260869	0.6927536231884058	0.0
