key	WAM_ALR	WAM_CCR	WAM_IPI	WAM_MAR	WAM_MYS	WAM_PBL	WAM_PJN	WAM_PPR	WAM_PST	WAM_ROL	WAM_SCR	WAM_SGN	WAM_SIS	WAM_TWN	WAR_ALR	WAR_CCR	WAR_IPI	WAR_MAR	WAR_MYS	WAR_PBL	WAR_PJN	WAR_PPR	WAR_PSK	WAR_PST	WAR_RNW	WAR_ROL	WAR_SCR	WAR_SGL	WAR_SIS
393689	0.0	0.0	0.0	0.6769759450171822	0.0	0.5189003436426117	0.0	1.0	0.0	0.0	0.4879725085910653	0.0	0.0	1.0	0.0	0.0	0.0	0.0	0.0	0.0	0.0	0.0	0.0	0.0	0.0	0.0	0.0	0.2920962199312715	0.0
393690	0.0	0.20559610705596107	0.0	1.0	0.0	0.4768856447688564	0.0	0.5	0.38929440389294406	0.0	0.3661800486618005	0.6970802919708029	0.0	0.98661800486618	0.0	0.0	0.0	0.0	0.0	0.16909975669099755	0.0	0.0	0.0	0.0	0.0	0.0	0.0	0.0	0.0
1634600	0.0	0.0	0.0	0.9212730318257957	0.0	0.21105527638190955	0.3174204355108878	0.0	0.0	0.0	0.19262981574539365	0.0	0.0	1.0	0.0	0.0	0.0	0.16499162479061977	0.0	0.0	0.0	0.0	0.0	0.0	0.0	0.0	0.0	0.1457286432160804	0.0
1577651	0.26631393298059963	0.0	0.0	1.0	0.24162257495590828	0.0	0.5308641975308642	0.5167548500881834	0.8941798941798942	0.0	0.0	0.3562610229276896	0.0	1.0	0.0	0.0	0.0	0.2998236331569665	0.0	0.0	0.0	0.0	0.0	0.20458553791887124	0.6948853615520282	0.0	0.43562610229276894	0.0	0.0
672132	0.0	0.3018867924528302	0.0	1.0	0.0	0.0	0.0	0.19371069182389938	0.0	0.0	0.0	0.0	0.0	0.9547169811320755	0.0	0.0	0.0	0.5647798742138365	0.0	0.0	0.3069182389937107	0.0	0.0	0.010062893081761006	0.0	0.0	0.0	0.0	0.0
672133	0.0	0.0	0.0	1.0	0.0	0.0993939393939394	0.0	0.0	0.0	0.0	0.0	0.3660606060606061	0.0	0.9806060606060606	0.0	0.0	0.0	0.0	0.0	0.0	0.0	0.0	0.0	0.2606060606060606	0.0	0.0	0.0	0.4218181818181818	0.0
94189	0.0	0.0	0.0	0.9719525350593312	0.6267529665587918	0.07335490830636461	0.0	0.0	0.4843581445523193	0.15965480043149946	0.162891046386192	0.162891046386192	0.0	0.8511326860841424	0.0	0.0	0.0	0.0	0.0	0.0	0.0	0.0	0.0	0.0	0.3559870550161812	0.0	0.0	0.0	0.0
817993	0.0	0.43621399176954734	0.0	1.0	0.4691358024691358	0.0	0.09465020576131687	0.0	0.6213991769547325	0.0	0.0	0.0	0.0	0.9053497942386831	0.0	0.0	0.0	0.0	0.0	0.0	0.5390946502057613	0.0	0.0	0.0	0.0	0.0	0.2551440329218107	0.15637860082304528	0.0
977242	0.0	0.0	0.0	1.0	0.0	0.15934959349593497	0.0	0.24552845528455283	0.0	0.0	0.0	0.0	0.0	1.0	0.0	0.0	0.0	0.0	0.0	0.0	0.0	0.0	0.4032520325203252	0.44227642276422763	0.0	0.0	0.0	0.0	0.0
1694303	0.0	0.0	0.0	1.0	0.0	0.0	0.0	0.0	0.0	0.0	0.0	0.0	0.0	0.9019607843137255	0.0	0.0	0.0	0.0	0.0	0.0	0.0	0.0	0.0	0.0	0.0	0.0	0.0	0.0	0.0
1040758	0.324269889224572	0.18126888217522658	0.0	0.6696878147029205	0.0	0.8187311178247734	0.0	0.21953675730110775	0.7905337361530715	0.0	0.0	0.6968781470292045	0.0	0.1903323262839879	0.0	0.0	0.0	0.0	0.0	0.0	0.0	0.0	0.0	0.0	0.3041289023162135	0.0	0.0	0.0	0.24169184290030213
1297024	0.0	0.0	0.0	0.9565217391304348	0.0	0.6920289855072463	0.0	0.8822463768115942	0.0	0.0	0.0	0.5253623188405797	0.0	1.0	0.18297101449275363	0.5471014492753623	0.0	0.0	0.0	0.36231884057971014	0.0	0.0	0.0	0.0	0.0	0.0	0.0	0.0	0.0
1297025	0.0	0.0	0.0	1.0	0.0	0.7587301587301587	0.0	0.28888888888888886	0.0	0.0	0.0	0.0	0.0	1.0	1.0	0.0	0.0	0.0	0.0	0.8031746031746032	0.0	0.0	0.0	0.0	0.0	0.0	0.0	0.0	0.0
776724	0.0	0.5531914893617021	0.0	0.8652482269503546	0.0	0.875886524822695	0.0	0.0	0.0	0.0	0.0	0.0	0.0	0.0	0.0	0.0	0.0	0.22695035460992907	0.0	0.0	0.0	0.8936170212765957	0.0	0.0	0.0	0.0	0.0	0.5354609929078015	0.0
1490143	0.0	0.0	0.32142857142857145	1.0	0.0	0.009523809523809525	0.5738095238095238	0.21428571428571427	0.0	0.0	0.0	0.0	0.0	0.2761904761904762	0.0	0.0	0.0	0.0	0.0	0.0	0.0	0.0	0.0	0.014285714285714285	0.37142857142857144	0.0	0.15	0.5142857142857142	0.0
848721	0.0	0.0	0.0	0.0	0.0	0.0	1.0	0.0	0.0	0.0	0.0	0.0	0.0	0.0	0.0	0.0	0.0	0.0	0.0	0.0	0.6666666666666666	0.0	0.0	0.0	0.0	0.0	0.0	0.0	0.0
848722	0.0	0.0	0.0	0.9321753515301903	0.0	0.4292803970223325	0.45244003308519437	0.0	0.19272125723738626	0.0	0.0	0.24979321753515302	0.0	0.9272125723738627	0.0	0.0	0.0	0.272125723738627	0.0	0.0	0.07857733664185278	0.0	0.0	0.0	0.0	0.0	0.0	0.0	0.0
1302690	0.0	0.0	0.0	1.0	0.0	0.0	0.4898989898989899	1.0	0.0	0.0	0.0	0.0	0.0	1.0	0.0	0.0	0.0	0.0	0.0	0.0	0.0	0.0	0.0	0.0	0.0	0.0	0.0	0.0	0.0
1302691	0.0	0.0	0.0	0.991304347826087	0.0	0.0	0.0	0.8695652173913043	0.0	0.0	0.391304347826087	0.0	0.0	1.0	0.0	0.0	0.0	0.0	0.0	0.0	0.0	0.0	0.0	0.0	0.0	0.0	0.0	0.0	0.0
533249	0.0	0.0	0.19753086419753085	1.0	0.0	0.47883597883597884	0.25396825396825395	0.0	0.0	0.0	0.0	0.0	0.1128747795414462	0.9876543209876543	0.0	0.0	0.0	0.16666666666666666	0.0	0.0	0.0	0.0	0.0	0.0	0.0	0.0	0.0	0.0	0.0
1243610	0.330718954248366	0.0	0.0	0.8326797385620915	0.0	0.3673202614379085	0.0	0.0	0.4222222222222222	0.0	0.0	0.047058823529411764	0.0	0.8705882352941177	0.0	0.0	0.0	0.2980392156862745	0.0	0.0	0.2261437908496732	0.0	0.0	0.0	0.0	0.0	0.0	0.0	0.330718954248366
