key	WAM_ALR	WAM_CCR	WAM_IPI	WAM_MAR	WAM_MYS	WAM_PBL	WAM_PJN	WAM_PPR	WAM_PST	WAM_ROL	WAM_SCR	WAM_SGN	WAM_SIS	WAM_TWN	WAR_ALR	WAR_CCR	WAR_IPI	WAR_MAR	WAR_MYS	WAR_PBL	WAR_PJN	WAR_PPR	WAR_PSK	WAR_PST	WAR_RNW	WAR_ROL	WAR_SCR	WAR_SGL	WAR_SIS
551373	0.0	0.208130081300813	0.0	0.0	0.14308943089430895	0.34308943089430893	0.2552845528455285	0.9235772357723577	0.0	0.3154471544715447	0.0	0.8747967479674796	0.0	0.0	0.2146341463414634	0.4276422764227642	0.15284552845528454	0.0	0.25853658536585367	0.0	0.0	0.0	0.0	0.0	0.3951219512195122	0.45528455284552843	0.7073170731707317	0.22601626016260162	0.0
1038817	0.0	0.4562043795620438	0.3004866180048662	0.0	0.44768856447688565	0.0	0.0	0.6739659367396593	0.13138686131386862	0.0	0.0	0.7664233576642335	0.305352798053528	0.0	0.07907542579075426	0.18248175182481752	0.0	0.0	0.0	0.0	0.24695863746958638	0.3722627737226277	0.0	0.030413625304136254	0.0	0.021897810218978103	0.9391727493917275	0.0	0.7055961070559611
1038814	0.4166666666666667	0.48518518518518516	0.0	0.0	0.0	0.7925925925925926	0.0	0.40555555555555556	0.0	0.5574074074074075	0.0	0.9388888888888889	0.0	0.0	0.0	0.16111111111111112	0.0	0.0	0.21296296296296297	0.12962962962962962	0.0	0.06666666666666667	0.31666666666666665	0.45	0.0	0.2722222222222222	0.9037037037037037	0.0	0.0
1164894	0.0	0.0	0.0	0.0	0.0	0.0	0.0	0.7956989247311828	0.2867383512544803	0.0	0.05913978494623656	0.5931899641577061	0.0	0.0	0.0	0.12544802867383512	0.0	0.0	0.0	0.0	0.0	0.0	0.05555555555555555	0.0	0.5340501792114696	0.8620071684587813	0.6612903225806451	0.0	0.0
810487	0.2294072363356428	0.3625866050808314	0.36027713625866054	0.0	0.33564280215550424	0.0	0.009237875288683603	0.596612779060816	0.4588144726712856	0.33564280215550424	0.8121632024634334	0.5696689761354888	0.0	0.0	0.1716705157813703	0.0	0.25096227867590454	0.4618937644341801	0.0	0.16320246343341033	0.05003849114703618	0.3995381062355658	0.16166281755196305	0.37336412625096227	0.18244803695150116	0.10392609699769054	0.3610469591993841	0.14164742109314857	0.07544264819091609
810489	0.0	0.7041942604856513	0.09271523178807947	0.2869757174392936	0.5695364238410596	0.0	0.0	0.5496688741721855	0.3487858719646799	0.0	0.0	1.0	0.0	0.18101545253863136	0.40618101545253865	0.47902869757174393	0.33112582781456956	0.152317880794702	0.0	0.0	0.8543046357615894	0.17660044150110377	0.5099337748344371	0.8962472406181016	0.0	0.0	0.1545253863134658	0.0	0.0
1197784	0.390625	0.0	0.0	0.0	0.3645833333333333	0.7369791666666666	0.0	0.7890625	0.0	0.6197916666666666	0.3932291666666667	0.7864583333333334	0.0	0.0	0.0	0.0	0.390625	0.0	0.0	0.0	0.0	0.0	0.0	0.0	0.0	0.6770833333333334	0.0	0.6848958333333334	0.0
868829	0.0	0.6093189964157706	0.0	0.0	0.0	0.0	0.2616487455197133	0.5197132616487455	0.0	0.0	0.6021505376344086	0.7419354838709677	0.0	0.0	0.0	0.0	0.0	0.0	0.0	0.0	0.0	0.0	0.0	0.0	0.0	0.0	0.8853046594982079	0.7813620071684588	0.0
1635036	0.0	0.27044025157232704	0.0	0.0	0.27044025157232704	0.0	0.13746630727762804	0.7924528301886793	0.20305480682839172	0.0	0.38185085354896675	0.26864330637915546	0.18238993710691823	0.0	0.3054806828391734	0.4636118598382749	0.0	0.0	0.27133872416891286	0.18149146451033243	0.0	0.0	0.07906558849955077	0.0	0.27133872416891286	0.6271338724168913	0.08445642407906559	0.0	0.2749326145552561
1551319	0.5475372279495991	0.18556701030927836	0.0	0.1729667812142039	0.6128293241695304	0.0	0.0	0.7250859106529209	0.12829324169530354	0.0	0.4238258877434135	0.8946162657502864	0.0	0.09736540664375716	0.3459335624284078	0.0	0.3024054982817869	0.0	0.0	0.0	0.0	0.0	0.2623138602520046	0.27376861397479957	0.23024054982817868	0.30011454753722794	0.6563573883161512	0.0	0.0
109138	0.0	0.24154589371980675	0.0	0.0	0.16908212560386474	0.0	0.8768115942028986	0.8091787439613527	0.0	0.0	0.0	0.821256038647343	0.0	0.3647342995169082	0.0	0.3647342995169082	0.2608695652173913	0.0	0.0	0.0	0.4323671497584541	0.32367149758454106	0.0	0.19082125603864733	0.3140096618357488	0.6376811594202898	0.3333333333333333	0.0	0.0
660292	0.0	0.0	0.0	0.0	0.0	0.0	0.4796747967479675	0.17479674796747968	0.0	0.0	0.0	0.6097560975609756	0.0	0.0	0.0	0.0	0.0	0.0	0.0	0.0	0.0	0.0	0.0	0.0	0.0	0.0	0.0	0.0	0.0
675270	0.04311774461028192	0.5008291873963516	0.3913764510779436	0.0	0.7860696517412935	0.0	0.15920398009950248	0.7014925373134329	0.48258706467661694	0.0	0.0	0.9270315091210614	0.40298507462686567	0.45107794361525705	0.0	0.0	0.0	0.0	0.0	0.0	0.0	0.6849087893864013	0.0	0.49087893864013266	0.0	0.0	0.28192371475953565	0.0	0.2504145936981758
675271	1.0	0.5959595959595959	0.0	0.0	1.0	0.0	0.5084175084175084	0.44107744107744107	1.0	0.0	0.30303030303030304	0.7845117845117845	0.0	0.0	0.0	0.0	0.0	0.0	0.0	0.0	0.0	0.2962962962962963	0.0	0.0	0.0	0.23232323232323232	0.0	0.0	0.0
675272	0.2989985693848355	0.22317596566523606	0.0	0.0	0.14163090128755365	0.0	0.2603719599427754	0.5951359084406295	0.1759656652360515	0.0	0.7195994277539342	0.2932761087267525	0.0	0.0	0.0	0.0	0.0	0.0	0.0	0.43204577968526464	0.0	0.24892703862660945	0.22746781115879827	0.0	0.38197424892703863	0.18311874105865522	0.16165951359084407	0.0	0.41630901287553645
675269	0.4748427672955975	0.48742138364779874	0.2358490566037736	0.0	0.9245283018867925	0.0	0.0	0.5628930817610063	0.39937106918238996	0.0	0.3757861635220126	0.05345911949685535	0.0	0.0	0.0	0.6116352201257862	0.0	0.0	0.0	0.0	0.34276729559748426	0.39622641509433965	0.0	0.4276729559748428	0.19968553459119498	0.6650943396226415	0.5849056603773585	0.0	0.23742138364779874
521905	0.0	0.4666666666666667	0.0	0.0	0.0	0.0	0.0	0.0	0.4666666666666667	0.0	0.0	1.0	0.0	0.0	0.0	0.0	0.0	0.0	0.0	0.0	0.0	0.0	0.0	0.2222222222222222	0.0	0.0	0.0	0.0	0.28888888888888886
1349708	0.6220472440944882	0.7270341207349081	0.47506561679790027	0.0	0.9422572178477691	0.6797900262467191	0.6246719160104987	0.31758530183727035	0.48293963254593175	0.3937007874015748	0.9212598425196851	0.4068241469816273	0.0	0.3700787401574803	0.0	0.3937007874015748	0.4461942257217848	0.0	0.0	0.3963254593175853	0.0	0.8818897637795275	0.7532808398950132	0.8346456692913385	0.7165354330708661	0.5984251968503937	0.0	0.0	0.0
1349709	0.22256410256410256	0.20615384615384616	0.0	0.30666666666666664	0.5241025641025641	0.0	0.0	0.7282051282051282	0.0882051282051282	0.1158974358974359	0.09641025641025641	0.6276923076923077	0.1641025641025641	0.0	0.0	0.7630769230769231	0.0	0.0	0.15384615384615385	0.6635897435897435	0.0	0.0	0.22666666666666666	0.26153846153846155	0.08102564102564103	0.0020512820512820513	0.1671794871794872	0.0	0.0
814634	0.25510204081632654	0.5348639455782312	0.3852040816326531	0.0	0.25595238095238093	0.2695578231292517	0.0	0.0824829931972789	0.2568027210884354	0.24489795918367346	0.25255102040816324	0.47278911564625853	0.0	0.22448979591836735	0.0	0.0	0.0	0.0	0.26360544217687076	0.0	0.0	0.2304421768707483	0.0	0.0	0.5722789115646258	0.0	0.45408163265306123	0.0	0.0
70292	0.0	0.0	0.0	0.18029350104821804	0.42138364779874216	0.2851153039832285	0.1488469601677149	0.6981132075471698	0.8930817610062893	0.0	0.1488469601677149	0.5136268343815513	0.6163522012578616	0.0	0.0	0.0	0.0	0.0	0.0	0.1970649895178197	0.0	0.3584905660377358	0.0	0.18658280922431866	0.5932914046121593	0.0	0.6666666666666666	0.0	0.0
1636470	0.0	0.3852813852813853	0.0	0.0	0.4199134199134199	0.0	0.3246753246753247	0.0	0.0	0.0	0.44155844155844154	0.5064935064935064	0.0	0.0	0.2619047619047619	0.0	0.3268398268398268	0.6385281385281385	0.0	0.0	0.0	0.0	0.0	0.0	0.0	0.5974025974025974	0.47186147186147187	0.0	0.0
823431	0.0	0.589622641509434	0.0	0.2893081761006289	0.360062893081761	0.0	0.0	0.8537735849056604	0.7138364779874213	0.0	0.5738993710691824	0.4559748427672956	0.0	0.0	0.0	0.0	0.23742138364779874	0.0	0.0	0.4748427672955975	0.0660377358490566	0.8160377358490566	0.0	0.46855345911949686	0.0	0.0	0.7657232704402516	0.0	0.0
846654	0.0	0.1712538226299694	0.06422018348623854	0.6055045871559633	0.7981651376146789	0.0	0.0	0.0	0.6788990825688074	0.0	0.0	0.8256880733944955	0.0	0.7951070336391437	0.6697247706422018	0.0	0.0	0.0	0.0	0.0	0.0	0.0	0.0	0.43425076452599387	0.0	0.11009174311926606	0.18654434250764526	0.0	0.0
154466	0.0	0.0	0.0	0.0	0.40816326530612246	0.0	0.0	0.7755102040816326	0.0	0.0	0.034013605442176874	0.8027210884353742	0.0	0.0	0.0	0.0	0.0	0.0	0.0	0.0	0.0	0.0	0.7755102040816326	0.0	0.0	0.0	0.0	0.0	1.0
154463	0.0	0.6862745098039216	0.0	0.0	0.0	0.0	0.5266106442577031	0.9467787114845938	0.5210084033613446	0.0	0.0	0.9971988795518207	0.0	0.0	0.0	0.0	0.0	0.5798319327731093	0.0	0.6022408963585434	0.09803921568627451	0.3445378151260504	0.0	0.5686274509803921	0.42296918767507	0.43977591036414565	0.8235294117647058	0.5378151260504201	0.5126050420168067
154464	0.5230769230769231	0.35384615384615387	0.0	0.0	0.0	0.6205128205128205	0.6410256410256411	0.9051282051282051	0.8717948717948718	0.0	0.36666666666666664	0.45897435897435895	0.0	0.0	0.5794871794871795	0.6076923076923076	0.0	0.08461538461538462	0.0	0.23846153846153847	0.9769230769230769	0.4230769230769231	0.0	0.0	0.38461538461538464	0.0	0.3974358974358974	0.4512820512820513	0.9564102564102565
96184	0.0	0.0	0.0	0.6894977168949772	0.8401826484018264	0.6894977168949772	0.91324200913242	1.0	0.5159817351598174	0.0	0.730593607305936	1.0	0.5251141552511416	0.0	0.0	0.0	0.0	0.684931506849315	0.0	0.3013698630136986	0.0	1.0	0.0	0.0	0.0	0.0	0.954337899543379	0.0	0.0
995304	0.34935897435897434	0.9038461538461539	0.0	0.0	0.0	0.3782051282051282	0.0	1.0	0.9326923076923077	0.0	0.1987179487179487	0.6666666666666666	0.0	0.0	0.4807692307692308	0.25961538461538464	0.0	0.0	0.0	0.16666666666666666	0.5993589743589743	0.9294871794871795	0.0	0.9134615384615384	0.0	0.003205128205128205	0.483974358974359	0.0	0.4326923076923077
995305	0.5747126436781609	0.39080459770114945	0.0	0.0	0.0	0.0	0.0	0.49808429118773945	0.36398467432950193	0.0	0.28735632183908044	1.0	0.8237547892720306	0.0	0.578544061302682	0.0	0.0	0.4789272030651341	0.0	0.0	0.0	0.8659003831417624	0.0	0.0	0.1685823754789272	0.31800766283524906	0.524904214559387	0.0	0.0
1714828	0.0	0.720125786163522	0.0	0.4559748427672956	0.0	0.1289308176100629	0.0	0.36792452830188677	0.0	0.0	1.0	0.7955974842767296	0.0	0.0	0.4716981132075472	0.0	0.0	0.8144654088050315	0.0	0.789308176100629	0.6761006289308176	0.0	0.0	0.9433962264150944	0.0	0.0	0.24528301886792453	0.0	0.0
795884	0.0	0.0	0.6586666666666666	0.0	0.4026666666666667	0.496	0.0	0.2986666666666667	0.7333333333333333	0.23466666666666666	0.0	0.6266666666666667	0.0	0.0	0.824	0.0	0.0	0.0	0.0	0.2693333333333333	0.0	0.07466666666666667	0.0	0.0	0.6293333333333333	0.4186666666666667	1.0	0.0	0.0
465369	0.38652482269503546	0.4326241134751773	0.0	0.5319148936170213	0.41134751773049644	0.0	0.0	0.6808510638297872	0.18085106382978725	0.7730496453900709	0.0	0.3475177304964539	0.0	0.0	0.0	0.0	0.0	0.0	0.0	0.4858156028368794	0.2801418439716312	0.0	0.0	0.0	0.0	0.0	0.7304964539007093	0.0	0.0
204686	0.0	0.0	0.0	0.48643410852713176	0.2926356589147287	0.42054263565891475	0.0	0.6337209302325582	0.4748062015503876	0.0	0.3081395348837209	0.046511627906976744	0.0	0.0	0.0	0.0	0.0	0.5794573643410853	0.0	0.5155038759689923	0.2926356589147287	0.19186046511627908	0.0	0.29069767441860467	0.3333333333333333	0.0	0.3953488372093023	0.0	0.812015503875969
204685	0.0	0.0	0.6459770114942529	0.5885057471264368	0.632183908045977	0.0	0.0	0.5632183908045977	0.8781609195402299	0.32873563218390806	0.12643678160919541	0.7977011494252874	0.0	0.0	0.6873563218390805	0.5678160919540229	0.19310344827586207	0.32873563218390806	0.0	0.8114942528735632	0.0896551724137931	0.32413793103448274	0.009195402298850575	0.9747126436781609	0.5126436781609195	0.6666666666666666	0.864367816091954	0.0	0.013793103448275862
654802	0.0	0.4265536723163842	0.0	0.0	0.0	0.0	0.2175141242937853	1.0	0.0	0.7203389830508474	0.3192090395480226	0.0	0.0	0.2994350282485876	0.0	0.2711864406779661	0.4689265536723164	0.53954802259887	0.0	0.0	0.0	0.6666666666666666	0.0	0.0	0.0	0.0	0.0	0.3757062146892655	0.4265536723163842
719337	0.49256900212314225	0.05307855626326964	0.0	0.0	0.8980891719745223	0.0	0.0	1.0	0.34394904458598724	0.0	0.0	0.7261146496815286	0.0	0.0	0.0	0.0	0.0	0.0	0.0	0.0	0.0	0.0	0.1910828025477707	0.40552016985138006	0.5329087048832272	0.0	0.19532908704883228	0.0	0.26963906581740976
1502171	0.0	0.0	0.0	0.18757062146892656	0.0	0.0	0.0	0.8824858757062147	0.0	0.0	0.3536723163841808	0.911864406779661	0.0	0.0	0.0	0.6903954802259887	0.0	0.0	0.005649717514124294	0.0	0.0	0.5807909604519774	0.0	0.29717514124293787	0.0	0.0	0.17853107344632768	0.49491525423728816	0.2847457627118644
85798	0.0	0.0	0.0	0.0	0.0	0.0	0.0	0.5631067961165048	0.0	0.7087378640776699	0.656957928802589	0.8284789644012945	0.0	0.0	0.0	0.1650485436893204	0.0	0.0	0.0	0.0	0.0	0.5307443365695793	0.0	0.4110032362459547	0.7637540453074434	0.0	0.5080906148867314	0.20388349514563106	0.0
569670	0.31761006289308175	0.4748427672955975	0.0	0.4716981132075472	0.42138364779874216	0.0	0.0	0.8647798742138365	0.0	0.0	0.39308176100628933	0.7091194968553459	0.0	0.0	0.0	0.0	0.0	0.0	0.2610062893081761	0.0	0.0	0.0	0.0	0.0	0.23742138364779874	0.0	0.13364779874213836	0.0	0.0
1041808	0.0	0.0	0.0	0.0	0.0	0.0	0.0	0.5045045045045045	0.0	0.0	0.0	0.0990990990990991	0.0945945945945946	0.0	0.0	0.12612612612612611	0.0	0.0	0.0	0.0	0.0	0.0	0.0	0.0	0.0	0.0	0.0	0.0	0.0
1041810	0.0	0.0	0.36947791164658633	0.6626506024096386	0.0	0.0	0.0	0.0	0.0	0.0	0.30120481927710846	0.7951807228915663	0.0	0.0	0.0	0.0	0.5742971887550201	0.0	0.0	0.4939759036144578	0.0642570281124498	0.1686746987951807	0.0	0.0	0.0	0.7188755020080321	0.606425702811245	0.0	0.0
1499636	0.0	0.6639784946236559	0.0	0.0	0.25806451612903225	0.0	0.0	0.8924731182795699	0.8494623655913979	0.0	0.06451612903225806	0.41397849462365593	0.0	0.0	0.0	0.0	0.0	0.0	0.2661290322580645	0.0	0.0	0.03225806451612903	0.0	0.0	0.0	0.24731182795698925	1.0	0.010752688172043012	0.0
1499638	0.0	0.0	0.0	0.0	0.8755020080321285	0.0	0.0	0.9156626506024096	0.0	0.0	0.0	0.0	0.0	0.0	0.0	0.0	0.5943775100401606	0.0	0.0	0.0	0.0	0.0	0.0	0.0	0.0	0.0	0.42570281124497994	0.0	0.0
443957	0.0	0.0	0.2777777777777778	0.5694444444444444	0.5300925925925926	0.0	0.5462962962962963	1.0	1.0	0.45601851851851855	0.0	0.9444444444444444	0.0	0.0	0.0	0.0	0.0	0.0	0.12268518518518519	0.0	0.0	0.3148148148148148	0.5486111111111112	0.3449074074074074	0.0	0.8518518518518519	1.0	0.0	0.0
443958	0.0	0.0	0.0	0.0	0.2807017543859649	0.0	0.07602339181286549	0.8245614035087719	0.49707602339181284	0.0	0.3391812865497076	0.7807017543859649	0.0	0.0	0.0	0.0	0.0	0.0	0.6140350877192983	0.0	0.7514619883040936	0.7426900584795322	0.0	0.43859649122807015	0.0	0.42105263157894735	0.07602339181286549	0.0	0.0
1090005	0.46747967479674796	0.23983739837398374	0.0	0.0	0.35365853658536583	0.4078590785907859	0.0	0.6693766937669376	0.3252032520325203	0.2046070460704607	0.8970189701897019	0.44308943089430897	0.0	0.0	0.46883468834688347	0.22086720867208673	0.0	0.0	0.0	0.2764227642276423	0.18699186991869918	0.0	0.0	0.5149051490514905	0.0	0.36314363143631434	0.489159891598916	0.0	0.2791327913279133
1090006	0.36666666666666664	0.0	0.0	0.0	0.6388888888888888	0.2916666666666667	0.0	0.0	0.0	0.0	0.14722222222222223	0.5972222222222222	0.0	0.0	0.0	0.3972222222222222	0.0	0.0	0.0	0.0	0.0	0.0	0.0	0.7833333333333333	0.0	0.5944444444444444	0.5194444444444445	0.0	0.0
771407	0.0	0.0	0.0	0.0	0.0	0.0	0.0	0.7866666666666666	0.54	0.0	0.0	1.0	0.0	0.0	1.0	0.0	0.0	0.0	0.44666666666666666	0.0	0.78	0.0	0.0	0.0	0.41333333333333333	0.0	0.9866666666666667	0.0	0.0
396597	0.0	0.3824561403508772	0.0	0.0	0.0035087719298245615	0.0	0.0	0.17894736842105263	0.0	0.0	0.0	0.0	0.0	0.4	0.7403508771929824	0.5929824561403508	0.8421052631578947	1.0	0.014035087719298246	0.0	0.0	0.2	0.5263157894736842	0.0	0.5298245614035088	0.0	0.0	0.0	0.0
