key	WAM_ALR	WAM_CCR	WAM_IPI	WAM_MAR	WAM_MYS	WAM_PBL	WAM_PJN	WAM_PPR	WAM_PST	WAM_ROL	WAM_SCR	WAM_SGN	WAM_SIS	WAM_TWN	WAR_ALR	WAR_CCR	WAR_IPI	WAR_MAR	WAR_MYS	WAR_PBL	WAR_PJN	WAR_PPR	WAR_PSK	WAR_PST	WAR_RNW	WAR_ROL	WAR_SCR	WAR_SGL	WAR_SIS
747995	0.524904214559387	0.5938697318007663	0.0	0.8160919540229885	1.0	0.0	1.0	0.04980842911877394	0.7931034482758621	0.8544061302681992	1.0	0.8007662835249042	1.0	0.0	0.0	0.022988505747126436	0.0	0.0	0.0	0.0	0.8850574712643678	0.11877394636015326	1.0	0.0	0.0	0.0	0.9961685823754789	0.022988505747126436	0.0
747996	0.0	0.4143126177024482	0.0	0.8436911487758946	1.0	0.8380414312617702	1.0	0.0	0.5743879472693032	0.3088512241054614	1.0	0.9077212806026366	1.0	0.0	0.0	0.0	0.0	0.0	0.4896421845574388	0.0	1.0	0.9830508474576272	0.0	0.0	0.0	0.0	0.5555555555555556	0.0	0.0
729493	0.0	0.6767676767676768	0.0	0.0	0.9949494949494949	0.0	0.0	0.0	0.797979797979798	0.0	0.7373737373737373	0.3838383838383838	0.03535353535353535	0.0	0.0	0.0	0.0	0.0	0.0	0.0	0.0	0.0	0.0	0.0	0.0	0.0	0.0	0.0	0.0
30769	0.0	0.0	0.510989010989011	0.9432234432234432	0.86996336996337	0.1336996336996337	1.0	0.836996336996337	0.0	0.5128205128205128	1.0	0.0	1.0	0.47985347985347987	0.0	0.1391941391941392	0.0	0.0	0.22344322344322345	0.0	1.0	0.6904761904761905	0.0	0.0	0.0	0.0	0.9102564102564102	0.32051282051282054	0.0
1137519	0.0	0.0	0.6225352112676056	0.819718309859155	0.9755868544600939	0.5596244131455399	1.0	0.4140845070422535	0.36619718309859156	0.7220657276995305	1.0	0.19342723004694837	1.0	0.0	0.0	0.4197183098591549	0.0	0.14084507042253522	0.5370892018779343	0.0	0.9051643192488263	0.47136150234741786	0.0	0.0	0.0	0.0	0.9286384976525821	0.0	0.0
1497924	0.0	0.0	0.4393939393939394	0.6565656565656566	1.0	0.0	0.6060606060606061	0.398989898989899	0.0	1.0	0.7727272727272727	0.0	1.0	0.0	0.0	0.0	0.0	0.0	0.0	0.0	0.09090909090909091	0.0	0.0	0.0	0.0	0.0	0.0	0.0	0.0
1052005	0.08823529411764706	0.6470588235294118	0.7401960784313726	0.7156862745098039	0.8921568627450981	0.4068627450980392	0.9583333333333334	0.8811274509803921	0.5392156862745098	0.5049019607843137	1.0	0.0	0.9975490196078431	0.0	0.0	0.5514705882352942	0.0	0.18504901960784315	0.43995098039215685	0.16666666666666666	0.9227941176470589	0.0	0.0	0.061274509803921566	0.0	0.0	0.9178921568627451	0.4583333333333333	0.0
1052006	0.15412186379928317	0.6666666666666666	0.0	1.0	0.5949820788530465	0.4982078853046595	1.0	1.0	0.0	0.9605734767025089	1.0	0.0	1.0	0.0	0.0	0.27956989247311825	0.0	0.0	0.8924731182795699	0.27598566308243727	1.0	0.0	0.0	0.5161290322580645	0.0	0.2724014336917563	0.9139784946236559	0.3763440860215054	0.0
1052007	0.38765432098765434	0.291358024691358	0.7234567901234568	1.0	0.7185185185185186	0.32592592592592595	1.0	1.0	0.1259259259259259	0.5382716049382716	1.0	0.0	1.0	0.7160493827160493	0.0	0.36790123456790125	0.0	0.04197530864197531	0.5358024691358024	0.19012345679012346	0.9481481481481482	0.0	0.0	0.0	0.0	0.34814814814814815	1.0	0.0	0.0
1052008	0.0	0.5829846582984658	0.15341701534170155	0.8940027894002789	0.9205020920502092	0.23430962343096234	1.0	0.697350069735007	0.5327754532775453	0.691771269177127	1.0	0.0	1.0	0.38354253835425384	0.0	0.6513249651324965	0.0	0.28730822873082285	0.606694560669456	0.0	0.9679218967921897	0.0	0.0	0.0	0.0	0.0	1.0	0.0	0.0
1052009	0.4785714285714286	0.34285714285714286	0.3047619047619048	0.7666666666666667	0.9095238095238095	0.0761904761904762	1.0	0.6619047619047619	0.8166666666666667	0.9166666666666666	0.9476190476190476	0.44761904761904764	1.0	0.0	0.0	0.0	0.0	0.0	0.6166666666666667	0.0	0.8690476190476191	0.0	0.0	0.6880952380952381	0.0	0.0	1.0	0.0	0.0
1731157	0.49333333333333335	0.72	0.0	0.8933333333333333	0.7386666666666667	0.9493333333333334	0.8826666666666667	0.9973333333333333	0.5813333333333334	1.0	1.0	0.944	1.0	0.0	0.0	0.32266666666666666	0.0	0.0	0.7066666666666667	0.0	0.784	0.2906666666666667	0.4026666666666667	0.058666666666666666	0.5546666666666666	0.0	0.9893333333333333	0.5013333333333333	0.0
1731158	0.0	0.16771488469601678	0.0	0.6729559748427673	0.9224318658280922	0.9161425576519916	1.0	0.6792452830188679	0.9916142557651991	0.5220125786163522	1.0	0.2914046121593291	1.0	0.0	0.0	0.0	0.0	0.0	0.7777777777777778	0.17819706498951782	0.8511530398322851	0.6310272536687631	0.0	0.8825995807127882	0.18658280922431866	0.0	0.8532494758909853	0.4947589098532495	0.0
1731160	0.0	0.9836601307189542	0.0	0.7777777777777778	0.6666666666666666	0.5392156862745098	1.0	0.0	0.042483660130718956	0.0	1.0	0.6013071895424836	1.0	0.0	0.4934640522875817	0.2875816993464052	0.0	0.0	0.0	0.0	0.5196078431372549	0.38562091503267976	0.0	0.7777777777777778	0.0	0.0	1.0	0.0	0.0
1731161	0.40614886731391586	0.9854368932038835	0.6812297734627831	0.9514563106796117	0.9741100323624595	0.6974110032362459	1.0	0.6877022653721683	0.7993527508090615	0.3478964401294498	1.0	0.7378640776699029	1.0	0.5679611650485437	0.0	0.6990291262135923	0.0	0.37540453074433655	0.3559870550161812	0.0	0.9498381877022654	0.20388349514563106	0.0	0.22653721682847897	0.0	0.0	0.9902912621359223	0.0	0.0
1731162	0.044233807266982623	0.26540284360189575	0.6240126382306477	0.8799368088467614	1.0	0.07898894154818326	1.0	0.382306477093207	0.42812006319115326	0.584518167456556	1.0	0.36334913112164297	1.0	0.34281200631911535	0.0	0.8878357030015798	0.0	0.0	0.33965244865718797	0.0	0.8041074249605056	0.0	0.0	0.0	0.0	0.0	0.7377567140600316	0.0	0.0
1731163	0.9243986254295533	1.0	0.9828178694158075	0.8178694158075601	1.0	0.0	1.0	1.0	0.24398625429553264	0.7835051546391752	1.0	0.0	1.0	0.0	0.0	0.436426116838488	0.3642611683848797	0.0	0.9415807560137457	0.0	0.4020618556701031	0.0	0.0	0.0	0.0	0.0	1.0	0.0	0.0
920643	0.0	0.9555555555555556	0.9069444444444444	1.0	0.95	0.5930555555555556	1.0	0.8375	0.8402777777777778	0.0	1.0	0.04861111111111111	1.0	0.0	0.0	0.6736111111111112	0.0	0.0	0.3013888888888889	0.17222222222222222	0.9319444444444445	0.3625	0.0	0.0	0.0	0.0	0.8361111111111111	0.0	0.0
1000774	0.0	0.4613686534216336	0.40176600441501104	0.7229580573951435	0.9150110375275938	0.891832229580574	1.0	0.9172185430463576	0.24061810154525387	0.9988962472406181	1.0	0.4470198675496689	1.0	0.2924944812362031	0.0	0.0	0.0	0.16335540838852097	0.2737306843267108	0.0	0.5309050772626932	0.16997792494481237	0.0	0.5529801324503312	0.0	0.3333333333333333	0.6644591611479028	0.38852097130242824	0.0
1000783	0.0	0.7282377919320594	0.0	0.564755838641189	1.0	0.4819532908704883	1.0	1.0	0.8556263269639066	0.7388535031847133	1.0	0.0	1.0	0.0	0.0	0.0	0.0	0.0	0.0	0.1592356687898089	0.09129511677282377	0.0	0.5074309978768577	0.0	0.0	0.0	0.47770700636942676	0.0	0.0
30805	1.0	0.0	0.0	0.8494623655913979	1.0	0.6308243727598566	1.0	0.6021505376344086	0.8673835125448028	0.910394265232975	1.0	0.9175627240143369	1.0	0.0	0.0	0.931899641577061	0.0	0.34408602150537637	0.0	0.0	0.4014336917562724	0.0	0.0	0.0	0.0	0.3978494623655914	0.8745519713261649	0.0	0.0
990922	0.43768115942028984	0.8956521739130435	0.8173913043478261	1.0	1.0	0.6289855072463768	1.0	0.663768115942029	0.0	0.7159420289855073	1.0	0.0	1.0	0.0	0.0	1.0	0.0	0.37971014492753624	0.4811594202898551	0.5362318840579711	0.8115942028985508	0.19710144927536233	0.0	0.0	0.6260869565217392	0.0	0.6840579710144927	0.0	0.0
990923	0.6455026455026455	1.0	0.0	1.0	1.0	0.3544973544973545	0.9894179894179894	0.9682539682539683	0.0	0.0	1.0	0.5608465608465608	1.0	1.0	0.0	0.0	0.0	0.0	0.48677248677248675	0.0	0.6402116402116402	0.0	0.0	0.0	0.8201058201058201	0.0	0.0	0.0	0.0
474740	0.3265993265993266	0.7474747474747475	0.7962962962962963	0.8897306397306397	0.9713804713804713	0.4511784511784512	1.0	0.8055555555555556	0.6919191919191919	0.5471380471380471	1.0	0.281986531986532	1.0	0.25084175084175087	0.0	0.7769360269360269	0.0	0.0	0.585016835016835	0.19107744107744107	0.9158249158249159	0.3930976430976431	0.08249158249158249	0.0	0.23484848484848486	0.0	0.9318181818181818	0.0	0.0
254212	0.0	0.946236559139785	0.44086021505376344	0.0	0.9435483870967742	0.0	0.9220430107526881	0.9623655913978495	0.6048387096774194	0.13709677419354838	1.0	0.0	1.0	0.0	0.0	0.28763440860215056	0.0	0.0	0.6021505376344086	0.0	1.0	0.0	0.0	0.0	0.40053763440860213	0.0	1.0	0.0	0.0
747979	0.0	0.6788321167883211	0.3613138686131387	1.0	0.9282238442822385	0.0	1.0	0.7907542579075426	0.23479318734793186	0.6605839416058394	1.0	0.6654501216545012	1.0	0.3637469586374696	0.0	0.5559610705596107	0.0	0.0	0.5316301703163017	0.0	0.2944038929440389	0.36739659367396593	0.0	0.6021897810218978	0.0	0.0	0.8345498783454988	0.0	0.3661800486618005
747980	0.33572281959378736	0.22939068100358423	0.7025089605734767	0.7789725209080047	0.9904420549581839	0.5925925925925926	1.0	0.996415770609319	0.7347670250896058	0.7502986857825568	1.0	0.2616487455197133	1.0	0.0	0.0	0.35961768219832735	0.0	0.0	0.26642771804062126	0.0	0.948626045400239	0.2616487455197133	0.0	0.0	0.0	0.0	0.8912783751493429	0.0	0.0
747981	0.2971576227390181	0.7364341085271318	0.8320413436692506	1.0	1.0	0.9534883720930233	1.0	1.0	0.5193798449612403	0.5167958656330749	1.0	0.6511627906976745	1.0	0.0	0.0	0.8423772609819121	0.0	0.0	0.0103359173126615	0.0	0.0	0.0	0.0	0.46770025839793283	0.3953488372093023	0.0	1.0	0.6459948320413437	0.0
747982	0.0	0.6140350877192983	0.26096491228070173	1.0	1.0	1.0	1.0	0.9758771929824561	0.4473684210526316	0.4057017543859649	1.0	0.5745614035087719	1.0	0.0	0.0	0.5526315789473685	0.0	0.0	1.0	0.0	0.793859649122807	0.8157894736842105	0.0	0.26535087719298245	0.17543859649122806	0.0	1.0	0.1337719298245614	0.0
176232	0.0	0.9795597484276729	0.6690251572327044	0.9897798742138365	0.9355345911949685	0.9363207547169812	1.0	1.0	0.5117924528301887	0.7641509433962265	1.0	0.3671383647798742	1.0	0.41273584905660377	0.0	0.48742138364779874	0.0	0.0	0.7979559748427673	0.17845911949685533	0.7421383647798742	0.4921383647798742	0.14779874213836477	0.08647798742138364	0.11871069182389937	0.0	0.9889937106918238	0.0	0.0
990929	0.0	0.4188034188034188	0.4301994301994302	0.5868945868945868	0.9772079772079773	0.0	1.0	0.3418803418803419	1.0	0.4301994301994302	1.0	0.0	1.0	0.0	0.0	0.37606837606837606	0.0	0.0	0.5470085470085471	0.0	0.10256410256410256	0.717948717948718	0.0	0.0	0.0	0.05128205128205128	0.4188034188034188	0.0	0.0
990931	0.0	0.36387782204515273	0.4077025232403719	0.8406374501992032	1.0	0.049136786188579015	1.0	0.8326693227091634	0.952191235059761	0.9243027888446215	1.0	0.24302788844621515	1.0	0.29349269588313415	0.0	0.18592297476759628	0.0	0.0	0.0	0.0	0.9707835325365206	0.8632138114209827	0.0	0.7158034528552457	0.0	0.0	0.6042496679946879	0.0	0.0
990948	0.0	1.0	0.9065420560747663	1.0	1.0	0.48598130841121495	1.0	1.0	1.0	0.4485981308411215	1.0	0.0	1.0	0.470404984423676	0.0	0.0	0.0	0.0	0.8878504672897196	0.0	0.897196261682243	0.0	0.0	0.0	0.0	0.8691588785046729	0.8348909657320872	0.0	0.0
650551	0.0	0.8883333333333333	0.97	0.6583333333333333	1.0	0.555	1.0	1.0	0.38333333333333336	0.7316666666666667	1.0	0.4033333333333333	1.0	0.5383333333333333	0.0	0.4116666666666667	0.0	0.22833333333333333	0.9483333333333334	0.43166666666666664	0.78	0.32	0.0	0.17833333333333334	0.0	0.0	1.0	0.0	0.0
176243	0.0	0.935672514619883	0.14619883040935672	0.8830409356725146	0.9454191033138402	0.20857699805068225	1.0	1.0	0.38596491228070173	0.9122807017543859	1.0	0.0	1.0	0.31189083820662766	0.0	0.8031189083820662	0.0	0.08382066276803118	0.5633528265107213	0.29434697855750486	0.6471734892787524	0.7563352826510721	0.0	0.1286549707602339	0.0	0.0	1.0	0.29434697855750486	0.0
909422	0.44851657940663175	0.9965095986038395	0.5043630017452007	0.44851657940663175	0.8952879581151832	0.3368237347294939	1.0	0.7469458987783595	0.0	0.19546247818499127	1.0	0.02617801047120419	1.0	0.0	0.0	0.26352530541012215	0.28097731239092494	0.0	0.7556719022687609	0.0	0.8726003490401396	0.5532286212914486	0.0	0.0	0.0	0.4851657940663176	0.8010471204188482	0.0	0.0
89970	0.0	0.22383252818035426	0.34782608695652173	0.8083735909822867	1.0	0.0	1.0	0.7713365539452496	0.47342995169082125	0.7793880837359098	1.0	0.08051529790660225	1.0	0.23349436392914655	0.02576489533011272	0.48470209339774556	0.0	0.0	0.7391304347826086	0.0	0.782608695652174	0.0	0.0	0.1932367149758454	0.0	0.1320450885668277	0.7246376811594203	0.0	0.0
1137557	0.0	0.17892156862745098	0.07107843137254902	0.8480392156862745	0.8823529411764706	0.5367647058823529	0.9191176470588235	0.678921568627451	0.1715686274509804	0.36764705882352944	1.0	0.0	1.0	0.0	0.0	0.6470588235294118	0.0	0.0	0.0	0.0	0.75	0.0	0.0	0.0	0.0	0.0	0.5245098039215687	0.0	0.0
9101	0.0	0.7777777777777778	0.5634920634920635	1.0	1.0	0.08333333333333333	1.0	0.9880952380952381	1.0	0.21825396825396826	1.0	0.6865079365079365	1.0	0.0	0.0	0.12698412698412698	0.0	0.0	1.0	0.0	1.0	0.20634920634920634	0.0	0.5238095238095238	0.0	0.0	0.4603174603174603	0.0	0.0
474760	0.2072072072072072	0.690990990990991	0.4765765765765766	0.9702702702702702	0.9207207207207208	0.681981981981982	1.0	0.8576576576576577	0.3207207207207207	0.936036036036036	1.0	0.5063063063063064	1.0	0.2036036036036036	0.07117117117117117	0.46756756756756757	0.0	0.0	0.6207207207207207	0.0	0.7306306306306306	0.14144144144144144	0.0	0.0	0.21711711711711712	0.0	0.7477477477477478	0.0	0.0
474763	0.48816029143898	0.4644808743169399	0.5227686703096539	0.7449908925318761	0.9872495446265938	0.5191256830601093	1.0	0.7832422586520947	0.7905282331511839	0.7650273224043715	1.0	0.0	1.0	0.30418943533697634	0.0	0.0	0.0	0.0	0.9981785063752276	0.0	0.9908925318761385	0.8925318761384335	0.0	0.0	0.0	0.0	0.6193078324225865	0.0	0.0
474765	0.0	0.87995337995338	0.703962703962704	0.986013986013986	1.0	0.25874125874125875	1.0	0.5804195804195804	0.4766899766899767	0.42657342657342656	1.0	0.49533799533799533	1.0	0.0	0.2773892773892774	0.40093240093240096	0.0	0.0	0.49184149184149184	0.3881118881118881	0.6923076923076923	0.3006993006993007	0.0	0.0	0.0	0.3356643356643357	0.9545454545454546	0.0	0.0
474726	0.6586666666666666	1.0	0.41333333333333333	1.0	1.0	0.5413333333333333	1.0	0.8373333333333334	0.8106666666666666	0.9013333333333333	1.0	0.07466666666666667	1.0	0.0	0.0	0.010666666666666666	0.0	0.0	0.18666666666666668	0.0	0.8133333333333334	0.6266666666666667	0.0	0.0	0.0	0.0	0.792	0.0	0.0
474736	0.0	0.7376543209876543	1.0	1.0	1.0	0.8580246913580247	1.0	1.0	0.9320987654320988	0.9722222222222222	1.0	0.0	1.0	0.0	0.0	0.4351851851851852	0.0	0.0	0.8271604938271605	0.0	0.7654320987654321	0.2222222222222222	0.0	0.4351851851851852	0.0	0.0	1.0	0.0	0.0
176271	0.0	0.6965811965811965	0.7008547008547008	0.6410256410256411	0.6965811965811965	0.782051282051282	1.0	0.8803418803418803	0.41025641025641024	1.0	1.0	0.0	1.0	0.0	0.0	0.5	0.0	0.0	0.28205128205128205	0.0	0.9188034188034188	0.0	0.0	0.0	0.0	0.0	0.7905982905982906	0.0	0.0
474712	0.0	0.9338422391857506	0.9185750636132316	1.0	0.9567430025445293	0.3842239185750636	1.0	0.9720101781170484	0.20865139949109415	0.21882951653944022	1.0	0.0	1.0	0.0	0.0	0.0	0.0	0.31297709923664124	0.46055979643765904	0.0	0.7582697201017812	0.0	0.0	0.23155216284987276	0.0	0.0	0.9974554707379135	0.0	0.0
911494	0.0	0.019444444444444445	0.75	0.9777777777777777	1.0	0.3416666666666667	1.0	1.0	0.0	0.8638888888888889	1.0	0.0	1.0	0.0	0.0	0.075	0.0	0.0	0.0	0.0	0.41388888888888886	0.17222222222222222	0.0	0.0	0.0	0.0	0.9861111111111112	0.0	0.0
911485	0.12955729166666666	0.2877604166666667	0.2825520833333333	0.8971354166666666	0.9895833333333334	0.5944010416666666	0.9752604166666666	0.58984375	0.6595052083333334	0.8470052083333334	1.0	0.294921875	1.0	0.0	0.1171875	0.42578125	0.0	0.0	0.52734375	0.0	0.7037760416666666	0.04296875	0.24479166666666666	0.0	0.0	0.0	0.6569010416666666	0.359375	0.0
909468	0.0	0.4962962962962963	0.45925925925925926	1.0	1.0	0.9851851851851852	0.9703703703703703	0.0	0.7555555555555555	0.5666666666666667	1.0	0.5222222222222223	1.0	0.45185185185185184	0.0	0.0	0.0	0.0	0.0	0.0	0.8888888888888888	0.5296296296296297	0.0	0.0	0.0	0.0	1.0	0.5592592592592592	0.0
176305	0.0	0.6536231884057971	0.8	0.9956521739130435	0.8855072463768116	0.7521739130434782	1.0	0.8072463768115942	0.9971014492753624	0.636231884057971	1.0	0.33043478260869563	1.0	0.0	0.0	0.4666666666666667	0.0	0.2144927536231884	0.591304347826087	0.0	0.6695652173913044	0.5478260869565217	0.0	0.0	0.0	0.0	0.9594202898550724	0.0	0.0
623488	0.0	0.0	1.0	1.0	0.9102564102564102	0.9102564102564102	1.0	0.9871794871794872	0.49038461538461536	0.6794871794871795	1.0	0.7467948717948718	1.0	0.0	0.0	0.5416666666666666	0.0	0.0	0.6346153846153846	0.7307692307692307	0.9807692307692307	0.0	0.0	0.0	0.0	0.0	0.6538461538461539	0.0	0.0
623489	0.0	0.7804878048780488	0.9024390243902439	1.0	0.907859078590786	0.8970189701897019	0.8319783197831978	1.0	0.7018970189701897	0.8617886178861789	1.0	0.33604336043360433	1.0	0.0	0.0	0.5176151761517616	0.0	0.0	0.6314363143631436	0.0	0.9051490514905149	0.0	0.0	0.0	0.0	0.0	1.0	0.1111111111111111	0.0
623490	0.0	0.6201550387596899	0.6550387596899225	0.5775193798449613	0.9496124031007752	0.39147286821705424	1.0	1.0	0.6627906976744186	0.8682170542635659	1.0	1.0	1.0	0.5426356589147286	0.0	0.0	0.2713178294573643	0.0	0.1434108527131783	0.0	0.2751937984496124	0.0	0.0	0.0	0.0	0.0	1.0	0.9844961240310077	0.0
623491	0.0	0.4358974358974359	0.6051282051282051	0.8307692307692308	1.0	0.6820512820512821	1.0	0.5692307692307692	0.8153846153846154	0.7435897435897436	1.0	1.0	1.0	0.0	0.0	0.0	0.8153846153846154	0.0	1.0	0.0	0.39487179487179486	0.5333333333333333	0.0	0.7743589743589744	0.0	0.0	1.0	0.005128205128205128	0.0
623492	0.0	0.5333333333333333	0.24047619047619048	0.6642857142857143	0.44047619047619047	0.8833333333333333	0.5333333333333333	0.5452380952380952	0.22142857142857142	0.09523809523809523	0.8666666666666667	0.0	0.888095238095238	0.0	0.0	0.24047619047619048	0.1357142857142857	0.0	0.5928571428571429	0.007142857142857143	0.0	0.7666666666666667	0.0	0.0	0.0	0.016666666666666666	1.0	0.14761904761904762	0.0
623493	0.42296918767507	0.6876750700280112	0.0	0.10504201680672269	0.5854341736694678	0.0	0.42296918767507	1.0	0.0	0.42296918767507	0.9635854341736695	0.41316526610644255	0.0	0.0	0.0	0.6386554621848739	0.11624649859943978	0.0	0.0	0.39775910364145656	0.0	0.6204481792717087	0.0	0.0	0.0	0.40896358543417366	0.9397759103641457	0.39215686274509803	0.0
623494	0.32098765432098764	0.6098765432098765	0.0	0.0	0.9975308641975309	0.0	0.7209876543209877	0.7358024691358025	0.3728395061728395	0.0	0.9629629629629629	0.0	0.6469135802469136	0.0	0.6444444444444445	0.0345679012345679	0.9061728395061729	0.0	0.0	0.0	0.0	1.0	0.0	0.0	0.0	0.0	0.7950617283950617	0.47901234567901235	0.0
623495	0.8172043010752689	0.17921146953405018	0.0	0.7311827956989247	0.6810035842293907	0.0	0.6487455197132617	0.6451612903225806	0.5376344086021505	0.0	1.0	0.0	0.12544802867383512	0.0	0.5197132616487455	0.5734767025089605	0.3942652329749104	0.0	0.0	0.0	0.0	0.9713261648745519	0.12903225806451613	0.0	0.0	0.0	0.2974910394265233	0.5053763440860215	0.0
623496	0.18303030303030304	0.34545454545454546	0.0	0.46424242424242423	0.49454545454545457	0.2993939393939394	0.15393939393939393	0.7866666666666666	0.1684848484848485	0.17575757575757575	0.8824242424242424	0.0	0.7975757575757576	0.0	0.5345454545454545	0.2206060606060606	0.04242424242424243	0.0	0.33090909090909093	0.2824242424242424	0.0	0.6193939393939394	0.8836363636363637	0.36484848484848487	0.0	0.0	0.5527272727272727	0.29333333333333333	0.0
623467	0.17144463181562675	0.5727937043282744	0.47048903878583476	0.8111298482293423	0.9932546374367622	0.49128724002248453	1.0	0.774592467678471	0.4412591343451377	0.9690837549184935	1.0	0.2478920741989882	1.0	0.08825182686902755	0.08487914558740865	0.19898819561551434	0.13940415964024733	0.1528948847667229	0.8218100056211355	0.02304665542439573	0.8330522765598651	0.36200112422709385	0.1697582911748173	0.35975267003934797	0.08263069139966273	0.0	0.6531759415401911	0.0	0.0
623473	0.0	0.772256728778468	0.8509316770186336	0.8302277432712215	0.7246376811594203	0.19461697722567287	1.0	0.3747412008281574	0.33126293995859213	0.6749482401656315	1.0	0.7660455486542443	1.0	0.6252587991718427	0.0	0.0	0.0	0.0	0.5817805383022774	0.0	0.8840579710144928	0.6666666666666666	0.0	0.0	0.0	0.0	0.84472049689441	0.0	0.0
623474	0.18932527693857	0.4390735146022155	0.0986908358509567	0.7583081570996979	0.9174219536757301	0.0	1.0	0.7532729103726082	0.7311178247734139	0.8136958710976838	1.0	0.6656596173212488	1.0	0.0	0.0	0.5649546827794562	0.0	0.1510574018126888	0.7170191339375629	0.3041289023162135	0.8862034239677744	0.2729103726082578	0.0	0.10171198388721048	0.0	0.0	0.8449144008056395	0.0	0.0
623476	0.7682291666666666	1.0	0.2421875	1.0	1.0	0.7864583333333334	1.0	0.7604166666666666	0.0	0.7838541666666666	1.0	0.7135416666666666	1.0	0.0	0.0	0.0	0.0	0.0	0.4713541666666667	0.0	0.71875	0.0	0.0	0.0	0.7395833333333334	0.0	0.9479166666666666	0.3723958333333333	0.0
623477	0.0	0.5386666666666666	0.0	0.944	0.9333333333333333	0.6506666666666666	1.0	0.7386666666666667	1.0	0.8506666666666667	1.0	0.06133333333333333	1.0	0.768	0.0	0.544	0.0	0.0	0.76	0.0	0.37333333333333335	0.0	0.0	0.0	0.0026666666666666666	0.0	0.8453333333333334	0.0	0.0
623478	0.0	0.14351851851851852	0.37962962962962965	0.5	1.0	0.9583333333333334	1.0	0.8148148148148148	0.1111111111111111	1.0	1.0	0.7268518518518519	1.0	0.0	0.0	0.0	0.0	0.0	0.0	0.0	0.9212962962962963	0.0	0.0	0.0	0.0	0.0	0.7685185185185185	0.0	0.6898148148148148
623479	0.07243163340724317	0.720620842572062	0.7420546932742055	0.8699186991869918	1.0	0.779009608277901	0.9859571322985957	0.8285291943828529	0.573540280857354	0.5188470066518847	1.0	0.5395417590539542	1.0	0.11456023651145603	0.0	0.3178122690317812	0.0	0.0	0.8484848484848485	0.0	0.2934220251293422	0.4715447154471545	0.0	0.3155949741315595	0.19290465631929046	0.0	0.9127864005912787	0.04951958610495196	0.04065040650406504
623480	0.6070640176600441	0.8101545253863135	0.8675496688741722	0.9448123620309051	1.0	1.0	1.0	1.0	0.9448123620309051	0.4878587196467991	1.0	0.0	1.0	0.5849889624724062	0.0	0.5033112582781457	0.0	0.0	0.5805739514348786	0.0	0.0	0.33112582781456956	0.0	0.6578366445916115	0.0	0.0	0.6225165562913907	0.8035320088300221	0.0
623483	0.3898305084745763	1.0	0.8785310734463276	1.0	1.0	0.4265536723163842	0.9548022598870056	0.2853107344632768	0.0	0.268361581920904	1.0	0.652542372881356	1.0	0.3785310734463277	0.0	0.403954802259887	0.0	0.0	0.0	0.0	0.8220338983050848	0.5988700564971752	0.0	0.0	0.0	0.0	0.9774011299435028	0.0	0.0
623484	0.0	0.4180478821362799	0.9005524861878453	0.998158379373849	1.0	0.16758747697974216	1.0	0.9502762430939227	0.4548802946593002	0.6519337016574586	1.0	0.44751381215469616	1.0	0.0	0.0423572744014733	0.9171270718232044	0.0	0.0	0.32228360957642727	0.0	1.0	0.8195211786372008	0.0	0.0	0.0	0.0	0.22283609576427257	0.0	0.0
623485	0.0	0.8258706467661692	0.8980099502487562	0.9950248756218906	0.599502487562189	0.0	1.0	0.5621890547263682	0.6990049751243781	0.5870646766169154	1.0	0.4975124378109453	1.0	0.0	0.3855721393034826	0.5024875621890548	0.0	0.0	0.6094527363184079	0.0	0.48507462686567165	0.01990049751243781	0.0	0.0	0.0	0.0	0.9228855721393034	0.4626865671641791	0.0
623487	0.0	0.2717391304347826	0.9565217391304348	1.0	1.0	0.7862318840579711	0.9891304347826086	0.9601449275362319	0.8460144927536232	0.6539855072463768	1.0	0.4782608695652174	1.0	0.0	0.0	0.4945652173913043	0.0	0.0	0.9257246376811594	0.06521739130434782	0.8605072463768116	0.27355072463768115	0.0	0.2318840579710145	0.0	0.0	0.8695652173913043	0.09963768115942029	0.0
90992	0.0	0.14054054054054055	0.5423423423423424	0.8846846846846846	0.7927927927927928	0.8054054054054054	1.0	1.0	0.827027027027027	0.9621621621621622	1.0	0.1981981981981982	1.0	0.2774774774774775	0.0	0.8558558558558559	0.0	0.27207207207207207	0.5459459459459459	0.0	0.6198198198198198	0.0	0.0	0.6612612612612613	0.0	0.0	0.9657657657657658	0.14594594594594595	0.0
69510	0.039735099337748346	0.9823399558498896	0.6821192052980133	0.9602649006622517	0.9536423841059603	0.0	1.0	0.9845474613686535	0.3841059602649007	0.6247240618101545	1.0	0.24724061810154527	1.0	0.3200883002207506	0.0	0.5275938189845475	0.0	0.0	0.152317880794702	0.0	0.9028697571743929	0.5783664459161147	0.0	0.0	0.6843267108167771	0.0	0.3973509933774834	0.0	0.0
69512	0.0	0.42318840579710143	0.04927536231884058	1.0	1.0	0.0	0.9072463768115943	1.0	0.9130434782608695	0.5246376811594203	1.0	0.0	1.0	0.45217391304347826	0.0	0.16231884057971013	0.0	0.0	0.4782608695652174	0.0	0.9101449275362319	0.4956521739130435	0.0	0.0	0.18840579710144928	0.0	0.34202898550724636	0.0	0.0
69517	0.0	0.5145299145299145	0.48205128205128206	0.5982905982905983	0.9333333333333333	0.6427350427350428	1.0	0.7863247863247863	0.629059829059829	0.6273504273504273	1.0	0.35555555555555557	1.0	0.0	0.0	0.0	0.6991452991452991	0.0	0.30256410256410254	0.0	0.9487179487179487	0.0	0.0	0.452991452991453	0.0	0.0	0.48376068376068376	0.0	0.2717948717948718
