key	WAM_ALR	WAM_CCR	WAM_IPI	WAM_MAR	WAM_MYS	WAM_PBL	WAM_PJN	WAM_PPR	WAM_PST	WAM_ROL	WAM_SCR	WAM_SGN	WAM_SIS	WAM_TWN	WAR_ALR	WAR_CCR	WAR_IPI	WAR_MAR	WAR_MYS	WAR_PBL	WAR_PJN	WAR_PPR	WAR_PSK	WAR_PST	WAR_RNW	WAR_ROL	WAR_SCR	WAR_SGL	WAR_SIS
1218160	0.23835125448028674	0.0	0.0	0.34946236559139787	0.2956989247311828	0.8207885304659498	1.0	0.2903225806451613	0.8225806451612904	0.0	0.0	0.3727598566308244	0.0	0.4265232974910394	0.0	0.0	0.0	0.34946236559139787	0.0	0.5161290322580645	0.5591397849462365	0.492831541218638	0.0	0.4874551971326165	0.0	0.0	0.0	0.8082437275985663	0.0
1218163	0.09508881922675026	0.21003134796238246	0.0	0.7283176593521421	0.0	0.6363636363636364	0.0	0.3155694879832811	0.3155694879832811	0.0	0.0	0.7690700104493208	0.0	0.3155694879832811	0.2560083594566353	0.0	0.0	0.26227795193312436	0.0	0.22361546499477533	0.3845350052246604	0.0	0.0	0.2831765935214211	0.5120167189132706	0.0	0.5757575757575758	0.0	0.0
1208702	0.0	0.5761904761904761	0.22857142857142856	0.719047619047619	0.0	0.0	0.35714285714285715	0.0	0.40714285714285714	0.0	0.0	0.5047619047619047	0.0	0.0	0.0	0.5023809523809524	0.0	0.0	0.0	0.5095238095238095	0.23809523809523808	0.2261904761904762	0.0	0.9095238095238095	0.5	0.0	0.5476190476190477	0.9523809523809523	0.0
351618	0.1041041041041041	0.3023023023023023	0.13513513513513514	0.23023023023023023	0.0	0.3023023023023023	0.4774774774774775	0.3003003003003003	0.4084084084084084	0.0	0.2012012012012012	0.8938938938938938	0.0	0.0	0.0	0.0	0.0	0.27927927927927926	0.028028028028028028	0.6636636636636637	0.0	0.2132132132132132	0.10810810810810811	0.1841841841841842	0.3113113113113113	0.0	0.42742742742742745	0.6126126126126126	0.0
788232	0.9339080459770115	0.39655172413793105	0.0	0.7155172413793104	0.0	0.4942528735632184	0.4640804597701149	0.0	0.0	0.0	0.5158045977011494	0.5100574712643678	0.05316091954022988	0.3204022988505747	0.0	0.6896551724137931	0.0	0.0	0.3261494252873563	0.7327586206896551	0.44971264367816094	0.21551724137931033	0.31896551724137934	0.5517241379310345	0.40804597701149425	0.0	0.7514367816091954	0.0	0.0
788235	0.0	0.0	0.0	0.5967741935483871	0.0	1.0	0.17204301075268819	0.0	0.0	0.0	0.0	0.45698924731182794	0.0	0.0	0.0	0.0	0.0	0.0	0.0	0.0	0.946236559139785	0.6881720430107527	0.0	0.0	0.0	0.0	0.0	0.44623655913978494	0.0
333551	0.0	0.0	0.0	0.4257907542579075	0.44282238442822386	0.7104622871046229	0.0	0.0	0.2822384428223844	0.0	0.12652068126520682	0.8613138686131386	0.0	0.0	0.0	0.0	0.0	0.39416058394160586	0.0	0.7761557177615572	0.5085158150851582	0.45255474452554745	0.08029197080291971	0.0	0.5012165450121655	0.0	0.0	0.0	0.0
322424	0.0	0.5967741935483871	0.0	0.0	0.0	0.6532258064516129	0.0	0.19086021505376344	0.3387096774193548	0.0	0.6935483870967742	0.7258064516129032	0.0	0.0	0.0	0.6586021505376344	0.0	0.6102150537634409	0.0	0.07258064516129033	0.9166666666666666	0.0	0.0	0.0	0.12365591397849462	0.5241935483870968	0.0	0.9650537634408602	0.0
1667398	0.462478184991274	0.62478184991274	0.0	0.4851657940663176	0.5200698080279232	0.47294938917975565	0.5933682373472949	0.0	0.0	0.0	0.0	0.0	0.0	0.39965095986038396	0.0	0.675392670157068	0.0	0.8359511343804538	0.0	0.0	0.6020942408376964	0.0	0.0	0.8691099476439791	0.5270506108202443	0.0	0.5619546247818499	0.787085514834206	0.0
1689179	0.0	0.0	0.0	0.5212620027434842	0.0	0.20713305898491083	0.20713305898491083	0.3100137174211248	0.05212620027434842	0.0	0.0	0.27023319615912206	0.0	0.8065843621399177	0.0	0.48010973936899864	0.0	0.0	0.0	0.28532235939643347	0.4842249657064472	0.0	0.0	0.0	0.5967078189300411	0.0	0.25102880658436216	0.46502057613168724	0.0
1024916	1.0	0.0	0.9563492063492064	0.8174603174603174	0.0	0.47619047619047616	1.0	0.0	0.3611111111111111	0.0	0.0	0.0	0.0	0.25793650793650796	0.5753968253968254	0.0	0.0	0.05952380952380952	0.0	0.8174603174603174	0.5912698412698413	0.4246031746031746	0.0	0.42063492063492064	0.06746031746031746	0.0	0.34523809523809523	0.46825396825396826	0.0
1014399	0.7107843137254902	0.0	0.0	0.6911764705882353	0.0	0.46078431372549017	1.0	0.9754901960784313	0.0	0.0	0.0	0.0	0.0	0.0	0.0	0.0	0.0	0.0	0.0	0.0	0.0	0.75	0.0	0.75	0.44607843137254904	0.0	0.0	0.0	0.0
1201224	0.6426666666666667	0.7066666666666667	0.4026666666666667	0.808	0.25066666666666665	1.0	0.6826666666666666	0.0	0.4026666666666667	0.0	0.5413333333333333	1.0	0.0	0.72	0.0	0.0	0.56	0.27466666666666667	0.0	0.6373333333333333	0.4186666666666667	0.0	0.6346666666666667	0.3546666666666667	0.696	0.0	0.4	0.52	0.23733333333333334
1201225	0.589098532494759	0.09643605870020965	0.3165618448637317	0.14255765199161424	0.38784067085953877	0.7358490566037735	0.39832285115303984	0.0	0.27044025157232704	0.0	0.25366876310272535	0.8951781970649895	0.0	0.0	0.5366876310272537	0.0	0.0	0.1761006289308176	0.0	0.5807127882599581	0.8637316561844863	0.0	0.5220125786163522	0.6729559748427673	0.8176100628930818	0.0	0.5744234800838575	0.8322851153039832	0.07966457023060797
1201227	0.0	0.42483660130718953	0.0	0.5196078431372549	0.0	0.8562091503267973	0.9477124183006536	0.0	0.0	0.0	0.5424836601307189	1.0	0.0	0.2777777777777778	0.0	0.0	0.0	0.2549019607843137	0.0	0.6078431372549019	0.0	0.9444444444444444	0.0	0.0	0.0	0.6274509803921569	0.9444444444444444	0.5065359477124183	0.0
1201228	0.5194174757281553	0.5016181229773463	0.39158576051779936	0.7200647249190939	0.47572815533980584	0.1553398058252427	0.35760517799352753	0.0	0.517799352750809	0.0	0.0	0.9336569579288025	0.3705501618122977	0.5889967637540453	0.284789644012945	0.0	0.0	0.30097087378640774	0.0	0.6941747572815534	0.21197411003236247	0.3414239482200647	0.5129449838187702	0.2297734627831715	0.4854368932038835	0.0	0.0	0.40129449838187703	0.0
1201229	0.6253968253968254	0.6793650793650794	0.0	0.2698412698412698	0.38571428571428573	0.5396825396825397	0.24126984126984127	0.4015873015873016	0.6047619047619047	0.0	0.0	0.780952380952381	0.0	0.5603174603174603	0.0	0.0	0.0	0.9047619047619048	0.0	0.9507936507936507	0.3888888888888889	0.6666666666666666	0.24761904761904763	0.7380952380952381	0.5984126984126984	0.0	0.8111111111111111	0.37936507936507935	0.0
1201230	1.0	0.8487972508591065	0.6597938144329897	0.9209621993127147	0.11683848797250859	0.9381443298969072	0.0	0.0	0.0	0.0	0.0	0.8247422680412371	0.0	0.436426116838488	0.0	0.0	0.0	0.8487972508591065	0.0	0.4879725085910653	0.0	0.14776632302405499	0.7903780068728522	0.46735395189003437	0.5360824742268041	0.0	0.2027491408934708	0.7628865979381443	0.0
1201231	1.0	0.0	0.03743961352657005	0.31521739130434784	0.2524154589371981	0.3285024154589372	0.15579710144927536	0.2041062801932367	0.3635265700483092	0.0	0.0748792270531401	0.7065217391304348	0.025362318840579712	0.31280193236714976	0.3248792270531401	0.0	0.27053140096618356	0.028985507246376812	0.0	0.6195652173913043	0.5458937198067633	0.6763285024154589	0.32367149758454106	0.8321256038647343	0.3055555555555556	0.0	0.4251207729468599	0.5929951690821256	0.18719806763285024
1201232	1.0	0.0	0.0	0.41935483870967744	0.0	0.15053763440860216	0.15412186379928317	0.44802867383512546	0.6344086021505376	0.0	0.7168458781362007	0.9390681003584229	0.7491039426523297	0.0	0.3942652329749104	0.0	0.0	0.9283154121863799	0.0	0.8781362007168458	0.5412186379928315	0.0	0.0	0.4731182795698925	0.11827956989247312	0.0	0.0	0.0	0.0
1201233	1.0	0.036231884057971016	0.0	0.4106280193236715	0.0	0.8454106280193237	0.6256038647342995	0.10144927536231885	0.785024154589372	0.0	0.41545893719806765	0.8454106280193237	0.2971014492753623	1.0	0.09903381642512077	0.0	0.0	0.46859903381642515	0.0	0.0	0.0	0.10144927536231885	0.0	0.40096618357487923	0.16183574879227053	0.0	0.0	0.7053140096618358	0.0
1201234	0.25738396624472576	0.6962025316455697	0.4247538677918425	0.5414908579465542	0.0	0.7876230661040787	0.34739803094233473	0.6765119549929677	0.45850914205344584	0.0	0.3178621659634318	0.9507735583684951	0.0	0.49507735583684953	0.0	0.0	0.0	0.5668073136427567	0.42334739803094235	0.5021097046413502	0.26863572433192684	0.44022503516174405	0.19831223628691982	0.790436005625879	0.469760900140647	0.0	0.22081575246132207	0.7060478199718706	0.0
1201235	0.0	0.5642857142857143	0.0	0.8785714285714286	0.0	0.7047619047619048	0.719047619047619	0.35714285714285715	0.0	0.6404761904761904	0.0	0.5738095238095238	0.0	0.0	0.0	0.0	0.0	0.0	0.0	0.4523809523809524	0.0	0.20476190476190476	0.3523809523809524	0.2571428571428571	0.12380952380952381	0.0	0.7476190476190476	0.2642857142857143	0.0
1201236	0.0	0.0	0.0	1.0	0.0	0.0	0.0	1.0	0.0	0.0	0.0	1.0	0.0	0.78125	0.0	0.0	0.0	0.0	0.0	0.5416666666666666	0.0	0.2708333333333333	0.0	1.0	1.0	0.0	0.8177083333333334	1.0	0.0
1201237	0.0	0.0	0.0	1.0	0.0	0.624031007751938	0.13178294573643412	0.5426356589147286	0.0	0.0	0.0	1.0	0.0	0.3953488372093023	0.0	0.0	0.0	0.0	0.0	0.6666666666666666	0.32170542635658916	0.9302325581395349	0.0	0.3178294573643411	0.627906976744186	0.0	0.7945736434108527	0.8565891472868217	0.0
1201238	0.0	0.7506775067750677	0.0	0.25474254742547425	0.0	0.6504065040650406	0.7181571815718157	1.0	0.0	0.0	0.6368563685636857	0.943089430894309	0.0	0.17073170731707318	0.0	0.4634146341463415	0.0	0.07859078590785908	0.16802168021680217	0.6178861788617886	0.6097560975609756	0.5582655826558266	0.5880758807588076	0.6856368563685636	0.0	0.0	0.47696476964769646	0.0	0.0
1201239	0.3173076923076923	0.0	0.0	0.483974358974359	0.0	0.5833333333333334	0.5544871794871795	0.022435897435897436	0.9358974358974359	0.0	0.0	0.8525641025641025	0.0	0.0	0.0	0.0	0.0	0.1282051282051282	1.0	0.532051282051282	0.44871794871794873	0.11538461538461539	0.5608974358974359	0.6153846153846154	0.0	0.0	0.47115384615384615	0.0	0.0
1201240	0.9098039215686274	0.0	0.0	0.0	0.0	0.9215686274509803	0.15294117647058825	0.0	0.5647058823529412	0.0	0.5882352941176471	1.0	0.0	0.0	0.0	0.0	0.0	0.4	0.14901960784313725	0.9098039215686274	0.5647058823529412	0.0	0.5490196078431373	0.8196078431372549	0.8352941176470589	0.0	0.592156862745098	0.0	0.0
1201243	0.8847117794486216	0.0	0.0	0.0	0.0	0.531328320802005	0.14786967418546365	0.37844611528822053	0.0	0.0	0.0	0.7819548872180451	0.37844611528822053	0.44611528822055135	0.0	0.44110275689223055	0.0	0.2882205513784461	0.0	0.5664160401002506	0.9924812030075187	0.7518796992481203	0.047619047619047616	0.8370927318295739	0.49624060150375937	0.0	0.0	0.0	0.020050125313283207
1201244	1.0	0.1878453038674033	0.27624309392265195	0.5119705340699816	0.0	0.8747697974217311	0.27624309392265195	0.3756906077348066	0.7090239410681399	0.0	0.0	1.0	0.27808471454880296	0.281767955801105	0.0	0.3812154696132597	0.0	0.5561694290976059	0.40515653775322286	0.5543278084714549	0.20810313075506445	0.0	0.583793738489871	0.27808471454880296	0.430939226519337	0.0	0.48987108655616945	0.37937384898710863	0.0
1201245	0.9467787114845938	0.0	0.0	0.957983193277311	0.6302521008403361	0.6610644257703081	0.0	0.5910364145658263	0.1568627450980392	0.0	0.42296918767507	1.0	0.0	0.6526610644257703	0.42016806722689076	0.6386554621848739	0.0	0.48739495798319327	0.43137254901960786	0.18487394957983194	0.05042016806722689	0.35014005602240894	0.5434173669467787	0.0	0.0	0.0	0.06722689075630252	0.484593837535014	0.0
1201248	0.18101545253863136	0.3598233995584989	0.059602649006622516	0.7924944812362031	0.3333333333333333	0.7130242825607064	0.0	0.2119205298013245	0.0	0.0	0.0	0.8609271523178808	0.0	0.0	0.0	0.3620309050772627	0.0	0.8454746136865342	0.4370860927152318	0.6181015452538632	0.8830022075055187	0.33112582781456956	0.0	0.9183222958057395	0.4326710816777042	0.0	0.0	0.48123620309050774	0.0
1211479	0.0	0.0	0.0	0.0	0.0	0.3372093023255814	0.6531007751937985	0.28875968992248063	0.4728682170542636	0.0	0.0	1.0	0.0	0.0	0.5465116279069767	0.2771317829457364	0.0	0.2926356589147287	0.0	0.0	0.0	0.0	0.0	0.2926356589147287	0.32558139534883723	0.015503875968992248	0.5813953488372093	0.0	0.0
190065	0.25579053373615307	0.17925478348439072	0.3021148036253776	0.6354481369587109	0.0	0.5347432024169184	0.1691842900302115	0.22255790533736153	0.0	0.0	0.2759315206445116	0.7925478348439073	0.0	0.028197381671701913	0.24269889224572003	0.3031218529707956	0.0	0.06143001007049345	0.0	0.45820745216515607	0.49244712990936557	0.256797583081571	0.1540785498489426	0.34944612286002014	0.3031218529707956	0.0	0.3323262839879154	0.4622356495468278	0.0
190066	0.0	0.07857142857142857	0.0	0.6428571428571429	0.0	0.5261904761904762	0.2785714285714286	0.0	0.0	0.0	0.0	0.6071428571428571	0.0	0.2642857142857143	0.2	0.6047619047619047	0.0	0.5452380952380952	0.0	0.0	0.16904761904761906	0.2904761904761905	0.0	0.3547619047619048	0.0	0.0	0.26904761904761904	0.7833333333333333	0.0
190063	0.49504950495049505	0.0	0.0	0.0	0.0	0.0	0.8712871287128713	0.0	0.6666666666666666	0.0	0.0	0.3069306930693069	0.0	0.1716171617161716	0.0	0.42244224422442245	0.0	0.8547854785478548	0.0	0.42244224422442245	0.5478547854785478	0.0	0.636963696369637	0.0	0.31353135313531355	0.0	0.0	0.7029702970297029	0.0
105335	0.0	0.6972301814708691	0.14804202483285578	0.4078319006685769	0.09933142311365807	0.4899713467048711	0.2148997134670487	0.0	0.7029608404966571	0.0	0.0	0.5472779369627507	0.0	0.14422158548233047	0.0	0.0	0.2588347659980898	0.0	0.0	0.2531041069723018	0.19484240687679083	0.5787965616045845	0.20057306590257878	0.33810888252148996	0.5921680993314231	0.0	0.4183381088825215	0.1251193887297039	0.0
67299	0.0	0.0	0.4826666666666667	0.0	0.0	0.44266666666666665	0.0	0.0	0.5786666666666667	0.0	0.0	0.8453333333333334	0.0	0.0	0.0	0.0	0.0	0.037333333333333336	0.0	0.0	0.17866666666666667	0.0	0.0	0.0	0.0	0.0	0.0	0.0	0.0
1120173	0.23865110246433205	0.39169909208819714	0.0	0.688715953307393	0.17769130998702984	0.6316472114137484	0.0	0.0	0.5382619974059663	0.0	0.2503242542153048	0.8508430609597925	0.0	0.14656290531776914	0.0	0.2710765239948119	0.31906614785992216	0.0	0.0	0.6018158236057068	0.5395590142671854	0.20103761348897536	0.0	0.020752269779507133	0.9649805447470817	0.0	0.0	0.0	0.0
1120174	0.8671023965141612	0.0	0.0	0.0	0.0	0.2570806100217865	0.0	0.0	0.3289760348583878	0.0	0.0	0.0	0.0	0.0	0.6383442265795207	0.0	0.0	0.0	0.0	0.0	0.6579520697167756	0.0	0.0	0.0	0.058823529411764705	0.0	0.0	0.0	0.0
1120171	0.4144736842105263	0.1206140350877193	0.0	0.07456140350877193	0.0	0.8925438596491229	0.8026315789473685	0.5614035087719298	0.5350877192982456	0.0	0.0	1.0	0.0	0.09649122807017543	0.0	0.7390350877192983	0.0	0.0	0.0	0.7719298245614035	0.7456140350877193	0.8289473684210527	0.23903508771929824	0.4517543859649123	0.6469298245614035	0.0	0.0	0.0	0.0
1120172	0.9457364341085271	0.7286821705426356	0.0	1.0	0.29198966408268734	0.8733850129198967	0.5193798449612403	0.11627906976744186	0.8372093023255814	0.0	0.0	0.9328165374677002	0.0	0.648578811369509	0.0	0.8863049095607235	0.0	0.0	0.0	0.9224806201550387	0.5322997416020672	0.3979328165374677	0.1111111111111111	0.6098191214470284	0.7545219638242894	0.0	0.48578811369509045	0.0	0.0
1346083	0.0	0.28619528619528617	0.0	0.3813131313131313	0.0	0.8181818181818182	0.8005050505050505	0.0	0.35269360269360267	0.0	0.0	0.797979797979798	0.0	0.4511784511784512	0.0	0.132996632996633	0.0	0.06313131313131314	0.0	0.0	0.484006734006734	0.1473063973063973	0.0	0.0	0.5757575757575758	0.20875420875420875	0.32491582491582494	0.43265993265993263	0.0
1526548	0.0	0.0	0.0	0.46296296296296297	0.0	0.0	0.7555555555555555	0.0	0.8	0.0	0.003703703703703704	0.0	0.0	0.0	0.0	0.6185185185185185	0.0	0.0	0.0	0.0	0.07777777777777778	0.0	0.0	0.6777777777777778	0.9740740740740741	0.0	1.0	0.0	0.0
467093	0.39477124183006534	0.39477124183006534	0.0	0.7411764705882353	0.0	0.6444444444444445	0.2823529411764706	0.06013071895424837	0.7607843137254902	0.39477124183006534	0.5895424836601307	0.665359477124183	0.0	0.0	0.0	0.0	0.0	0.12026143790849673	0.0	0.7019607843137254	0.6457516339869281	0.0	0.0	0.534640522875817	0.16862745098039217	0.0	0.19607843137254902	0.35947712418300654	0.0
467094	0.0	0.0	0.2994350282485876	0.6313559322033898	0.0	0.4265536723163842	0.0	0.3771186440677966	0.0	0.0	0.4096045197740113	0.652542372881356	0.0	0.0	0.0	0.4081920903954802	0.0	0.6751412429378532	0.0	0.751412429378531	0.2344632768361582	0.0	0.0	0.0	0.5748587570621468	0.0	0.0	0.327683615819209	0.0
154427	0.0	0.0	0.0	0.08450704225352113	0.0	0.8938967136150234	0.4394366197183099	0.14178403755868543	0.13990610328638498	0.0	0.22535211267605634	0.3370892018779343	0.0	0.0	0.0	0.0	0.0	0.539906103286385	0.26384976525821596	0.28075117370892017	0.37464788732394366	0.1652582159624413	0.0	0.49483568075117373	0.5107981220657277	0.5474178403755868	0.447887323943662	0.0	0.26666666666666666
1013436	0.0	0.0	0.11786372007366483	0.0	0.0	0.0	0.5082872928176796	0.0	0.19705340699815838	0.0	0.0	0.34806629834254144	0.0	0.0	0.0	0.0	0.0	0.7661141804788214	0.0	0.30755064456721914	0.47882136279926335	0.0	0.0	0.31123388581952116	0.0	0.0	0.5543278084714549	0.13259668508287292	0.0
660585	0.0	0.0	0.0	0.125	0.8273809523809523	0.4494047619047619	0.0	0.0	0.0	0.0	0.0	0.8333333333333334	0.0	0.17559523809523808	0.0	0.6547619047619048	0.0	0.7440476190476191	0.0	0.9226190476190477	0.0	0.8333333333333334	0.0	0.6785714285714286	0.6875	0.5386904761904762	0.4880952380952381	0.7232142857142857	0.0
1612038	0.0	0.8192090395480226	0.0	0.5310734463276836	0.0	1.0	1.0	0.0	0.7288135593220338	0.0	0.7909604519774012	1.0	0.0	0.0	0.0	0.0	0.0	0.0	0.0	0.0	0.0	0.0	0.0	0.0	0.0	0.0	0.0	0.0	0.0
1612041	0.652046783625731	0.0	0.0	0.0	0.0	0.24269005847953215	0.5906432748538012	0.0	0.0	0.0	0.0	0.6198830409356725	0.0	0.43567251461988304	0.0	0.0	0.0	0.5730994152046783	0.543859649122807	0.0	0.7982456140350878	0.0	0.0	0.0	0.7543859649122807	0.0	0.6432748538011696	0.0	0.0
1342383	0.39641943734015345	0.0	0.18925831202046037	0.0	0.257459505541347	0.7050298380221653	0.5038363171355499	0.1287297527706735	0.257459505541347	0.0	0.0	0.8635976129582268	0.1287297527706735	0.13895993179880647	0.34782608695652173	0.6462063086104007	0.0	0.33844842284739984	0.1918158567774936	0.7647058823529411	0.340153452685422	0.16965046888320545	0.17988064791133845	0.5848252344416027	0.6248934356351236	0.0	0.6351236146632566	0.4816709292412617	0.0
1342378	0.3368298368298368	0.42424242424242425	0.24358974358974358	0.4090909090909091	0.0	0.7925407925407926	0.5198135198135199	0.0	0.49533799533799533	0.0	0.30536130536130535	0.9603729603729604	0.0	0.0	0.0	0.0	0.0	0.43006993006993005	0.0	0.23892773892773891	0.3111888111888112	0.2867132867132867	0.175990675990676	0.5932400932400932	0.6212121212121212	0.0	0.0	0.5792540792540792	0.0
1342380	0.7895716945996276	0.0	0.0	0.9124767225325885	0.40782122905027934	0.7951582867783985	0.6797020484171322	0.1601489757914339	0.5009310986964618	0.0	0.0	0.6294227188081937	0.4022346368715084	0.0	0.3687150837988827	0.7914338919925512	0.0	0.5121042830540037	0.0	0.5512104283054003	0.6461824953445066	0.8026070763500931	0.7337057728119181	0.6666666666666666	0.30353817504655495	0.0	0.7783985102420856	0.0	0.27932960893854747
787498	0.0	0.0	0.0	0.0	0.0	0.2505592841163311	0.0	0.37583892617449666	0.0	0.0	0.0	0.5302013422818792	0.0	0.3378076062639821	0.0	0.436241610738255	0.0	0.0	0.0	0.0	0.0	0.27069351230425054	0.0	0.7225950782997763	0.0	0.0	0.43847874720357943	0.0	0.0
