key	WAM_ALR	WAM_CCR	WAM_IPI	WAM_MAR	WAM_MYS	WAM_PBL	WAM_PJN	WAM_PPR	WAM_PST	WAM_ROL	WAM_SCR	WAM_SGN	WAM_SIS	WAM_TWN	WAR_ALR	WAR_CCR	WAR_IPI	WAR_MAR	WAR_MYS	WAR_PBL	WAR_PJN	WAR_PPR	WAR_PSK	WAR_PST	WAR_RNW	WAR_ROL	WAR_SCR	WAR_SGL	WAR_SIS
1110654	0.7397260273972602	0.3447488584474886	0.769406392694064	0.3835616438356164	0.0	0.0	0.6598173515981736	0.228310502283105	0.0	0.0	0.0	0.591324200913242	0.0	0.639269406392694	0.8493150684931506	0.0	0.0	0.0	0.0	0.0	0.0	0.5	0.0	0.5684931506849316	0.0	0.5684931506849316	0.958904109589041	1.0	0.0
1688767	0.4354005167958656	0.3850129198966408	0.0	0.4418604651162791	0.040051679586563305	0.0	0.3423772609819121	0.28036175710594313	0.31266149870801035	0.0	0.0	0.17829457364341086	0.0	0.1937984496124031	0.2364341085271318	0.0	0.0	0.3875968992248062	0.31912144702842377	0.050387596899224806	0.0	0.27648578811369506	0.050387596899224806	0.0	0.0	0.5891472868217055	0.7713178294573644	0.19509043927648578	0.7377260981912145
1262905	1.0	0.3598233995584989	0.3973509933774834	0.2141280353200883	0.47240618101545256	0.0	0.3973509933774834	0.9028697571743929	0.0	0.0	0.33112582781456956	0.6644591611479028	0.32891832229580575	0.7748344370860927	0.5894039735099338	0.3620309050772627	0.0	0.6600441501103753	0.293598233995585	0.0	0.0	0.6401766004415012	0.9293598233995585	0.0	0.33112582781456956	0.6512141280353201	0.9536423841059603	0.0	0.6225165562913907
454230	0.9911504424778761	0.5412979351032449	0.0	0.19469026548672566	0.22271386430678466	0.37315634218289084	0.0	0.8569321533923304	0.5339233038348082	0.5811209439528023	0.0	0.44542772861356933	0.3008849557522124	0.39085545722713866	0.1873156342182891	0.0	0.22271386430678466	0.0	0.22861356932153393	0.0	0.0	0.9572271386430679	0.6356932153392331	0.700589970501475	0.0	0.31268436578171094	0.24926253687315633	0.0	0.556047197640118
454253	0.8936781609195402	0.6609195402298851	0.46264367816091956	0.0	0.5603448275862069	0.0	0.0	0.29310344827586204	0.45977011494252873	0.6091954022988506	0.0	0.7586206896551724	0.0	0.6436781609195402	0.8879310344827587	0.0	0.0	0.0	1.0	0.09195402298850575	0.0	0.46264367816091956	0.9195402298850575	0.3649425287356322	0.45689655172413796	0.11206896551724138	0.9770114942528736	0.3793103448275862	1.0
454256	0.48	0.7155555555555555	0.33555555555555555	0.0	0.8311111111111111	0.0	0.3333333333333333	1.0	0.0	0.0	0.14	0.0	0.24222222222222223	0.008888888888888889	1.0	0.0	0.0	0.0	0.3333333333333333	0.0	0.0	0.16444444444444445	0.6622222222222223	0.0	0.0	0.3888888888888889	0.6311111111111111	0.26	0.13777777777777778
1391958	0.9077134986225895	0.4201101928374656	0.15564738292011018	0.0	0.5234159779614325	0.0	0.48484848484848486	0.7024793388429752	0.0	0.0	0.20798898071625344	0.0	0.18732782369146006	0.4490358126721763	1.0	0.0	0.0	0.41460055096418735	0.6446280991735537	0.0	0.0	0.90633608815427	0.6928374655647382	0.44490358126721763	0.0	0.8099173553719008	0.9600550964187328	0.41597796143250687	0.837465564738292
1599965	0.4622356495468278	0.6324269889224572	0.3081570996978852	0.5176233635448136	0.5337361530715005	0.0	0.0	0.7119838872104733	0.0	0.32124874118831825	0.5055387713997986	0.0	0.3504531722054381	0.0	0.3685800604229607	0.0	0.0	0.0	0.07452165156092648	0.0	0.22759315206445116	0.0	0.7482376636455186	0.1339375629405841	0.0	0.6132930513595166	0.3071500503524673	0.08257804632426989	0.35750251762336355
1599967	0.6	0.6723809523809524	0.0	0.1619047619047619	0.6971428571428572	0.0	0.0	0.9333333333333333	0.44571428571428573	0.0	0.2857142857142857	0.7714285714285715	0.0	0.2914285714285714	0.6533333333333333	0.0	0.0	0.0	0.030476190476190476	0.0	0.4419047619047619	0.52	0.5771428571428572	0.0	0.2876190476190476	0.8419047619047619	0.7523809523809524	0.0	0.8876190476190476
399680	0.9389978213507625	0.45751633986928103	0.4357298474945534	0.0	0.4684095860566449	0.5642701525054467	0.3660130718954248	1.0	0.2962962962962963	0.42483660130718953	0.3289760348583878	0.9586056644880174	0.0	0.1111111111111111	0.8823529411764706	0.0	0.3006535947712418	0.0	0.6252723311546841	0.0	0.0	0.19607843137254902	0.6840958605664488	0.008714596949891068	0.5773420479302832	0.3289760348583878	1.0	0.0	0.08932461873638345
399681	0.6872852233676976	0.8178694158075601	0.16151202749140894	0.0	0.6219931271477663	0.0	0.4329896907216495	0.4948453608247423	0.4948453608247423	0.9312714776632303	0.2508591065292096	0.5051546391752577	0.0	0.12027491408934708	0.9656357388316151	0.0	0.49140893470790376	0.0	0.0	0.0	0.0	0.0	0.5189003436426117	0.1718213058419244	0.0	0.5189003436426117	1.0	0.32646048109965636	0.9587628865979382
399683	0.8004385964912281	0.04824561403508772	0.0	0.22807017543859648	0.6535087719298246	0.0	0.0	0.37719298245614036	0.0	0.33114035087719296	0.6535087719298246	0.8618421052631579	0.32894736842105265	0.0	0.48903508771929827	0.6052631578947368	0.3574561403508772	0.1513157894736842	0.8179824561403509	0.0	0.0	0.8135964912280702	0.0	0.0	0.3201754385964912	0.046052631578947366	1.0	0.3881578947368421	0.7675438596491229
399684	1.0	0.0	0.0	0.6895674300254453	0.8193384223918575	0.0	0.0	0.9312977099236641	0.0	0.48346055979643765	0.0	0.4580152671755725	0.3816793893129771	0.5521628498727735	1.0	0.38676844783715014	0.0	0.0	0.6921119592875318	0.0	0.0	0.6437659033078881	0.04834605597964377	0.0	0.628498727735369	0.3816793893129771	0.6412213740458015	0.7379134860050891	0.72264631043257
399673	0.6160130718954249	0.0	0.0	0.5261437908496732	0.4084967320261438	0.0	0.2434640522875817	0.3382352941176471	0.4803921568627451	0.4803921568627451	0.0	0.0	0.0	0.6405228758169934	0.24673202614379086	0.0	0.0	0.0	0.4918300653594771	0.0	0.024509803921568627	0.06045751633986928	0.40522875816993464	0.0	0.0	0.3415032679738562	0.28104575163398693	0.0	0.40522875816993464
399674	0.8853046594982079	0.543010752688172	0.0	0.20967741935483872	0.03763440860215054	0.0	0.44265232974910396	0.41935483870967744	0.26881720430107525	0.08243727598566308	0.0	0.0	0.0	0.3602150537634409	0.26881720430107525	0.0	0.6146953405017921	0.0	0.0	0.33512544802867383	0.40860215053763443	1.0	0.45161290322580644	0.3333333333333333	0.0	0.3978494623655914	0.9982078853046595	0.15053763440860216	0.11827956989247312
399675	0.8943089430894309	1.0	0.1951219512195122	0.0	0.6138211382113821	0.0	0.0	1.0	0.1910569105691057	0.5894308943089431	0.8495934959349594	0.0	0.9552845528455285	0.9796747967479674	0.5121951219512195	0.0	0.6991869918699187	0.0	0.0	0.024390243902439025	0.24796747967479674	0.25203252032520324	0.04065040650406504	0.1991869918699187	0.10569105691056911	0.8008130081300813	0.8943089430894309	0.0	0.7601626016260162
399676	0.13550135501355012	0.6043360433604336	0.06775067750677506	0.5772357723577236	0.8319783197831978	0.0	0.0	1.0	0.32791327913279134	0.16531165311653118	0.1951219512195122	0.0	0.7262872628726287	0.4092140921409214	0.10569105691056911	0.0	0.35772357723577236	0.0	0.0	0.0	0.33604336043360433	0.3143631436314363	0.8102981029810298	0.0027100271002710027	0.06504065040650407	0.986449864498645	0.8157181571815718	0.12466124661246612	0.5989159891598916
399677	1.0	0.0	0.24812030075187969	0.0	0.6641604010025063	0.0	0.0	0.8847117794486216	0.37844611528822053	0.37343358395989973	0.0	0.0	0.7744360902255639	0.020050125313283207	0.924812030075188	0.37844611528822053	0.37593984962406013	0.0	0.2756892230576441	0.706766917293233	0.37844611528822053	0.7468671679197995	0.6190476190476191	0.0	0.0	0.3258145363408521	0.7794486215538847	0.631578947368421	1.0
399679	1.0	1.0	0.6666666666666666	0.44742729306487694	0.33557046979865773	0.0	0.31767337807606266	1.0	0.0738255033557047	0.30648769574944074	0.5391498881431768	0.668903803131991	0.0	0.2371364653243848	0.7718120805369127	0.31767337807606266	0.0	0.0	0.5906040268456376	0.0	0.0	0.5749440715883669	0.23937360178970918	0.0	0.6577181208053692	0.5771812080536913	0.9798657718120806	0.34451901565995524	0.5525727069351231
1381612	0.76	0.0	0.9911111111111112	0.0	0.84	0.0	0.0	0.4622222222222222	0.0	0.6711111111111111	0.0	0.9288888888888889	0.0	0.0	0.0	0.0	0.0	0.0	0.0	0.0	0.15555555555555556	0.21333333333333335	0.0	0.0	0.0	0.0	1.0	0.0	0.0
1381614	0.8717948717948718	0.7320954907161804	0.7984084880636605	0.0	0.13262599469496023	0.0	0.0	0.7365163572060124	0.13351016799292661	0.15915119363395225	0.0	0.3059239610963749	0.4120247568523431	0.5508399646330681	0.3572060123784262	0.40848806366047746	0.1883289124668435	0.0	0.13262599469496023	0.16622458001768348	0.13351016799292661	0.6666666666666666	0.5623342175066313	0.15826702033598586	0.2502210433244916	0.48629531388152075	0.735632183908046	0.28735632183908044	0.34571175950486294
406384	0.538971807628524	0.7180762852404643	0.0	0.2504145936981758	0.2504145936981758	0.0	0.4444444444444444	0.8225538971807629	0.0	0.0	0.0	0.0	0.36981757877280264	0.5306799336650083	0.9320066334991708	0.3598673300165838	0.0	0.0	0.0	0.2504145936981758	0.0	0.0	0.724709784411277	0.0	0.0	0.27860696517412936	0.7661691542288557	0.8043117744610282	0.3034825870646766
406389	0.8235294117647058	0.0	0.7679738562091504	0.7124183006535948	0.5620915032679739	0.0	0.934640522875817	0.20588235294117646	0.08496732026143791	0.0	0.0	0.5588235294117647	0.0	0.0	0.0	0.0	0.17647058823529413	0.0	0.35294117647058826	0.0	0.0	0.0	0.5588235294117647	0.7908496732026143	0.49019607843137253	0.0	0.6111111111111112	0.0	0.8496732026143791
258693	0.8766666666666667	0.49333333333333335	0.5866666666666667	0.13333333333333333	0.69	0.0	0.6866666666666666	0.72	0.0	0.0	0.0	0.7	0.0	0.0	0.0	0.0	0.8233333333333334	0.0	0.0	0.0	0.0	0.8766666666666667	0.59	0.7633333333333333	0.0	0.22666666666666666	0.9	0.0	0.9933333333333333
258696	0.6855670103092784	0.5171821305841925	0.7371134020618557	0.32989690721649484	0.436426116838488	0.0	0.0	0.718213058419244	0.20446735395189003	0.19243986254295534	0.0	0.03608247422680412	0.25945017182130586	0.5463917525773195	0.9243986254295533	0.0	0.34536082474226804	0.0	0.2508591065292096	0.0	0.0	0.2542955326460481	0.40378006872852235	0.5103092783505154	0.0	0.0	0.8127147766323024	0.0	0.929553264604811
456893	0.6710199004975125	0.39552238805970147	0.18718905472636815	0.18718905472636815	0.2798507462686567	0.23942786069651742	0.1791044776119403	0.9769900497512438	0.3687810945273632	0.2997512437810945	0.39614427860696516	0.26554726368159204	0.06467661691542288	0.3383084577114428	0.291044776119403	0.17972636815920398	0.21517412935323382	0.0	0.4987562189054726	0.13432835820895522	0.14738805970149255	0.2873134328358209	0.1722636815920398	0.3177860696517413	0.0	0.7555970149253731	0.8513681592039801	0.14365671641791045	0.39116915422885573
1414917	0.9192546583850931	0.8799171842650103	0.0	0.47619047619047616	0.0	0.028985507246376812	0.21325051759834368	0.927536231884058	0.0	0.4078674948240166	0.3105590062111801	0.7267080745341615	0.2153209109730849	0.40165631469979296	0.3105590062111801	0.11387163561076605	0.0	0.0	0.20496894409937888	0.0	0.0	0.0	0.6583850931677019	0.0	0.484472049689441	0.2608695652173913	1.0	0.3105590062111801	0.7846790890269151
204294	0.8490926456542502	0.7526265520534862	0.44126074498567336	0.29894937917860553	0.08022922636103152	0.0	0.28462273161413565	0.46131805157593125	0.6150907354345749	0.40210124164278893	0.0	0.0	0.0	0.22922636103151864	0.12225405921680993	0.3763132760267431	0.3438395415472779	0.5787965616045845	0.24259789875835722	0.28844317096466093	0.0	0.22254059216809932	0.6026743075453678	0.018147086914995225	0.0	0.48233046800382046	0.9828080229226361	0.4259789875835721	0.4680038204393505
204295	0.3726235741444867	0.385297845373891	0.0	0.3193916349809886	0.21926489226869456	0.0	0.0	0.44866920152091255	0.0	0.13054499366286437	0.3650190114068441	0.37389100126742714	0.1229404309252218	0.024081115335868188	0.0	0.5006337135614702	0.0	0.0	0.2915082382762991	0.38149556400506973	0.0	0.0	0.2813688212927757	0.13814955640050697	0.09759188846641319	0.385297845373891	0.6818757921419518	0.4512040557667934	0.15462610899873258
204297	0.9506172839506173	1.0	0.26631393298059963	0.5291005291005291	0.3915343915343915	0.0	0.0	0.8077601410934744	0.2786596119929453	0.25925925925925924	0.0	0.43738977072310403	0.0	0.5026455026455027	0.5608465608465608	0.41622574955908287	0.0	0.0	0.9294532627865961	0.0	0.0	0.7777777777777778	0.5784832451499118	0.0	0.5961199294532628	0.0	0.9594356261022927	0.2821869488536155	0.7142857142857143
1153318	0.8195329087048833	0.3205944798301486	0.7176220806794055	0.3205944798301486	0.5159235668789809	0.0	0.6411889596602972	0.5987261146496815	0.4883227176220807	0.0	0.4182590233545648	0.3184713375796178	0.0	0.0	0.772823779193206	0.0	0.008492569002123142	0.5265392781316348	0.0	0.3184713375796178	0.0	0.7430997876857749	0.0	0.0	0.5138004246284501	0.5583864118895966	0.9193205944798302	0.9787685774946921	0.4267515923566879
1153319	1.0	0.0	0.2446236559139785	0.0	0.40591397849462363	0.0	0.7123655913978495	0.532258064516129	0.8279569892473119	0.07526881720430108	0.6881720430107527	0.7795698924731183	0.0	0.07795698924731183	0.7016129032258065	0.0	0.7903225806451613	0.0	0.5456989247311828	0.4032258064516129	0.4596774193548387	0.7016129032258065	0.0	0.0	0.40053763440860213	0.7338709677419355	0.8387096774193549	0.16666666666666666	0.6129032258064516
745508	1.0	0.0	0.0	0.0	0.473015873015873	0.0	0.0	0.5682539682539682	0.0	0.9365079365079365	0.18095238095238095	0.0	0.0	0.48253968253968255	0.8507936507936508	0.0	0.9428571428571428	0.4793650793650794	0.0	0.7015873015873015	0.0	0.26031746031746034	0.0	0.834920634920635	1.0	0.0	0.8253968253968254	0.8634920634920635	0.4793650793650794
899331	0.6634615384615384	0.5384615384615384	0.905982905982906	0.0	0.32264957264957267	0.0	0.16025641025641027	0.7649572649572649	0.0	0.5256410256410257	0.3215811965811966	0.1452991452991453	0.28525641025641024	0.22863247863247863	0.5758547008547008	0.20405982905982906	0.24786324786324787	0.5470085470085471	0.0	0.16132478632478633	0.4391025641025641	0.4594017094017094	0.5160256410256411	0.0	0.18696581196581197	0.5993589743589743	0.7211538461538461	0.4722222222222222	0.6741452991452992
1385969	0.9382022471910112	0.49812734082397003	0.4307116104868914	0.10299625468164794	0.0	0.0	0.28277153558052437	0.9906367041198502	1.0	0.7771535580524345	0.352059925093633	0.8539325842696629	0.0	0.5636704119850188	0.949438202247191	0.1198501872659176	0.28277153558052437	0.2808988764044944	0.48314606741573035	0.0	0.0	0.1797752808988764	0.8220973782771536	0.40074906367041196	0.0	0.6985018726591761	0.9400749063670412	0.0	0.10674157303370786
1385974	0.8253968253968254	1.0	0.0	0.8253968253968254	0.24603174603174602	0.0	0.24603174603174602	0.24603174603174602	0.0	0.7619047619047619	0.1349206349206349	0.46825396825396826	0.0	0.0	0.2698412698412698	0.7142857142857143	0.35714285714285715	0.0	0.0	0.0	0.0	0.8253968253968254	0.8253968253968254	0.0	0.0	0.6031746031746031	0.9444444444444444	1.0	0.7301587301587301
1262980	1.0	0.13978494623655913	0.0	0.40591397849462363	0.0	0.0	0.021505376344086023	1.0	0.0	0.40591397849462363	0.7580645161290323	0.0	0.7123655913978495	0.40591397849462363	0.23387096774193547	0.20967741935483872	0.0	0.0	0.0	0.0	0.43548387096774194	0.0	0.45698924731182794	0.0	0.0	0.4166666666666667	1.0	0.6720430107526881	0.8225806451612904
1262981	0.9114583333333334	0.484375	0.0	0.5052083333333334	0.0	0.0	0.0	0.875	0.0	1.0	0.4270833333333333	0.0	0.7760416666666666	0.6875	0.6614583333333334	0.90625	0.0	0.0	0.0	0.0	0.0	0.5052083333333334	0.3333333333333333	0.0	0.0	0.6354166666666666	1.0	0.0	0.4739583333333333
1262997	1.0	0.45871559633027525	0.4617737003058104	0.3058103975535168	0.581039755351682	0.0	0.0	0.9357798165137615	0.2782874617737003	0.43730886850152906	0.7308868501529052	0.709480122324159	0.0	0.0	0.3669724770642202	0.8226299694189603	0.0	0.0	0.0764525993883792	0.0	0.0	0.15902140672782875	0.9785932721712538	0.0	0.0	0.28134556574923547	1.0	0.6574923547400612	0.3149847094801223
653759	1.0	0.0	0.0	0.0	0.0	0.0	0.0	1.0	0.0	1.0	0.0	0.8333333333333334	0.0	0.0	0.0	0.0	0.8333333333333334	0.0	0.0	0.0	0.0	0.0	0.0	0.0	0.594017094017094	0.9188034188034188	0.7863247863247863	0.6410256410256411	0.8333333333333334
1604124	0.9677113010446344	0.32288698955365625	0.14339981006647673	0.0	0.8338081671415005	0.0	0.0	0.8262108262108262	0.28679962013295346	0.49382716049382713	0.288698955365622	0.26875593542260207	0.1120607787274454	0.019943019943019943	0.8433048433048433	0.2858499525166192	0.0	0.0	0.0	0.24976258309591642	0.0	0.5754985754985755	0.07977207977207977	0.47768281101614435	0.11490978157644824	0.5726495726495726	0.5014245014245015	0.0	0.8205128205128205
1604125	0.8828282828282829	0.8363636363636363	0.9494949494949495	0.6060606060606061	0.6101010101010101	0.0	0.48282828282828283	0.9171717171717172	0.0	0.0	0.4626262626262626	0.5252525252525253	0.0	0.4505050505050505	0.6404040404040404	0.8222222222222222	0.3333333333333333	0.0	0.0	0.0	0.48484848484848486	0.901010101010101	0.30303030303030304	0.0	0.0	0.14545454545454545	0.5111111111111111	0.0	0.31313131313131315
1604128	0.7568306010928961	0.17759562841530055	0.0	0.5136612021857924	0.0	0.0	0.3442622950819672	0.7568306010928961	0.5573770491803278	0.45901639344262296	0.4371584699453552	0.7131147540983607	0.0	0.412568306010929	0.773224043715847	0.0	0.6994535519125683	0.0	0.6256830601092896	0.0	0.0	0.7103825136612022	0.8743169398907104	0.0	0.3551912568306011	0.27049180327868855	1.0	0.3770491803278688	0.5792349726775956
1604129	1.0	0.6425925925925926	0.4981481481481482	0.8092592592592592	0.0	0.0	0.053703703703703705	0.95	0.0	0.2796296296296296	0.12962962962962962	0.6055555555555555	0.0	0.8722222222222222	0.65	0.0	0.14814814814814814	0.0	0.12962962962962962	0.0	0.0	0.6759259259259259	0.6296296296296297	0.16666666666666666	0.3037037037037037	0.5296296296296297	1.0	0.29814814814814816	0.7685185185185185
1604130	0.9580246913580247	0.671604938271605	0.7555555555555555	0.0	0.5037037037037037	0.0	0.5234567901234568	1.0	0.0	0.0	0.0	0.0	0.4444444444444444	0.745679012345679	0.6814814814814815	0.0	0.0	0.0	0.0	0.3802469135802469	0.0	0.8765432098765432	0.7086419753086419	0.38271604938271603	0.0	0.5456790123456791	0.9209876543209876	0.5950617283950618	0.8567901234567902
1604132	0.8900709219858156	0.07801418439716312	0.7145390070921985	0.0	0.7393617021276596	0.0	0.0	0.5726950354609929	0.0	0.34574468085106386	0.7375886524822695	0.5354609929078015	0.0	0.4432624113475177	0.8918439716312057	0.0	0.4237588652482269	0.12234042553191489	0.0	0.22340425531914893	0.0	0.6453900709219859	0.8829787234042553	0.0	0.26773049645390073	0.8262411347517731	0.37056737588652483	0.2553191489361702	0.9095744680851063
1604133	0.6826923076923077	0.7948717948717948	0.7467948717948718	0.003205128205128205	0.0	0.0	0.0	0.907051282051282	0.0	0.05448717948717949	0.5448717948717948	0.46153846153846156	0.0	0.6698717948717948	0.7019230769230769	0.1794871794871795	0.0	0.6314102564102564	0.0	0.0	0.0	0.8365384615384616	0.9134615384615384	0.15384615384615385	0.4807692307692308	0.038461538461538464	0.2980769230769231	0.0	0.9455128205128205
1604134	0.7831978319783198	0.9539295392953929	0.7344173441734417	0.9132791327913279	0.4065040650406504	0.0	0.0	0.8482384823848238	0.0	0.9214092140921409	0.8292682926829268	0.7804878048780488	0.6666666666666666	0.4065040650406504	0.967479674796748	0.6612466124661247	0.0	0.10840108401084012	0.0	0.0	0.0	0.6964769647696477	0.0	0.6910569105691057	0.0	0.3983739837398374	0.991869918699187	0.0	0.5121951219512195
1604135	0.6925925925925925	0.07777777777777778	0.737037037037037	0.17407407407407408	0.5444444444444444	0.0	0.8222222222222222	0.9629629629629629	0.0	0.3814814814814815	0.8851851851851852	0.8666666666666667	0.08148148148148149	0.0	0.5592592592592592	0.4740740740740741	0.8407407407407408	0.0	0.5666666666666667	0.0	0.0	0.5592592592592592	0.34074074074074073	0.5555555555555556	0.0	0.5814814814814815	0.8518518518518519	0.0	0.6925925925925925
1604136	1.0	0.7733333333333333	0.7866666666666666	0.96	0.0	0.0	0.0	0.84	0.07555555555555556	0.7022222222222222	0.38222222222222224	0.0	0.0	0.035555555555555556	0.48	0.7022222222222222	0.14222222222222222	0.0	0.5066666666666667	0.0	0.0	0.0	0.7022222222222222	0.6711111111111111	0.0	0.0	0.8355555555555556	0.9955555555555555	0.9466666666666667
1604137	0.9856115107913669	0.31654676258992803	0.9016786570743405	0.12949640287769784	0.7362110311750599	0.6163069544364509	0.0	0.8561151079136691	0.6834532374100719	0.0	0.4940047961630695	0.2589928057553957	0.0	0.6522781774580336	0.7889688249400479	0.2014388489208633	0.5347721822541966	0.2182254196642686	0.7242206235011991	0.0	0.0	0.0	0.7913669064748201	0.486810551558753	0.290167865707434	0.1366906474820144	0.9712230215827338	0.06954436450839328	0.8609112709832134
1604138	0.8662280701754386	0.7510964912280702	0.8245614035087719	0.33114035087719296	0.2138157894736842	0.03728070175438596	0.5328947368421053	0.6337719298245614	0.0	0.4517543859649123	0.38048245614035087	0.2730263157894737	0.23793859649122806	0.7697368421052632	1.0	0.4682017543859649	0.4616228070175439	0.05482456140350877	0.4550438596491228	0.0	0.0	0.32894736842105265	0.4649122807017544	0.2543859649122807	0.37719298245614036	0.6842105263157895	0.793859649122807	0.125	0.9736842105263158
1604139	0.8246445497630331	0.6540284360189573	0.8751974723538705	0.23696682464454977	0.4518167456556082	0.6919431279620853	0.7345971563981043	0.7867298578199052	0.0	0.23696682464454977	0.36492890995260663	0.0	0.0	0.3886255924170616	0.5781990521327014	0.15639810426540285	0.7804107424960506	0.0	0.8135860979462876	0.0	0.0	0.0	0.3854660347551343	0.5308056872037915	0.0	0.6587677725118484	0.6303317535545023	0.2812006319115324	0.627172195892575
1604140	1.0	0.6057347670250897	1.0	0.08243727598566308	0.46236559139784944	0.8494623655913979	0.3655913978494624	0.8028673835125448	0.0	0.0	0.0	0.0	0.0	0.5913978494623656	0.7813620071684588	0.5125448028673835	0.25448028673835127	0.0	0.7670250896057348	0.0	0.0	0.0	0.7992831541218638	0.26881720430107525	0.0	0.3835125448028674	1.0	0.5412186379928315	0.46953405017921146
1604141	0.7335722819593787	0.7359617682198327	0.4062126642771804	0.3536439665471924	0.2819593787335723	0.35961768219832735	0.8339307048984468	0.966547192353644	0.17921146953405018	0.0	0.0	0.0	0.0	0.0	0.6009557945041816	0.3142174432497013	0.2078853046594982	0.0	0.7001194743130227	0.33930704898446834	0.35842293906810035	0.4551971326164875	0.5017921146953405	0.8470728793309439	0.0	0.13381123058542413	0.8040621266427718	0.3548387096774194	0.6642771804062126
1604142	1.0	1.0	0.0	0.48109965635738833	0.21649484536082475	0.5189003436426117	0.5189003436426117	0.5567010309278351	0.0	0.0	0.0	0.5498281786941581	0.0	0.0	0.8591065292096219	0.0	1.0	0.0	0.12714776632302405	0.044673539518900345	0.0	0.3745704467353952	0.0	0.0	0.0	0.6460481099656358	1.0	0.7250859106529209	0.8969072164948454
1604143	0.8780864197530864	0.23148148148148148	0.037037037037037035	0.023148148148148147	0.0	0.0	0.22067901234567902	0.9953703703703703	0.0	0.7083333333333334	0.44753086419753085	0.5570987654320988	0.2993827160493827	0.4660493827160494	0.44135802469135804	0.0	0.6435185185185185	0.0	0.4645061728395062	0.0	0.0	0.6620370370370371	0.35648148148148145	0.037037037037037035	0.0	0.30401234567901236	0.9290123456790124	0.19598765432098766	0.5910493827160493
1604144	0.7261345852895149	0.4538341158059468	0.25508607198748046	0.0	0.42566510172143973	0.0	0.4507042253521127	0.8810641627543035	0.564945226917058	0.4131455399061033	0.460093896713615	0.6838810641627543	0.1643192488262911	0.7464788732394366	0.3755868544600939	0.0	0.0	0.20031298904538342	0.3536776212832551	0.23317683881064163	0.4726134585289515	0.8466353677621283	0.5117370892018779	0.4303599374021909	0.0	0.0	0.8028169014084507	0.0	0.47104851330203446
1604150	1.0	0.0	0.0	0.0	0.7538940809968847	0.0	0.4485981308411215	0.14018691588785046	0.7538940809968847	0.0	0.0	0.01557632398753894	0.0	0.26479750778816197	0.056074766355140186	0.18691588785046728	0.7165109034267912	0.29595015576323985	0.3146417445482866	0.0	0.0	0.7538940809968847	0.3613707165109034	0.0	0.0	0.4672897196261682	0.0	0.3613707165109034	0.7289719626168224
1707620	0.37701149425287356	0.38850574712643676	0.0	0.09885057471264368	0.6804597701149425	0.0	0.0	0.9195402298850575	0.0	0.0	0.5563218390804597	0.0	0.3103448275862069	0.3448275862068966	0.0	0.0	0.6344827586206897	0.0	0.0	0.3103448275862069	0.0	0.3448275862068966	0.7310344827586207	0.5724137931034483	0.3448275862068966	0.0	0.6482758620689655	0.0	0.0
1707623	0.9836734693877551	0.16054421768707483	0.5346938775510204	0.20408163265306123	0.04217687074829932	0.24625850340136055	0.0	0.3360544217687075	0.19727891156462585	0.0	0.0	0.0380952380952381	0.0	0.4095238095238095	0.20272108843537415	0.7537414965986394	0.3346938775510204	0.0	0.0	0.40680272108843535	0.5428571428571428	0.4108843537414966	0.8734693877551021	0.3836734693877551	0.0	0.20408163265306123	0.6761904761904762	0.0	0.20408163265306123
1707624	0.5057471264367817	0.1839080459770115	0.7758620689655172	0.22701149425287356	0.0	0.0	0.0	1.0	0.3764367816091954	0.0	0.4339080459770115	0.8448275862068966	0.9281609195402298	0.0	0.8735632183908046	0.5977011494252874	0.28160919540229884	0.367816091954023	0.0	0.0	0.15517241379310345	0.25	0.4339080459770115	0.0	0.9022988505747126	0.07471264367816093	0.7614942528735632	0.8649425287356322	1.0
461578	0.9496567505720824	0.5774218154080855	0.0	0.32036613272311215	0.0	0.0	0.38138825324180015	0.7200610221205187	0.13424866514111367	0.459954233409611	0.0	0.07322654462242563	0.4965675057208238	0.49122807017543857	0.15255530129672007	0.3516399694889397	0.2120518688024409	0.18154080854309687	0.12204424103737604	0.2448512585812357	0.2295957284515637	0.459954233409611	0.2212051868802441	0.0	0.11517925247902365	0.16781083142639205	0.4774980930587338	0.4691075514874142	0.5919145690312738
517217	0.6359530261969286	0.14453477868112014	0.07136404697380307	0.0	0.13640469738030714	0.0	0.08491418247515808	0.46883468834688347	0.0	0.10388437217705511	0.0	0.18247515808491419	0.0	0.35591689250225833	0.33152664859981934	0.0	0.0	0.0	0.45257452574525747	0.5456187895212286	0.4173441734417344	0.3920505871725384	0.5401987353206865	0.4056007226738934	0.2719060523938573	0.13640469738030714	0.8617886178861789	0.43450767841011745	0.6576332429990966
1637533	0.842682140554481	0.6769825918762089	0.0	0.08059316569954868	0.0	0.0973565441650548	0.19406834300451323	0.32817537072856223	0.12959381044487428	0.3159252095422308	0.19406834300451323	0.218568665377176	0.09671179883945841	0.3475177304964539	0.39974210186976145	0.38878143133462284	0.4661508704061896	0.025145067698259187	0.3436492585428756	0.0	0.0	0.40618955512572535	0.38555770470664086	0.15860735009671179	0.0973565441650548	0.45454545454545453	0.8110896196002579	0.1470019342359768	0.4190844616376531
1689291	0.9130434782608695	0.882943143812709	0.5105908584169454	0.20735785953177258	0.7670011148272018	0.0	0.0	0.8394648829431438	0.0	0.4080267558528428	0.2552954292084727	0.3801560758082497	0.2329988851727982	0.3355629877369008	0.6811594202898551	0.4057971014492754	0.3355629877369008	0.0	0.21516164994425863	0.0	0.0	0.673355629877369	0.6354515050167224	0.0	0.6343366778149386	0.7625418060200669	0.46153846153846156	0.17837235228539577	0.3879598662207358
1154251	0.6601626016260163	0.9869918699186991	0.6894308943089431	0.3105691056910569	0.0	0.0	0.22601626016260162	0.6260162601626016	0.0	0.0	0.06829268292682927	0.12845528455284552	0.0	0.0	0.2975609756097561	0.45691056910569106	0.0	0.0	0.0	0.0	0.0	0.4666666666666667	0.013008130081300813	0.0	0.0	0.8552845528455284	0.6796747967479675	0.24552845528455283	0.7886178861788617
1299024	0.8900709219858156	1.0	0.04964539007092199	0.0	0.0	0.0	0.0	0.875886524822695	0.6985815602836879	0.0	0.0	0.5319148936170213	0.0	0.0	0.9432624113475178	0.0	0.41843971631205673	0.0	0.6666666666666666	0.0	0.4716312056737589	0.26595744680851063	0.7340425531914894	0.0	0.0	0.8085106382978723	0.8723404255319149	0.22340425531914893	0.0
720905	0.5070921985815603	0.6347517730496454	0.0	0.7304964539007093	0.0	0.14184397163120568	0.0	0.35106382978723405	0.36879432624113473	0.0	0.0	0.0	0.05319148936170213	0.36524822695035464	0.8085106382978723	0.0851063829787234	0.1950354609929078	0.0	0.0	0.0	0.13829787234042554	0.0	0.7340425531914894	0.0	0.0	0.0	1.0	0.0	0.5354609929078015
320854	0.896774193548387	0.23870967741935484	0.7161290322580646	0.3333333333333333	0.0	0.0	0.0	0.8946236559139785	0.0	0.0	0.0	0.8494623655913979	0.1935483870967742	0.6451612903225806	0.8258064516129032	0.23225806451612904	0.0	0.0	0.5290322580645161	0.0	0.0	0.23440860215053763	0.0	0.3311827956989247	0.0	0.0	0.8172043010752689	0.5290322580645161	0.11827956989247312
