key	WAM_ALR	WAM_CCR	WAM_IPI	WAM_MAR	WAM_MYS	WAM_PBL	WAM_PJN	WAM_PPR	WAM_PST	WAM_ROL	WAM_SCR	WAM_SGN	WAM_SIS	WAM_TWN	WAR_ALR	WAR_CCR	WAR_IPI	WAR_MAR	WAR_MYS	WAR_PBL	WAR_PJN	WAR_PPR	WAR_PSK	WAR_PST	WAR_RNW	WAR_ROL	WAR_SCR	WAR_SGL	WAR_SIS
377223	0.0	0.7007751937984497	0.4682170542635659	0.5286821705426357	0.0	0.09302325581395349	0.8868217054263566	0.0	0.4666666666666667	0.0	0.6775193798449612	0.40310077519379844	0.0	0.0	0.9038759689922481	1.0	0.7147286821705426	1.0	0.3333333333333333	0.931782945736434	0.28837209302325584	1.0	0.3813953488372093	0.7147286821705426	0.9751937984496124	0.9193798449612403	0.9085271317829458	0.7457364341085271	0.8325581395348837
377226	0.2624113475177305	1.0	0.7588652482269503	0.8191489361702128	0.2624113475177305	0.0	0.5283687943262412	0.0	0.7163120567375887	0.450354609929078	0.32978723404255317	0.6382978723404256	0.0	0.0	0.0	1.0	0.25886524822695034	1.0	0.5354609929078015	1.0	0.3546099290780142	1.0	0.0	1.0	1.0	0.8475177304964538	1.0	1.0	0.9113475177304965
292361	0.7274509803921568	0.5333333333333333	1.0	0.9156862745098039	0.7372549019607844	0.4549019607843137	1.0	0.296078431372549	0.5137254901960784	0.0	0.8686274509803922	0.7784313725490196	0.0	0.0	0.6392156862745098	1.0	0.35490196078431374	0.8313725490196079	0.8058823529411765	1.0	1.0	1.0	0.2607843137254902	0.9372549019607843	0.2627450980392157	0.6568627450980392	0.8196078431372549	0.6333333333333333	1.0
292358	0.5236486486486487	0.847972972972973	0.268018018018018	0.9831081081081081	0.4605855855855856	0.3536036036036036	0.875	0.0	0.536036036036036	0.6047297297297297	0.40653153153153154	0.9144144144144144	0.2747747747747748	0.0	0.24211711711711711	1.0	0.5157657657657657	0.7759009009009009	0.7105855855855856	0.9808558558558559	0.7623873873873874	1.0	0.6407657657657657	0.9279279279279279	1.0	0.2713963963963964	0.8738738738738738	0.7995495495495496	0.8930180180180181
292359	0.6666666666666666	0.4635416666666667	0.25	0.7109375	0.6536458333333334	0.8229166666666666	0.4296875	0.0	0.7890625	0.041666666666666664	1.0	0.9609375	0.0	0.0	0.20833333333333334	1.0	0.7265625	1.0	0.9791666666666666	1.0	1.0	1.0	0.4453125	1.0	0.9973958333333334	0.6822916666666666	0.4869791666666667	0.8723958333333334	0.22135416666666666
746114	0.9540229885057471	0.4329501915708812	0.0	0.735632183908046	0.0	0.5747126436781609	0.8735632183908046	0.0	1.0	0.0	0.8160919540229885	0.9195402298850575	0.0	0.0	0.8850574712643678	1.0	0.8773946360153256	1.0	0.9616858237547893	1.0	0.896551724137931	1.0	0.578544061302682	1.0	1.0	0.45977011494252873	1.0	0.789272030651341	0.524904214559387
221988	0.24863387978142076	0.5191256830601093	0.953551912568306	1.0	0.0	0.2923497267759563	0.9398907103825137	0.0	0.0	0.5519125683060109	1.0	0.6338797814207651	0.00273224043715847	0.40437158469945356	0.5792349726775956	1.0	0.7704918032786885	1.0	0.8715846994535519	0.9262295081967213	0.9617486338797814	1.0	0.76775956284153	1.0	1.0	0.6885245901639344	0.7814207650273224	0.6612021857923497	0.5683060109289617
221989	0.1047008547008547	1.0	0.3162393162393162	0.811965811965812	0.20726495726495728	0.3611111111111111	0.8376068376068376	0.6431623931623932	0.9935897435897436	0.6111111111111112	0.594017094017094	0.23076923076923078	0.0	0.0	0.9615384615384616	1.0	0.6474358974358975	0.8183760683760684	0.7756410256410257	1.0	0.9252136752136753	1.0	0.4337606837606838	1.0	1.0	0.3247863247863248	0.9914529914529915	0.9123931623931624	1.0
221990	0.7591397849462366	1.0	0.9806451612903225	0.5956989247311828	0.3247311827956989	0.4817204301075269	0.6494623655913978	0.04946236559139785	0.9806451612903225	0.0	0.5311827956989247	0.9182795698924732	0.0	0.0	0.7806451612903226	1.0	1.0	1.0	0.864516129032258	1.0	0.9591397849462365	1.0	0.9634408602150538	1.0	0.9096774193548387	0.5419354838709678	1.0	0.8064516129032258	0.9290322580645162
1302622	0.2564724919093851	0.5210355987055016	0.5671521035598706	0.19174757281553398	0.6043689320388349	0.3187702265372168	0.2807443365695793	0.22249190938511326	0.5396440129449838	0.3964401294498382	0.9368932038834952	0.8592233009708737	0.0	0.0	0.5242718446601942	1.0	0.5299352750809061	1.0	0.866504854368932	0.9716828478964401	1.0	1.0	0.593042071197411	1.0	0.9579288025889967	0.7855987055016181	1.0	0.9029126213592233	0.889967637540453
49216	0.17149346961953435	0.7075525269733106	0.4645088018171493	0.5315161839863713	0.2339579784213515	0.4128336172629188	0.7399204997160704	0.0	0.7677455990914254	0.0	0.6115843270868825	0.8165814877910278	0.0	0.0	0.4838160136286201	0.9363997728563316	0.3850085178875639	0.9914821124361158	0.7688813174332766	0.9914821124361158	0.9307211811470755	1.0	0.5133446905167518	0.8534923339011925	0.9613855763770585	0.7666098807495741	0.8637137989778535	0.8943781942078365	0.6689381033503691
1056506	0.0	0.8369829683698297	0.36739659367396593	0.6399026763990268	0.25060827250608275	0.48905109489051096	0.0	0.0	0.36739659367396593	0.0	0.31630170316301703	0.40145985401459855	0.0	0.0	0.4768856447688564	0.8734793187347932	0.7153284671532847	1.0	0.6301703163017032	1.0	0.9002433090024331	1.0	0.8175182481751825	1.0	1.0	0.26520681265206814	1.0	0.8978102189781022	0.7712895377128953
1056507	0.0	0.5165876777251185	0.7788309636650869	0.8846761453396524	0.0	0.45023696682464454	0.9842022116903634	0.325434439178515	0.3175355450236967	0.5450236966824644	0.9873617693522907	0.8262243285939969	0.0	0.0	0.7393364928909952	1.0	0.30963665086887837	1.0	0.17377567140600317	1.0	0.9636650868878357	1.0	0.3744075829383886	0.9257503949447078	0.9146919431279621	0.4296998420221169	1.0	0.9778830963665087	0.8388625592417062
1236523	0.3	0.5925925925925926	1.0	0.7759259259259259	0.22592592592592592	0.43148148148148147	0.7277777777777777	0.0	0.5555555555555556	0.0	0.7407407407407407	0.7148148148148148	0.0	0.0	0.0	1.0	0.5796296296296296	0.9555555555555556	0.07222222222222222	1.0	0.674074074074074	1.0	0.3851851851851852	0.9685185185185186	1.0	0.6018518518518519	0.3537037037037037	0.8962962962962963	0.1574074074074074
1057057	0.4911616161616162	0.7316919191919192	0.6748737373737373	0.8042929292929293	0.4551767676767677	0.23926767676767677	0.9734848484848485	0.09532828282828283	0.5662878787878788	0.33775252525252525	0.7992424242424242	0.6376262626262627	0.0	0.0	0.7481060606060606	1.0	0.6792929292929293	0.9179292929292929	0.7386363636363636	1.0	1.0	1.0	0.6849747474747475	0.9065656565656566	0.9880050505050505	0.43876262626262624	0.9886363636363636	0.8794191919191919	0.9248737373737373
1143774	0.7004566210045662	0.36621004566210047	0.6310502283105023	0.6401826484018265	0.0	0.15616438356164383	0.663013698630137	0.0	0.5077625570776255	0.17168949771689498	0.4465753424657534	0.6995433789954338	0.0	0.0	0.6931506849315069	1.0	0.36255707762557077	0.9872146118721461	0.6127853881278539	0.9945205479452055	0.9013698630136986	0.7808219178082192	0.8009132420091324	1.0	0.6958904109589041	0.3561643835616438	0.7479452054794521	0.5196347031963471	0.617351598173516
351112	0.5279642058165548	0.7829977628635347	0.6286353467561522	0.9194630872483222	0.796420581655481	0.8568232662192393	0.3378076062639821	0.29082774049217003	0.1767337807606264	0.0	0.8702460850111857	0.0	0.0	0.0	0.38478747203579416	1.0	0.6621923937360179	0.6129753914988815	0.8859060402684564	0.7606263982102909	1.0	0.26174496644295303	0.9888143176733781	0.7762863534675615	0.9955257270693513	0.8769574944071589	1.0	0.8456375838926175	0.5436241610738255
351103	0.39903846153846156	0.7628205128205128	0.0	0.421474358974359	0.0	0.4807692307692308	0.8717948717948718	0.0	0.4519230769230769	0.0	0.5128205128205128	0.47115384615384615	0.0	0.0	0.4807692307692308	1.0	0.6891025641025641	0.9743589743589743	0.1842948717948718	0.8108974358974359	1.0	1.0	0.842948717948718	1.0	0.8974358974358975	0.5608974358974359	0.8205128205128205	0.5352564102564102	0.717948717948718
1630206	0.7864271457085829	0.3972055888223553	0.6706586826347305	0.5169660678642715	0.0	0.0	0.27944111776447106	0.0	0.6706586826347305	0.0	0.0	0.49500998003992014	0.0	0.0	0.0	1.0	0.5868263473053892	1.0	0.7904191616766467	0.9021956087824351	0.654690618762475	0.8502994011976048	0.02594810379241517	1.0	0.9860279441117764	0.718562874251497	0.7445109780439122	0.6207584830339321	0.6986027944111777
1116538	0.3638392857142857	0.6584821428571429	0.625	0.34151785714285715	0.40773809523809523	0.5096726190476191	0.7477678571428571	0.2418154761904762	0.5052083333333334	0.0662202380952381	0.5930059523809523	0.5163690476190477	0.0	0.20535714285714285	0.47470238095238093	0.9553571428571429	0.9784226190476191	0.9918154761904762	0.5520833333333334	0.9605654761904762	0.8779761904761905	1.0	0.43973214285714285	0.9486607142857143	0.6063988095238095	0.47693452380952384	0.7983630952380952	0.8913690476190477	0.8898809523809523
36633	0.37542087542087543	0.9781144781144782	0.6683501683501684	0.8468013468013468	0.7239057239057239	0.10101010101010101	0.6616161616161617	0.0	0.797979797979798	0.4175084175084175	1.0	0.5303030303030303	0.0	0.0	0.2962962962962963	0.9848484848484849	0.43265993265993263	0.98989898989899	1.0	1.0	0.49326599326599324	1.0	0.006734006734006734	0.9983164983164983	0.877104377104377	0.3686868686868687	1.0	0.8164983164983165	0.5707070707070707
1690074	0.0	0.7151515151515152	0.45454545454545453	0.5757575757575758	0.0	0.0	0.3878787878787879	0.6606060606060606	0.21212121212121213	0.0	0.5909090909090909	0.8787878787878788	0.0	0.0	0.5484848484848485	1.0	0.7909090909090909	1.0	0.806060606060606	1.0	1.0	1.0	1.0	1.0	0.9181818181818182	0.3939393939393939	0.9212121212121213	0.0	0.8515151515151516
