key	WAM_ALR	WAM_CCR	WAM_IPI	WAM_MAR	WAM_MYS	WAM_PBL	WAM_PJN	WAM_PPR	WAM_PST	WAM_ROL	WAM_SCR	WAM_SGN	WAM_SIS	WAM_TWN	WAR_ALR	WAR_CCR	WAR_IPI	WAR_MAR	WAR_MYS	WAR_PBL	WAR_PJN	WAR_PPR	WAR_PSK	WAR_PST	WAR_RNW	WAR_ROL	WAR_SCR	WAR_SGL	WAR_SIS
577832	1.0	1.0	1.0	1.0	1.0	0.18407960199004975	1.0	0.835820895522388	0.5422885572139303	1.0	1.0	1.0	0.0	0.36318407960199006	1.0	0.029850746268656716	0.25870646766169153	0.12437810945273632	0.3333333333333333	0.7661691542288557	1.0	0.9800995024875622	1.0	0.9054726368159204	0.9353233830845771	1.0	1.0	1.0	1.0
577833	1.0	0.7486338797814208	0.6584699453551912	0.8688524590163934	0.9672131147540983	0.7103825136612022	0.01639344262295082	0.8524590163934426	0.9098360655737705	0.639344262295082	0.4262295081967213	1.0	0.11202185792349727	0.7868852459016393	0.08469945355191257	1.0	0.860655737704918	1.0	1.0	1.0	0.7103825136612022	0.8661202185792349	1.0	1.0	1.0	1.0	1.0	1.0	1.0
577862	0.7821522309711286	1.0	1.0	0.0	1.0	1.0	1.0	1.0	0.9816272965879265	1.0	0.24146981627296588	0.6902887139107612	0.0	0.0	1.0	0.7611548556430446	0.9763779527559056	0.9711286089238845	0.7874015748031497	1.0	1.0	0.9763779527559056	1.0	0.16272965879265092	1.0	1.0	0.8398950131233596	0.9816272965879265	1.0
577863	0.9750312109862672	0.7053682896379525	1.0	0.6691635455680399	0.8451935081148564	0.8052434456928839	1.0	0.9026217228464419	0.23720349563046192	0.9250936329588015	0.8314606741573034	0.8888888888888888	0.21348314606741572	0.2833957553058677	1.0	0.9425717852684145	0.6916354556803995	0.7340823970037453	0.7715355805243446	1.0	0.968789013732834	0.9625468164794008	0.8976279650436954	1.0	0.9288389513108615	1.0	0.7815230961298377	0.8576779026217228	0.9937578027465668
577865	0.8964803312629399	0.6935817805383023	1.0	0.43478260869565216	0.494824016563147	0.5652173913043478	0.8157349896480331	0.0	0.7867494824016563	0.6687370600414079	0.43685300207039335	0.7701863354037267	0.4057971014492754	0.12215320910973085	0.7329192546583851	0.9565217391304348	0.7412008281573499	1.0	0.6915113871635611	0.7556935817805382	0.8509316770186336	1.0	0.9192546583850931	1.0	0.639751552795031	0.9358178053830227	0.7619047619047619	1.0	0.9358178053830227
1118006	0.8962962962962963	1.0	0.9222222222222223	0.8481481481481481	1.0	0.837037037037037	1.0	0.21481481481481482	0.674074074074074	1.0	0.48148148148148145	1.0	0.8481481481481481	0.0	1.0	1.0	1.0	1.0	1.0	1.0	0.7481481481481481	1.0	1.0	0.9407407407407408	1.0	1.0	0.6962962962962963	1.0	0.8592592592592593
956214	0.8284789644012945	0.5145631067961165	0.7961165048543689	1.0	0.1650485436893204	0.8187702265372169	0.9870550161812298	0.7216828478964401	1.0	1.0	0.2686084142394822	0.8220064724919094	0.2686084142394822	0.7896440129449838	0.8446601941747572	0.22653721682847897	0.7184466019417476	0.0	1.0	1.0	0.1941747572815534	0.6407766990291263	0.4886731391585761	1.0	1.0	1.0	0.9579288025889967	1.0	1.0
956215	0.5961272475795297	1.0	0.8478561549100968	1.0	0.7676348547717843	0.6984785615491009	1.0	0.7455048409405256	0.9073305670816044	0.8049792531120332	0.8243430152143845	0.8907330567081605	0.9626556016597511	0.330567081604426	1.0	0.3900414937759336	0.9114799446749654	0.7856154910096819	0.9820193637621023	0.8879668049792531	0.5698478561549101	1.0	0.921161825726141	1.0	1.0	1.0	0.9972337482710927	0.8492392807745505	0.9114799446749654
956216	0.9951456310679612	0.9627831715210357	0.1779935275080906	0.8317152103559871	0.7799352750809061	0.7588996763754046	0.9611650485436893	0.7783171521035599	0.9029126213592233	1.0	0.32038834951456313	1.0	0.959546925566343	0.3300970873786408	1.0	0.8867313915857605	0.8770226537216829	0.872168284789644	0.8090614886731392	0.8576051779935275	0.7702265372168284	0.7880258899676376	0.580906148867314	1.0	1.0	0.8576051779935275	1.0	1.0	1.0
956217	1.0	0.08754208754208755	0.8047138047138047	1.0	0.98989898989899	0.9932659932659933	0.9764309764309764	0.7104377104377104	0.6127946127946128	0.2255892255892256	1.0	0.7508417508417509	1.0	0.09427609427609428	0.9865319865319865	0.5185185185185185	0.9831649831649831	1.0	0.696969696969697	0.9966329966329966	0.19528619528619529	1.0	0.9696969696969697	1.0	0.9797979797979798	1.0	1.0	1.0	1.0
956218	1.0	0.9845788849347569	0.9062870699881376	0.8790035587188612	0.9976275207591934	1.0	1.0	0.9252669039145908	0.7544483985765125	0.9561091340450771	0.7046263345195729	0.7022538552787663	0.5041518386714117	0.13641755634638197	1.0	0.7781731909845789	0.597864768683274	0.561091340450771	0.7900355871886121	0.8161328588374852	0.9798339264531435	0.9323843416370107	0.8481613285883749	1.0	0.8481613285883749	0.9774614472123369	0.9157769869513642	1.0	0.9679715302491103
956219	1.0	0.989247311827957	0.6559139784946236	0.96415770609319	0.06451612903225806	1.0	0.0931899641577061	1.0	1.0	0.6738351254480287	0.0967741935483871	1.0	0.0	0.11469534050179211	0.8637992831541219	1.0	1.0	1.0	0.5519713261648745	0.3154121863799283	1.0	0.8888888888888888	1.0	1.0	1.0	0.982078853046595	1.0	1.0	0.9498207885304659
956220	0.863517060367454	0.5616797900262467	0.8740157480314961	0.926509186351706	0.0	0.4041994750656168	0.6850393700787402	0.6482939632545932	0.5511811023622047	0.9238845144356955	1.0	0.8320209973753281	0.44881889763779526	0.3963254593175853	0.9396325459317585	0.8451443569553806	0.09448818897637795	1.0	0.6089238845144357	0.2545931758530184	0.7952755905511811	0.7296587926509186	0.973753280839895	1.0	0.9422572178477691	0.7296587926509186	0.3333333333333333	0.47244094488188976	0.979002624671916
956221	0.903954802259887	0.923728813559322	0.6680790960451978	0.559322033898305	0.7824858757062146	0.6836158192090396	0.6468926553672316	0.6454802259887006	0.2542372881355932	0.7401129943502824	0.4322033898305085	0.9251412429378532	0.3714689265536723	0.4265536723163842	0.8629943502824858	0.9336158192090396	0.7951977401129944	0.769774011299435	0.8149717514124294	0.7824858757062146	0.8601694915254238	0.7796610169491526	0.9915254237288136	1.0	0.2980225988700565	0.9858757062146892	0.8926553672316384	1.0	1.0
956222	0.6642512077294686	1.0	0.8043478260869565	0.4420289855072464	0.8840579710144928	1.0	1.0	0.8599033816425121	0.6256038647342995	0.748792270531401	0.0	0.9855072463768116	0.9082125603864735	0.5531400966183575	0.857487922705314	0.9758454106280193	0.6352657004830918	0.7342995169082126	0.8260869565217391	0.5893719806763285	0.6859903381642513	0.7995169082125604	1.0	1.0	0.30917874396135264	1.0	1.0	1.0	1.0
956224	1.0	1.0	1.0	1.0	0.9393939393939394	0.0	1.0	1.0	0.7070707070707071	0.0	0.601010101010101	1.0	0.9848484848484849	0.5909090909090909	1.0	0.8282828282828283	0.8787878787878788	1.0	1.0	1.0	1.0	1.0	0.7929292929292929	1.0	1.0	1.0	1.0	1.0	0.8838383838383839
956225	1.0	0.8441558441558441	1.0	1.0	0.43722943722943725	1.0	1.0	1.0	1.0	0.9913419913419913	1.0	0.948051948051948	0.8787878787878788	0.5324675324675324	1.0	1.0	0.5670995670995671	1.0	0.7835497835497836	1.0	0.8961038961038961	1.0	0.7835497835497836	1.0	0.8008658008658008	1.0	1.0	1.0	1.0
956226	1.0	0.7696476964769647	1.0	1.0	1.0	1.0	0.8428184281842819	0.26558265582655827	1.0	1.0	0.17073170731707318	0.9295392953929539	0.7533875338753387	0.024390243902439025	0.978319783197832	1.0	0.6287262872628726	0.8970189701897019	1.0	0.3983739837398374	1.0	0.8617886178861789	0.32791327913279134	1.0	0.4037940379403794	1.0	0.8536585365853658	0.924119241192412	0.8753387533875339
956227	0.6634615384615384	1.0	0.9198717948717948	0.5032051282051282	0.16025641025641027	0.8685897435897436	1.0	1.0	1.0	0.9743589743589743	0.0	0.32371794871794873	0.0	0.6442307692307693	0.22115384615384615	0.7692307692307693	0.22756410256410256	0.6121794871794872	1.0	0.4166666666666667	0.7435897435897436	0.8173076923076923	0.0	1.0	1.0	0.9871794871794872	1.0	0.6314102564102564	1.0
956228	0.9361702127659575	0.9893617021276596	0.9609929078014184	0.4645390070921986	0.3900709219858156	0.874113475177305	1.0	0.7730496453900709	0.9343971631205674	0.9078014184397163	0.5177304964539007	0.9893617021276596	0.32092198581560283	0.17907801418439717	0.6276595744680851	0.38120567375886527	0.5212765957446809	0.5124113475177305	1.0	0.7570921985815603	0.9113475177304965	0.9078014184397163	0.5336879432624113	1.0	0.9219858156028369	1.0	0.9964539007092199	0.774822695035461	1.0
956230	0.72264631043257	0.9287531806615776	0.6717557251908397	1.0	0.7786259541984732	0.910941475826972	0.40966921119592875	0.40458015267175573	1.0	0.7786259541984732	0.9669211195928753	1.0	0.2340966921119593	0.6895674300254453	1.0	0.9770992366412213	0.6157760814249363	0.9847328244274809	0.6361323155216285	0.7633587786259542	0.7837150127226463	1.0	0.9974554707379135	1.0	1.0	1.0	1.0	0.002544529262086514	0.8804071246819338
956231	0.8745318352059925	1.0	0.8707865168539326	0.7883895131086143	0.6460674157303371	1.0	1.0	0.8558052434456929	0.7715355805243446	0.651685393258427	1.0	0.8183520599250936	0.8801498127340824	0.398876404494382	1.0	0.9700374531835206	0.8539325842696629	0.6310861423220974	0.0	0.7734082397003745	0.602996254681648	0.5655430711610487	0.9588014981273408	0.7059925093632958	0.7752808988764045	1.0	1.0	0.6928838951310862	1.0
956232	1.0	0.9805555555555555	1.0	1.0	0.9166666666666666	1.0	1.0	0.9055555555555556	1.0	0.6638888888888889	0.7	0.9555555555555556	0.41944444444444445	0.10277777777777777	1.0	0.9083333333333333	1.0	0.9805555555555555	0.3972222222222222	1.0	1.0	1.0	0.9583333333333334	1.0	1.0	1.0	0.85	1.0	1.0
956235	0.9511677282377919	0.8301486199575372	0.5138004246284501	0.8874734607218684	0.8365180467091295	0.8386411889596603	1.0	0.5222929936305732	0.7494692144373672	0.016985138004246284	0.4607218683651805	1.0	0.6390658174097664	0.5477707006369427	0.9087048832271762	0.9447983014861996	0.6687898089171974	0.9363057324840764	0.910828025477707	0.7876857749469215	0.8428874734607219	0.9129511677282378	0.9065817409766455	0.8959660297239915	1.0	0.9023354564755839	0.30148619957537154	0.9872611464968153	1.0
956236	0.9750367107195301	0.7870778267254038	0.684287812041116	0.8891336270190896	0.8832599118942731	0.9251101321585903	0.8215859030837004	0.7334801762114538	0.7988252569750367	0.7481644640234949	0.6299559471365639	0.7856093979441997	0.5433186490455213	0.6549192364170338	0.9133627019089574	0.6035242290748899	0.4199706314243759	0.9750367107195301	0.9713656387665198	0.8634361233480177	0.8311306901615272	0.6879588839941263	0.919970631424376	1.0	0.7173274596182085	0.9816446402349486	0.9765051395007343	0.895007342143906	1.0
956237	1.0	0.35802469135802467	0.7469135802469136	0.8194444444444444	0.7623456790123457	0.9166666666666666	0.9598765432098766	0.6959876543209876	0.9459876543209876	0.7469135802469136	0.8533950617283951	0.8611111111111112	0.6265432098765432	0.7129629629629629	0.9753086419753086	0.2993827160493827	0.5185185185185185	1.0	0.6574074074074074	0.49382716049382713	0.9259259259259259	0.5200617283950617	0.654320987654321	1.0	0.7160493827160493	0.9645061728395061	0.9552469135802469	0.9629629629629629	0.7345679012345679
956238	0.94579945799458	1.0	1.0	0.7398373983739838	0.7804878048780488	0.6991869918699187	1.0	0.3224932249322493	1.0	0.2791327913279133	0.6233062330623306	0.7289972899728997	0.2140921409214092	0.26558265582655827	1.0	0.9051490514905149	0.018970189701897018	1.0	0.964769647696477	1.0	0.9512195121951219	1.0	1.0	1.0	1.0	1.0	0.948509485094851	1.0	1.0
956239	0.9643765903307888	1.0	0.7099236641221374	0.0	0.7760814249363868	0.0	0.6666666666666666	0.5852417302798982	0.3816793893129771	0.7989821882951654	0.7048346055979644	0.638676844783715	0.4122137404580153	0.5190839694656488	0.7684478371501272	0.9745547073791349	0.9541984732824428	0.3053435114503817	1.0	0.9491094147582697	1.0	1.0	1.0	1.0	1.0	1.0	1.0	0.6005089058524173	0.816793893129771
956240	0.9449360865290068	0.7482792527040315	0.6971484759095379	0.9793510324483776	0.7522123893805309	0.943952802359882	0.6361848574237955	0.5457227138643068	0.8623402163225172	0.6135693215339233	0.8780727630285152	1.0	0.4837758112094395	0.36578171091445427	0.9292035398230089	0.8190757128810227	0.3913470993117011	0.799410029498525	0.6863323500491643	0.9626352015732547	1.0	0.9301868239921337	0.9174041297935103	0.9341199606686332	1.0	1.0	0.9636184857423795	0.9006882989183874	0.8584070796460177
956241	1.0	0.5673758865248227	1.0	0.6335697399527187	0.6666666666666666	1.0	1.0	0.6359338061465721	0.6170212765957447	0.8699763593380615	0.7210401891252955	1.0	0.0	0.7375886524822695	0.4066193853427896	0.5319148936170213	0.3546099290780142	0.9456264775413712	0.3546099290780142	1.0	0.8108747044917257	0.983451536643026	0.9574468085106383	1.0	0.7163120567375887	1.0	0.9810874704491725	1.0	0.9290780141843972
1261498	1.0	0.6141732283464567	0.7611548556430446	1.0	0.9855643044619422	0.6482939632545932	1.0	0.994750656167979	0.5800524934383202	0.8740157480314961	1.0	0.8451443569553806	0.5341207349081365	0.3674540682414698	1.0	0.9133858267716536	0.8346456692913385	0.44881889763779526	1.0	0.6627296587926509	1.0	0.7545931758530183	0.8858267716535433	0.9960629921259843	0.9225721784776902	0.7939632545931758	0.7650918635170604	0.7217847769028871	1.0
572833	0.8353174603174603	1.0	0.48412698412698413	0.75	0.7837301587301587	1.0	1.0	0.0	1.0	0.7242063492063492	0.6805555555555556	0.9583333333333334	0.5337301587301587	0.5416666666666666	0.9265873015873016	0.4583333333333333	0.8115079365079365	0.4166666666666667	0.7678571428571429	0.5416666666666666	0.9265873015873016	1.0	0.996031746031746	1.0	1.0	1.0	0.6785714285714286	0.0	0.9186507936507936
572842	0.7644927536231884	0.9909420289855072	0.7101449275362319	0.8079710144927537	0.9447463768115942	0.6277173913043478	0.9302536231884058	0.6277173913043478	0.9483695652173914	0.7047101449275363	0.7327898550724637	0.980072463768116	0.5335144927536232	0.3858695652173913	0.9501811594202898	1.0	0.792572463768116	0.8614130434782609	0.8487318840579711	0.7708333333333334	0.6494565217391305	0.9655797101449275	0.9963768115942029	0.8722826086956522	0.8731884057971014	0.9420289855072463	1.0	0.9193840579710145	0.9284420289855072
527330	0.27465986394557823	0.27976190476190477	0.48554421768707484	0.6955782312925171	0.42517006802721086	0.7755102040816326	0.8852040816326531	0.40221088435374147	0.4710884353741497	0.47278911564625853	0.5977891156462585	0.9022108843537415	0.22108843537414966	0.0	0.5756802721088435	0.7891156462585034	0.33418367346938777	0.6547619047619048	0.5833333333333334	0.7389455782312925	0.7789115646258503	0.7891156462585034	0.6258503401360545	0.9285714285714286	0.6445578231292517	0.6666666666666666	0.8886054421768708	0.9115646258503401	0.40816326530612246
1379924	1.0	1.0	0.910394265232975	0.6666666666666666	0.0	1.0	1.0	0.5376344086021505	0.956989247311828	0.9032258064516129	0.9354838709677419	0.7813620071684588	0.32616487455197135	0.942652329749104	1.0	1.0	1.0	1.0	0.4551971326164875	0.12186379928315412	0.5376344086021505	1.0	1.0	0.8458781362007168	1.0	1.0	1.0	0.9139784946236559	1.0
744615	0.9454926624737946	1.0	0.8197064989517819	0.9517819706498952	0.3752620545073375	0.22431865828092243	0.5283018867924528	0.5555555555555556	0.5429769392033543	0.8176100628930818	0.3165618448637317	1.0	0.0	0.0	0.9832285115303984	0.9329140461215933	0.740041928721174	0.350104821802935	0.49056603773584906	0.0	1.0	0.7379454926624738	0.8092243186582809	0.7610062893081762	0.7190775681341719	1.0	0.7945492662473794	0.7421383647798742	0.9203354297693921
533146	0.8535353535353535	0.6784511784511784	0.7382154882154882	0.601010101010101	0.6245791245791246	0.32575757575757575	0.7542087542087542	0.17424242424242425	0.8434343434343434	0.5260942760942761	0.6919191919191919	0.7676767676767676	0.0	0.5867003367003367	0.6245791245791246	0.6338383838383839	0.414983164983165	0.6515151515151515	0.4385521885521885	0.7575757575757576	0.6725589225589226	0.7643097643097643	0.6961279461279462	0.9503367003367004	0.8880471380471381	0.9966329966329966	0.9074074074074074	0.8939393939393939	0.8215488215488216
295649	0.952	0.6586666666666666	1.0	0.9253333333333333	0.976	0.6026666666666667	0.2773333333333333	0.768	1.0	0.784	0.6	0.8613333333333333	0.576	0.608	0.9733333333333334	0.6133333333333333	0.9813333333333333	0.8693333333333333	0.688	0.9733333333333334	0.9066666666666666	1.0	0.8853333333333333	0.9653333333333334	1.0	1.0	0.9573333333333334	1.0	0.9066666666666666
1512743	0.8675123326286117	0.9584214235377027	0.8033826638477801	0.9055673009161381	0.47568710359408034	0.9365750528541226	0.9760394644115574	0.8766737138830162	0.8104298801973221	0.587737843551797	0.919661733615222	0.6109936575052854	0.7181113460183227	0.5440451021846371	0.5898520084566596	0.9105003523608175	0.8992248062015504	0.766737138830162	0.8463706835799859	0.9055673009161381	0.875968992248062	0.9541930937279774	0.9055673009161381	1.0	0.8780831571529246	0.9126145172656801	0.9718111346018323	0.8893587033121917	0.9436222692036645
357132	0.9334480780263913	0.474469305794607	0.8032128514056225	0.6833046471600689	0.7154331612162937	0.5679862306368331	0.9213998852553069	0.3568559954102123	0.5565117613310384	0.9018932874354562	0.8307515777395296	0.8944348823866897	0.5519219736087206	0.6058519793459552	0.9908204245553643	0.7114170969592656	0.663798049340218	0.7005163511187608	0.7079747561675273	0.8881239242685026	0.912794033275961	0.9168100975329891	0.9529546758462422	0.6735513482501434	0.8554216867469879	0.9150889271371199	0.8720596672403901	0.861732644865175	0.8301778542742398
348107	0.8074074074074075	1.0	1.0	0.5592592592592592	0.4148148148148148	0.7037037037037037	0.9518518518518518	1.0	0.4148148148148148	0.4	0.0	1.0	0.5592592592592592	0.0	1.0	1.0	1.0	0.8814814814814815	0.9148148148148149	1.0	0.14444444444444443	0.8555555555555555	1.0	1.0	0.6185185185185185	1.0	1.0	0.8962962962962963	1.0
348108	0.6216596343178622	0.8002812939521801	1.0	0.7243319268635724	0.6680731364275668	0.6863572433192686	0.9085794655414908	0.06891701828410689	0.9971870604781997	0.7116736990154712	0.5921237693389592	1.0	0.39381153305203936	0.680731364275668	0.9845288326300985	0.5991561181434599	0.13783403656821377	0.8157524613220816	0.7172995780590717	0.8593530239099859	0.7158931082981715	0.9493670886075949	0.8030942334739803	0.9746835443037974	0.9634317862165963	0.919831223628692	0.9521800281293952	0.8635724331926864	0.8185654008438819
876489	0.7044673539518901	0.7800687285223368	0.43986254295532645	0.4536082474226804	0.0	1.0	0.9347079037800687	0.5979381443298969	0.8969072164948454	0.0	0.8316151202749141	1.0	0.9106529209621993	0.9347079037800687	1.0	1.0	1.0	0.9553264604810997	0.4570446735395189	1.0	0.41924398625429554	0.5945017182130584	0.9896907216494846	1.0	1.0	0.7972508591065293	1.0	1.0	0.4536082474226804
60638	0.5330459770114943	0.9353448275862069	0.639367816091954	0.7586206896551724	0.3390804597701149	0.5919540229885057	0.8419540229885057	0.15660919540229884	0.6695402298850575	0.4324712643678161	0.39798850574712646	0.9841954022988506	0.7801724137931034	0.07902298850574713	1.0	0.6206896551724138	0.7859195402298851	0.8218390804597702	0.8419540229885057	1.0	1.0	0.8778735632183908	0.8304597701149425	0.9770114942528736	0.9568965517241379	0.875	1.0	0.9655172413793104	0.9080459770114943
1425217	0.30434782608695654	0.4492753623188406	0.3864734299516908	0.0	0.7874396135265701	0.7294685990338164	0.7632850241545893	0.0	0.7681159420289855	0.642512077294686	0.7101449275362319	0.9855072463768116	0.45893719806763283	0.0	0.8647342995169082	0.0	0.5990338164251208	0.7729468599033816	0.0	0.06280193236714976	0.6956521739130435	0.8260869565217391	0.7101449275362319	0.47342995169082125	0.7536231884057971	0.7101449275362319	0.9758454106280193	0.8019323671497585	0.7101449275362319
559313	1.0	0.9368686868686869	1.0	0.9444444444444444	0.9368686868686869	0.5959595959595959	1.0	0.6035353535353535	0.5454545454545454	0.8459595959595959	1.0	1.0	0.9292929292929293	0.8813131313131313	1.0	0.8939393939393939	1.0	0.9696969696969697	1.0	1.0	0.898989898989899	0.8838383838383839	0.8686868686868687	1.0	1.0	1.0	1.0	1.0	1.0
1086288	0.7613636363636364	0.4659090909090909	1.0	0.946969696969697	0.6174242424242424	1.0	0.9886363636363636	1.0	0.20454545454545456	1.0	0.9166666666666666	1.0	0.0	0.10227272727272728	0.8484848484848485	0.678030303030303	0.6893939393939394	1.0	0.4431818181818182	1.0	0.8674242424242424	1.0	1.0	1.0	0.8106060606060606	0.45075757575757575	1.0	1.0	0.7727272727272727
1256682	0.68561872909699	0.955406911928651	0.44481605351170567	0.27647714604236345	0.3232998885172798	0.6075808249721293	0.6845039018952063	0.5484949832775919	0.6432552954292085	0.5161649944258639	0.822742474916388	0.9464882943143813	0.10590858416945373	0.09141583054626533	0.8283166109253066	0.8862876254180602	0.9810479375696767	0.8383500557413601	0.9910813823857302	0.6387959866220736	1.0	0.8127090301003345	0.935340022296544	1.0	0.887402452619844	0.5094760312151616	0.6142697881828316	0.9710144927536232	0.5930880713489409
1256684	0.7340425531914894	0.9574468085106383	0.8670212765957447	0.9326241134751773	0.6843971631205674	0.9414893617021277	1.0	0.5957446808510638	0.8829787234042553	0.8173758865248227	0.3723404255319149	0.6613475177304965	0.46808510638297873	0.5159574468085106	1.0	0.23049645390070922	0.851063829787234	0.574468085106383	0.4166666666666667	0.6897163120567376	0.9166666666666666	1.0	0.5620567375886525	0.9148936170212766	0.7180851063829787	0.8173758865248227	0.8191489361702128	0.9769503546099291	0.9698581560283688
1418719	0.7767295597484277	0.7012578616352201	0.7031446540880503	0.7226415094339622	0.5150943396226415	0.7144654088050314	0.8591194968553459	0.4937106918238994	0.6654088050314465	0.6811320754716981	0.5591194968553459	0.680503144654088	0.5748427672955975	0.4050314465408805	0.8308176100628931	0.6194968553459119	0.7113207547169811	0.8188679245283019	0.6691823899371069	0.8547169811320755	0.8477987421383648	0.7264150943396226	0.7603773584905661	0.9572327044025157	0.7333333333333333	0.779874213836478	0.9874213836477987	0.9132075471698113	0.8270440251572327
1231832	0.9399641577060932	0.8405017921146953	0.3539426523297491	0.4829749103942652	0.5519713261648745	0.35304659498207885	0.696236559139785	0.40770609318996415	0.4327956989247312	0.8539426523297491	0.510752688172043	0.807347670250896	0.39874551971326166	0.0	0.8521505376344086	0.4650537634408602	0.5439068100358423	0.47491039426523296	0.5161290322580645	0.8539426523297491	0.7867383512544803	0.8172043010752689	0.9247311827956989	0.6173835125448028	0.5367383512544803	0.8055555555555556	0.7338709677419355	0.8467741935483871	0.8969534050179212
1231833	1.0	0.2328767123287671	0.5376712328767124	0.723744292237443	0.24885844748858446	0.4486301369863014	0.3938356164383562	0.4794520547945205	0.658675799086758	0.3093607305936073	0.2762557077625571	0.3447488584474886	0.3219178082191781	0.3424657534246575	0.6289954337899544	0.5148401826484018	0.8458904109589042	0.17922374429223745	0.7796803652968036	0.6187214611872146	0.519406392694064	0.2328767123287671	0.6837899543378996	0.8470319634703196	0.5136986301369864	0.8698630136986302	0.7203196347031964	0.3321917808219178	0.9703196347031964
76214	0.7358490566037735	0.9664570230607966	0.5786163522012578	1.0	0.35639412997903563	0.07127882599580712	0.9454926624737946	0.8113207547169812	0.7295597484276729	0.9748427672955975	0.39832285115303984	0.6037735849056604	0.0	0.3039832285115304	1.0	0.8364779874213837	0.5094339622641509	1.0	0.9287211740041929	0.9958071278825996	0.9014675052410901	0.8658280922431866	1.0	0.9790356394129979	1.0	1.0	0.8322851153039832	0.9266247379454927	1.0
525283	0.6065573770491803	0.8688524590163934	0.6994535519125683	0.3442622950819672	0.4426229508196721	0.9180327868852459	1.0	0.5081967213114754	1.0	0.5519125683060109	0.9726775956284153	0.8825136612021858	0.6065573770491803	0.6475409836065574	1.0	1.0	0.8442622950819673	0.8469945355191257	0.43169398907103823	0.9890710382513661	0.9016393442622951	1.0	1.0	0.9617486338797814	0.8333333333333334	0.6939890710382514	1.0	1.0	1.0
525284	0.6225831399845321	0.7610208816705336	0.7602474864655839	0.5831399845320959	0.21191028615622584	0.6194895591647331	0.8754833720030936	0.5181747873163186	0.974477958236659	0.382830626450116	0.6218097447795824	0.4593967517401392	0.47409126063418405	0.23279195668986852	0.8948182521268369	0.9443155452436195	0.8445475638051044	0.8221191028615623	0.782675947409126	0.531322505800464	0.8252126836813611	0.8955916473317865	0.9010054137664346	0.9365815931941222	0.9303944315545244	0.979891724671307	0.782675947409126	0.731631863882444	0.9698375870069605
525297	0.9008838383838383	0.8970959595959596	0.7613636363636364	0.6003787878787878	0.5113636363636364	0.8907828282828283	0.67739898989899	0.6332070707070707	0.23484848484848486	0.6590909090909091	0.49873737373737376	0.9217171717171717	0.35164141414141414	0.20075757575757575	0.9179292929292929	0.94760101010101	0.7329545454545454	0.7733585858585859	0.5012626262626263	0.9299242424242424	0.9564393939393939	0.6559343434343434	0.8251262626262627	0.9791666666666666	0.6900252525252525	0.7430555555555556	0.9684343434343434	0.6287878787878788	0.7102272727272727
531959	0.9278846153846154	0.967948717948718	0.5400641025641025	0.8205128205128205	0.6185897435897436	0.09134615384615384	0.8669871794871795	0.4823717948717949	0.4375	0.2916666666666667	0.09134615384615384	0.5705128205128205	0.421474358974359	0.3974358974358974	1.0	1.0	0.7099358974358975	0.5384615384615384	0.9615384615384616	1.0	0.9246794871794872	0.8365384615384616	0.7403846153846154	1.0	1.0	0.9631410256410257	0.9647435897435898	1.0	0.9198717948717948
531961	1.0	0.5014005602240896	0.12605042016806722	0.7394957983193278	0.29971988795518206	0.6414565826330533	1.0	1.0	1.0	0.19047619047619047	0.6470588235294118	1.0	0.42296918767507	0.7815126050420168	1.0	0.5238095238095238	1.0	0.9719887955182073	0.988795518207283	0.8487394957983193	0.5462184873949579	1.0	1.0	0.9635854341736695	1.0	1.0	1.0	1.0	1.0
765865	1.0	0.10416666666666667	0.6666666666666666	1.0	0.6625	1.0	0.9541666666666667	0.6833333333333333	0.7708333333333334	1.0	0.0	1.0	0.0	0.1875	1.0	0.5333333333333333	1.0	1.0	1.0	0.925	1.0	1.0	0.925	1.0	0.8958333333333334	0.8583333333333333	0.9708333333333333	1.0	0.9916666666666667
348748	0.8	0.8489795918367347	1.0	1.0	0.4666666666666667	0.8857142857142857	0.5047619047619047	0.3346938775510204	0.6816326530612244	0.6707482993197279	0.6952380952380952	0.8231292517006803	0.3074829931972789	0.0	0.8639455782312925	0.5795918367346938	0.8149659863945579	0.9251700680272109	0.7197278911564626	0.5020408163265306	0.5401360544217687	0.9142857142857143	1.0	0.7605442176870748	0.9768707482993197	0.8680272108843538	1.0	0.889795918367347	0.8272108843537415
348757	0.8611111111111112	1.0	1.0	0.925	0.7472222222222222	0.5222222222222223	0.7305555555555555	0.9472222222222222	0.7888888888888889	0.29444444444444445	0.41388888888888886	1.0	0.06666666666666667	0.18333333333333332	0.9944444444444445	0.9833333333333333	0.725	0.8083333333333333	1.0	1.0	0.8305555555555556	1.0	0.9833333333333333	1.0	0.9777777777777777	1.0	1.0	1.0	0.8916666666666667
1064856	0.8917975567190227	0.9179755671902269	0.9703315881326352	1.0	0.32809773123909247	0.8708551483420593	1.0	0.6771378708551483	0.20418848167539266	0.8551483420593369	1.0	0.7504363001745201	0.6963350785340314	0.19022687609075042	0.9267015706806283	0.6980802792321117	0.9703315881326352	0.8359511343804538	0.3472949389179756	0.9389179755671903	0.8184991273996509	0.9424083769633508	1.0	1.0	0.9616055846422339	1.0	1.0	0.8219895287958116	1.0
940263	0.821656050955414	1.0	0.7430997876857749	0.44798301486199577	0.8280254777070064	1.0	0.9511677282377919	0.8853503184713376	1.0	0.821656050955414	0.4883227176220807	1.0	0.5605095541401274	0.46709129511677283	0.9766454352441614	0.5923566878980892	0.9532908704883227	0.9851380042462845	0.9065817409766455	1.0	0.8195329087048833	0.8365180467091295	0.7643312101910829	0.970276008492569	0.861995753715499	0.9341825902335457	0.9044585987261147	0.8832271762208068	0.9660297239915074
940264	1.0	1.0	0.8575268817204301	0.8252688172043011	0.521505376344086	0.24731182795698925	1.0	0.4435483870967742	1.0	0.25806451612903225	0.20430107526881722	0.8951612903225806	0.7311827956989247	0.7150537634408602	0.9112903225806451	0.5053763440860215	0.49193548387096775	1.0	0.22043010752688172	1.0	0.7258064516129032	1.0	1.0	0.9112903225806451	1.0	1.0	1.0	0.9865591397849462	0.8172043010752689
1598042	1.0	1.0	1.0	0.8792270531400966	1.0	1.0	1.0	0.33816425120772947	0.4251207729468599	1.0	1.0	1.0	0.0	1.0	1.0	0.8309178743961353	0.9903381642512077	1.0	1.0	0.3285024154589372	1.0	1.0	1.0	0.43478260869565216	0.0	0.7536231884057971	1.0	0.0	1.0
896559	1.0	0.9901477832512315	0.7011494252873564	0.7208538587848933	0.6354679802955665	0.5615763546798029	1.0	0.9474548440065681	0.8440065681444991	0.25779967159277506	1.0	0.9343185550082101	0.33004926108374383	0.4942528735632184	0.9359605911330049	0.80623973727422	0.7520525451559934	1.0	0.9917898193760263	0.39408866995073893	0.9605911330049262	0.9901477832512315	1.0	1.0	1.0	0.5320197044334976	0.9983579638752053	1.0	0.7799671592775042
1452643	0.8048780487804879	0.5914634146341463	0.4532520325203252	0.012195121951219513	0.32926829268292684	0.9979674796747967	0.8617886178861789	0.5	1.0	0.9979674796747967	0.6626016260162602	0.8089430894308943	0.0	0.4817073170731707	0.959349593495935	0.8394308943089431	0.7703252032520326	0.6321138211382114	0.8008130081300813	0.983739837398374	0.5040650406504065	0.6483739837398373	1.0	0.983739837398374	0.5223577235772358	1.0	1.0	1.0	1.0
