key	WAM_ALR	WAM_CCR	WAM_IPI	WAM_MAR	WAM_MYS	WAM_PBL	WAM_PJN	WAM_PPR	WAM_PST	WAM_ROL	WAM_SCR	WAM_SGN	WAM_SIS	WAM_TWN	WAR_ALR	WAR_CCR	WAR_IPI	WAR_MAR	WAR_MYS	WAR_PBL	WAR_PJN	WAR_PPR	WAR_PSK	WAR_PST	WAR_RNW	WAR_ROL	WAR_SCR	WAR_SGL	WAR_SIS
1599085	0.9179229480737019	0.37185929648241206	0.9731993299832495	0.5711892797319933	0.6298157453936348	0.02512562814070352	0.949748743718593	0.32830820770519265	0.40703517587939697	0.7537688442211056	0.88107202680067	0.6599664991624791	0.1624790619765494	0.0	0.931323283082077	1.0	1.0	1.0	0.8442211055276382	0.9614740368509213	0.8793969849246231	1.0	0.7772194304857621	0.9899497487437185	0.9128978224455612	0.9095477386934674	1.0	1.0	0.9849246231155779
1599086	0.1524390243902439	0.6016260162601627	0.8556910569105691	0.0	0.823170731707317	0.5304878048780488	0.15447154471544716	0.18699186991869918	0.0	0.30284552845528456	0.5873983739837398	0.7113821138211383	0.6727642276422764	0.0	0.28252032520325204	0.9715447154471545	0.8678861788617886	1.0	0.9247967479674797	0.8292682926829268	0.9857723577235772	1.0	0.9308943089430894	0.5650406504065041	0.7154471544715447	0.8658536585365854	0.8902439024390244	1.0	1.0
1599087	0.6373779637377964	0.99302649930265	0.9246861924686193	0.7154811715481172	0.8702928870292888	0.7545327754532776	0.8312412831241283	0.7698744769874477	0.5801952580195258	0.9149232914923291	0.3417015341701534	0.9079497907949791	0.44630404463040446	0.26359832635983266	0.4700139470013947	1.0	1.0	1.0	0.8158995815899581	1.0	0.99581589958159	1.0	0.9539748953974896	1.0	1.0	0.8396094839609484	1.0	1.0	0.9107391910739191
1599088	0.07751937984496124	0.3875968992248062	1.0	0.0	1.0	0.0	1.0	1.0	0.6511627906976745	0.0	0.7403100775193798	0.8062015503875969	0.0	0.0	0.6627906976744186	1.0	1.0	0.9496124031007752	1.0	0.9573643410852714	0.9186046511627907	1.0	1.0	1.0	0.6627906976744186	1.0	1.0	1.0	0.4496124031007752
1599089	0.8537414965986394	0.37188208616780044	1.0	0.5839002267573696	0.7857142857142857	0.3820861678004535	1.0	0.4070294784580499	0.8412698412698413	0.23242630385487528	0.6791383219954649	1.0	0.5487528344671202	0.0	0.7369614512471655	1.0	1.0	0.9104308390022676	1.0	0.9546485260770975	0.7596371882086168	1.0	0.7698412698412699	0.7108843537414966	0.9501133786848073	0.9727891156462585	1.0	0.9693877551020408	1.0
1599090	0.6764705882352942	0.8235294117647058	0.9754901960784313	0.6490196078431373	0.5872549019607843	0.27647058823529413	0.5676470588235294	0.5852941176470589	0.903921568627451	0.38235294117647056	0.5568627450980392	0.9392156862745098	0.40980392156862744	0.6245098039215686	1.0	0.9970588235294118	1.0	0.9627450980392157	0.9892156862745098	0.9127450980392157	0.7009803921568627	1.0	0.9686274509803922	0.5941176470588235	0.9872549019607844	1.0	1.0	1.0	0.7431372549019608
1273987	1.0	0.1935483870967742	1.0	0.5716845878136201	0.899641577060932	0.3064516129032258	0.5698924731182796	0.2956989247311828	0.4659498207885305	0.946236559139785	0.9265232974910395	0.9372759856630825	0.1917562724014337	0.0	0.6863799283154122	1.0	0.9068100358422939	0.985663082437276	1.0	0.9336917562724014	0.7096774193548387	1.0	1.0	0.8028673835125448	0.9982078853046595	0.546594982078853	0.9910394265232975	1.0	1.0
67944	0.4972288202692003	0.684085510688836	0.9897070467141726	0.8780680918448139	0.672209026128266	0.5613618368962787	0.6516231195566112	0.31908155186064924	0.9010292953285828	0.5320665083135392	0.8068091844813935	0.7426761678543151	0.4845605700712589	0.0	0.8891528107680127	0.9984164687252574	1.0	0.882818685669042	0.9453681710213777	1.0	0.5938242280285035	0.997624703087886	0.901821060965954	0.9881235154394299	0.8186856690419636	0.9722882026920031	1.0	1.0	0.9612034837688044
1725529	0.8333333333333334	0.8602693602693603	0.9988776655443322	0.9090909090909091	0.909652076318743	0.409652076318743	0.9225589225589226	0.5297418630751964	0.6200897867564534	0.6335578002244668	0.9562289562289562	0.6492704826038159	0.2570145903479237	0.3496071829405163	0.7542087542087542	1.0	0.9584736251402918	0.9085297418630752	1.0	1.0	0.7463524130190797	1.0	0.898989898989899	0.8849607182940517	0.968013468013468	0.9635241301907969	0.9966329966329966	0.9713804713804713	0.9725028058361391
1630155	0.5455974842767296	0.690251572327044	1.0	0.6823899371069182	0.5534591194968553	0.5927672955974843	0.940251572327044	0.9748427672955975	0.8694968553459119	0.7405660377358491	0.8726415094339622	0.8679245283018868	0.06918238993710692	0.17452830188679244	0.5754716981132075	1.0	1.0	1.0	1.0	0.85062893081761	0.8474842767295597	1.0	1.0	0.8805031446540881	0.8977987421383647	1.0	0.9245283018867925	1.0	0.8569182389937107
1630167	0.47058823529411764	0.7734204793028322	1.0	0.7690631808278867	0.5664488017429193	0.681917211328976	1.0	0.7407407407407407	0.7668845315904139	0.3638344226579521	0.6579520697167756	0.9259259259259259	0.05010893246187364	0.0	0.9411764705882353	1.0	1.0	0.8474945533769063	1.0	1.0	0.5337690631808278	0.9869281045751634	0.9150326797385621	0.934640522875817	0.9520697167755992	1.0	1.0	1.0	1.0
1444659	0.9719298245614035	0.6421052631578947	1.0	0.37543859649122807	0.8245614035087719	0.0	0.7087719298245614	0.9929824561403509	0.20350877192982456	0.8105263157894737	0.9157894736842105	0.7473684210526316	0.6807017543859649	0.0	0.7473684210526316	1.0	0.8526315789473684	1.0	1.0	1.0	0.8385964912280702	1.0	1.0	0.7824561403508772	1.0	1.0	0.8947368421052632	1.0	0.8807017543859649
1444652	0.8984302862419206	0.615881809787627	1.0	0.6703601108033241	0.788550323176362	0.543859649122807	0.65466297322253	0.16712834718374883	0.667590027700831	0.3961218836565097	0.6592797783933518	0.6943674976915974	0.541089566020314	0.12742382271468145	0.6481994459833795	1.0	1.0	0.9270544783010157	0.9796860572483841	1.0	0.9990766389658357	1.0	1.0	0.6463527239150508	0.8587257617728532	0.9473684210526315	1.0	1.0	0.984302862419206
1582093	0.5135135135135135	0.9767267267267268	0.9864864864864865	0.7364864864864865	0.6208708708708709	0.49624624624624625	0.8408408408408409	0.7034534534534534	0.5112612612612613	0.6936936936936937	0.506006006006006	0.9256756756756757	0.4872372372372372	0.22297297297297297	0.9481981981981982	0.9767267267267268	1.0	0.996996996996997	1.0	0.9774774774774775	0.9324324324324325	1.0	1.0	0.9039039039039038	1.0	1.0	1.0	0.9767267267267268	1.0
444253	0.7142118863049096	0.9400516795865633	0.9679586563307494	0.7049095607235142	0.6961240310077519	0.41808785529715764	0.5493540051679586	0.8749354005167959	0.7245478036175711	0.6222222222222222	0.7695090439276486	0.7870801033591731	0.4532299741602067	0.15968992248062017	0.875452196382429	1.0	0.9095607235142119	0.9545219638242894	0.9989664082687338	0.9607235142118863	0.8997416020671835	0.9891472868217054	1.0	0.9152454780361757	0.9602067183462533	0.9555555555555556	1.0	0.9958656330749354	0.9209302325581395
444254	0.19248826291079812	0.5422535211267606	1.0	0.9577464788732394	0.8544600938967136	0.056338028169014086	0.7582159624413145	0.7464788732394366	0.6924882629107981	0.6830985915492958	0.0	1.0	1.0	0.0	1.0	1.0	1.0	0.9342723004694836	0.7535211267605634	1.0	1.0	1.0	1.0	1.0	0.9647887323943662	1.0	1.0	1.0	0.9647887323943662
1417620	0.5383244206773619	0.9625668449197861	1.0	0.9554367201426025	0.5775401069518716	0.5115864527629234	0.46524064171123	0.6078431372549019	0.3422459893048128	0.9714795008912656	0.34759358288770054	0.8734402852049911	0.38859180035650626	0.3083778966131907	0.7040998217468806	1.0	1.0	0.9126559714795008	1.0	1.0	0.5793226381461676	1.0	1.0	0.6631016042780749	1.0	1.0	0.9982174688057041	0.9393939393939394	1.0
1150514	0.8910463861920173	0.697950377562028	0.9924487594390508	0.9471413160733549	0.9428263214670982	0.9072276159654801	0.8015102481121898	0.5663430420711975	0.9223300970873787	0.627831715210356	0.9795037756202805	0.9277238403451996	0.8252427184466019	0.1704422869471413	1.0	1.0	1.0	0.9158576051779935	0.9946062567421791	1.0	0.7626752966558792	1.0	0.9568500539374326	1.0	0.8586839266450917	1.0	1.0	1.0	0.9622437971952535
1150515	0.3984375	0.8541666666666666	1.0	0.8333333333333334	1.0	0.4921875	0.96875	0.0	0.08333333333333333	1.0	1.0	1.0	0.8828125	0.4583333333333333	0.8046875	1.0	0.953125	1.0	1.0	0.8828125	0.8880208333333334	1.0	1.0	0.9947916666666666	0.9348958333333334	1.0	1.0	1.0	0.9635416666666666
1150517	0.6645299145299145	0.9508547008547008	1.0	0.75	0.9188034188034188	0.9893162393162394	0.688034188034188	0.24358974358974358	0.6581196581196581	0.8611111111111112	1.0	1.0	0.0	0.09829059829059829	1.0	1.0	1.0	1.0	1.0	1.0	0.9508547008547008	0.9038461538461539	1.0	1.0	1.0	0.8782051282051282	1.0	1.0	1.0
840117	0.5075075075075075	0.8063063063063063	1.0	0.7162162162162162	0.7612612612612613	0.26876876876876876	0.6831831831831832	0.25825825825825827	0.5045045045045045	0.960960960960961	1.0	0.6891891891891891	0.4174174174174174	0.0	0.8183183183183184	1.0	1.0	1.0	1.0	1.0	0.8468468468468469	1.0	1.0	0.9084084084084084	0.9069069069069069	1.0	0.8543543543543544	1.0	1.0
779172	0.7938697318007663	0.9333333333333333	0.960919540229885	0.7517241379310344	0.6919540229885057	0.31877394636015327	0.7540229885057471	0.8298850574712644	0.8689655172413793	0.6988505747126437	0.8145593869731801	0.9862068965517241	0.0	0.0	0.8022988505747126	1.0	1.0	0.8850574712643678	0.7455938697318008	0.9961685823754789	0.7547892720306514	1.0	1.0	0.9448275862068966	1.0	0.9793103448275862	1.0	1.0	0.9777777777777777
1681178	0.5216741405082213	0.7443946188340808	0.922272047832586	0.5710014947683109	1.0	0.42750373692077726	0.3811659192825112	0.4828101644245142	0.484304932735426	0.0	0.6023916292974589	0.9118086696562033	0.2914798206278027	0.21076233183856502	0.8340807174887892	1.0	1.0	1.0	1.0	1.0	1.0	1.0	0.9656203288490284	0.8998505231689088	0.624813153961136	0.8878923766816144	1.0	1.0	1.0
1681185	0.6847290640394089	0.0	1.0	1.0	0.9425287356321839	0.7536945812807881	0.9802955665024631	0.7487684729064039	0.8571428571428571	0.8177339901477833	0.9310344827586207	0.48932676518883417	0.38095238095238093	0.0	0.7931034482758621	1.0	0.8325123152709359	0.9737274220032841	0.90311986863711	1.0	0.8045977011494253	1.0	0.9178981937602627	0.8899835796387521	0.9770114942528736	1.0	0.9917898193760263	1.0	0.8850574712643678
1072437	0.4388888888888889	0.6092592592592593	0.9074074074074074	0.0	0.6574074074074074	0.40370370370370373	0.7518518518518519	0.18333333333333332	0.0	0.6037037037037037	0.8296296296296296	0.7037037037037037	0.42407407407407405	0.4444444444444444	1.0	1.0	1.0	0.9388888888888889	1.0	1.0	0.7962962962962963	1.0	1.0	0.8166666666666667	0.9333333333333333	0.8537037037037037	0.9185185185185185	1.0	0.5166666666666667
1072438	0.6936507936507936	0.5777777777777777	1.0	0.7333333333333333	0.7158730158730159	0.9634920634920635	0.7873015873015873	0.8920634920634921	0.6317460317460317	0.4603174603174603	1.0	0.9920634920634921	0.0	0.4793650793650794	0.6507936507936508	1.0	1.0	1.0	1.0	1.0	0.546031746031746	1.0	1.0	0.8126984126984127	0.8492063492063492	0.8793650793650793	0.8222222222222222	1.0	0.9031746031746032
