key	WAM_ALR	WAM_CCR	WAM_IPI	WAM_MAR	WAM_MYS	WAM_PBL	WAM_PJN	WAM_PPR	WAM_PST	WAM_ROL	WAM_SCR	WAM_SGN	WAM_SIS	WAM_TWN	WAR_ALR	WAR_CCR	WAR_IPI	WAR_MAR	WAR_MYS	WAR_PBL	WAR_PJN	WAR_PPR	WAR_PSK	WAR_PST	WAR_RNW	WAR_ROL	WAR_SCR	WAR_SGL	WAR_SIS
706359	0.3984496124031008	0.2868217054263566	0.05116279069767442	0.0	0.662015503875969	0.0	0.4992248062015504	0.0	0.9209302325581395	0.46511627906976744	0.0	0.3829457364341085	0.0	0.4046511627906977	0.4604651162790698	0.6325581395348837	0.2775193798449612	0.46511627906976744	0.4682170542635659	0.9829457364341085	0.7441860465116279	0.6186046511627907	0.23565891472868217	0.5348837209302325	0.7007751937984497	0.5023255813953489	0.6341085271317829	0.24806201550387597	0.6449612403100775
1651251	0.5992063492063492	0.996031746031746	0.5793650793650794	0.0	0.623015873015873	0.0	0.7698412698412699	0.0	0.0	0.0	0.30952380952380953	0.5952380952380952	0.0	0.0	0.0	1.0	0.7301587301587301	0.0	0.8650793650793651	0.0	0.30158730158730157	0.0	0.19444444444444445	1.0	0.5952380952380952	0.7619047619047619	0.14285714285714285	0.6746031746031746	0.9563492063492064
49454	0.5206971677559913	0.5294117647058824	0.11546840958605664	0.9564270152505446	0.2679738562091503	0.0	0.9760348583877996	0.0	0.1830065359477124	0.0	0.5272331154684096	0.6535947712418301	0.0	0.0	0.3812636165577342	1.0	0.6579520697167756	0.40522875816993464	0.5206971677559913	0.7581699346405228	0.9869281045751634	0.9041394335511983	0.6122004357298475	0.8061002178649237	0.3289760348583878	0.0	0.9259259259259259	0.8758169934640523	0.8387799564270153
754566	0.9874213836477987	0.20125786163522014	0.5283018867924528	0.45754716981132076	0.23742138364779874	0.3742138364779874	0.9842767295597484	0.2908805031446541	0.3789308176100629	0.6713836477987422	0.0	0.2531446540880503	0.0	0.0	0.2358490566037736	0.4261006289308176	0.12264150943396226	0.8820754716981132	0.7248427672955975	0.7248427672955975	0.4748427672955975	0.860062893081761	0.3333333333333333	0.8883647798742138	0.7216981132075472	0.860062893081761	0.5707547169811321	0.37735849056603776	0.5864779874213837
1361910	0.0	0.0	0.0	0.8928571428571429	0.0	0.0	0.0	0.0	0.0	0.0	0.49603174603174605	0.0	0.0	0.0	0.0	0.623015873015873	0.0	0.0	0.0	0.5555555555555556	0.0	0.8531746031746031	0.0	0.0	0.8174603174603174	0.0	0.7658730158730159	0.0	0.0
957362	0.41379310344827586	0.46436781609195404	0.3471264367816092	0.3471264367816092	0.21379310344827587	0.0	1.0	0.0	0.542528735632184	0.5195402298850574	0.4367816091954023	0.0	0.0	0.34942528735632183	0.26436781609195403	0.7241379310344828	0.8827586206896552	0.7402298850574712	0.503448275862069	0.9494252873563218	0.9241379310344827	1.0	0.8620689655172413	0.5908045977011495	0.0	0.42298850574712643	0.0	0.7126436781609196	0.5310344827586206
957363	0.5617283950617284	0.6296296296296297	0.48559670781893005	0.0	0.6049382716049383	0.0	0.5185185185185185	0.6193415637860082	0.0	0.3065843621399177	0.23251028806584362	0.01440329218106996	0.0	0.04938271604938271	0.7345679012345679	0.8765432098765432	0.5082304526748971	0.9547325102880658	0.0	0.9506172839506173	0.9547325102880658	0.9465020576131687	1.0	0.8662551440329218	0.5596707818930041	0.4691358024691358	0.7304526748971193	0.8024691358024691	0.6460905349794238
957364	0.412568306010929	0.00819672131147541	0.16939890710382513	0.674863387978142	0.4207650273224044	0.5792349726775956	0.2568306010928962	0.0	0.0	0.0	0.0	0.6939890710382514	0.0	0.0	0.8442622950819673	0.7240437158469946	0.0	0.17759562841530055	0.40710382513661203	0.9781420765027322	0.09289617486338798	0.453551912568306	0.5546448087431693	0.42349726775956287	0.4972677595628415	0.5355191256830601	0.6174863387978142	0.5491803278688525	0.9836065573770492
1111582	0.7426900584795322	0.5321637426900585	0.0	0.0	0.0	0.0	0.0	0.0	0.7426900584795322	0.011695906432748537	0.0	0.0	0.0	0.023391812865497075	0.0	0.0	0.4502923976608187	0.9824561403508771	0.8654970760233918	0.8654970760233918	0.2807017543859649	0.0	0.7719298245614035	0.0	0.0	0.0	0.36257309941520466	0.8654970760233918	0.0
853020	0.4518002322880372	0.4454123112659698	0.4337979094076655	0.5737514518002322	0.0	0.24448315911730545	0.4721254355400697	0.0	0.5354239256678281	0.0	0.18466898954703834	0.13995354239256677	0.08362369337979095	0.0	0.24680603948896632	0.4413472706155633	0.5766550522648084	0.6498257839721254	0.1753774680603949	0.8002322880371661	0.37746806039488967	0.6666666666666666	0.6440185830429733	0.41231126596980255	0.6451800232288037	0.5615563298490128	0.5505226480836237	0.6782810685249709	0.2886178861788618
1566075	0.0	0.38202247191011235	0.0	0.0	0.28277153558052437	0.48314606741573035	0.10486891385767791	0.0	0.26779026217228463	0.0	0.0	0.7322097378277154	0.0	0.0	0.18164794007490637	0.6629213483146067	0.10486891385767791	0.8389513108614233	0.0	0.5636704119850188	0.4737827715355805	0.7228464419475655	0.22284644194756553	0.29775280898876405	0.45880149812734083	0.8183520599250936	0.40823970037453183	0.08426966292134831	0.9363295880149812
1502205	0.6065070595457336	0.26519337016574585	0.35666052793124614	0.40638428483732353	0.6157151626764886	0.3707796193984039	0.17556783302639656	0.2461632903621854	0.07734806629834254	0.12952731737262124	0.4861878453038674	0.0	0.0	0.07427869858809086	0.7243707796193984	0.5531000613873542	0.8293431553100061	0.5248618784530387	0.3351749539594843	0.5003069367710252	0.4714548802946593	0.6243093922651933	0.16206261510128914	0.8367096378146102	0.4923265807243708	0.4604051565377532	0.24186617556783302	0.17434008594229589	0.3406998158379374
544377	0.5840220385674931	0.0	0.628099173553719	0.4669421487603306	0.1184573002754821	0.41460055096418735	0.2892561983471074	0.2713498622589532	0.16391184573002754	0.1184573002754821	0.0	0.41460055096418735	0.22727272727272727	0.0	0.0	0.8705234159779615	0.2190082644628099	0.7011019283746557	0.20798898071625344	0.5785123966942148	0.6859504132231405	0.5509641873278237	0.31955922865013775	0.4986225895316804	0.8471074380165289	0.6143250688705234	0.8925619834710744	0.0	0.1184573002754821
125778	0.11170212765957446	0.08333333333333333	0.0	0.5319148936170213	0.3776595744680851	0.5141843971631206	0.02127659574468085	0.0	0.0	0.0	0.18439716312056736	0.5177304964539007	0.0	0.0	0.2695035460992908	0.6560283687943262	0.8280141843971631	0.450354609929078	0.3953900709219858	0.8226950354609929	0.2907801418439716	0.4698581560283688	0.26773049645390073	0.7056737588652482	0.40070921985815605	0.648936170212766	0.1099290780141844	0.5904255319148937	0.5957446808510638
84985	0.0	0.13812154696132597	0.4014732965009208	0.0	0.43278084714548803	0.0	0.39410681399631675	0.0	0.4990791896869245	0.0	0.8710865561694291	0.27808471454880296	0.0	0.0	0.47882136279926335	0.7237569060773481	0.8950276243093923	0.6372007366482505	0.0	0.9539594843462247	0.6298342541436464	1.0	0.8692449355432781	0.9723756906077348	0.6795580110497238	0.43278084714548803	0.8692449355432781	0.27808471454880296	0.283609576427256
84986	0.0	0.3871794871794872	0.6871794871794872	0.3871794871794872	0.0	0.982051282051282	0.9282051282051282	0.14615384615384616	0.7205128205128205	0.0	0.7589743589743589	0.3871794871794872	0.0	0.0	0.7102564102564103	0.823076923076923	0.0	0.0	0.0	0.3076923076923077	0.5974358974358974	0.9564102564102565	0.258974358974359	0.8897435897435897	0.7794871794871795	0.5487179487179488	0.7769230769230769	0.5	0.841025641025641
84987	0.1571969696969697	0.44886363636363635	0.7026515151515151	0.11742424242424243	0.0	0.5984848484848485	0.2859848484848485	0.23295454545454544	0.6382575757575758	0.0	0.35795454545454547	0.2765151515151515	0.0	0.0	0.6628787878787878	0.7897727272727273	0.2178030303030303	1.0	0.4375	0.821969696969697	0.0	0.4640151515151515	0.3446969696969697	0.8693181818181818	0.8787878787878788	0.0	0.6117424242424242	0.8503787878787878	0.2803030303030303
247021	1.0	0.31835205992509363	0.7228464419475655	0.0	0.0	0.4232209737827715	0.5655430711610487	0.0	0.4157303370786517	0.602996254681648	0.5655430711610487	0.5655430711610487	0.0	0.0	0.0	0.0	0.6179775280898876	0.5318352059925093	0.0	0.9026217228464419	0.5617977528089888	0.7528089887640449	0.6367041198501873	0.0	0.0	0.19101123595505617	0.7490636704119851	0.6441947565543071	0.8352059925093633
220502	0.613618368962787	0.442596991290578	0.5273159144893111	0.3404592240696754	0.3452098178939034	0.14251781472684086	0.34441805225653205	0.0	0.0	0.12114014251781473	0.02929532858273951	0.23436262866191607	0.0	0.0	0.7347585114806018	0.5961995249406176	0.1330166270783848	0.4972288202692003	0.35629453681710216	0.6658749010292954	0.3238321456848773	0.611243072050673	0.0	0.8448139350752177	0.7466349960411718	0.3222486144101346	0.5914489311163895	0.37292161520190026	0.4679334916864608
1490403	0.5969696969696969	0.996969696969697	0.5575757575757576	0.0	0.4	0.0	0.04242424242424243	0.0	0.0	0.11212121212121212	0.5484848484848485	0.7878787878787878	0.0	0.0	1.0	0.906060606060606	0.5909090909090909	0.7606060606060606	0.906060606060606	0.8878787878787879	0.9515151515151515	0.32727272727272727	0.0	0.8333333333333334	0.5333333333333333	0.6090909090909091	0.7484848484848485	1.0	0.9606060606060606
1275641	0.1825951825951826	0.18104118104118105	0.0	0.0	0.36752136752136755	0.0	0.001554001554001554	0.20124320124320125	0.4226884226884227	0.0	0.2338772338772339	0.22766122766122765	0.0	0.0	0.3667443667443667	0.7684537684537684	0.30924630924630925	0.2937062937062937	0.0	0.602952602952603	0.44522144522144524	0.5066045066045066	0.44755244755244755	0.41414141414141414	0.31934731934731936	0.47474747474747475	0.43356643356643354	0.3271173271173271	0.2198912198912199
567815	0.7957610789980732	0.0	0.02119460500963391	1.0	0.0	0.0	0.3333333333333333	0.0	0.5568400770712909	0.0	0.2138728323699422	0.5163776493256262	0.0	0.0	0.22928709055876687	0.6377649325626205	0.8304431599229287	0.4682080924855491	0.5549132947976878	0.22736030828516376	0.0	0.8805394990366089	0.4816955684007707	0.5240847784200385	0.5953757225433526	0.7591522157996147	0.8959537572254336	1.0	0.8208092485549133
567817	0.3932291666666667	0.0	0.3697916666666667	0.11197916666666667	0.3307291666666667	0.578125	0.0	0.0	0.0	0.9140625	0.17447916666666666	0.0	0.0	0.0	0.7916666666666666	0.71875	0.0	0.06770833333333333	0.0	0.7447916666666666	0.7916666666666666	0.7838541666666666	0.0	0.65625	0.9401041666666666	0.9296875	0.4557291666666667	0.5703125	0.3697916666666667
567818	0.4557377049180328	0.3289617486338798	0.46557377049180326	0.26229508196721313	0.0	0.05683060109289618	0.046994535519125684	0.0	0.307103825136612	0.17486338797814208	0.0	0.4710382513661202	0.0	0.0	0.4262295081967213	0.8754098360655738	0.848087431693989	0.5704918032786885	0.6076502732240437	0.760655737704918	0.5256830601092897	0.05683060109289618	0.6196721311475409	0.4349726775956284	0.7333333333333333	0.41530054644808745	0.6950819672131148	0.8098360655737705	0.8459016393442623
141610	0.3415435139573071	0.0	0.39080459770114945	0.8013136288998358	0.7750410509031199	0.33825944170771755	0.49261083743842365	0.0	0.4466338259441708	0.4072249589490969	0.21018062397372742	0.4302134646962233	0.24958949096880131	0.0	0.4909688013136289	0.5894909688013136	0.5402298850574713	0.9129720853858785	0.0	0.5977011494252874	0.44170771756978655	0.9556650246305419	0.24630541871921183	0.922824302134647	0.33169129720853857	0.5238095238095238	0.9737274220032841	0.451559934318555	0.8045977011494253
