key	WAM_ALR	WAM_CCR	WAM_IPI	WAM_MAR	WAM_MYS	WAM_PBL	WAM_PJN	WAM_PPR	WAM_PST	WAM_ROL	WAM_SCR	WAM_SGN	WAM_SIS	WAM_TWN	WAR_ALR	WAR_CCR	WAR_IPI	WAR_MAR	WAR_MYS	WAR_PBL	WAR_PJN	WAR_PPR	WAR_PSK	WAR_PST	WAR_RNW	WAR_ROL	WAR_SCR	WAR_SGL	WAR_SIS
947988	0.7443365695792881	1.0	0.8252427184466019	0.6407766990291263	0.12297734627831715	0.9676375404530745	0.9773462783171522	0.0	0.49514563106796117	1.0	0.9870550161812298	0.7087378640776699	0.6051779935275081	0.0	1.0	1.0	0.686084142394822	1.0	0.4886731391585761	0.9158576051779935	1.0	0.8737864077669902	0.4886731391585761	1.0	0.7475728155339806	1.0	1.0	0.7119741100323624	0.9644012944983819
947989	1.0	0.9682539682539683	0.5912698412698413	0.6904761904761905	0.0	0.4444444444444444	0.873015873015873	0.0	1.0	0.9246031746031746	1.0	0.7738095238095238	0.4444444444444444	0.14682539682539683	1.0	1.0	0.43253968253968256	1.0	0.0	0.9126984126984127	1.0	0.9246031746031746	0.5912698412698413	1.0	0.5992063492063492	0.7896825396825397	1.0	0.4166666666666667	0.44047619047619047
948000	0.4631268436578171	0.0	0.6843657817109144	1.0	0.696165191740413	0.3834808259587021	1.0	0.7846607669616519	0.8584070796460177	1.0	1.0	0.3333333333333333	0.0	0.0	0.7876106194690266	1.0	0.4336283185840708	1.0	0.8289085545722714	1.0	1.0	1.0	0.5693215339233039	1.0	1.0	1.0	0.8407079646017699	0.8466076696165191	0.5427728613569321
948003	0.6091954022988506	0.6513409961685823	0.6743295019157088	0.7126436781609196	0.7739463601532567	0.4482758620689655	1.0	0.0	1.0	0.0	1.0	0.8390804597701149	0.0	0.524904214559387	1.0	0.9042145593869731	0.9501915708812261	0.06130268199233716	0.4942528735632184	0.9080459770114943	1.0	1.0	0.6283524904214559	1.0	0.89272030651341	0.6973180076628352	1.0	0.0	0.578544061302682
571356	0.664804469273743	1.0	0.2787088764742396	0.6747361887026692	0.633147113594041	0.35257603972687773	0.8851644941030415	0.7442582247051521	0.686530105524519	0.5878336436995655	0.9646182495344506	0.6045934202358784	0.18684047175667287	0.186219739292365	0.7330850403476101	1.0	0.48851644941030414	0.8175046554934823	0.6319056486654252	0.9875853507138423	0.8621973929236499	1.0	0.6964618249534451	1.0	0.9528243327126009	0.839851024208566	0.9484792054624457	0.771570453134699	0.8261949099937926
1067168	0.8398268398268398	0.30735930735930733	0.9696969696969697	1.0	0.0	0.22943722943722944	0.23809523809523808	0.30303030303030304	1.0	0.05627705627705628	1.0	1.0	0.7965367965367965	0.0	0.8874458874458875	1.0	0.0	0.8874458874458875	1.0	1.0	1.0	1.0	0.922077922077922	1.0	0.5411255411255411	1.0	0.9696969696969697	0.8484848484848485	0.7532467532467533
1067170	0.0	0.9964444444444445	0.3893333333333333	0.5493333333333333	0.6986666666666667	0.5297777777777778	0.8648888888888889	0.4088888888888889	0.9031111111111111	0.7262222222222222	0.7555555555555555	0.8328888888888889	0.4737777777777778	0.0	0.9208888888888889	1.0	0.6408888888888888	0.8773333333333333	0.7608888888888888	0.6168888888888889	1.0	1.0	0.4008888888888889	0.9706666666666667	1.0	0.9786666666666667	1.0	0.7795555555555556	0.7955555555555556
571370	0.5294117647058824	1.0	0.49673202614379086	0.9816993464052287	0.39477124183006534	0.803921568627451	0.873202614379085	0.6692810457516339	0.9921568627450981	0.7816993464052288	0.49019607843137253	0.5058823529411764	0.20784313725490197	0.0	0.6588235294117647	1.0	0.3215686274509804	0.7516339869281046	0.6143790849673203	0.9150326797385621	0.9751633986928104	1.0	0.19738562091503267	1.0	0.9581699346405229	1.0	0.9516339869281045	0.8209150326797385	0.7359477124183007
571373	0.6515151515151515	0.9356060606060606	0.017045454545454544	0.08333333333333333	0.3484848484848485	0.9223484848484849	0.8200757575757576	0.19696969696969696	0.7840909090909091	1.0	1.0	0.6912878787878788	0.4015151515151515	0.23674242424242425	0.7329545454545454	1.0	0.6363636363636364	0.9299242424242424	0.7045454545454546	1.0	0.9829545454545454	1.0	0.49242424242424243	1.0	1.0	1.0	1.0	1.0	0.36174242424242425
571375	0.6371308016877637	1.0	0.6962025316455697	0.8660337552742616	0.39135021097046413	0.5833333333333334	0.9029535864978903	0.5770042194092827	0.7415611814345991	0.6835443037974683	0.9113924050632911	0.7172995780590717	0.15928270042194093	0.5253164556962026	0.7141350210970464	1.0	0.75	0.8744725738396625	0.6244725738396625	1.0	0.8987341772151899	1.0	0.8364978902953587	1.0	0.6434599156118144	0.7478902953586498	0.9694092827004219	0.6877637130801688	0.580168776371308
559444	0.11959287531806616	1.0	0.0	0.5801526717557252	0.0	0.06361323155216285	0.7938931297709924	0.9745547073791349	1.0	0.3969465648854962	1.0	0.0	0.16030534351145037	0.24936386768447838	1.0	1.0	1.0	0.816793893129771	0.9796437659033079	0.7175572519083969	1.0	1.0	0.38676844783715014	1.0	0.5419847328244275	1.0	1.0	0.7811704834605598	1.0
559447	0.2875	0.9722222222222222	0.9555555555555556	0.6791666666666667	0.7444444444444445	0.5472222222222223	0.6944444444444444	0.5541666666666667	0.9763888888888889	0.3375	0.9819444444444444	0.8791666666666667	0.0	0.0	0.7222222222222222	1.0	0.7666666666666667	0.6930555555555555	0.6611111111111111	1.0	0.8569444444444444	1.0	0.5111111111111111	0.8097222222222222	0.8875	1.0	1.0	0.8152777777777778	0.8597222222222223
1610542	0.5196581196581197	0.2358974358974359	0.5401709401709401	0.0	0.8393162393162393	0.5145299145299145	0.15897435897435896	0.517948717948718	0.7726495726495727	0.35213675213675216	1.0	0.8700854700854701	0.5162393162393163	0.22564102564102564	0.4461538461538462	1.0	0.8136752136752137	0.9008547008547009	0.0	0.9555555555555556	1.0	0.9914529914529915	0.5914529914529915	1.0	0.6170940170940171	1.0	0.8786324786324786	0.8905982905982905	0.04786324786324787
1746108	0.8486707566462167	1.0	0.4539877300613497	0.8179959100204499	0.7034764826175869	0.6646216768916156	0.4867075664621677	0.8936605316973415	0.8568507157464212	0.9161554192229039	1.0	0.9877300613496932	0.6278118609406953	0.0	0.4948875255623722	1.0	0.9959100204498977	0.983640081799591	1.0	0.9713701431492843	1.0	1.0	0.30879345603271985	1.0	0.7586912065439673	1.0	1.0	0.13496932515337423	1.0
1695635	0.9523809523809523	0.8275862068965517	0.49261083743842365	0.548440065681445	0.0	0.17733990147783252	0.8275862068965517	0.5205254515599343	0.8735632183908046	0.6420361247947455	0.9507389162561576	0.6847290640394089	0.0	0.0	0.47619047619047616	1.0	0.812807881773399	1.0	0.31198686371100165	0.7536945812807881	0.8653530377668309	1.0	0.9474548440065681	1.0	0.5993431855500821	0.9655172413793104	0.9080459770114943	1.0	0.9064039408866995
727215	0.8143322475570033	0.9435396308360477	0.32138979370249726	0.6015200868621065	0.49294245385450597	0.4158523344191097	0.745928338762215	0.4191096634093377	0.7654723127035831	0.16395222584147665	0.8773072747014115	0.8577633007600435	0.7068403908794788	0.0	0.7166123778501629	1.0	0.6058631921824105	0.7730727470141151	0.7991313789359392	0.9674267100977199	0.9750271444082519	0.9066232356134636	0.4549402823018458	1.0	0.755700325732899	0.9218241042345277	1.0	0.6036916395222585	0.6731813246471227
785242	0.741608118657299	0.9250585480093677	0.7533177205308352	0.7486338797814208	0.07181889149102264	0.375487900078064	0.8672911787665886	0.6549570647931303	0.9968774395003903	0.7181889149102264	1.0	0.6690085870413739	0.3544106167056987	0.4676034348165496	0.9726775956284153	1.0	0.8462138953942233	0.9211553473848556	0.7782982045277127	1.0	0.9180327868852459	1.0	0.46994535519125685	0.9898516783762685	0.9211553473848556	0.936768149882904	0.9601873536299765	1.0	1.0
1006810	0.4063926940639269	0.5415525114155251	0.29041095890410956	0.5579908675799087	0.0	0.3223744292237443	0.8757990867579909	0.40365296803652967	0.8073059360730593	0.5324200913242009	0.9378995433789954	0.6420091324200913	0.6310502283105023	0.0821917808219178	0.3132420091324201	0.9744292237442922	0.2410958904109589	0.7388127853881279	0.42191780821917807	0.9442922374429223	0.8958904109589041	1.0	0.0	0.9515981735159817	0.9872146118721461	0.8465753424657534	0.806392694063927	0.7123287671232876	0.5744292237442923
989169	0.4053030303030303	0.4962121212121212	0.5473484848484849	0.3162878787878788	0.5606060606060606	0.3106060606060606	1.0	0.740530303030303	1.0	0.7348484848484849	1.0	0.5208333333333334	0.2859848484848485	0.0	0.8806818181818182	1.0	0.5549242424242424	1.0	0.509469696969697	0.8446969696969697	1.0	1.0	0.44886363636363635	1.0	0.9640151515151515	0.8068181818181818	1.0	0.875	1.0
485257	1.0	1.0	0.9686609686609686	0.002849002849002849	0.4301994301994302	0.42735042735042733	0.9601139601139601	0.31339031339031337	0.8490028490028491	0.7749287749287749	1.0	0.8319088319088319	0.4301994301994302	0.0	0.39886039886039887	1.0	0.8689458689458689	0.6068376068376068	0.717948717948718	0.9202279202279202	0.4757834757834758	1.0	1.0	1.0	0.5299145299145299	1.0	1.0	0.47293447293447294	1.0
485240	0.9082774049217002	0.9440715883668904	0.3579418344519016	0.3512304250559284	0.1476510067114094	0.4742729306487696	0.33557046979865773	0.6241610738255033	0.31767337807606266	0.4988814317673378	1.0	0.0	0.0	0.6554809843400448	1.0	1.0	1.0	0.5302013422818792	0.7539149888143176	0.7516778523489933	1.0	1.0	0.6420581655480985	0.9798657718120806	0.6935123042505593	0.7181208053691275	0.9955257270693513	0.21923937360178972	1.0
485229	0.07326007326007326	0.9304029304029304	0.0	0.0	0.0	0.2490842490842491	0.9487179487179487	0.5970695970695971	0.8131868131868132	0.8315018315018315	1.0	0.5494505494505495	0.0	0.38095238095238093	0.0	1.0	0.6593406593406593	1.0	0.7655677655677655	0.989010989010989	1.0	1.0	0.5531135531135531	1.0	0.989010989010989	1.0	0.9926739926739927	0.989010989010989	1.0
897118	0.4451345755693582	0.9337474120082816	0.0	0.6894409937888198	0.0	0.0	0.556935817805383	0.7432712215320911	0.2732919254658385	0.7391304347826086	0.4451345755693582	0.5921325051759835	0.0	0.0	0.7267080745341615	1.0	0.0	0.9565217391304348	0.33540372670807456	0.6356107660455487	0.5300207039337475	0.9523809523809523	0.6128364389233955	0.9855072463768116	0.598343685300207	0.7184265010351967	0.8095238095238095	1.0	0.7577639751552795
559448	0.3681159420289855	0.9971014492753624	0.43768115942028984	1.0	0.5130434782608696	0.9565217391304348	1.0	0.0	1.0	0.9043478260869565	0.9710144927536232	0.8115942028985508	0.43478260869565216	0.0	0.08115942028985507	1.0	0.2898550724637681	0.0	0.7391304347826086	1.0	1.0	1.0	0.22608695652173913	1.0	0.14202898550724638	1.0	1.0	1.0	0.41739130434782606
559452	0.7068965517241379	1.0	0.957471264367816	0.4114942528735632	0.026436781609195402	0.28390804597701147	1.0	0.38620689655172413	0.5735632183908046	0.32413793103448274	0.9839080459770115	0.3586206896551724	0.6367816091954023	0.0	0.9816091954022989	1.0	0.0	0.9896551724137931	0.9229885057471264	0.7275862068965517	0.7850574712643679	1.0	0.4896551724137931	1.0	0.674712643678161	0.8436781609195402	0.9241379310344827	0.4471264367816092	0.9425287356321839
559453	0.5383647798742138	0.9622641509433962	0.9119496855345912	0.6062893081761006	0.4742138364779874	0.0	0.9421383647798742	0.710691823899371	0.8955974842767296	0.6641509433962264	0.909433962264151	0.48930817610062893	0.0	0.0	0.9836477987421384	1.0	0.5647798742138365	1.0	0.189937106918239	0.8	0.9471698113207547	1.0	0.5572327044025157	0.9421383647798742	0.989937106918239	0.9144654088050315	1.0	0.8402515723270441	0.9974842767295597
559455	0.0	1.0	0.643859649122807	0.5947368421052631	0.0	0.7912280701754386	0.887719298245614	0.4842105263157895	0.8421052631578947	0.4543859649122807	0.8719298245614036	0.843859649122807	0.17192982456140352	0.39649122807017545	0.9982456140350877	1.0	0.9438596491228071	0.9421052631578948	0.9157894736842105	0.9736842105263158	1.0	1.0	0.5333333333333333	1.0	0.9157894736842105	0.8789473684210526	1.0	1.0	1.0
559463	0.7048346055979644	1.0	0.7048346055979644	0.183206106870229	0.4198473282442748	0.3842239185750636	0.19592875318066158	0.29770992366412213	1.0	0.0	0.8295165394402035	0.45038167938931295	0.12213740458015267	0.0	0.8854961832061069	1.0	0.1450381679389313	0.9389312977099237	0.0	0.8854961832061069	0.6208651399491094	1.0	0.12213740458015267	1.0	0.5597964376590331	1.0	1.0	0.9389312977099237	1.0
559466	0.9407407407407408	0.7111111111111111	0.14814814814814814	0.7592592592592593	0.36666666666666664	0.762962962962963	1.0	0.4148148148148148	0.9185185185185185	1.0	0.8481481481481481	1.0	0.5592592592592592	0.14814814814814814	0.8481481481481481	1.0	1.0	0.8851851851851852	0.6333333333333333	1.0	0.7703703703703704	1.0	0.7037037037037037	1.0	0.43333333333333335	0.9962962962962963	1.0	0.3333333333333333	1.0
936677	0.4326710816777042	1.0	0.0	0.7306843267108167	0.58719646799117	0.1280353200883002	1.0	0.7858719646799117	0.05077262693156733	0.6909492273730684	1.0	0.7682119205298014	0.0	0.0	0.8962472406181016	1.0	0.0	0.8388520971302428	0.9072847682119205	0.8278145695364238	0.2560706401766004	1.0	1.0	0.47902869757174393	1.0	1.0	0.8013245033112583	0.8962472406181016	0.5320088300220751
936681	0.29567642956764295	0.9400278940027894	0.7280334728033473	0.9414225941422594	0.697350069735007	0.45327754532775455	0.9442119944211994	0.8605299860529986	0.5244072524407253	0.3486750348675035	0.5230125523012552	0.9358437935843794	0.4198047419804742	0.0	0.9623430962343096	1.0	0.9623430962343096	0.7099023709902371	0.7517433751743375	0.9637377963737797	0.9567642956764296	1.0	0.4714086471408647	0.9553695955369595	0.8814504881450488	0.5327754532775453	0.9218967921896792	0.9205020920502092	0.9511854951185496
544579	0.038704581358609796	0.8246445497630331	0.4028436018957346	0.6919431279620853	0.12559241706161137	0.3033175355450237	0.7906793048973144	0.5710900473933649	0.759083728278041	0.23696682464454977	0.6951026856240127	0.6927330173775671	0.0	0.0	0.9107424960505529	0.9289099526066351	0.3175355450236967	0.608214849921011	0.5521327014218009	0.5616113744075829	0.6469194312796208	0.966824644549763	0.18878357030015797	0.8649289099526066	0.5197472353870458	0.636650868878357	0.8712480252764613	0.6350710900473934	0.6327014218009479
902937	0.7240618101545254	1.0	0.9867549668874173	0.9116997792494481	0.6666666666666666	0.4922737306843267	0.7218543046357616	0.5364238410596026	0.8763796909492274	0.5121412803532008	0.8211920529801324	1.0	0.0	0.0	1.0	1.0	0.4613686534216336	1.0	0.5584988962472406	1.0	1.0	1.0	1.0	1.0	0.9072847682119205	1.0	0.9536423841059603	0.6335540838852097	0.8785871964679912
902940	1.0	1.0	1.0	0.936026936026936	0.5892255892255892	0.0	1.0	0.7272727272727273	1.0	0.3501683501683502	1.0	0.9427609427609428	0.0	0.0	1.0	1.0	0.5185185185185185	1.0	0.9663299663299664	1.0	1.0	1.0	0.9023569023569024	1.0	0.8888888888888888	0.8114478114478114	1.0	1.0	0.8215488215488216
485273	0.8717948717948718	1.0	0.3435897435897436	1.0	0.0	0.4461538461538462	0.9230769230769231	0.0	1.0	0.0	1.0	0.8923076923076924	0.0	0.0	0.7743589743589744	1.0	1.0	0.7794871794871795	0.7025641025641025	1.0	0.9230769230769231	1.0	0.7282051282051282	1.0	0.9179487179487179	1.0	1.0	1.0	0.5333333333333333
485274	0.7452574525745257	0.940379403794038	1.0	0.7479674796747967	0.23306233062330622	0.01084010840108401	0.6802168021680217	0.07859078590785908	0.8943089430894309	0.7154471544715447	0.3333333333333333	0.9186991869918699	0.0	0.0	0.9728997289972899	1.0	0.3712737127371274	0.6016260162601627	0.5365853658536586	1.0	0.8292682926829268	1.0	0.4037940379403794	1.0	0.8292682926829268	0.9512195121951219	1.0	0.5067750677506775	1.0
1746114	0.361323155216285	0.8727735368956743	0.0	0.38676844783715014	0.55470737913486	0.0	1.0	0.361323155216285	0.9821882951653944	0.43256997455470736	1.0	0.7175572519083969	0.0	0.0	0.6793893129770993	1.0	0.9872773536895675	1.0	0.3791348600508906	0.7430025445292621	1.0	1.0	0.18575063613231552	1.0	0.9185750636132316	0.9949109414758269	1.0	0.7099236641221374	0.44274809160305345
1746115	0.7505518763796909	0.8741721854304636	0.0	0.9713024282560706	0.0	0.24503311258278146	0.7748344370860927	0.9006622516556292	1.0	0.2671081677704194	0.8896247240618101	0.6269315673289183	0.5364238410596026	0.0	0.45695364238410596	1.0	0.4392935982339956	1.0	0.3333333333333333	1.0	1.0	1.0	0.4966887417218543	1.0	0.9845474613686535	0.5099337748344371	0.9624724061810155	1.0	0.7130242825607064
1746117	0.3870056497175141	1.0	0.4491525423728814	0.2740112994350282	0.6610169491525424	0.6016949152542372	0.8022598870056498	0.5677966101694916	1.0	0.9491525423728814	0.7542372881355932	0.8587570621468926	0.0	0.480225988700565	0.10734463276836158	1.0	1.0	1.0	0.06779661016949153	1.0	0.8898305084745762	1.0	0.7288135593220338	1.0	1.0	1.0	0.9491525423728814	0.9491525423728814	0.2796610169491525
1746118	0.8874734607218684	0.8598726114649682	0.8821656050955414	0.8036093418259024	0.4745222929936306	0.5233545647558386	0.7823779193205945	0.802547770700637	0.975583864118896	0.8365180467091295	0.8842887473460722	0.8927813163481954	0.1602972399150743	0.3662420382165605	0.7314225053078556	1.0	0.7292993630573248	0.9989384288747346	0.6295116772823779	0.5849256900212314	1.0	1.0	0.6157112526539278	0.8906581740976646	0.851380042462845	0.9543524416135881	1.0	0.6061571125265393	0.5711252653927813
1746120	0.8220551378446115	1.0	0.0	0.23308270676691728	0.0	0.6115288220551378	0.3057644110275689	0.9598997493734336	0.9348370927318296	0.0	1.0	0.8646616541353384	0.8771929824561403	0.0	1.0	1.0	1.0	0.8671679197994987	0.9072681704260651	1.0	1.0	1.0	0.2882205513784461	1.0	0.8120300751879699	1.0	0.9874686716791979	1.0	0.040100250626566414
1746121	0.7037037037037037	0.955026455026455	0.0	0.0	0.7116402116402116	0.8888888888888888	0.5793650793650794	0.7433862433862434	1.0	0.8783068783068783	0.8597883597883598	0.9973544973544973	0.5502645502645502	0.3994708994708995	1.0	0.9867724867724867	1.0	0.9920634920634921	0.716931216931217	1.0	1.0	1.0	0.8994708994708994	1.0	0.7513227513227513	1.0	1.0	0.455026455026455	0.5185185185185185
1746122	1.0	0.764102564102564	0.0	0.9897435897435898	0.8923076923076924	0.0	1.0	0.8871794871794871	1.0	0.3333333333333333	1.0	0.7076923076923077	0.8666666666666667	0.7384615384615385	1.0	1.0	0.9487179487179487	1.0	0.7743589743589744	1.0	1.0	1.0	0.676923076923077	0.9948717948717949	1.0	0.7538461538461538	1.0	1.0	0.8307692307692308
1746123	1.0	0.5770609318996416	0.6075268817204301	1.0	0.023297491039426525	0.9032258064516129	0.5645161290322581	0.36379928315412186	0.978494623655914	0.34767025089605735	1.0	0.7903225806451613	0.0	0.33691756272401435	0.6612903225806451	1.0	0.7491039426523297	0.9605734767025089	0.35125448028673834	0.7204301075268817	1.0	1.0	0.507168458781362	0.9498207885304659	0.9050179211469535	1.0	1.0	0.8942652329749103	0.589605734767025
1746124	0.8103703703703704	0.9585185185185185	0.7511111111111111	0.7911111111111111	0.41555555555555557	0.7444444444444445	0.8607407407407407	0.6814814814814815	0.8837037037037037	0.7814814814814814	1.0	0.6266666666666667	0.06518518518518518	0.016296296296296295	0.7014814814814815	1.0	0.8888888888888888	0.9133333333333333	0.7362962962962963	0.7622222222222222	1.0	1.0	0.20814814814814814	0.8266666666666667	0.9014814814814814	0.8288888888888889	1.0	0.7933333333333333	0.8481481481481481
1746125	0.7157464212678937	0.9795501022494888	0.3824130879345603	0.7934560327198364	0.35787321063394684	0.7014314928425358	0.656441717791411	0.5419222903885481	1.0	0.7280163599182005	1.0	0.9488752556237219	0.5419222903885481	0.0	0.4723926380368098	1.0	0.9406952965235174	0.4335378323108384	1.0	0.7096114519427403	0.8875255623721882	1.0	0.012269938650306749	1.0	0.6503067484662577	0.621676891615542	0.8241308793456033	0.9100204498977505	0.6666666666666666
1746128	0.9016393442622951	1.0	0.39344262295081966	0.36885245901639346	0.31420765027322406	0.8497267759562842	0.8469945355191257	0.8961748633879781	1.0	1.0	0.5573770491803278	0.42896174863387976	0.6420765027322405	0.0	0.9316939890710383	1.0	0.3907103825136612	0.9890710382513661	0.4918032786885246	1.0	1.0	1.0	0.30601092896174864	1.0	0.9972677595628415	0.8743169398907104	1.0	1.0	1.0
1746129	0.2814814814814815	0.9444444444444444	0.7018518518518518	0.21296296296296297	0.0	0.837037037037037	0.7592592592592593	0.9592592592592593	0.9388888888888889	0.6166666666666667	0.6537037037037037	0.4981481481481482	0.7981481481481482	0.0	0.975925925925926	1.0	0.524074074074074	0.8185185185185185	0.5166666666666667	1.0	1.0	1.0	0.3685185185185185	1.0	0.9407407407407408	1.0	0.7962962962962963	0.9944444444444445	0.5907407407407408
1746130	0.6617283950617284	1.0	0.5037037037037037	0.671604938271605	0.6666666666666666	0.6987654320987654	0.5432098765432098	1.0	0.7432098765432099	0.9506172839506173	1.0	0.8444444444444444	0.0	0.0	1.0	1.0	1.0	0.854320987654321	0.7160493827160493	1.0	1.0	1.0	0.7876543209876543	1.0	1.0	0.8320987654320988	0.9851851851851852	1.0	0.9382716049382716
1746132	0.8130511463844797	1.0	0.3262786596119929	0.5961199294532628	0.8359788359788359	0.5061728395061729	0.7671957671957672	0.7654320987654321	1.0	0.6649029982363316	0.9841269841269841	0.48148148148148145	0.5608465608465608	0.0	0.7671957671957672	1.0	0.763668430335097	0.9947089947089947	0.6296296296296297	1.0	1.0	1.0	0.4091710758377425	0.9964726631393298	0.982363315696649	0.544973544973545	1.0	0.5361552028218695	1.0
1746133	0.540453074433657	0.9838187702265372	1.0	0.2459546925566343	0.34627831715210355	0.9838187702265372	0.6084142394822006	0.912621359223301	0.9514563106796117	0.5080906148867314	0.540453074433657	0.0	0.4627831715210356	0.0	0.47896440129449835	1.0	0.6181229773462783	1.0	0.4854368932038835	0.948220064724919	1.0	1.0	0.9967637540453075	1.0	0.7864077669902912	1.0	1.0	0.8770226537216829	0.7896440129449838
1746134	0.7669376693766937	0.7262872628726287	0.989159891598916	0.7967479674796748	0.8861788617886179	0.6233062330623306	0.7967479674796748	0.5311653116531165	0.6666666666666666	1.0	0.6287262872628726	0.44173441734417346	0.6666666666666666	0.0	0.9701897018970189	1.0	0.5989159891598916	1.0	0.8428184281842819	0.8373983739837398	1.0	1.0	0.5501355013550135	1.0	0.8943089430894309	1.0	1.0	1.0	1.0
1746135	1.0	1.0	0.5164835164835165	1.0	0.706959706959707	0.07692307692307693	0.9377289377289377	0.5494505494505495	0.9706959706959707	0.7619047619047619	1.0	0.9560439560439561	0.0	0.018315018315018316	0.8424908424908425	1.0	0.6007326007326007	1.0	1.0	1.0	1.0	1.0	1.0	1.0	0.41025641025641024	1.0	1.0	1.0	0.7216117216117216
1746136	0.8264840182648402	1.0	1.0	0.1095890410958904	0.593607305936073	0.2009132420091324	0.817351598173516	0.4429223744292237	0.7488584474885844	0.9406392694063926	1.0	1.0	0.0	0.9452054794520548	0.8036529680365296	1.0	0.6529680365296804	1.0	1.0	0.8584474885844748	1.0	1.0	0.8538812785388128	0.8767123287671232	0.6894977168949772	0.8401826484018264	1.0	1.0	0.684931506849315
1746137	0.3932853717026379	1.0	0.6163069544364509	0.20623501199040767	0.6762589928057554	0.5827338129496403	0.8513189448441247	0.12709832134292565	0.8872901678657075	0.34772182254196643	0.6762589928057554	1.0	0.4052757793764988	0.0	0.9184652278177458	1.0	0.6330935251798561	0.6618705035971223	0.6858513189448441	1.0	0.2949640287769784	1.0	0.7434052757793765	1.0	0.9616306954436451	1.0	1.0	0.9688249400479616	0.8968824940047961
1746138	0.9523809523809523	0.8970099667774086	0.7906976744186046	0.7021040974529347	0.16168327796234774	0.6201550387596899	0.8947951273532669	0.9390919158361019	0.875968992248062	0.6434108527131783	0.8947951273532669	0.5891472868217055	0.6323366555924695	0.0	0.7751937984496124	1.0	0.8660022148394242	0.9634551495016611	0.47840531561461797	1.0	0.8183831672203765	1.0	0.8161683277962348	1.0	0.44629014396456257	0.9689922480620154	1.0	0.6157253599114064	0.831672203765227
1746139	0.6326291079812206	0.9882629107981221	0.49413145539906106	0.6396713615023474	0.7206572769953051	0.8192488262910798	0.892018779342723	0.0880281690140845	1.0	0.6197183098591549	0.9823943661971831	0.7382629107981221	0.613849765258216	0.0	0.7406103286384976	1.0	0.9976525821596244	0.8744131455399061	0.7253521126760564	0.9917840375586855	1.0	1.0	0.6126760563380281	1.0	0.8884976525821596	0.926056338028169	1.0	0.5269953051643192	0.6561032863849765
1746140	0.5	0.6485507246376812	0.8804347826086957	0.014492753623188406	0.358695652173913	0.09057971014492754	0.9384057971014492	0.9456521739130435	0.6702898550724637	0.5471014492753623	1.0	1.0	0.2536231884057971	0.0	0.9202898550724637	1.0	1.0	0.41304347826086957	0.45652173913043476	0.8043478260869565	1.0	1.0	0.9456521739130435	1.0	0.06159420289855073	0.5652173913043478	1.0	0.0	0.7644927536231884
1746141	0.5782556750298686	0.13500597371565112	0.12783751493428913	0.8207885304659498	0.2270011947431302	0.7968936678614098	0.8554360812425329	0.7192353643966547	0.7945041816009558	0.4217443249701314	0.8542413381123058	0.956989247311828	0.23894862604540024	0.31899641577060933	0.7956989247311828	1.0	0.45758661887694146	0.6690561529271206	0.7455197132616488	0.978494623655914	0.9796893667861409	1.0	1.0	1.0	0.6451612903225806	0.927120669056153	1.0	0.966547192353644	0.9689366786140979
1746142	0.04513888888888889	0.9166666666666666	0.9583333333333334	0.7222222222222222	0.0	0.2569444444444444	1.0	0.0	1.0	1.0	0.9791666666666666	0.9791666666666666	0.0	0.0798611111111111	0.75	1.0	0.0	0.8298611111111112	0.5694444444444444	0.0798611111111111	0.7465277777777778	1.0	0.96875	1.0	0.7881944444444444	1.0	1.0	0.8888888888888888	0.8923611111111112
1746143	0.0	0.786910197869102	0.3470319634703196	0.9162861491628614	0.3896499238964992	0.0	0.837138508371385	0.969558599695586	0.9969558599695586	0.563165905631659	0.8691019786910198	0.6210045662100456	0.0	0.0	0.745814307458143	1.0	0.4779299847792998	0.5525114155251142	0.8858447488584474	0.863013698630137	0.9726027397260274	1.0	1.0	0.9771689497716894	0.8493150684931506	1.0	1.0	0.9573820395738204	1.0
1746144	0.75	0.55	0.24393939393939393	0.3090909090909091	0.7378787878787879	0.4257575757575758	0.8303030303030303	0.85	0.9045454545454545	0.9515151515151515	0.9303030303030303	0.7833333333333333	0.0	0.0	1.0	1.0	1.0	0.9924242424242424	0.7803030303030303	0.9515151515151515	1.0	1.0	0.8757575757575757	0.9893939393939394	0.7015151515151515	1.0	1.0	0.7560606060606061	0.740909090909091
1746145	0.8660436137071651	1.0	0.9096573208722741	0.6822429906542056	0.0	0.0	0.8785046728971962	0.822429906542056	1.0	0.9688473520249221	1.0	1.0	0.0	0.0	0.881619937694704	1.0	1.0	0.956386292834891	0.4766355140186916	1.0	0.9283489096573209	1.0	0.7912772585669782	1.0	1.0	1.0	1.0	1.0	1.0
1746148	0.9957537154989384	1.0	0.7388535031847133	0.39278131634819535	0.16560509554140126	0.16772823779193205	0.6857749469214437	0.4883227176220807	0.8980891719745223	0.7579617834394905	0.9851380042462845	0.7388535031847133	0.0	0.0	0.5286624203821656	1.0	0.21231422505307856	0.8895966029723992	0.89171974522293	1.0	1.0	1.0	0.5626326963906582	1.0	1.0	1.0	1.0	0.8195329087048833	0.267515923566879
1746149	0.7181571815718157	1.0	0.8211382113821138	0.8211382113821138	0.0	0.5907859078590786	0.9376693766937669	0.8265582655826558	1.0	0.6368563685636857	0.967479674796748	0.8915989159891599	0.5067750677506775	0.0	1.0	1.0	0.7127371273712737	1.0	0.967479674796748	1.0	1.0	1.0	0.6449864498644986	1.0	1.0	0.7344173441734417	1.0	0.8699186991869918	0.3794037940379404
1746154	0.8733624454148472	1.0	0.6433770014556041	0.16593886462882096	0.4992721979621543	0.8573508005822417	1.0	0.0	1.0	0.8777292576419214	1.0	0.26346433770014555	0.0	0.24163027656477437	0.7700145560407569	1.0	0.6244541484716157	0.9723435225618632	0.5531295487627366	1.0	0.8864628820960698	1.0	0.6943231441048034	1.0	0.9490538573508006	0.9330422125181951	0.9636098981077147	0.8748180494905385	0.8850072780203785
1746159	0.99	1.0	0.0	1.0	0.0	0.7766666666666666	1.0	0.41333333333333333	1.0	0.39666666666666667	1.0	0.0	0.35	0.5033333333333333	1.0	1.0	0.66	1.0	0.26666666666666666	1.0	1.0	1.0	0.37	1.0	0.0	1.0	1.0	1.0	0.5033333333333333
