key	WAM_ALR	WAM_CCR	WAM_IPI	WAM_MAR	WAM_MYS	WAM_PBL	WAM_PJN	WAM_PPR	WAM_PST	WAM_ROL	WAM_SCR	WAM_SGN	WAM_SIS	WAM_TWN	WAR_ALR	WAR_CCR	WAR_IPI	WAR_MAR	WAR_MYS	WAR_PBL	WAR_PJN	WAR_PPR	WAR_PSK	WAR_PST	WAR_RNW	WAR_ROL	WAR_SCR	WAR_SGL	WAR_SIS
1158603	0.0	0.39728682170542634	0.0	0.7848837209302325	0.5794573643410853	0.0	0.0	0.011627906976744186	0.0	0.0	0.44573643410852715	0.45155038759689925	0.0	0.0	0.0	0.9593023255813954	0.0	0.24806201550387597	0.0	0.18410852713178294	0.0	1.0	0.0	0.38372093023255816	0.5833333333333334	0.0	0.9496124031007752	0.0	0.0
1178478	0.0	0.9417989417989417	0.0	0.2760141093474427	0.0	0.26631393298059963	0.13315696649029982	0.5943562610229277	0.36155202821869487	0.0	0.58994708994709	0.2839506172839506	0.0	0.01675485008818342	0.26455026455026454	1.0	0.13227513227513227	0.2292768959435626	0.5414462081128748	0.26631393298059963	0.0	1.0	0.0	0.2654320987654321	0.3968253968253968	0.2654320987654321	0.7857142857142857	0.0	0.0
1358851	0.0	0.7204301075268817	0.0	0.6236559139784946	0.6478494623655914	0.09946236559139784	0.0	0.6801075268817204	0.0	0.0	0.8521505376344086	0.0	0.0	0.0	0.0	1.0	0.0	0.0	0.0	0.8333333333333334	0.01881720430107527	1.0	0.0	0.5860215053763441	0.11021505376344086	0.0	1.0	0.0	0.0
1739881	0.0	0.601010101010101	0.41414141414141414	0.0	0.0	0.0	0.0	0.9040404040404041	0.012626262626262626	0.0	1.0	0.39141414141414144	0.0	0.0	0.1893939393939394	1.0	0.0	0.0	0.0	0.6338383838383839	0.0	1.0	0.547979797979798	0.06060606060606061	0.547979797979798	0.0	0.6868686868686869	0.6136363636363636	0.0
981381	0.0	0.8028169014084507	0.23630672926447574	0.433489827856025	0.04381846635367762	0.2269170579029734	0.0	0.5101721439749609	0.405320813771518	0.0	1.0	0.7323943661971831	0.0	0.0	0.0	1.0	0.0	0.2519561815336463	0.5602503912363067	0.621283255086072	0.41471048513302033	1.0	0.0	0.47730829420970267	0.23630672926447574	0.3129890453834116	1.0	0.0	0.0
118347	0.0	0.9919604205318491	0.0	0.1997526283240569	0.13234384662956092	0.24427952999381572	0.1533704390847248	0.647495361781076	0.3228200371057514	0.0	0.9505256648113791	0.6289424860853432	0.10142238713667286	0.34137291280148424	0.0	1.0	0.11379097093382808	0.12121212121212122	0.33828076685219544	0.21212121212121213	0.0	1.0	0.0	0.3320964749536178	0.0878169449598021	0.0	0.9901051329622759	0.0	0.18676561533704392
612131	0.0	0.9937106918238994	0.3920335429769392	0.48707197763801535	0.0	0.19077568134171907	0.21104122990915444	0.23270440251572327	0.1970649895178197	0.0	0.8979734451432565	0.1872816212438854	0.0	0.10412299091544375	0.0	1.0	0.0	0.12089447938504543	0.0	0.5352900069881202	0.20964360587002095	1.0	0.20964360587002095	0.4248777078965758	0.18518518518518517	0.0	0.89937106918239	0.0	0.0
969228	0.0	0.8224163027656477	0.3471615720524017	0.5807860262008734	0.5793304221251819	0.0	0.0	0.519650655021834	0.0	0.0	0.9759825327510917	0.6128093158660844	0.0	0.0	0.0	1.0	0.09970887918486172	0.19286754002911208	0.0	0.2438136826783115	0.3922852983988355	1.0	0.1703056768558952	0.3005822416302766	0.0	0.19941775836972345	1.0	0.2197962154294032	0.10698689956331878
1021539	0.0	0.6832641770401107	0.18948824343015214	0.4135546334716459	0.0	0.07607192254495158	0.0	0.34024896265560167	0.42047026279391425	0.0	1.0	0.1825726141078838	0.0	0.0	0.0	1.0	0.338865836791148	0.0	0.40525587828492393	0.632088520055325	0.0	1.0	0.0	0.14246196403872752	0.0	0.0	0.9515905947441217	0.0	0.0
1221993	0.0	0.9184782608695652	0.8695652173913043	0.3677536231884058	0.0	0.0	0.0	0.9601449275362319	0.38405797101449274	0.0	1.0	0.2717391304347826	0.0	0.0	0.0	1.0	0.0	0.0	0.21920289855072464	0.0	0.0	1.0	0.0	0.5090579710144928	0.3894927536231884	0.0	1.0	0.0	0.0
707373	0.0	0.7979166666666667	0.0	0.16875	0.3145833333333333	0.0	0.0	0.5458333333333333	0.8375	0.0	1.0	0.0	0.6270833333333333	0.0	0.0	1.0	0.0	0.0	0.64375	0.6479166666666667	0.3875	1.0	0.0	0.7583333333333333	0.8145833333333333	0.0	1.0	0.0	0.0
1085002	0.0	1.0	0.0	0.0	0.3515151515151515	0.0	0.0	0.7757575757575758	0.6303030303030303	0.0	1.0	1.0	0.0	0.0	1.0	1.0	0.0	0.0	0.0	0.0	0.2	1.0	0.0	1.0	0.0	0.0	1.0	0.0	0.0
978925	0.0	1.0	0.0	0.42735042735042733	0.32193732193732194	0.0	0.0	0.6438746438746439	0.1225071225071225	0.0	0.7350427350427351	0.0	0.0	0.0	0.0	1.0	0.0	0.7378917378917379	0.6638176638176638	0.0	0.0	1.0	0.0	0.0	0.0	0.0	1.0	0.0	0.0
1298653	0.05765765765765766	0.881981981981982	0.2711711711711712	0.37657657657657656	0.37747747747747745	0.015315315315315315	0.13513513513513514	0.9378378378378378	0.1972972972972973	0.0	1.0	0.3567567567567568	0.0	0.2711711711711712	0.0	1.0	0.0	0.3738738738738739	0.0	0.2126126126126126	0.0	1.0	0.15855855855855855	0.7504504504504504	0.663963963963964	0.1981981981981982	1.0	0.13513513513513514	0.2648648648648649
911252	0.0	0.7795358649789029	0.0	0.0	0.45464135021097046	0.0	0.15822784810126583	0.5611814345991561	0.6128691983122363	0.0	0.9277426160337553	0.27689873417721517	0.0	0.0	0.0	1.0	0.0	0.08808016877637131	0.0	0.5864978902953587	0.08280590717299578	1.0	0.0	0.39609704641350213	0.2869198312236287	0.0	0.9498945147679325	0.0	0.08966244725738397
475706	0.0	1.0	0.0	0.3805309734513274	0.0	0.0	0.0	0.35398230088495575	0.0	0.0	0.7846607669616519	0.0	0.0	0.0	0.0	1.0	0.0	0.0	0.0	0.41002949852507375	0.0	1.0	0.0	0.3687315634218289	0.0	0.0	0.9793510324483776	0.0	0.0
1028706	0.21931735657225854	0.9121278140885984	0.46042120551924476	0.7218591140159768	0.2185911401597676	0.2970225127087872	0.0	0.6397966594045026	0.2665214233841685	0.0	0.8714596949891068	0.5787944807552651	0.0	0.0	0.0	1.0	0.0	0.058823529411764705	0.36673928830791575	0.15105301379811184	0.29557007988380535	1.0	0.0	0.4785766158315178	0.28685548293391433	0.0	1.0	0.0	0.0
1606610	0.0	0.8839779005524862	0.27808471454880296	0.7034990791896869	0.49171270718232046	0.0	0.0	0.7476979742173112	0.27808471454880296	0.0	1.0	0.7071823204419889	0.0	0.0	0.0	0.9871086556169429	0.5359116022099447	0.3406998158379374	0.24125230202578268	0.46408839779005523	0.0	1.0	0.0	0.0	0.7790055248618785	0.0	1.0	0.0	0.0
1188299	0.3412698412698413	0.5850340136054422	0.47052154195011336	0.6507936507936508	0.5272108843537415	0.34467120181405897	0.0	0.4489795918367347	0.17006802721088435	0.0	1.0	0.5782312925170068	0.0	0.1712018140589569	0.0	1.0	0.0	0.20634920634920634	0.6859410430839002	0.5272108843537415	0.0	1.0	0.0	0.30045351473922904	0.36507936507936506	0.0	0.9784580498866213	0.3412698412698413	0.0
276965	0.0	0.9021922428330523	0.0	0.40809443507588533	0.19280494659921305	0.0	0.0	0.357504215851602	0.22765598650927488	0.0	0.5604272062956718	0.6256323777403036	0.0	0.1759415401911186	0.0	1.0	0.0	0.16469926925238898	0.18156267566048342	0.0775716694772344	0.0	1.0	0.0	0.6711635750421585	0.3884204609331085	0.0	0.865654862282181	0.16807195053400786	0.0
1090577	0.0	0.6630565583634176	0.4620938628158845	0.0	0.3838748495788207	0.1022864019253911	0.5282791817087846	0.628158844765343	0.44404332129963897	0.0	1.0	0.0	0.0	0.21179302045728038	0.18170878459687123	1.0	0.0	0.26594464500601683	0.26233453670276774	0.7785800240673887	0.0	1.0	0.0	0.0	0.18892900120336945	0.0	0.927797833935018	0.0	0.0
611401	0.0	0.689922480620155	0.3062015503875969	0.49870801033591733	0.0	0.0	0.0	0.7338501291989664	0.35400516795865633	0.0	1.0	0.0	0.0	0.0	0.36046511627906974	1.0	0.0	0.025839793281653745	0.3888888888888889	0.3449612403100775	0.0	1.0	0.0	0.07622739018087855	0.19509043927648578	0.0	0.7260981912144703	0.0	0.0
1443693	0.0	0.8319783197831978	0.1578590785907859	0.3814363143631436	0.3319783197831978	0.3489159891598916	0.30420054200542007	0.3902439024390244	0.6856368563685636	0.0	0.6138211382113821	0.45528455284552843	0.0	0.2046070460704607	0.0	1.0	0.0	0.06707317073170732	0.5311653116531165	0.2676151761517615	0.2181571815718157	1.0	0.0	0.3143631436314363	0.0	0.11178861788617886	0.8536585365853658	0.0	0.0
1443695	0.0	0.9847222222222223	0.0	0.31805555555555554	0.1625	0.4125	0.0	0.5138888888888888	0.4513888888888889	0.0	0.8180555555555555	0.5777777777777777	0.0	0.0	0.0	1.0	0.0	0.6319444444444444	0.2375	0.0	0.3236111111111111	1.0	0.22083333333333333	0.0	0.0	0.0	1.0	0.0	0.0
1556761	0.0	0.828125	0.2604166666666667	0.4652777777777778	0.7013888888888888	0.0	0.4097222222222222	0.7152777777777778	0.734375	0.2673611111111111	0.8298611111111112	1.0	0.0	0.0	0.0	0.9357638888888888	0.0	0.0	0.0954861111111111	0.2586805555555556	0.0	1.0	0.3767361111111111	0.0	0.0	0.0	1.0	0.0	0.0
1693898	0.20759193357058126	0.8896797153024911	0.0	0.4424673784104389	0.3582443653618031	0.298932384341637	0.0	0.701067615658363	0.3582443653618031	0.0	0.8861209964412812	0.34519572953736655	0.0	0.0166073546856465	0.0	1.0	0.3570581257413998	0.2977461447212337	0.021352313167259787	0.2099644128113879	0.0	0.9122182680901542	0.0	0.20047449584816132	0.25741399762752076	0.0	0.9810201660735468	0.41755634638196915	0.0
397581	0.0	0.506872852233677	0.7869415807560137	0.3951890034364261	0.25773195876288657	0.3797250859106529	0.0	0.506872852233677	0.0	0.0	1.0	0.4793814432989691	0.0	0.23539518900343642	0.0	1.0	0.0	0.5652920962199313	0.0	0.3917525773195876	0.0	1.0	0.0	0.0	0.6786941580756014	0.0	0.9329896907216495	0.0	0.0
571267	0.0	0.9232804232804233	0.0	0.0	0.0	0.36772486772486773	0.48412698412698413	0.328042328042328	0.12962962962962962	0.3994708994708995	1.0	0.3915343915343915	0.0	0.0	0.0	1.0	0.0	0.5026455026455027	0.3888888888888889	0.08465608465608465	0.0	1.0	0.0	0.0	0.5555555555555556	0.0	1.0	0.0	0.0
451581	0.0	1.0	0.0	0.5674931129476584	0.17355371900826447	0.465564738292011	0.0	0.027548209366391185	0.0	0.0	1.0	0.46005509641873277	0.0	0.0	0.0	1.0	0.0	0.0	0.0	0.9559228650137741	0.0	1.0	0.0	0.0	0.6639118457300276	0.0	0.8236914600550964	0.09366391184573003	0.0
443465	0.0	0.9430051813471503	0.0	0.47150259067357514	0.0	0.5181347150259067	0.0	0.6683937823834197	0.0	0.0	1.0	0.7547495682210709	0.0034542314335060447	0.07253886010362694	0.0	1.0	0.13471502590673576	0.17098445595854922	0.0	0.046632124352331605	0.0	1.0	0.0	0.5181347150259067	0.5440414507772021	0.0	1.0	0.0	0.0
650269	0.0	1.0	0.42528735632183906	0.23824451410658307	0.40752351097178685	0.0	0.0	0.7324973876698014	0.4106583072100313	0.0	1.0	0.30616509926854757	0.15778474399164055	0.31452455590386624	0.25914315569487983	1.0	0.0	0.5308254963427377	0.42946708463949845	0.15673981191222572	0.47648902821316613	1.0	0.0	0.7168234064785789	0.3155694879832811	0.0	1.0	0.0	0.0
1013044	0.0	1.0	0.351981351981352	0.8111888111888111	0.2191142191142191	0.0	0.0	0.8368298368298368	0.0	0.0	1.0	0.6643356643356644	0.0	0.0	0.0	1.0	0.0	0.18414918414918416	0.0	0.0	0.35664335664335667	1.0	0.0	0.703962703962704	0.9440559440559441	0.0	0.7948717948717948	0.0	0.0
808057	0.0	0.8611111111111112	0.0	0.4710648148148148	0.4085648148148148	0.19328703703703703	0.2337962962962963	0.34953703703703703	0.7453703703703703	0.0	0.6967592592592593	0.5266203703703703	0.1712962962962963	0.0	0.0	0.9270833333333334	0.0	0.0	0.0	0.12152777777777778	0.34837962962962965	0.9953703703703703	0.34953703703703703	0.47800925925925924	0.2951388888888889	0.0	0.9722222222222222	0.3148148148148148	0.0
410622	0.0	0.6579520697167756	0.33986928104575165	0.0	0.0	0.0	0.0	0.0	0.0	0.0	0.55119825708061	0.0	0.0	0.0	0.0	1.0	0.0	0.2984749455337691	0.0	0.14596949891067537	0.0	0.9259259259259259	0.0	0.5729847494553377	0.0	0.0	1.0	0.0	0.0
292435	0.0	0.7264150943396226	0.23742138364779874	0.33647798742138363	0.23270440251572327	0.007861635220125786	0.0	0.8160377358490566	0.23427672955974843	0.0	0.6163522012578616	0.23742138364779874	0.0	0.0	0.0	1.0	0.0	0.47327044025157233	0.0	0.31761006289308175	0.0	1.0	0.0	0.8773584905660378	0.012578616352201259	0.0	0.9685534591194969	0.0	0.0
218456	0.0	0.0	0.9653679653679653	0.0	0.5584415584415584	0.0	0.0	0.6926406926406926	0.0	0.0	0.8181818181818182	0.7575757575757576	0.0	0.0	0.0	0.9653679653679653	0.0	0.0	0.0	0.0	0.0	1.0	0.0	0.0	0.0	0.0	0.0	0.0	0.0
1701783	0.0	0.8327526132404182	0.0	0.0	0.3507549361207898	0.0	0.0	0.15447154471544716	0.1521486643437863	0.0	0.645760743321719	0.43902439024390244	0.0	0.0	0.0	1.0	0.0	0.3797909407665505	0.454123112659698	0.08362369337979095	0.0	0.9988385598141696	0.0	0.48548199767711964	0.3519163763066202	0.0	0.9941927990708479	0.0	0.0
1534457	0.0	1.0	0.9816091954022989	0.8068965517241379	0.8390804597701149	0.46436781609195404	0.0	0.6068965517241379	0.9425287356321839	0.0	1.0	0.8114942528735632	0.0	0.0	0.0	1.0	0.020689655172413793	0.4574712643678161	0.4367816091954023	0.0	0.6919540229885057	1.0	0.0	0.3816091954022989	0.0	0.0	1.0	0.0	0.0
1230064	0.5561694290976059	0.9355432780847146	0.0	0.583793738489871	0.3296500920810313	0.48066298342541436	0.0	0.9834254143646409	0.5451197053406999	0.0	1.0	0.0	0.0	0.0	0.0	1.0	0.0	0.430939226519337	0.0	0.20810313075506445	0.0	1.0	0.0	0.0	0.48250460405156537	0.0	1.0	0.0	0.0
1660674	0.0	0.5247524752475248	0.9405940594059405	0.6171617161716172	0.019801980198019802	0.8481848184818482	0.0	0.8448844884488449	0.0	0.0	1.0	0.0	0.0	0.0	0.0	1.0	0.0	0.0	0.6897689768976898	0.20132013201320131	0.38283828382838286	1.0	0.0	0.0	0.0	0.0	1.0	0.0	0.49834983498349833
724775	0.0	1.0	0.16487455197132617	0.6093189964157706	0.36917562724014336	0.0	0.0	0.4767025089605735	0.5412186379928315	0.0	1.0	0.0	0.021505376344086023	0.0	0.0	1.0	0.0	0.16129032258064516	0.5376344086021505	0.4229390681003584	0.0	1.0	0.0	0.6129032258064516	0.40860215053763443	0.0	1.0	0.0	0.0
231154	0.20682730923694778	0.9598393574297188	0.5281124497991968	0.2931726907630522	0.0	0.0	0.0	0.5220883534136547	0.0	0.0	0.572289156626506	0.4457831325301205	0.0	0.5542168674698795	0.0	1.0	0.25502008032128515	0.5321285140562249	0.0	0.7469879518072289	0.0	0.9718875502008032	0.0	0.0	0.0	0.0	1.0	0.0	0.0
237368	0.32595325953259535	0.6162361623616236	0.34071340713407133	0.0	0.11808118081180811	0.37023370233702335	0.0	0.43050430504305043	0.35301353013530135	0.0	0.6961869618696187	0.0	0.0	0.2521525215252153	0.2939729397293973	0.8769987699876999	0.0	0.26322263222632225	0.0	0.4907749077490775	0.0	0.8634686346863468	0.0	0.3899138991389914	0.24723247232472326	0.0	0.939729397293973	0.1857318573185732	0.0
1701792	0.0	1.0	0.0	0.0	1.0	0.0	0.0	0.0	0.4158730158730159	0.0	0.9904761904761905	0.015873015873015872	0.0	0.0	0.4	1.0	0.0	0.0	0.0	0.0	0.0	1.0	0.0	0.5650793650793651	0.0	0.0	1.0	0.0	0.0
925983	0.0	0.8181818181818182	0.0	0.0	0.0	0.0	0.6636363636363637	0.7363636363636363	0.07575757575757576	0.0	1.0	0.5272727272727272	0.0	0.3575757575757576	0.0	1.0	0.0	0.0	0.5393939393939394	0.0	0.0	1.0	0.0	0.0	0.0	0.0	0.47878787878787876	0.006060606060606061	0.0
304889	0.0	1.0	0.9818181818181818	0.6646464646464646	0.6848484848484848	0.30505050505050507	0.0	0.6121212121212121	0.6141414141414141	0.0	0.6787878787878788	0.0	0.0	0.0	0.5212121212121212	1.0	0.0	0.0	0.0	0.48484848484848486	0.6080808080808081	1.0	0.0	0.898989898989899	0.4	0.0	0.8545454545454545	0.0	0.0
304891	0.0	0.7666666666666667	0.15858585858585858	0.1898989898989899	0.0	0.604040404040404	0.8666666666666667	0.6717171717171717	0.17373737373737375	0.22828282828282828	0.9414141414141414	0.09898989898989899	0.0	0.5404040404040404	0.1191919191919192	1.0	0.0	0.0	0.0	0.5555555555555556	0.0	1.0	0.0	0.0	0.17676767676767677	0.0	0.9818181818181818	0.0	0.0
565512	0.30917874396135264	0.8260869565217391	0.0	0.0	0.0	0.0	0.0	0.8888888888888888	0.0	0.0	0.3526570048309179	0.0	0.0	0.0	0.0	1.0	0.0	0.024154589371980676	0.28019323671497587	0.0	0.0	0.9951690821256038	0.0	0.0	0.1111111111111111	0.0	0.4927536231884058	0.0	0.0
1285336	0.4755134281200632	0.985781990521327	0.3949447077409163	0.20853080568720378	0.0	0.0	0.2211690363349131	0.04265402843601896	0.0	0.0	0.608214849921011	0.15165876777251186	0.0	0.0	0.0	1.0	0.0	0.0	0.0	0.29067930489731436	0.3412322274881517	1.0	0.0	0.18167456556082148	0.0	0.4755134281200632	0.9794628751974723	0.0	0.0
1202716	0.0	0.9306666666666666	0.584	0.4026666666666667	0.8213333333333334	0.0	0.0	0.4026666666666667	0.0	0.0	1.0	0.4826666666666667	0.0	0.4533333333333333	0.0	1.0	0.0	0.4026666666666667	0.30933333333333335	0.0	0.0	1.0	0.0	0.32266666666666666	0.0	0.0	1.0	0.34933333333333333	0.0
413989	0.0	1.0	0.0	0.2175925925925926	0.39814814814814814	0.16435185185185186	0.0	0.9675925925925926	0.6990740740740741	0.0	1.0	0.23148148148148148	0.0	0.0	0.0	1.0	0.0	0.0	0.0	0.0	0.0	1.0	0.0	0.6296296296296297	0.0	0.6944444444444444	1.0	0.5324074074074074	0.0
303651	0.0	0.45806451612903226	0.07526881720430108	0.46236559139784944	0.0	0.2967741935483871	0.0	0.0	0.04086021505376344	0.0	0.7333333333333333	0.0	0.0	0.0	0.0	0.9956989247311828	0.0	0.3247311827956989	0.15698924731182795	0.3247311827956989	0.0	0.5827956989247312	0.0	0.0	0.0	0.0	0.7290322580645161	0.0	0.0
104658	0.0	0.9583333333333334	0.58	0.5033333333333333	0.0	0.66	0.0	0.635	0.09333333333333334	0.0	0.73	0.0	0.0	0.0	0.0	1.0	0.056666666666666664	0.0	0.0	0.655	0.25	1.0	0.0	0.96	0.23166666666666666	0.0	1.0	0.0	0.0
416332	0.0	0.7857142857142857	0.532967032967033	0.0	0.6465201465201466	0.5476190476190477	0.0	0.7435897435897436	0.6556776556776557	0.0	0.9798534798534798	0.7234432234432234	0.0	0.02197802197802198	0.0	1.0	0.0	0.0347985347985348	0.44505494505494503	0.46703296703296704	0.0	1.0	0.0	0.0	0.38278388278388276	0.0	1.0	0.0	0.0
1429816	0.0	0.7050147492625368	0.48525073746312686	0.3185840707964602	0.443952802359882	0.3274336283185841	0.0	0.0	0.336283185840708	0.0	0.6224188790560472	0.443952802359882	0.0	0.0	0.0	1.0	0.0	0.22123893805309736	0.28466076696165193	0.42035398230088494	0.0	0.9188790560471977	0.0	0.0	0.44542772861356933	0.0	0.9129793510324484	0.0	0.0
1600032	0.0	0.9522673031026253	0.8042959427207638	0.6746221161495625	0.2951471758154336	0.00477326968973747	0.23707239459029436	0.6921241050119332	0.16785998408910102	0.12012728719172633	0.9745425616547335	0.29832935560859186	0.0	0.04375497215592681	0.0	1.0	0.0	0.2545743834526651	0.28003182179793157	0.22752585521081942	0.0	1.0	0.0	0.33969769291964996	0.3635640413683373	0.0	0.9403341288782816	0.10978520286396182	0.4526650755767701
1579964	0.0	0.7508417508417509	0.20875420875420875	0.0	0.14814814814814814	0.25252525252525254	0.5774410774410774	0.7828282828282829	0.3602693602693603	0.0	1.0	0.10606060606060606	0.0	0.10606060606060606	0.0	1.0	0.5471380471380471	0.0	0.0	0.0	0.0	1.0	0.0	0.32996632996632996	0.0	0.0	0.9444444444444444	0.0	0.0
885945	0.0	0.9941927990708479	0.43089430894308944	0.2706155632984901	0.4367015098722416	0.0	0.3147502903600465	1.0	0.5969802555168409	0.0	1.0	0.47619047619047616	0.0	0.24041811846689895	0.0	1.0	0.0	0.5203252032520326	0.34959349593495936	0.8095238095238095	0.34959349593495936	1.0	0.0	0.30662020905923343	0.10104529616724739	0.0	0.991869918699187	0.0	0.0
1381850	0.0	1.0	0.593103448275862	0.1471264367816092	0.0	0.18850574712643678	0.0	1.0	0.5172413793103449	0.0	0.960919540229885	0.020689655172413793	0.0	0.0	0.0	1.0	0.0	0.0	0.3448275862068966	0.7218390804597701	0.0	1.0	0.0	0.0	0.0	0.3471264367816092	1.0	0.0	0.14482758620689656
339339	0.0	0.47512437810945274	0.7139303482587065	0.0	0.0	0.0	0.0	0.5174129353233831	0.554726368159204	0.0	0.9378109452736318	1.0	0.0	0.0	0.0	1.0	0.0	0.0	0.05721393034825871	0.6840796019900498	0.0	1.0	0.3333333333333333	0.5597014925373134	0.0	0.0	0.9154228855721394	0.0	0.0
826803	0.0	0.7510822510822511	0.0	0.0	0.5216450216450217	0.329004329004329	0.0	0.3246753246753247	0.4199134199134199	0.0	1.0	0.3008658008658009	0.29004329004329005	0.0	0.0	1.0	0.0	0.15151515151515152	0.0	0.5151515151515151	0.0	1.0	0.0	0.48268398268398266	0.0	0.0	1.0	0.0	0.0
1322614	0.0	0.8262411347517731	0.29609929078014185	0.41843971631205673	0.0	0.0	0.36347517730496454	0.06382978723404255	0.5443262411347518	0.0	0.6276595744680851	0.26773049645390073	0.0	0.11170212765957446	0.0	1.0	0.0	0.11170212765957446	0.03546099290780142	0.14893617021276595	0.23404255319148937	0.8670212765957447	0.5354609929078015	0.17907801418439717	0.0	0.0	0.9539007092198581	0.0	0.0
1322615	0.0	0.5170603674540682	0.0	0.0	0.0	0.0	0.2642169728783902	0.1321084864391951	0.5161854768153981	0.0	0.8337707786526685	0.6701662292213474	0.3963254593175853	0.09973753280839895	0.0	1.0	0.0	0.3429571303587052	0.14610673665791776	0.17672790901137359	0.0	0.9606299212598425	0.0	0.5931758530183727	0.0	0.0	0.7830271216097988	0.0	0.0
443591	0.0	0.919831223628692	0.21237693389592124	0.5063291139240507	0.0	0.3080168776371308	0.0	0.42334739803094235	0.0	0.0	1.0	0.0	0.0	0.0	0.37130801687763715	1.0	0.0	0.0	0.0	0.0	0.3108298171589311	1.0	0.659634317862166	0.5555555555555556	0.0	0.0	1.0	0.0	0.11954992967651196
90143	0.0	0.37433155080213903	0.03208556149732621	0.8288770053475936	0.0	0.36541889483065954	0.0	0.14616755793226383	0.2531194295900178	0.0	0.839572192513369	0.0	0.0	0.0	0.0	1.0	0.0	0.3493761140819964	0.0	0.14260249554367202	0.0	0.9696969696969697	0.0	0.20320855614973263	0.0	0.0	0.8966131907308378	0.0	0.0
1726654	0.0	0.5868347338935574	0.5462184873949579	0.211484593837535	0.0	0.23249299719887956	0.0	0.6260504201680672	0.3753501400560224	0.0	1.0	0.04201680672268908	0.0	0.0	0.0	1.0	0.0	0.3277310924369748	0.0	0.42436974789915966	0.0	1.0	0.0	0.21008403361344538	0.0	0.0	0.9537815126050421	0.0	0.0
1726653	0.3016393442622951	0.805464480874317	0.0	0.0	0.0	0.3289617486338798	0.3289617486338798	0.6338797814207651	0.23387978142076501	0.0	0.8885245901639345	0.5595628415300546	0.0	0.0	0.0	1.0	0.0	0.030601092896174863	0.18469945355191256	0.30491803278688523	0.14426229508196722	1.0	0.0	0.18032786885245902	0.18360655737704917	0.2983606557377049	0.9956284153005465	0.0	0.0
589253	0.0	0.6159844054580896	0.0	0.14619883040935672	0.0	0.0	0.0	0.543859649122807	0.29239766081871343	0.0	0.5867446393762183	0.2475633528265107	0.0	0.49902534113060426	0.0	1.0	0.0	0.19298245614035087	0.0	0.0	0.0	1.0	0.0	0.0	0.24366471734892786	0.0	0.3060428849902534	0.16569200779727095	0.0
473486	0.0	0.8666666666666667	0.07083333333333333	0.3	0.3145833333333333	0.6229166666666667	0.0	0.0	0.5479166666666667	0.0	1.0	0.0	0.0	0.0	0.0	1.0	0.0	0.3125	0.0	0.625	0.0	1.0	0.0	0.0	0.041666666666666664	0.0	0.7625	0.0	0.0
209572	0.0	0.5684210526315789	0.0	0.0	0.0	0.0	0.37543859649122807	0.42280701754385963	0.0	0.0	0.7333333333333333	0.5280701754385965	0.0	0.0	0.0	0.8192982456140351	0.0	0.5035087719298246	0.0	0.32456140350877194	0.4473684210526316	0.987719298245614	0.0	0.4631578947368421	0.42105263157894735	0.0	0.7315789473684211	0.0	0.0
1136317	0.0	0.9696969696969697	0.0	0.0	0.40404040404040403	0.38636363636363635	0.0	0.702020202020202	0.0	0.0	1.0	0.6691919191919192	0.0	0.0	0.0	1.0	0.0	0.8787878787878788	0.0	0.45454545454545453	0.0	1.0	0.0	0.4696969696969697	0.44191919191919193	0.0	0.9166666666666666	0.0	0.0
290314	0.0	1.0	0.1865671641791045	0.554726368159204	0.28233830845771146	0.09079601990049752	0.5149253731343284	0.35696517412935325	0.0	0.0	0.9029850746268657	0.24378109452736318	0.0	0.0	0.0	1.0	0.0	0.0	0.0	0.3743781094527363	0.0	1.0	0.0	0.6094527363184079	0.23383084577114427	0.0	1.0	0.21766169154228857	0.0
1315518	0.0	1.0	1.0	0.883495145631068	0.0	0.0	0.0	0.0	0.0	0.0	0.86084142394822	0.34627831715210355	0.0	0.0	0.0	1.0	0.0	0.0	0.0	0.8996763754045307	0.0	1.0	0.0	0.4854368932038835	0.5954692556634305	0.2815533980582524	1.0	0.0	0.0
1692562	0.0	1.0	0.8637469586374696	0.35523114355231145	0.35766423357664234	0.4282238442822384	0.0	0.9124087591240876	0.0	0.0	1.0	0.014598540145985401	0.0	0.0	0.0	1.0	0.0	0.0	0.0	0.732360097323601	0.0	1.0	0.0	0.0	0.7761557177615572	0.0	1.0	0.0	0.0
618240	0.0	0.6386946386946387	0.0	0.0	0.3508158508158508	0.24125874125874125	0.0	0.7202797202797203	0.0	0.0	0.6480186480186481	0.4627039627039627	0.0	0.0	0.0	1.0	0.0	0.24708624708624707	0.0	0.0	0.0	0.9755244755244755	0.0	0.5291375291375291	0.3333333333333333	0.0	0.9918414918414918	0.0	0.0
242336	0.0	0.6994535519125683	0.0	0.8852459016393442	0.0	0.4808743169398907	0.0	0.0	0.0	0.0	0.825136612021858	0.5300546448087432	0.0	0.0	0.0	1.0	0.0	0.15846994535519127	0.0	0.0	0.0	0.9398907103825137	0.0	0.0	0.453551912568306	0.12021857923497267	1.0	0.0	0.0
345118	0.0	1.0	0.398989898989899	0.03787878787878788	0.3181818181818182	0.6641414141414141	0.0	0.5555555555555556	0.0	0.0	1.0	0.6792929292929293	0.0	0.0	0.0	1.0	0.0	0.601010101010101	0.4015151515151515	0.0	0.3282828282828283	1.0	0.6515151515151515	0.494949494949495	0.5732323232323232	0.0	0.9368686868686869	0.05555555555555555	0.0
941509	0.0	0.9287356321839081	0.8896551724137931	0.4528735632183908	0.0	0.0	0.0	0.8873563218390804	0.0	0.0	0.9126436781609195	0.3471264367816092	0.0	0.0	0.0	1.0	0.0	0.0	0.0	0.0	0.0	1.0	0.0	0.42298850574712643	0.0	0.0	1.0	0.0	0.0
854020	0.0	0.7456140350877193	0.0	0.0	0.0	0.0	0.0	1.0	0.0	0.0	0.7456140350877193	0.4415204678362573	0.0	0.0	0.0	0.6608187134502924	0.0	0.0	0.7017543859649122	1.0	0.0	0.9532163742690059	0.0	0.0	0.0	0.6549707602339181	0.9707602339181286	0.0	0.0
1140655	0.0	1.0	0.0	0.7838541666666666	0.0	0.0	0.0	0.3098958333333333	0.0	0.0	1.0	0.8203125	0.0	0.0	0.0	1.0	0.0	0.0	0.0	0.0	0.2682291666666667	1.0	0.0	0.4140625	0.0	0.0	1.0	0.0	0.0859375
1468301	0.0	1.0	0.3130081300813008	0.7764227642276422	0.46747967479674796	0.0	0.0	1.0	0.0	0.0	1.0	0.8455284552845529	0.0	0.0	0.540650406504065	1.0	0.0	0.0	0.0	0.5487804878048781	0.0	1.0	0.0	0.9390243902439024	0.573170731707317	0.0	1.0	0.0	0.0
1627334	0.0	0.7491039426523297	0.27419354838709675	0.0	0.0	0.34946236559139787	0.0	0.7473118279569892	0.3727598566308244	0.0	0.9910394265232975	0.5716845878136201	0.0	0.0	0.0	0.9516129032258065	0.0	0.0	0.8584229390681004	0.26881720430107525	0.0	1.0	0.0	0.24014336917562723	0.30824372759856633	0.02867383512544803	0.8727598566308243	0.0	0.0
1238134	0.0	0.8080279232111692	0.0	0.38045375218150085	0.08376963350785341	0.05410122164048865	0.0	0.14136125654450263	0.17975567190226877	0.0	0.9092495636998255	0.38219895287958117	0.0	0.0	0.0	1.0	0.0	0.5270506108202443	0.0	0.0	0.0	1.0	0.0	0.3472949389179756	0.0	0.0	0.8411867364746946	0.0	0.0
1238146	0.0	0.9444444444444444	0.0	0.3939393939393939	0.0	0.3484848484848485	0.0	0.09848484848484848	0.0	0.0	1.0	0.0	0.0	0.0	0.35353535353535354	1.0	0.0	0.6313131313131313	0.0	0.0	0.0	1.0	0.0	0.0	0.0	0.42676767676767674	0.7954545454545454	0.0	0.0
317699	0.0	0.5542168674698795	0.0	0.0	0.8333333333333334	0.0	0.0	0.7670682730923695	0.5281124497991968	0.0	0.9819277108433735	0.21084337349397592	0.0	0.0	0.0	1.0	0.0	0.4799196787148594	0.0	0.19678714859437751	0.6044176706827309	1.0	0.0	0.27710843373493976	0.0	0.0	0.5943775100401606	0.0	0.0
1556702	0.0	0.6614583333333334	0.33203125	0.7799479166666666	0.484375	0.22916666666666666	0.3880208333333333	0.7747395833333334	0.6666666666666666	0.0	0.8333333333333334	0.5364583333333334	0.0	0.0	0.0	1.0	0.0	0.22005208333333334	0.0	0.296875	0.0	1.0	0.0	0.78125	0.0	0.0	1.0	0.0	0.3138020833333333
501571	0.30220883534136544	0.9307228915662651	0.15261044176706828	0.16566265060240964	0.3714859437751004	0.46285140562248994	0.22590361445783133	0.7198795180722891	0.2520080321285141	0.0	0.8674698795180723	0.32028112449799195	0.0	0.0	0.0	1.0	0.0	0.0	0.42168674698795183	0.5572289156626506	0.0	1.0	0.0	0.11746987951807229	0.0	0.0	0.9066265060240963	0.0	0.0
461170	0.45161290322580644	1.0	0.0	0.0	0.0	0.3247311827956989	0.5591397849462365	0.0	0.0	0.0	0.9526881720430107	0.0	0.0	0.0	0.4344086021505376	1.0	0.0	0.2086021505376344	0.2838709677419355	0.3247311827956989	0.0	1.0	0.0	0.0	0.13978494623655913	0.0	1.0	0.0	0.0
461176	0.0	0.9394871794871795	0.0	0.0	0.0	0.0	0.0	0.9466666666666667	0.3251282051282051	0.0	0.9292307692307692	0.0	0.0	0.27487179487179486	0.0	1.0	0.0	0.38769230769230767	0.5312820512820513	0.29333333333333333	0.20307692307692307	1.0	0.0	0.3641025641025641	0.0	0.0	0.8635897435897436	0.0	0.0
1375799	0.17097701149425287	0.8943965517241379	0.22629310344827586	0.694683908045977	0.4892241379310345	0.4331896551724138	0.1400862068965517	0.5646551724137931	0.0	0.0	0.9418103448275862	0.0	0.0	0.21623563218390804	0.0	1.0	0.0	0.5675287356321839	0.3807471264367816	0.34985632183908044	0.21695402298850575	1.0	0.0	0.2471264367816092	0.4339080459770115	0.0	0.9870689655172413	0.0	0.0
439938	0.0	1.0	0.5757575757575758	0.11471861471861472	0.5714285714285714	0.0	0.0	0.7272727272727273	0.0	0.0	1.0	0.8679653679653679	0.0	0.3874458874458874	0.4675324675324675	1.0	0.0	0.0	0.2619047619047619	0.6515151515151515	0.0	1.0	0.0	0.0	0.0	0.0	0.8982683982683982	0.0	0.0
439940	0.0	0.9179487179487179	0.6666666666666666	0.7948717948717948	0.0	0.0	0.0	0.9487179487179487	1.0	0.0	1.0	0.0	0.0	0.0	0.0	1.0	0.0	0.0	0.0	0.8769230769230769	1.0	1.0	0.0	0.0	0.49230769230769234	0.0	1.0	0.0	0.0
1100433	0.0	0.7867867867867868	0.06606606606606606	0.0	0.9279279279279279	0.6096096096096096	0.0	0.954954954954955	0.25225225225225223	0.0	1.0	0.3063063063063063	0.0	0.48348348348348347	0.0	1.0	0.0	0.23723723723723725	0.6696696696696697	0.7807807807807807	0.0	1.0	0.0	0.8018018018018018	0.3663663663663664	0.0	0.9159159159159159	0.5285285285285285	0.0
1622290	0.0	0.8433476394849786	0.06866952789699571	0.3547925608011445	0.23247496423462088	0.2145922746781116	0.0	0.6866952789699571	0.438483547925608	0.0	0.8183118741058655	0.9899856938483548	0.0	0.030758226037195996	0.0	1.0	0.0	0.2603719599427754	0.21602288984263232	0.08297567954220315	0.0	1.0	0.0	0.48283261802575106	0.3190271816881259	0.0	0.9635193133047211	0.0	0.21530758226037197
718947	0.0	1.0	0.0	0.351270553064275	0.45440956651718983	0.0	0.0	0.804185351270553	0.4663677130044843	0.0	0.9970104633781763	0.8236173393124065	0.0	0.0	0.0	1.0	0.0	0.41853512705530643	0.4484304932735426	0.5336322869955157	0.5097159940209267	1.0	0.0	0.2795216741405082	0.2242152466367713	0.0	1.0	0.0	0.0
1660695	0.0	0.9625167336010709	0.025435073627844713	0.42302543507362783	0.40963855421686746	0.20214190093708165	0.0	0.0	0.6760374832663989	0.0	0.9504685408299867	0.39357429718875503	0.0	0.0	0.0	1.0	0.0	0.0	0.008032128514056224	0.6506024096385542	0.3132530120481928	1.0	0.0	0.0	0.1646586345381526	0.0	1.0	0.23694779116465864	0.0
591667	0.0	0.8700564971751412	0.3248587570621469	0.9180790960451978	0.8531073446327684	0.0903954802259887	0.0	0.7570621468926554	0.0	0.0	1.0	0.731638418079096	0.0	0.0	0.0	1.0	0.4265536723163842	0.0	0.05084745762711865	0.7711864406779662	0.0	1.0	0.0	0.0	0.0	0.0	0.9519774011299436	0.0	0.0
1469482	0.0	0.9295392953929539	0.6151761517615176	0.0	0.21680216802168023	0.0	0.0	0.6829268292682927	0.7452574525745257	0.0	0.924119241192412	0.5636856368563685	0.0	0.0	0.0	1.0	0.5013550135501355	0.0	0.5582655826558266	0.8130081300813008	0.0	1.0	0.0	0.5013550135501355	0.4742547425474255	0.0	1.0	0.5447154471544715	0.0
1566106	0.0	1.0	0.6886446886446886	1.0	0.0	0.0	0.0	0.9816849816849816	0.6227106227106227	0.0	1.0	0.0	0.0	0.0	0.0	1.0	0.0	0.0	0.0	0.0	0.0	1.0	0.0	0.9047619047619048	0.0	0.0	1.0	0.0	0.0
229666	0.0	0.8615725359911407	0.0	0.9689922480620154	0.5105204872646734	0.0	0.4717607973421927	0.7840531561461794	0.5016611295681063	0.3333333333333333	0.8560354374307863	0.0	0.0	0.3344407530454042	0.0	1.0	0.006644518272425249	0.42857142857142855	0.0	0.08637873754152824	0.0	1.0	0.0	0.16500553709856036	0.3333333333333333	0.0	0.9512735326688815	0.0	0.0
139379	0.0	0.8733488733488733	0.20124320124320125	0.533022533022533	0.20901320901320902	0.0	0.039627039627039624	0.7567987567987567	0.2874902874902875	0.0	0.9557109557109557	0.6184926184926185	0.11732711732711733	0.10955710955710955	0.0	1.0	0.0	0.128982128982129	0.43045843045843046	0.5066045066045066	0.0	0.9448329448329449	0.2331002331002331	0.46464646464646464	0.19813519813519814	0.0	0.9945609945609946	0.22688422688422688	0.0
782575	0.0	0.886021505376344	0.0	0.8064516129032258	0.0	0.610752688172043	0.0	0.0	0.0	0.0	0.7698924731182796	0.0	0.0	0.2021505376344086	0.0	1.0	0.0	0.0	0.3247311827956989	0.34408602150537637	0.0	1.0	0.0	0.0	0.4021505376344086	0.0	1.0	0.2752688172043011	0.6473118279569893
1708234	0.0	0.9228395061728395	0.0	0.0	0.9197530864197531	0.0	0.0	1.0	0.4660493827160494	0.0	1.0	0.5802469135802469	0.0	0.8209876543209876	0.9382716049382716	1.0	0.0	0.35802469135802467	1.0	0.6481481481481481	0.6790123456790124	1.0	0.0	0.4660493827160494	0.691358024691358	0.0	1.0	0.0	0.0
1459029	0.0	0.7635658914728682	0.0	0.5529715762273901	0.0	0.0	0.0	0.5180878552971576	0.2571059431524548	0.0	0.9521963824289406	0.42248062015503873	0.0	0.0	0.0	1.0	0.0	0.2364341085271318	0.0	0.4315245478036176	0.0	0.9883720930232558	0.0	0.7855297157622739	0.5077519379844961	0.0	0.689922480620155	0.0	0.0
1178540	0.0	0.7391975308641975	0.0	0.23148148148148148	0.0	0.0	0.0	0.42901234567901236	0.31790123456790126	0.0	0.3734567901234568	0.0	0.0	0.0	0.0	0.9830246913580247	0.0	0.0	0.0	0.17592592592592593	0.0	0.9953703703703703	0.0	0.0	0.0	0.0	0.7654320987654321	0.0	0.31635802469135804
1573150	0.0	0.92018779342723	0.0	0.02112676056338028	0.0	0.3380281690140845	0.0	0.2136150234741784	0.15492957746478872	0.0	1.0	0.0	0.0	0.0	0.0	1.0	0.0	0.5234741784037559	0.0	0.4953051643192488	0.33098591549295775	1.0	0.22065727699530516	0.22535211267605634	0.352112676056338	0.0	1.0	0.0	0.0
1166901	0.0	1.0	0.5008976660682226	0.4213046080191502	0.4452423698384201	0.1891083183722322	0.0	0.3177737881508079	0.28605625374027527	0.0	0.8874925194494315	0.6983842010771992	0.0	0.0	0.0	1.0	0.0	0.3016157989228007	0.18491921005385997	0.0	0.0	1.0	0.0	0.10652304009575105	0.1741472172351885	0.0	1.0	0.0	0.0
678699	0.0	0.6991869918699187	0.2703252032520325	0.0	0.0	0.30691056910569103	0.30589430894308944	0.725609756097561	0.16056910569105692	0.0	0.7947154471544715	0.22357723577235772	0.0	0.0	0.0	1.0	0.0	0.39634146341463417	0.0	0.38414634146341464	0.0	1.0	0.0	0.3953252032520325	0.7327235772357723	0.0	0.8932926829268293	0.2936991869918699	0.30589430894308944
198294	0.0	0.5953703703703703	0.0	0.44907407407407407	0.225	0.37037037037037035	0.0	0.6055555555555555	0.6324074074074074	0.0	0.9314814814814815	0.3574074074074074	0.1712962962962963	0.0	0.19537037037037036	1.0	0.0	0.06944444444444445	0.49074074074074076	0.38981481481481484	0.0	1.0	0.14537037037037037	0.4601851851851852	0.27037037037037037	0.0	0.9537037037037037	0.0	0.0
