1089075
1119124
1119125
1119126
1119127
1119128
1119129
1119132
1119133
1119134
259477
281524
281529
281530
531024
531026
531113
531128
599415
599416
662145
662147
662148
673132
673139
4147
14964
14965
14974
14982
14986
65800
1502900
1502905
1502926
1502936
1502938
1524923
1524925
1524926
1553584
1624451
1656650
1658914
1658915
1658916
1658917
1658918
1658919
1658920
1658921
1658922
1658923
1658924
1658925
1658926
1658927
1688877
1718251
1718252
983686
983687
1040390
783608
796514
796517
826033
826035
380926
518464
1312207
1393216
