1130515
1130517
179227
189335
189337
189340
67053
67056
77930
77931
152285
1448149
1448150
1448165
1448186
1464814
1464820
1464828
1464830
1464831
1464834
1464835
1464838
1464855
1466877
1466880
1466885
1466886
1466889
1466892
1466893
1466894
1466895
1466896
1466897
1466898
1466899
1466900
1466901
1466902
1466903
1466904
1466906
1466907
1466908
1518894
1525742
1525746
1572521
1621797
1638839
738913
738914
801219
801222
828545
352382
352383
352385
352386
352388
352389
352390
352391
352392
352393
352937
492233
492236
