1124069
1170401
209828
209829
228191
228193
228194
567637
567639
48288
102753
122297
122304
122307
1435610
1449013
1449080
1478922
1478923
1478926
1489448
1489456
1494641
1743224
1743225
905458
1026030
1026031
1026033
1032964
780011
796185
796188
796198
386636
386648
490646
1253986
1253988
1253993
1267815
1281753
1304593
1311444
1311445
1311447
1311448
1311449
1311450
1311453
1311454
1311455
1311457
1311458
1311459
1311460
1311461
1311462
1311463
1311464
1311465
1311466
1311467
1311468
1311469
1311470
