1092970
1092972
1092973
1136780
1136782
1136783
1188172
1188173
1188174
1188176
1188177
1188178
1188179
1188180
1188181
1188182
1188183
1188184
1188185
1188186
1188187
1188188
1188189
233048
233050
306861
324972
528955
528956
528959
528960
528962
528963
603348
675212
675213
695488
695492
695494
26479
109537
109538
139105
158505
1467114
1544128
1544129
1550634
1670446
1724165
1724169
1724171
1724172
905126
905127
906465
1001242
1001245
708908
844780
364532
364533
368756
382947
386050
523564
1266875
1395931
1395932
