1090152
1090167
1090169
244157
244172
244191
330075
330076
330080
330658
345525
345528
345545
697972
697973
175281
175289
1448915
1448917
1665392
900015
900018
825622
825626
825629
825631
825640
834326
834368
834383
834398
834411
834420
834482
361182
422796
422797
447131
447155
1273843
1273859
1273865
1299245
1307253
1307254
1307284
1338826
1338827
1338828
1338829
1338830
1338831
1338832
1338833
1338834
1338835
1338836
1338837
1338838
1338839
1338841
1338842
1338843
1338846
1338847
1338848
1338849
1338851
1338852
1338889
