1110654
1153318
1153319
1154251
204294
204295
204297
258693
258696
320854
653759
1414917
1599965
1599967
1604124
1604125
1604128
1604129
1604130
1604132
1604133
1604134
1604135
1604136
1604137
1604138
1604139
1604140
1604141
1604142
1604143
1604144
1604150
1637533
1688767
1689291
1707620
1707623
1707624
899331
720905
745508
399673
399674
399675
399676
399677
399679
399680
399681
399683
399684
406384
406389
454230
454253
454256
456893
461578
517217
1262905
1262980
1262981
1262997
1299024
1381612
1381614
1385969
1385974
1391958
