1085002
1090577
1100433
1136317
1140655
1158603
1166901
1178478
1178540
1188299
1202716
1221993
198294
209572
218456
229666
231154
237368
242336
276965
290314
292435
303651
304889
304891
317699
339339
345118
565512
571267
589253
591667
611401
612131
618240
650269
678699
90143
104658
118347
139379
1429816
1443693
1443695
1459029
1468301
1469482
1534457
1556702
1556761
1566106
1573150
1579964
1600032
1606610
1622290
1627334
1660674
1660695
1692562
1693898
1701783
1701792
1708234
1726653
1726654
1739881
885945
911252
925983
941509
969228
978925
981381
1013044
1021539
1028706
707373
718947
724775
782575
808057
826803
854020
397581
410622
413989
416332
439938
439940
443465
443591
451581
461170
461176
473486
475706
501571
1230064
1238134
1238146
1285336
1298653
1315518
1322614
1322615
1358851
1375799
1381850
