gene_callers_id	source	gene_name	gene_hmm_id	e_value	length	WAM_ALR	WAM_CCR	WAM_IPI	WAM_MAR	WAM_MYS	WAM_PBL	WAM_PJN	WAM_PPR	WAM_PST	WAM_ROL	WAM_SCR	WAM_SGN	WAM_SIS	WAM_TWN	WAR_ALR	WAR_CCR	WAR_IPI	WAR_MAR	WAR_MYS	WAR_PBL	WAR_PJN	WAR_PPR	WAR_PSK	WAR_PST	WAR_RNW	WAR_ROL	WAR_SCR	WAR_SGL	WAR_SIS	mag_id
220264	Bacteria_71	SecG	PF03840.14	7e-20	357	0.890756302521008	0	0	1	0.0672268907563025	0.243697478991597	0	0.918767507002801	0	0.450980392156863	0.677871148459384	0.00280112044817927	0	1	0	0	0	0.526610644257703	0.420168067226891	0.599439775910364	0.761904761904762	0	0	0	0.476190476190476	0	0.792717086834734	0.467787114845938	0	WA_MAG_00004
220268	Bacteria_71	AICARFT_IMPCHas	PF01808.18	9e-102	1533	0	0.201565557729941	0.178734507501631	0.922374429223744	0.256360078277886	0.834964122635355	0.257664709719504	0.719504240052185	0.256360078277886	0	0.121983039791259	0.526418786692759	0	1	0	0.110241356816699	0.120026092628832	0.172211350293542	0.299412915851272	0.326810176125245	0.181343770384866	0.196999347684279	0.0287018917155903	0.615786040443575	0.132420091324201	0	0.0091324200913242	0.359425962165688	0.166340508806262	WA_MAG_00004
332015	Bacteria_71	Ribosomal_L27	PF01016.19	3.3e-36	261	0	0	0	1	0.888888888888889	0.628352490421456	0.720306513409962	1	0.505747126436782	0	0	0.0153256704980843	0	1	0.0153256704980843	0.0153256704980843	0	0	0.0919540229885058	0	0	0.701149425287356	0	0	0	0	0.969348659003831	0	0	WA_MAG_00004
332016	Bacteria_71	Ribosomal_L21p	PF00829.21	5.9e-38	552	0.324275362318841	0.0380434782608696	0	0.97463768115942	0.646739130434783	1	0.71195652173913	1	0.278985507246377	0.373188405797101	0	0	0	1	0.692028985507246	0.507246376811594	0	0	0.476449275362319	0.518115942028985	0.541666666666667	0.449275362318841	0	0.389492753623188	0	0	0	0.545289855072464	0	WA_MAG_00004
549224	Bacteria_71	ADK	PF00406.22	1.1e-55	573	0.347294938917976	0	0.43630017452007	0.554973821989529	0.570680628272251	0.572425828970332	0.914485165794066	0.839441535776614	0.759162303664921	0	0	0.420593368237347	0	1	0	0.171029668411867	0	0.596858638743455	0.0907504363001745	0	0.511343804537522	0	0.340314136125654	0.636998254799302	0.404886561954625	0.403141361256544	0.366492146596859	0.532286212914485	0	WA_MAG_00004
635047	Bacteria_71	TsaE	PF02367.17	5.8e-36	426	0.467136150234742	0	0	0.450704225352113	0.755868544600939	0	0	0.913145539906103	0	0.375586854460094	0	0.863849765258216	0	0.847417840375587	0	0.178403755868545	0	0.370892018779343	0.460093896713615	0.31924882629108	0	0.354460093896714	0	0.502347417840376	0.0821596244131455	0	0.697183098591549	0	0	WA_MAG_00004
638516	Bacteria_71	Chorismate_synt	PF01264.21	6.4e-147	1059	0	0.264400377714825	0	0.691218130311615	0.595845136921624	0.73371104815864	0.710103871576959	0.754485363550519	0.285174693106704	0	0.483474976392823	0.56657223796034	0	0.959395656279509	0	0.154863078375826	0	0.142587346553352	0	0.262511803588291	0.411709159584514	0.427762039660057	0.232294617563739	0	0.125590179414542	0.28328611898017	0.284230406043437	0.434372049102927	0.0982058545797922	WA_MAG_00004
659050	Bacteria_71	RBFA	PF02033.18	9.8e-27	393	0	0.529262086513995	0.463104325699746	1	0	0.900763358778626	0	1	0	0	0.475826972010178	0.516539440203562	0.279898218829517	0.928753180661578	0	0	0	0	0	0.972010178117048	0	0	0.379134860050891	0.676844783715013	0.132315521628499	0.753180661577608	0.755725190839695	0.516539440203562	0	WA_MAG_00004
676539	Bacteria_71	RNA_pol_Rpb6	PF01192.22	3.7e-10	327	0	0	0	1	0	0.944954128440367	0.422018348623853	1	0.694189602446483	0.339449541284404	0.46177370030581	0.119266055045872	0	1	0	0	0	0	1	0.951070336391437	0.587155963302752	0.418960244648318	0	0.908256880733945	0	0	0.761467889908257	0.614678899082569	0.159021406727829	WA_MAG_00004
694655	Bacteria_71	PGK	PF00162.19	1.3e-43	342	0	0	0	0.903508771929825	0.868421052631579	0.786549707602339	0.926900584795322	0.587719298245614	0.66374269005848	0	0	0.701754385964912	0	1	0.763157894736842	0	0	0	0	0.353801169590643	0	0	0	0.944444444444444	0	0.526315789473684	0.576023391812866	0	0.0497076023391813	WA_MAG_00004
694671	Bacteria_71	ATP-synt_A	PF00119.20	6.1e-54	1137	0.684256816182938	0	0.226912928759894	0.940193491644679	0.26561125769569	0.535620052770449	0.263852242744063	0.801231310466139	0.94283201407212	0	0.253298153034301	0.195250659630607	0	1	0.191732629727353	0	0.180299032541777	0.17854001759015	0.351802990325418	0.284960422163588	0.297273526824978	0.58311345646438	0	0.33245382585752	0.408091468777485	0.10905892700088	0.673702726473175	0.681618293755497	0.401055408970976	WA_MAG_00004
694674	Bacteria_71	OSCP	PF00213.18	3.1e-46	540	0	0	0	1	0.153703703703704	0.592592592592593	0.927777777777778	0.944444444444444	0.233333333333333	0	0	0.535185185185185	0	1	0.27962962962963	0	0	0	0	0.214814814814815	0.125925925925926	0.333333333333333	0.27962962962963	0.555555555555556	0.618518518518518	0	0.633333333333333	0.538888888888889	0.301851851851852	WA_MAG_00004
694676	Bacteria_71	ATP-synt	PF00231.19	4.7e-98	867	0.348327566320646	0.846597462514418	0.23760092272203	0.818915801614764	0.732410611303345	0.718569780853518	0.592848904267589	0.885813148788927	0.700115340253749	0.184544405997693	0	0.277970011534025	0	1	0.171856978085352	0	0.221453287197232	0.583621683967705	0	0.763552479815456	0.484429065743945	0.298731257208766	0	1	0	0	0.580161476355248	0.355247981545559	0	WA_MAG_00004
11754	Bacteria_71	UPF0054	PF02130.17	1.9e-24	444	0.414414414414414	0.851351351351351	0.47972972972973	0.986486486486486	0.263513513513513	0.759009009009009	0.954954954954955	1	0.686936936936937	0	0	0	0.18018018018018	1	0.177927927927928	0	0	0.34009009009009	0.513513513513513	0.788288288288288	0	0.326576576576577	0	0.454954954954955	0.443693693693694	0.0337837837837838	0.97972972972973	0.439189189189189	0.632882882882883	WA_MAG_00004
87452	Bacteria_71	Ribosomal_S16	PF00886.19	4.9e-25	603	0.436152570480929	0	0	1	0.764510779436153	0.708126036484245	0.653399668325041	1	0.250414593698176	0	0.250414593698176	0.308457711442786	0	1	0	0	0	0.245439469320066	0.248756218905473	0.754560530679934	0	0.0398009950248756	0	0.154228855721393	0.344941956882255	0	0.416252072968491	1	0	WA_MAG_00004
1460580	Bacteria_71	RsfS	PF02410.15	2.2e-28	381	0	0	0	0.921259842519685	0.396325459317585	0	0	0.766404199475066	0.522309711286089	0	0.115485564304462	0.425196850393701	0	1	0	0.270341207349081	0	0	0	0.692913385826772	0	0	0	0	0	0.784776902887139	0	0.829396325459318	0	WA_MAG_00004
1478677	Bacteria_71	SecE	PF00584.20	2.4e-19	186	0	0	0.134408602150538	0.618279569892473	0	0.629032258064516	0.473118279569892	0.887096774193548	0.0161290322580645	0	0	0	0.736559139784946	1	0	0	0	0	0	0.725806451612903	0.618279569892473	0.0806451612903226	0	1	0.779569892473118	0	1	0	0	WA_MAG_00004
1478680	Bacteria_71	Ribosomal_L1	PF00687.21	2.5e-54	690	0.220289855072464	0	0.184057971014493	0.756521739130435	0.949275362318841	0.826086956521739	0.284057971014493	1	0.126086956521739	0.268115942028986	0.063768115942029	0.43768115942029	0	1	0	0	0	0	0.257971014492754	0.328985507246377	0	0.760869565217391	0.328985507246377	0.726086956521739	0.784057971014493	0.346376811594203	0.204347826086957	0.633333333333333	0	WA_MAG_00004
1478712	Bacteria_71	Ribosomal_L28	PF00830.19	1.1e-26	237	0.40506329113924	0	0	0.637130801687764	0.742616033755274	1	1	1	0.90295358649789	0	0	0.637130801687764	0	1	0	0	0	0	0	0.443037974683544	0.219409282700422	0	0	1	0	0	0.89873417721519	0	0.637130801687764	WA_MAG_00004
1519800	Bacteria_71	Ham1p_like	PF01725.16	2.6e-55	576	0.402777777777778	0	0	0.524305555555556	0.192708333333333	0	0.348958333333333	0.831597222222222	0.300347222222222	0.300347222222222	0.0572916666666667	0	0	1	0.288194444444444	0	0	0.524305555555556	0	0.951388888888889	0	0	0	0.559027777777778	0.411458333333333	0	0.506944444444444	0.611111111111111	0	WA_MAG_00004
1519807	Bacteria_71	Ribosomal_S6	PF01250.17	8.5e-31	336	0.119047619047619	0	0	0.922619047619048	0.595238095238095	0.452380952380952	0.226190476190476	0.830357142857143	0.449404761904762	0	0	0	0	1	0	0	0.330357142857143	0.386904761904762	0	0.636904761904762	0	0.50297619047619	0	0.452380952380952	0.946428571428571	0	0.857142857142857	0	0	WA_MAG_00004
1519809	Bacteria_71	Ribosomal_L9_C	PF03948.14	1.2e-26	453	0.933774834437086	0	0	0.995584988962472	0.615894039735099	1	0	0.98233995584989	0.567328918322296	0	0.258278145695364	0	0	1	0.415011037527594	0	0	0.847682119205298	0.666666666666667	0.520971302428256	0.333333333333333	0	0	0	0.788079470198676	0.346578366445916	0	0.816777041942605	0	WA_MAG_00004
1519821	Bacteria_71	Ribosomal_L19	PF01245.20	1.7e-44	351	0	0	0.13960113960114	0.207977207977208	0	0.484330484330484	0.934472934472934	0.58974358974359	0.0598290598290598	0	0	0.809116809116809	0	1	0	0.0997150997150997	0	0.0512820512820513	0	0.418803418803419	0.447293447293447	0	0	0	0.535612535612536	0	0.327635327635328	0	0	WA_MAG_00004
1519822	Bacteria_71	tRNA_m1G_MT	PF01746.21	1.5e-53	681	0	0.164464023494861	0.270190895741557	1	0.370044052863436	0.754772393538913	0.480176211453745	0.839941262848752	0.308370044052863	0.443465491923642	0.201174743024963	0.577092511013216	0	0.945668135095448	0.252569750367107	0.327459618208517	0	0.31424375917768	0	0.309838472834068	0.121879588839941	0.441997063142438	0	0.904552129221733	0	0	0.317180616740088	0	0	WA_MAG_00004
1621505	Bacteria_71	RuvX	PF03652.15	NA	NA	0.856447688564477	0	0	0.632603406326034	0.583941605839416	0.902676399026764	0.987834549878346	0.888077858880779	0.372262773722628	0	0	0.238442822384428	0	1	0	0	0	0.661800486618005	0	0.557177615571776	0	0.554744525547445	0	0	0.732360097323601	0.367396593673966	0.995133819951338	0.367396593673966	0	NA
897178	Bacteria_71	Adenylsucc_synt	PF00709.21	2.8e-168	1281	0.147540983606557	0.330991412958626	0	0.928181108508977	0.300546448087432	0.821233411397346	0.123341139734582	1	0.417642466822795	0	0	0.515222482435597	0	1	0.235753317720531	0	0.143637782982045	0.328649492583919	0.505854800936768	0	0.355971896955504	0.669008587041374	0.17096018735363	0.349726775956284	0.520686963309914	0	0.586260733801717	0.440281030444965	0	WA_MAG_00004
1020943	Bacteria_71	IPPT	PF01715.17	2.7e-72	1398	0.216022889842632	0.254649499284692	0.196709585121602	0.824749642346209	0.494277539341917	0.606580829756795	0.562231759656652	0.88483547925608	0.329041487839771	0.0779685264663805	0	0.294706723891273	0	1	0.360515021459227	0	0	0.376967095851216	0.2689556509299	0.686695278969957	0.201001430615165	0	0.030758226037196	0.40343347639485	0.621602288984263	0.215307582260372	0.102288984263233	0.515736766809728	0	WA_MAG_00004
1020949	Bacteria_71	SmpB	PF01668.18	1.8e-58	462	0.0151515151515152	0	0	0.733766233766234	0.829004329004329	0.502164502164502	0.25974025974026	1	0	0	0	0	0	1	0.512987012987013	0	0	0.142857142857143	0	0	0.359307359307359	0	0.573593073593074	0	0.0303030303030303	0	0.638528138528139	0.422077922077922	0	WA_MAG_00004
1024380	Bacteria_71	YajC	PF02699.15	2.4e-28	282	0.0141843971631206	0	0.294326241134752	0.670212765957447	0.49645390070922	0.737588652482269	0.890070921985816	0.535460992907801	0.343971631205674	0	0	0.425531914893617	0	1	0	0	0	0	0	0.347517730496454	0.539007092198582	0.687943262411348	0.163120567375887	0.99645390070922	0	0	0	0.0141843971631206	0	WA_MAG_00004
1024396	Bacteria_71	GrpE	PF01025.19	1.1e-41	549	0	0.426229508196721	0	0.227686703096539	0.24408014571949	0.621129326047359	0.233151183970856	0.8816029143898	0.548269581056466	0	0	0.469945355191257	0.00546448087431694	0.932604735883424	0	0	0	0	0.519125683060109	0	0.446265938069217	0	0	0.562841530054645	0	0	0.622950819672131	0.692167577413479	0	WA_MAG_00004
731813	Bacteria_71	Ribosomal_L35p	PF01632.19	5.8e-27	198	0	0	0	1	0.914141414141414	1	0.888888888888889	0.146464646464646	0	0.333333333333333	0	0	0	1	0.813131313131313	0	0	1	0.555555555555556	1	1	0	0	0	0	0.737373737373737	0	0.95959595959596	0	WA_MAG_00004
731814	Bacteria_71	Ribosomal_L20	PF00453.18	3.2e-48	345	0	0	0	1	0.579710144927536	0.976811594202898	0.388405797101449	1	0.750724637681159	0.43768115942029	0	0.0463768115942029	0	1	0.594202898550725	0.620289855072464	0.32463768115942	0.0289855072463768	0.872463768115942	0	0	0	0	0.434782608695652	0	0	0.31304347826087	0	0	WA_MAG_00004
839426	Bacteria_71	Ribosom_S12_S23	PF00164.25	2.4e-28	231	0	0.515151515151515	0.558441558441558	1	0.909090909090909	1	0.926406926406926	1	0.896103896103896	0	0	0.367965367965368	0	1	0	0	0	0.575757575757576	0	0.909090909090909	0.909090909090909	0.454545454545455	0	0.965367965367965	0.316017316017316	0.835497835497836	0.497835497835498	0.0995670995670996	0.67965367965368	WA_MAG_00004
839427	Bacteria_71	Ribosomal_S7	PF00177.21	3.9e-64	477	0	0.123689727463312	0.509433962264151	0.947589098532495	0.0691823899371069	0.387840670859539	0.473794549266247	1	0.832285115303983	0	0	0.721174004192872	0	1	0	0	0	0.343815513626834	0	0.184486373165618	0.079664570230608	0	0	1	0.80293501048218	0.079664570230608	0.348008385744235	0.572327044025157	0.368972746331237	WA_MAG_00004
839429	Bacteria_71	Ribosomal_S10	PF00338.22	2.7e-38	306	0	0	0.69281045751634	0	0	0	0	0.73202614379085	0.490196078431373	0	0	0.297385620915033	0	0.934640522875817	0	0	0	1	0.598039215686274	0.352941176470588	0	0.133986928104575	0	0.509803921568627	0.382352941176471	0.643790849673203	0	0.0424836601307189	0	WA_MAG_00004
839430	Bacteria_71	Ribosomal_L3	PF00297.22	1.9e-19	618	0	0	0.194174757281553	0.571197411003236	0.315533980582524	0.247572815533981	0.409385113268608	0.953074433656958	0.12621359223301	0.320388349514563	0.255663430420712	0.522653721682848	0.144012944983819	1	0.0792880258899676	0	0	0	0.0258899676375405	0.108414239482201	0	0.388349514563107	0	0.530744336569579	0	0.328478964401294	0.462783171521036	0.0145631067961165	0.354368932038835	WA_MAG_00004
839431	Bacteria_71	Ribosomal_L4	PF00573.22	4.1e-65	633	0.554502369668246	0	0.281200631911532	0.867298578199052	0.287519747235387	0.808846761453397	0.0473933649289099	0.954186413902054	0	0	0	0.336492890995261	0.221169036334913	1	0	0	0	0.364928909952607	0	0.0868878357030016	0.323854660347551	0.53870458135861	0	0.796208530805687	0.424960505529226	0.522906793048973	0.0205371248025276	0.559241706161137	0.559241706161137	WA_MAG_00004
839432	Bacteria_71	Ribosomal_L23	PF00276.20	1.1e-28	291	0.388316151202749	0	0	0.563573883161512	0	0.0206185567010309	0.742268041237113	0.838487972508591	0.0962199312714777	0	0	0.292096219931271	0	1	0	0	0	0.171821305841924	0	0.666666666666667	0	0.439862542955327	0	0.670103092783505	0.759450171821306	0.264604810996564	0	0.487972508591065	0.243986254295533	WA_MAG_00004
839433	Bacteria_71	Ribosomal_L2	PF00181.23	6.6e-35	825	0.0375757575757576	0.562424242424242	0	0.450909090909091	0.638787878787879	0.678787878787879	0.556363636363636	0.637575757575758	0.351515151515152	0.364848484848485	0.663030303030303	0.113939393939394	0.364848484848485	1	0	0	0	0.816969696969697	0	0.282424242424242	0.527272727272727	0.446060606060606	0.487272727272727	0.763636363636364	0.626666666666667	0.625454545454545	0.183030303030303	0.447272727272727	0.195151515151515	WA_MAG_00004
839434	Bacteria_71	Ribosomal_S19	PF00203.21	4.9e-39	279	0.867383512544803	0.673835125448029	0	0.630824372759857	0	1	0.498207885304659	1	0.802867383512545	0	1	0.885304659498208	0	1	0	0	0	0.767025089605735	0	0.354838709677419	0.175627240143369	0	0.878136200716846	0	0.577060931899642	0	0.541218637992832	0.516129032258065	0.89247311827957	WA_MAG_00004
839435	Bacteria_71	Ribosomal_L22	PF00237.19	1e-29	417	0.0911270983213429	0.3621103117506	0.863309352517986	0.827338129496403	0.62589928057554	0.877697841726619	0.613908872901679	0.817745803357314	0.743405275779377	0.484412470023981	0.0119904076738609	0.570743405275779	0	1	0	0	0	0.508393285371703	0	0	0	0	0.18705035971223	0	0.381294964028777	0	0.637889688249401	0.621103117505995	0.107913669064748	WA_MAG_00004
839436	Bacteria_71	Ribosomal_S3_C	PF00189.20	1.8e-40	711	0.379746835443038	0	0.773558368495077	1	0.469760900140647	0.666666666666667	0.973277074542897	1	0.0168776371308017	0.423347398030942	0	0.50351617440225	0	0.918424753867792	0	0	0	0.610407876230661	0	0.739803094233474	0.562587904360056	0.30239099859353	0.212376933895921	0.135021097046413	0.265822784810127	0.413502109704641	0.811533052039381	0.787623066104079	0.291139240506329	WA_MAG_00004
839437	Bacteria_71	Ribosomal_L16	PF00252.18	6.2e-53	423	0.794326241134752	0.212765957446809	0	0.936170212765958	0.997635933806147	0.959810874704492	0.777777777777778	0.914893617021277	0.274231678486998	0	0	0.328605200945626	0.423167848699764	0.862884160756501	0	0.276595744680851	0	0.300236406619385	0	0.602836879432624	0.016548463356974	0.456264775413712	0	0.777777777777778	0	0.368794326241135	0.0401891252955083	0.0212765957446809	0.808510638297872	WA_MAG_00004
839438	Bacteria_71	Ribosomal_L29	PF00831.23	5.5e-20	192	0	0.255208333333333	0.96875	0.6875	0.463541666666667	0.697916666666667	0	0.552083333333333	0	0	0	0.677083333333333	0	1	0	0.552083333333333	0	0.0625	0	0.645833333333333	0.786458333333333	0	0	0.671875	0	0.307291666666667	0	0.786458333333333	0.755208333333333	WA_MAG_00004
839439	Bacteria_71	Ribosomal_S17	PF00366.20	2e-32	258	0	0.786821705426357	1	0.802325581395349	1	1	0	0.961240310077519	0.0232558139534884	0	0	0.848837209302326	0	1	0	0.205426356589147	0	0.534883720930233	0	0	0.585271317829457	0.670542635658915	0.310077519379845	1	0.364341085271318	0	0.51937984496124	0	0.585271317829457	WA_MAG_00004
839440	Bacteria_71	Ribosomal_L14	PF00238.19	4e-58	369	0	0.552845528455285	0.764227642276423	0.910569105691057	0.975609756097561	0.449864498644986	0	0.70189701897019	0.623306233062331	0	0	0.596205962059621	0	1	0	0	0	0	0	0	0.658536585365854	0.902439024390244	0.905149051490515	0.525745257452574	0.552845528455285	0	0.718157181571816	0.639566395663957	0	WA_MAG_00004
839441	Bacteria_71	ribosomal_L24	PF17136.4	2.3e-31	315	0	0.758730158730159	0.0507936507936508	1	1	0.958730158730159	0	0.917460317460317	1	0	0	0.479365079365079	0	1	0	0	0	0.628571428571429	0.196825396825397	0	0.638095238095238	0	0.552380952380952	0	0	0	1	0	0.292063492063492	WA_MAG_00004
839442	Bacteria_71	Ribosomal_L5	PF00281.19	2.6e-26	552	0.541666666666667	0	0	0.932971014492754	0.818840579710145	0.985507246376812	0.641304347826087	0.713768115942029	0.865942028985507	0.331521739130435	0	0.405797101449275	0	1	0	0	0	0.541666666666667	0.0235507246376812	0.445652173913043	0	0.38768115942029	0	0.545289855072464	0.545289855072464	0	0.492753623188406	0	0.494565217391304	WA_MAG_00004
839444	Bacteria_71	Ribosomal_S8	PF00410.19	6.6e-53	399	0	0	0.165413533834586	1	0	0.340852130325815	0.463659147869674	1	0.919799498746867	0	0.541353383458647	0.756892230576441	0.433583959899749	1	0	0	0	0.50125313283208	0.3734335839599	0.43609022556391	0.611528822055138	0	0	0.0651629072681704	0.496240601503759	0	0.0075187969924812	0	0	WA_MAG_00004
839445	Bacteria_71	Ribosomal_L6	PF00347.23	5.9e-36	543	0	0	0.351749539594843	0.801104972375691	0	0.482504604051565	0.668508287292818	1	0.834254143646409	0	0	0	0	1	0	0	0	0	0	0.751381215469613	0	0.515653775322284	0	0.834254143646409	0	0	0.736648250460405	0.497237569060773	0	WA_MAG_00004
839446	Bacteria_71	Ribosomal_L18p	PF00861.22	9.2e-46	354	0	0.810734463276836	0	0.895480225988701	0	1	0.477401129943503	0.720338983050847	0	0	0	0.138418079096045	0	1	0.426553672316384	0	0	0.135593220338983	0	0.336158192090395	0	0.471751412429379	0	0	0	0	0.822033898305085	0	0	WA_MAG_00004
839449	Bacteria_71	Ribosomal_L27A	PF00828.19	3.2e-41	447	0.232662192393736	0	0	0.458612975391499	0.83668903803132	0.677852348993289	0.492170022371365	0.906040268456376	0.861297539149888	0	0	0.543624161073825	0	1	0	0	0	0.852348993288591	0.395973154362416	0.704697986577181	0.561521252796421	0.639821029082774	0	0.47427293064877	0.666666666666667	0	0.639821029082774	0	0	WA_MAG_00004
839450	Bacteria_71	SecY	PF00344.20	9.9e-108	1344	0.352678571428571	0.310267857142857	0.142113095238095	0.869791666666667	0.29389880952381	0.720982142857143	0.364583333333333	0.955357142857143	0.378720238095238	0.128720238095238	0	0.619047619047619	0.133928571428571	1	0	0.163690476190476	0	0.581845238095238	0.241071428571429	0.197916666666667	0.121279761904762	0.229166666666667	0.389136904761905	0.454613095238095	0.433035714285714	0.223958333333333	0.121279761904762	0.142113095238095	0.486607142857143	WA_MAG_00004
839451	Bacteria_71	eIF-1a	PF01176.19	2.8e-28	216	1	0.666666666666667	0.689814814814815	1	0.537037037037037	0.976851851851852	0.486111111111111	1	0	0.324074074074074	0	0.0555555555555556	0	1	0	0	0	0.273148148148148	0	0.986111111111111	0.541666666666667	0.736111111111111	0	1	0	0	0.62037037037037	0.925925925925926	0.907407407407407	WA_MAG_00004
839452	Bacteria_71	Ribosomal_S13	PF00416.22	1.6e-32	375	0.184	0.490666666666667	0.253333333333333	0.741333333333333	0.874666666666667	0.885333333333333	0.442666666666667	0.514666666666667	0.981333333333333	0.00533333333333333	0	0.901333333333333	0	1	0	0	0	0.84	0	0.568	0.138666666666667	0.917333333333333	0	0	0.829333333333333	0	0	0.672	0	WA_MAG_00004
839453	Bacteria_71	Ribosomal_S11	PF00411.19	7.1e-46	393	0.183206106870229	0	0	0	0.659033078880407	0.709923664122137	0.262086513994911	0.994910941475827	0.951653944020356	0	0	0	0	1	0.600508905852417	0	0	0.735368956743003	0.267175572519084	0.384223918575064	0.674300254452926	0	0.0330788804071247	0.814249363867684	0.381679389312977	0	0.312977099236641	0.43765903307888	0	WA_MAG_00004
839455	Bacteria_71	RNA_pol_L	PF01193.24	1.6e-25	993	0	0.584088620342397	0	0.817724068479356	0.816717019133938	0.624370594159114	0.251762336354481	0.692849949647533	0.462235649546828	0.193353474320242	0.261832829808661	0.761329305135952	0	0.967774420946626	0.201409869083585	0	0.236656596173212	0.235649546827795	0.275931520644512	0.307150050352467	0.120845921450151	0.391742195367573	0.387713997985901	0.356495468277946	0.681772406847935	0	0.35448136958711	0.51460221550856	0	WA_MAG_00004
839456	Bacteria_71	Ribosomal_L17	PF01196.19	3.1e-33	621	0.486312399355878	0	0.478260869565217	0.888888888888889	0.529790660225443	0.743961352657005	0.384863123993559	0.84219001610306	0	0	0.0531400966183575	0.293075684380032	0	1	0	0.00805152979066022	0	0.479871175523349	0.463768115942029	0.112721417069243	0	0	0	0.475040257648953	0.402576489533011	0	0.859903381642512	0	0	WA_MAG_00004
839864	Bacteria_71	RRF	PF01765.19	8.4e-60	555	0.581981981981982	0.502702702702703	0	0.331531531531532	0.0072072072072072	1	0.994594594594595	0.936936936936937	0.308108108108108	0	0	0.908108108108108	0.227027027027027	1	0	0	0.50990990990991	0.738738738738739	0	0	0.356756756756757	0.479279279279279	0	0.381981981981982	0.515315315315315	0.304504504504505	0.351351351351351	0.888288288288288	0.792792792792793	WA_MAG_00004
839866	Bacteria_71	EF_TS	PF00889.19	6.3e-68	825	0	0.403636363636364	0.0775757575757576	0.803636363636364	0.778181818181818	0.939393939393939	0.770909090909091	0.724848484848485	0.650909090909091	0	0	0.546666666666667	0.112727272727273	1	0.464242424242424	0	0	0	0	0.848484848484849	0.00121212121212121	0.294545454545455	0	0.210909090909091	0.524848484848485	0	0.261818181818182	0.146666666666667	0	WA_MAG_00004
839867	Bacteria_71	Ribosomal_S2	PF00318.20	1.1e-89	903	0	0	0.372093023255814	0.789590254706534	0.149501661129568	0.39202657807309	0.465116279069767	0.874861572535991	0.529346622369878	0	0	0.598006644518272	0	1	0.0863787375415282	0	0.334440753045404	0	0.20265780730897	0.423034330011074	0.477297895902547	0.203765227021041	0	0.334440753045404	0.0919158361018826	0	0.138427464008859	0.856035437430786	0.56921373200443	WA_MAG_00004
839868	Bacteria_71	Ribosomal_S9	PF00380.19	1.9e-52	387	0	0	0	1	0.356589147286822	0.96640826873385	0.723514211886305	1	0	0.532299741602067	0	0	0	1	0.0904392764857881	0	0	0	0	0	0	0.834625322997416	0	0.563307493540052	0.837209302325581	0	0.829457364341085	0.940568475452196	0	WA_MAG_00004
839869	Bacteria_71	Ribosomal_L13	PF00572.18	8e-58	456	0	0	0.396929824561404	1	0.675438596491228	0.320175438596491	0.350877192982456	1	0	0.192982456140351	0	0	0	1	0.583333333333333	0	0	0.331140350877193	0.589912280701754	0	0	0.605263157894737	0	0.331140350877193	0.953947368421053	0	0.848684210526316	0.515350877192982	0.258771929824561	WA_MAG_00004
397828	Bacteria_71	RecO_C	PF02565.15	1.3e-07	573	0.527050610820244	0.102966841186736	0.647469458987784	0.848167539267016	1	0.984293193717278	0.56020942408377	0.897033158813264	0.111692844677138	0.806282722513089	0	0.631762652705061	0	0.975567190226876	0.261780104712042	0	0	0.661431064572426	0.471204188481675	0.357766143106457	0	0.525305410122164	0	0.50261780104712	0.603839441535777	0	0.263525305410122	0.462478184991274	0	WA_MAG_00004
420862	Bacteria_71	Ribosomal_S15	PF00312.22	3.8e-34	270	0	0.459259259259259	0	0.855555555555556	0.0666666666666667	0.440740740740741	0	0.559259259259259	0	0	0	0.277777777777778	0	1	0	0.385185185185185	0.733333333333333	0.177777777777778	0.955555555555556	0.281481481481481	0.566666666666667	0.440740740740741	0.281481481481481	0	0	0	0.803703703703704	0	0.433333333333333	WA_MAG_00004
454493	Bacteria_71	tRNA-synt_1d	PF00750.19	3.5e-44	1782	0.369248035914703	0.336139169472503	0.39337822671156	0.854657687991021	0.483726150392817	0.86307519640853	0.453423120089787	0.982603815937149	0.681818181818182	0	0.168911335578002	0.303591470258137	0	1	0.0589225589225589	0	0	0.245791245791246	0.168350168350168	0.555555555555556	0.10662177328844	0.744668911335578	0	0.765432098765432	0.531425364758698	0.382154882154882	0.221661054994388	0.47979797979798	0.0375982042648709	WA_MAG_00004
475343	Bacteria_71	Ribosomal_L32p	PF01783.23	2.7e-23	195	0.394871794871795	0	0	0.641025641025641	0.876923076923077	1	0.553846153846154	0.974358974358974	0	0	0	0.615384615384615	0.558974358974359	1	0	0	0.774358974358974	0.0256410256410256	0	0.456410256410256	0.487179487179487	1	0	1	0	0.774358974358974	0.374358974358974	0.102564102564103	0	WA_MAG_00004
1256083	Bacteria_71	Ribosomal_S20p	PF01649.18	7.2e-25	252	0	0	0	0.888888888888889	1	0	0.650793650793651	0.968253968253968	0.623015873015873	0	0	0	0	1	0.365079365079365	0	0.182539682539683	0	0	0.345238095238095	0	0.714285714285714	0	0	0	0	0	0.396825396825397	0	WA_MAG_00004
1366019	Bacteria_71	Ribonuclease_P	PF00825.18	3.2e-21	375	0	0	0	1	0.365333333333333	1	0.405333333333333	0.821333333333333	0	0	0.394666666666667	0.738666666666667	0	1	0	0.101333333333333	0	0	0	0.754666666666667	0.141333333333333	0	0	0.650666666666667	0.896	0	0.589333333333333	0.746666666666667	0	WA_MAG_00004
