gene_callers_id	source	gene_name	gene_hmm_id	e_value	length	WAM_ALR	WAM_CCR	WAM_IPI	WAM_MAR	WAM_MYS	WAM_PBL	WAM_PJN	WAM_PPR	WAM_PST	WAM_ROL	WAM_SCR	WAM_SGN	WAM_SIS	WAM_TWN	WAR_ALR	WAR_CCR	WAR_IPI	WAR_MAR	WAR_MYS	WAR_PBL	WAR_PJN	WAR_PPR	WAR_PSK	WAR_PST	WAR_RNW	WAR_ROL	WAR_SCR	WAR_SGL	WAR_SIS	mag_id
1118767	Bacteria_71	Ribosomal_S15	PF00312.22	3e-15	447	0	0.143176733780761	0	0	0	0	0	0.272930648769575	0	0.313199105145414	0	0	0	0	0	0.00223713646532438	0	0	0	0	0	1	0	0	0	0	0.984340044742729	0.0156599552572707	0	WA_MAG_00047
241511	Bacteria_71	Adenylsucc_synt	PF00709.21	4.8e-146	1314	0	0.588280060882801	0	0	0.417047184170472	0.143835616438356	0	0.458143074581431	0	0.128614916286149	0	0	0	0	0	0.442922374429224	0.058599695585997	0.17351598173516	0.123287671232877	0.0867579908675799	0.0159817351598174	0.229832572298326	0.503044140030441	0.114916286149163	0	0.229071537290715	0.836377473363775	0	0	WA_MAG_00047
243908	Bacteria_71	RNA_pol_L	PF01193.24	1.5e-06	342	0.37719298245614	0.760233918128655	0	0	0	0	0	0.429824561403509	0	0	0	0	0	0	0	0.178362573099415	0	0	0.684210526315789	0	0	0	0.409356725146199	0.350877192982456	0	0	0.225146198830409	0	0.260233918128655	WA_MAG_00047
243909	Bacteria_71	RNA_pol_L	PF01193.24	2.3e-07	603	0.112769485903814	0.0713101160862355	0	0	0	0	0	0.626865671641791	0	0.318407960199005	0	0	0	0	0	0.485903814262023	0.39469320066335	0.424543946932007	0	0.223880597014925	0.194029850746269	0.497512437810945	0	0.199004975124378	0	0	0.628524046434494	0	0	WA_MAG_00047
243910	Bacteria_71	Ribosomal_S11	PF00411.19	1.5e-32	387	0	0.250645994832041	0	0	0	0	0	0.746770025839793	0	0	0	0	0	0	0	0.10594315245478	0	0	0	0.387596899224806	0	0.441860465116279	0	0.291989664082687	0.630490956072351	0	0.682170542635659	0	0	WA_MAG_00047
243913	Bacteria_71	Ribosomal_S13	PF00416.22	1.1e-35	414	0	0.364734299516908	0	0	0	0	0	0.292270531400966	0	0	0	0	0	0	0	0	0	0	0	0	0	0.229468599033816	0	0	0	0.509661835748792	0.92512077294686	0	0.36231884057971	WA_MAG_00047
279337	Bacteria_71	Ham1p_like	PF01725.16	1.2e-38	648	0	0.0740740740740741	0	0	0	0	0	0.898148148148148	0.0848765432098765	0	0.796296296296296	0	0	0	0	0.736111111111111	0	0	0	0	0	0.532407407407407	0	0	0	0	0.442901234567901	0.427469135802469	0	WA_MAG_00047
331127	Bacteria_71	SecE	PF00584.20	8.5e-08	279	0	0.756272401433692	0.541218637992832	0	0	0	0.698924731182796	0.541218637992832	0	0	0.663082437275986	0	0	0	0	0	0	0	0	0	0	0	0	0	0.121863799283154	0	0.774193548387097	0	0	WA_MAG_00047
331130	Bacteria_71	Ribosomal_L1	PF00687.21	5.2e-38	645	0.316279069767442	0.274418604651163	0.627906976744186	0	0	0	0	0.573643410852713	0	0	0.382945736434109	0	0	0	0	0.29922480620155	0	0.347286821705426	0	0	0	0	0	0.116279069767442	0.234108527131783	0.314728682170543	0.874418604651163	0	0	WA_MAG_00047
341121	Bacteria_71	GrpE	PF01025.19	3.8e-34	528	0	0.0378787878787879	0.331439393939394	0	0	0	0	0.160984848484848	0.071969696969697	0	0.431818181818182	0	0.185606060606061	0	0	0.0321969696969697	0.323863636363636	0	0	0	0	0.528409090909091	0.285984848484849	0.291666666666667	0	0	0.933712121212121	0.4375	0	WA_MAG_00047
542851	Bacteria_71	Ribosomal_L4	PF00573.22	2e-45	837	0.290322580645161	0.389486260454002	0	0.422939068100358	0.021505376344086	0	0	0.264038231780167	0.216248506571087	0	0.360812425328554	0	0	0	0	0	0.272401433691756	0	0	0	0	0.422939068100358	0	0	0	0	0.789725209080048	0	0.560334528076464	WA_MAG_00047
542852	Bacteria_71	Ribosomal_L23	PF00276.20	6.3e-17	258	0	0.527131782945736	0	0.372093023255814	0.523255813953488	0	0.217054263565891	0	0.51937984496124	0	0.868217054263566	0	0.569767441860465	0	0	0.674418604651163	0.709302325581395	0	0	0	0	0.689922480620155	0	0	0	0	0.705426356589147	0	0	WA_MAG_00047
542853	Bacteria_71	Ribosomal_L2	PF00181.23	5.5e-10	591	0	0.363790186125212	0.289340101522843	0.392554991539763	0.255499153976311	0	0.292724196277496	0.456852791878173	0.253807106598985	0	0.644670050761421	0	0.184433164128596	0	0	0	0	0	0	0	0	0.186125211505922	0.417935702199662	0.510998307952623	0	0	0.812182741116751	0	0	WA_MAG_00047
6494	Bacteria_71	Chorismate_synt	PF01264.21	4.7e-100	1050	0	0.251428571428571	0.205714285714286	0	0.287619047619048	0	0	0.436190476190476	0	0	0.286666666666667	0.118095238095238	0.00095238095238095	0	0	0	0	0	0	0	0.481904761904762	0.364761904761905	0.142857142857143	0.29047619047619	0.287619047619048	0	0.598095238095238	0	0	WA_MAG_00047
1545460	Bacteria_71	tRNA-synt_1d	PF00750.19	1.7e-08	504	0	0.68452380952381	0.474206349206349	0	0	0	0.593253968253968	0.101190476190476	0.39484126984127	0	0.900793650793651	0	0	0	0	0	0	0	0.297619047619048	0	0	0.0813492063492064	0	0	0	0	0.498015873015873	0	0	WA_MAG_00047
1545461	Bacteria_71	tRNA-synt_1d	PF00750.19	4.6e-15	1188	0.254208754208754	0.462962962962963	0.095959595959596	0.166666666666667	0.0218855218855219	0	0	0.0614478114478114	0.254208754208754	0	0.23989898989899	0.125420875420875	0	0	0	0.339225589225589	0.155723905723906	0	0	0	0	0.499158249158249	0	0	0	0.254208754208754	0.817340067340067	0	0	WA_MAG_00047
884783	Bacteria_71	RNA_pol_Rpb6	PF01192.22	2.8e-14	255	0	0.643137254901961	0	0	0	0	0	1	0	0	0.458823529411765	0	0	0	0	0.317647058823529	0	0	0	0	0	0.258823529411765	0	0	0	0	0.580392156862745	0	0.105882352941176	WA_MAG_00047
967029	Bacteria_71	Ribosomal_L16	PF00252.18	3.3e-28	540	0	0.27962962962963	0.0333333333333333	0	0.27962962962963	0	0.372222222222222	0.637037037037037	0.52037037037037	0	0.277777777777778	0	0	0	0	0	0	0.183333333333333	0.501851851851852	0	0	0	0	0.251851851851852	0	0.527777777777778	0.622222222222222	0	0	WA_MAG_00047
1001579	Bacteria_71	Ribosomal_S7	PF00177.21	8.6e-35	645	0	0.248062015503876	0.193798449612403	0	0	0	0	0.234108527131783	0	0	0.668217054263566	0.17984496124031	0	0	0	0.592248062015504	0	0	0.114728682170543	0.293023255813953	0	0.773643410852713	0.241860465116279	0	0	0	0.817054263565892	0	0	WA_MAG_00047
764159	Bacteria_71	Ribosomal_L13	PF00572.18	1.2e-14	522	0.377394636015326	0.781609195402299	0	0.193486590038314	0	0.5727969348659	0	0.300766283524904	0	0.325670498084291	0	0	0	0	0	0.5	0	0	0	0	0.477011494252874	0.289272030651341	0	0	0	0	0.936781609195402	0	0	WA_MAG_00047
764160	Bacteria_71	Ribosomal_S9	PF00380.19	5.7e-35	432	0	0.523148148148148	0	0.465277777777778	0	0	0	0.747685185185185	0	0.305555555555556	0	0	0	0	0	0.736111111111111	0.537037037037037	0	0	0	0.574074074074074	0.310185185185185	0	0	0	0	1	0	0	WA_MAG_00047
772754	Bacteria_71	Ribosomal_S19	PF00203.21	2.3e-28	507	0	0.816568047337278	0	0	0	0	0	0	0	0	1	0	0	0	0	0	0.337278106508876	0	0	0	0	0.366863905325444	0.386587771203156	0	0.353057199211045	0	0.968441814595661	0.47534516765286	0.812623274161736	WA_MAG_00047
772755	Bacteria_71	Ribosomal_L22	PF00237.19	1.3e-17	645	0	0.578294573643411	0	0.172093023255814	0	0	0	0.0108527131782946	0	0	0.252713178294574	0	0	0	0	0	0	0	0	0	0	0.693023255813954	0	0.0635658914728682	0.234108527131783	0	0.75968992248062	0	0.610852713178295	WA_MAG_00047
772756	Bacteria_71	Ribosomal_S3_C	PF00189.20	6.1e-21	432	0	0.666666666666667	0	0	0.699074074074074	0	0.578703703703704	0.368055555555556	0	0	0.31712962962963	0	0	0	0	0.668981481481482	0	0	0	0	0	0.456018518518519	0	0	0	0	0.997685185185185	0.0648148148148148	0	WA_MAG_00047
772757	Bacteria_71	Ribosomal_L29	PF00831.23	1.4e-17	204	0	0.333333333333333	0	0	0	0	0	0.715686274509804	0	0	0.808823529411765	0.122549019607843	0	0	0	0	0	0	0	0	0	0	0	0	0	0	0.485294117647059	1	0	WA_MAG_00047
776330	Bacteria_71	AICARFT_IMPCHas	PF01808.18	3.2e-99	1626	0	0.1230012300123	0.0922509225092251	0	0	0.185116851168512	0.185731857318573	0.663591635916359	0	0.14329643296433	0.410824108241082	0.124846248462485	0	0	0	0	0.185116851168512	0	0.357318573185732	0	0.177736777367774	0.546740467404674	0	0.0362853628536285	0.0799507995079951	0	0.904674046740467	0.175276752767528	0.166051660516605	WA_MAG_00047
824532	Bacteria_71	Ribosomal_L6	PF00347.23	3.7e-27	543	0.18232044198895	0.771639042357274	0	0	0	0.941068139963168	0	0.552486187845304	0	0	0.128913443830571	0	0	0	0	0.302025782688766	0	0	0	0.128913443830571	0	0.506445672191529	0	0	0	0	0.784530386740331	0.556169429097606	0	WA_MAG_00047
824533	Bacteria_71	Ribosomal_S8	PF00410.19	1.1e-27	390	0.494871794871795	0.179487179487179	0	0.587179487179487	0	0.041025641025641	0	0.382051282051282	0.502564102564103	0	0.192307692307692	0	0	0	0	0.384615384615385	0.525641025641026	0	0.515384615384615	0	0.766666666666667	0.571794871794872	0	0	0	0	1	0	0	WA_MAG_00047
824535	Bacteria_71	Ribosomal_L5	PF00281.19	4.2e-15	528	0.361742424242424	0.140151515151515	0.28030303030303	0	0	0	0.460227272727273	0	0.285984848484849	0.3125	0.600378787878788	0	0	0	0	0.0303030303030303	0	0	0	0	0	0.952651515151515	0	0.365530303030303	0	0	0.698863636363636	0	0	WA_MAG_00047
824538	Bacteria_71	Ribosomal_L14	PF00238.19	5.7e-33	402	0	0	0.0298507462686567	0.208955223880597	0	0.624378109452736	0.256218905472637	0	0	0	0	0	0	0	0	0.238805970149254	0	0.671641791044776	0	0.0174129353233831	0.276119402985075	0.992537313432836	0.965174129353234	0	0.661691542288557	0	0.893034825870647	0	0	WA_MAG_00047
824539	Bacteria_71	Ribosomal_S17	PF00366.20	2.7e-23	291	0	0.384879725085911	0.481099656357388	0	0	0.171821305841924	0	0	0	0	0	0	0	0	0	0	0	0	0	0.494845360824742	0	0	0.518900343642612	0	0.127147766323024	0	0.986254295532646	0	0	WA_MAG_00047
850572	Bacteria_71	ADK	PF00406.22	1.7e-49	633	0	0.477093206951027	0	0	0	0	0	0.355450236966825	0.34913112164297	0.200631911532385	0.388625592417062	0	0	0	0	0.364928909952607	0	0	0	0	0	0.151658767772512	0	0	0	0.496050552922591	0.696682464454976	0.113744075829384	0.382306477093207	WA_MAG_00047
871134	Bacteria_71	eIF-1a	PF01176.19	1.9e-15	561	0	0.836007130124777	0.397504456327986	0	0.190730837789661	0	0	0.590017825311943	0.103386809269162	0.0392156862745098	0	0	0	0	0	0	0	0	0.436720142602496	0	0.340463458110517	0.071301247771836	0	0.315508021390374	0	0	0.6524064171123	0	0	WA_MAG_00047
358780	Bacteria_71	Ribosomal_L3	PF00297.22	6.8e-77	1005	0	0.517412935323383	0	0	0	0	0.239800995024876	0.277611940298507	0	0	0.2318407960199	0	0.0328358208955224	0	0	0.4	0	0	0	0	0	0.453731343283582	0	0.228855721393035	0.149253731343284	0.199004975124378	0.533333333333333	0	0.299502487562189	WA_MAG_00047
383316	Bacteria_71	Ribosomal_S2	PF00318.20	1.4e-25	621	0.112721417069243	0.413848631239936	0	0.483091787439614	0	0	0	0.344605475040258	0	0.241545893719807	0	0.336553945249597	0	0	0	0.962962962962963	0	0	0	0.486312399355878	0	0.296296296296296	0	0	0	0	0.49597423510467	0.447665056360709	0.247987117552335	WA_MAG_00047
1392887	Bacteria_71	PGK	PF00162.19	3.4e-104	1380	0	0.295652173913043	0.239855072463768	0	0	0.216666666666667	0.180434782608696	0.352898550724638	0	0	0.548550724637681	0	0	0.00144927536231884	0	0.145652173913043	0.339855072463768	0	0	0.218840579710145	0.108695652173913	0.23768115942029	0	0	0.218840579710145	0.393478260869565	0.386231884057971	0.17536231884058	0	WA_MAG_00047
