gene_callers_id	source	gene_name	gene_hmm_id	e_value	length	WAM_ALR	WAM_CCR	WAM_IPI	WAM_MAR	WAM_MYS	WAM_PBL	WAM_PJN	WAM_PPR	WAM_PST	WAM_ROL	WAM_SCR	WAM_SGN	WAM_SIS	WAM_TWN	WAR_ALR	WAR_CCR	WAR_IPI	WAR_MAR	WAR_MYS	WAR_PBL	WAR_PJN	WAR_PPR	WAR_PSK	WAR_PST	WAR_RNW	WAR_ROL	WAR_SCR	WAR_SGL	WAR_SIS	mag_id
1085365	Bacteria_71	UPF0054	PF02130.17	2.5e-22	357	0.991596638655462	0.661064425770308	0	0	0	0.42296918767507	0.666666666666667	0.607843137254902	0.680672268907563	0.736694677871149	0	0	0.319327731092437	0	0.436974789915966	0.507002801120448	0.789915966386555	0.540616246498599	0	0	0.913165266106443	0	0	0.943977591036414	0	0.879551820728291	0.812324929971989	0.529411764705882	0.487394957983193	WA_MAG_00055
188496	Bacteria_71	Ribosomal_L35p	PF01632.19	3e-20	204	0.480392156862745	1	1	0.583333333333333	0.975490196078431	0	0.965686274509804	0.78921568627451	0.475490196078431	0.995098039215686	0.990196078431373	1	0	0	1	0.946078431372549	0.294117647058824	0.897058823529412	1	0.225490196078431	0.0833333333333333	1	0.818627450980392	1	0	1	1	1	1	WA_MAG_00055
188497	Bacteria_71	Ribosomal_L20	PF00453.18	1.4e-46	351	0.792022792022792	1	0.056980056980057	0.0883190883190883	1	0	0.501424501424501	0.760683760683761	0.438746438746439	0.108262108262108	1	0.113960113960114	0.794871794871795	0	0.886039886039886	0.706552706552707	0.387464387464387	1	0.809116809116809	0.94017094017094	0.387464387464387	1	0.854700854700855	0.923076923076923	0.58974358974359	0.478632478632479	1	1	1	WA_MAG_00055
198251	Bacteria_71	Ham1p_like	PF01725.16	1e-18	177	0	0.790960451977401	0	0.830508474576271	0	0	0.271186440677966	0.853107344632768	0.870056497175141	0	0	0	0	0	0	0.717514124293785	0	0	0	0.587570621468927	0	0	0.299435028248588	0	0	1	0.988700564971751	0	0	WA_MAG_00055
301899	Bacteria_71	tRNA-synt_1d	PF00750.19	5.9e-48	1761	0.53038046564452	0.634866553094833	0.58603066439523	0.29755820556502	0.54855195911414	0.181714934696195	0.40488358886996	0.557069846678024	0.521862578080636	0.277683134582624	0.429301533219761	0.607609312890403	0.156729131175468	0	0.287904599659284	0.522430437251562	0.703009653605906	0.365133446905168	0.549687677455991	0.668938103350369	0.340715502555366	0.898921067575241	0.472458830210108	0.466780238500852	0.581487791027825	0.616695059625213	0.86541737649063	0.465076660988075	0.610448608745031	WA_MAG_00055
567664	Bacteria_71	GrpE	PF01025.19	1.1e-39	519	0.606936416184971	0.878612716763006	0.369942196531792	0.687861271676301	0.215799614643545	0.175337186897881	0.984585741811175	0.639691714836224	0.878612716763006	0.543352601156069	0.784200385356455	0.664739884393064	0.210019267822736	0.290944123314065	0.811175337186898	0.888246628131021	0.886319845857418	1	0.81888246628131	0.651252408477842	0.489402697495183	1	0.591522157996146	0.895953757225434	0.111753371868979	1	1	0.705202312138728	0.959537572254335	WA_MAG_00055
571696	Bacteria_71	RecO_C	PF02565.15	4.2e-08	675	0.8	0.820740740740741	0	0.813333333333333	0.653333333333333	0.272592592592593	0.964444444444444	0.722962962962963	0.414814814814815	0.900740740740741	0.554074074074074	0.508148148148148	0.517037037037037	0	0.705185185185185	0.714074074074074	0.281481481481481	0.48	0.53037037037037	0.223703703703704	0.791111111111111	0.863703703703704	0.792592592592593	0.512592592592593	0.24	0.939259259259259	0.957037037037037	0	0.940740740740741	WA_MAG_00055
9652	Bacteria_71	Ham1p_like	PF01725.16	1.3e-47	495	0.905050505050505	0.476767676767677	0.575757575757576	0.234343434343434	0.418181818181818	0	0.606060606060606	0.997979797979798	0.862626262626263	0.648484848484848	0.701010101010101	0.498989898989899	0.305050505050505	0	0.864646464646465	0.272727272727273	0.76969696969697	0.77979797979798	0.678787878787879	0.537373737373737	0.61010101010101	0.482828282828283	0.444444444444444	0.905050505050505	0.652525252525253	0.929292929292929	0.997979797979798	0.305050505050505	0.903030303030303	WA_MAG_00055
41573	Bacteria_71	RsfS	PF02410.15	1.1e-27	330	1	1	0.33030303030303	0.651515151515151	0.921212121212121	0.984848484848485	0.472727272727273	1	1	0.890909090909091	1	0.657575757575758	0.372727272727273	0	1	1	0.803030303030303	1	0.742424242424242	0.0484848484848485	0.793939393939394	1	0.987878787878788	1	0.16969696969697	1	1	0.715151515151515	1	WA_MAG_00055
41574	Bacteria_71	tRNA-synt_1d	PF00750.19	8.5e-24	1038	0.921965317919075	0.944123314065511	0.780346820809249	0.183044315992293	0.742774566473988	0.597302504816956	0.765895953757225	0.961464354527938	0.944123314065511	0.871868978805395	0.950867052023121	0.830443159922929	0.184971098265896	0	0.903660886319846	0.938342967244701	0.832369942196532	0.736994219653179	0.558766859344894	0.712909441233141	0.970134874759152	1	0.691714836223507	0.935452793834297	0	0.988439306358382	0.976878612716763	0.685934489402698	1	WA_MAG_00055
75508	Bacteria_71	RBFA	PF02033.18	9e-25	348	0.956896551724138	0.580459770114943	0.229885057471264	0.433908045977011	0	0.410919540229885	0.382183908045977	0.844827586206897	1	0.545977011494253	0.741379310344828	0.925287356321839	0	0	0.994252873563218	0.46551724137931	0.468390804597701	1	0.879310344827586	0.560344827586207	0.502873563218391	1	0.747126436781609	0.830459770114943	0.933908045977012	0.936781609195402	1	0.514367816091954	0.221264367816092	WA_MAG_00055
75511	Bacteria_71	Ribosomal_S15	PF00312.22	1.6e-31	270	1	0.659259259259259	0.77037037037037	0.448148148148148	0.592592592592593	0	0.822222222222222	1	0.92962962962963	0	1	0	0.507407407407407	0	0.948148148148148	0.218518518518519	0.262962962962963	0.611111111111111	0	0.622222222222222	0.955555555555556	0.911111111111111	0	0.792592592592593	0.481481481481481	0.951851851851852	1	0.603703703703704	1	WA_MAG_00055
173155	Bacteria_71	SmpB	PF01668.18	1.2e-54	456	1	0.598684210526316	0.339912280701754	0.179824561403509	0.282894736842105	0	0.081140350877193	0.885964912280702	0.081140350877193	0.890350877192982	0.598684210526316	0.598684210526316	0.331140350877193	0	0.971491228070175	0.888157894736842	0.927631578947368	0.135964912280702	0.559210526315789	0.328947368421053	0.550438596491228	0.947368421052632	0.0921052631578947	0.901315789473684	0	0.914473684210526	1	0	0.892543859649123	WA_MAG_00055
1497343	Bacteria_71	Ribosomal_L32p	PF01783.23	3.1e-18	177	0.875706214689266	0.96045197740113	0.988700564971751	0.644067796610169	0.853107344632768	0	0.847457627118644	0.700564971751412	1	0.435028248587571	0	1	0.638418079096045	0.378531073446328	1	0.717514124293785	0.412429378531073	0.310734463276836	1	1	0.451977401129944	1	0.887005649717514	1	0.983050847457627	1	1	1	1	WA_MAG_00055
1497350	Bacteria_71	Ribosomal_L28	PF00830.19	1.2e-29	237	0.978902953586498	0	0.527426160337553	1	0.691983122362869	0.662447257383966	0.919831223628692	1	0.873417721518987	0.59915611814346	1	0	0	0	0.670886075949367	0.607594936708861	0.974683544303797	0.156118143459916	0.143459915611814	0.468354430379747	1	1	1	1	0.632911392405063	1	1	1	0.628691983122363	WA_MAG_00055
1528856	Bacteria_71	Ribosomal_L1	PF00687.21	1.2e-19	366	0.191256830601093	0	0.245901639344262	0.866120218579235	0	0	0.491803278688525	0.42896174863388	0	0	0.377049180327869	0.622950819672131	0	0	0	0.46448087431694	0.112021857923497	0.795081967213115	0	0	0.114754098360656	0.85792349726776	0.505464480874317	0.926229508196721	0.251366120218579	0.89344262295082	1	0	0.237704918032787	WA_MAG_00055
1607602	Bacteria_71	Ribosomal_L21p	PF00829.21	1.1e-33	375	1	0.909333333333333	0.946666666666667	0	0.922666666666667	0.741333333333333	0.904	1	0.997333333333333	0.84	0.805333333333333	0.994666666666667	1	0	1	0.981333333333333	0.205333333333333	0.869333333333333	0.976	0.874666666666667	0.829333333333333	1	0.850666666666667	0.789333333333333	0.72	1	1	0.616	1	WA_MAG_00055
1607603	Bacteria_71	Ribosomal_L27	PF01016.19	2.1e-36	255	1	1	0.764705882352941	0	0.952941176470588	0.635294117647059	0.0235294117647059	1	1	1	1	1	0.937254901960784	0	0.890196078431372	0.925490196078431	0.835294117647059	1	0.729411764705882	1	0.533333333333333	1	0.996078431372549	1	0.490196078431373	1	1	1	1	WA_MAG_00055
1741971	Bacteria_71	ATP-synt	PF00231.19	3e-92	858	0.657342657342657	0.783216783216783	0.994172494172494	0.766899766899767	0	0	0.758741258741259	0.96969696969697	0.804195804195804	0.861305361305361	0.995337995337995	0.789044289044289	0.705128205128205	0	0.831002331002331	0.812354312354312	0.707459207459207	0.993006993006993	0.923076923076923	0.617715617715618	0.945221445221445	1	0.965034965034965	0.861305361305361	0.680652680652681	1	1	0.82051282051282	0.812354312354312	WA_MAG_00055
884427	Bacteria_71	RRF	PF01765.19	2.8e-55	558	0.935483870967742	0.878136200716846	0.453405017921147	0.777777777777778	0	0	1	0.836917562724014	0.971326164874552	0.917562724014337	1	0.446236559139785	0.973118279569892	0	1	0.862007168458781	0.75089605734767	1	1	0.960573476702509	0.862007168458781	1	0.958781362007168	0.991039426523298	0.853046594982079	1	1	0.901433691756272	1	WA_MAG_00055
884428	Bacteria_71	EF_TS	PF00889.19	2.4e-44	603	0.835820895522388	1	0.719734660033168	0.640132669983416	0.686567164179104	0.449419568822554	0.462686567164179	0.676616915422886	0.956882255389718	0.887230514096186	0.912106135986733	0.872305140961857	0.550580431177446	0	0.87893864013267	0.868988391376451	0.499170812603648	0.477611940298507	0.961857379767828	0.572139303482587	0.54228855721393	1	0.580431177446103	1	0.771144278606965	0.980099502487562	1	0.711442786069652	0.887230514096186	WA_MAG_00055
884429	Bacteria_71	Ribosomal_S2	PF00318.20	3.5e-84	783	0.75095785440613	0.931034482758621	0.810983397190294	0.379310344827586	0.38058748403576	0	0.799489144316731	0.913154533844189	0.706257982120051	0.96551724137931	0.904214559386973	0.664112388250319	0.538952745849298	0	0.753512132822478	0.821200510855683	0.449553001277139	0.846743295019157	0.954022988505747	0.84418901660281	0.83397190293742	1	0.758620689655172	0.835249042145594	0.855683269476373	0.955300127713921	1	0.628352490421456	1	WA_MAG_00055
884430	Bacteria_71	Ribosomal_S9	PF00380.19	1.1e-47	399	0.531328320802005	1	0.969924812030075	0.360902255639098	0	0	1	1	0.536340852130326	1	0.954887218045113	0.93734335839599	0.786967418546366	0	1	0.756892230576441	0.929824561403509	0.87218045112782	0.987468671679198	0.899749373433584	1	1	0.907268170426065	0.644110275689223	0.345864661654135	1	1	1	1	WA_MAG_00055
884431	Bacteria_71	Ribosomal_L13	PF00572.18	2.3e-52	438	0.648401826484018	0.646118721461187	0.954337899543379	0	0.584474885844749	0.593607305936073	1	0.929223744292237	0.755707762557078	0.570776255707763	1	0.429223744292237	0.344748858447489	0.463470319634703	0.80365296803653	0.997716894977169	0.771689497716895	1	1	0.748858447488584	0.938356164383562	1	1	0.707762557077626	0.374429223744292	1	1	0.897260273972603	1	WA_MAG_00055
884434	Bacteria_71	IPPT	PF01715.17	1.4e-71	909	0.638063806380638	0.638063806380638	0.198019801980198	0.609460946094609	0.166116611661166	0.289328932893289	0.500550055005501	0.381738173817382	0.646864686468647	0.622662266226623	0.759075907590759	0.380638063806381	0.458745874587459	0	0.6996699669967	0.691969196919692	0.814081408140814	0.653465346534653	0.408140814081408	0.493949394939494	0.947194719471947	0.937293729372937	0.583058305830583	0.951595159515952	0.519251925192519	0.946094609460946	0.952695269526953	0.354235423542354	0.645764576457646	WA_MAG_00055
933311	Bacteria_71	Ribosomal_L9_C	PF03948.14	1.4e-23	447	1	1	0.767337807606264	0.785234899328859	0.319910514541387	0.751677852348993	1	0.979865771812081	1	1	0.961968680089485	0.859060402684564	0.523489932885906	0	1	1	1	1	0.727069351230425	0.870246085011186	0.874720357941834	1	0.997762863534676	1	0.982102908277405	1	1	0.957494407158837	1	WA_MAG_00055
933313	Bacteria_71	Ribosomal_S6	PF01250.17	6.9e-16	282	0.968085106382979	0.854609929078014	0.75531914893617	0.432624113475177	0.226950354609929	0	0.691489361702128	0.730496453900709	0.765957446808511	1	0.829787234042553	0.106382978723404	0.680851063829787	0	0.624113475177305	0.854609929078014	0.829787234042553	0.794326241134752	0.964539007092198	1	0.836879432624113	0.900709219858156	0.868794326241135	0.99645390070922	0	1	0.99290780141844	0	0.865248226950355	WA_MAG_00055
933793	Bacteria_71	RuvX	PF03652.15	NA	NA	0.580335731414868	0.0935251798561151	0.328537170263789	0	0	0	0.522781774580336	1	0.781774580335731	0.882494004796163	0.410071942446043	0.462829736211031	0.573141486810552	0	0.446043165467626	0.79136690647482	0.359712230215827	0.79136690647482	0.491606714628297	0.685851318944844	0.400479616306954	0.810551558752998	0.748201438848921	0.800959232613909	0	0.942446043165468	1	0.105515587529976	0.225419664268585	NA
933797	Bacteria_71	RNA_pol_Rpb6	PF01192.22	1.9e-11	288	0.902777777777778	1	0.604166666666667	0.736111111111111	0.628472222222222	0.357638888888889	0.934027777777778	1	0.878472222222222	0.642361111111111	1	0.611111111111111	0.993055555555556	0	1	0.586805555555556	0.659722222222222	0.951388888888889	1	0.711805555555556	0.923611111111111	1	0.649305555555556	1	0.90625	1	1	0.208333333333333	1	WA_MAG_00055
933801	Bacteria_71	Ribosomal_L19	PF01245.20	8.9e-46	321	0.919003115264798	1	0.165109034267913	0.454828660436137	0.688473520249221	0.190031152647975	0.88785046728972	1	0.881619937694704	1	0.81619937694704	0.470404984423676	1	0.573208722741433	0.975077881619938	0.607476635514019	1	0.825545171339564	0.850467289719626	0.841121495327103	0.694704049844237	0.900311526479751	0.78816199376947	0.906542056074766	0.570093457943925	1	1	0.872274143302181	1	WA_MAG_00055
933802	Bacteria_71	tRNA_m1G_MT	PF01746.21	1.7e-60	684	1	0.473684210526316	0.43859649122807	0.375730994152047	0.89766081871345	0.349415204678363	0.875730994152047	1	0.374269005847953	0.866959064327485	1	0.334795321637427	0.783625730994152	0.407894736842105	1	0.97953216374269	0.656432748538012	0.766081871345029	0.640350877192982	0.728070175438597	0.782163742690059	1	0.574561403508772	0.900584795321637	0.198830409356725	0.986842105263158	1	0.713450292397661	0.998538011695906	WA_MAG_00055
933803	Bacteria_71	Ribosomal_S16	PF00886.19	2.2e-26	633	0.853080568720379	0.714060031595577	0.687203791469194	0.23696682464455	0.0884676145339652	0	0.767772511848341	0.758293838862559	0.548183254344392	0.979462875197472	0.699842022116904	0.350710900473934	0.222748815165877	0	0.862559241706161	0.805687203791469	0.371248025276461	0.0853080568720379	0.665086887835703	0.402843601895735	0.742496050552923	0.854660347551343	0.492890995260663	1	0.240126382306477	0.938388625592417	1	0.658767772511848	0.789889415481833	WA_MAG_00055
934121	Bacteria_71	Ribosomal_S15	PF00312.22	2.2e-31	270	0	0.559259259259259	0.611111111111111	0	0	0	0	0	0.962962962962963	0	0	0	0.777777777777778	0	0	0	0	0	0.603703703703704	0	0.392592592592593	0	0	0	0.496296296296296	0.407407407407407	0.614814814814815	0	0	WA_MAG_00055
952639	Bacteria_71	Ribosomal_S20p	PF01649.18	2.3e-24	255	0.83921568627451	0.807843137254902	0.654901960784314	0.658823529411765	0.356862745098039	0	0.615686274509804	0.83921568627451	1	1	0.788235294117647	0.164705882352941	0.231372549019608	0	1	1	0.831372549019608	0.654901960784314	0.32156862745098	0.686274509803922	0.356862745098039	0.988235294117647	1	1	0.584313725490196	1	1	0.67843137254902	0.886274509803922	WA_MAG_00055
1002011	Bacteria_71	PGK	PF00162.19	8.9e-150	1182	0.833333333333333	0.823181049069374	0.848561759729272	0.647208121827411	0.708967851099831	0.643824027072758	0.976311336717428	0.922165820642978	0.858714043993232	0.693739424703892	0.990693739424704	0.858714043993232	0.925549915397631	0.512690355329949	0.404399323181049	0.831641285956007	0.800338409475465	0.864636209813875	0.985617597292724	0.950084602368866	0.72673434856176	1	0.924703891708968	0.956006768189509	0.842639593908629	0.738578680203046	1	0.967005076142132	0.873942470389171	WA_MAG_00055
704857	Bacteria_71	Ribosomal_S10	PF00338.22	7.4e-39	309	0.718446601941748	0.893203883495146	0.226537216828479	0.478964401294498	0	0.0776699029126214	0.682847896440129	1	0.300970873786408	0.323624595469256	0.669902912621359	0.488673139158576	0.223300970873786	0.488673139158576	0.967637540453074	1	0.951456310679612	0.766990291262136	0.682847896440129	1	0.818770226537217	0.996763754045308	0	1	0.618122977346278	1	1	1	1	WA_MAG_00055
704858	Bacteria_71	Ribosomal_L3	PF00297.22	3.1e-18	621	0.660225442834139	1	0.671497584541063	0.560386473429952	0.280193236714976	0.565217391304348	0.834138486312399	1	1	0.429951690821256	1	0.982286634460548	0.360708534621578	0.233494363929147	0.916264090177134	0.974235104669887	0.938808373590982	0.491143317230274	0.811594202898551	0.581320450885668	0.471819645732689	0.966183574879227	0.743961352657005	1	0.85829307568438	0.925925925925926	1	0.798711755233494	1	WA_MAG_00055
704859	Bacteria_71	Ribosomal_L4	PF00573.22	5.4e-56	618	0.616504854368932	1	0.742718446601942	0.0307443365695793	0.377022653721683	0	0.933656957928802	0.768608414239482	0.978964401294498	0.72168284789644	0.720064724919094	0.690938511326861	0	0	0.393203883495146	1	0.407766990291262	0.597087378640777	0.483818770226537	0.700647249190938	0.244336569579288	0.843042071197411	0.888349514563107	0.998381877022654	0.59546925566343	1	0.996763754045308	0.635922330097087	0.93042071197411	WA_MAG_00055
704860	Bacteria_71	Ribosomal_L23	PF00276.20	9.5e-28	312	0.977564102564102	1	1	0.788461538461538	1	0.092948717948718	0.897435897435897	1	0.685897435897436	0.948717948717949	1	0	0.092948717948718	0	1	1	0.955128205128205	1	0.602564102564103	0.634615384615385	0.400641025641026	1	0.971153846153846	1	0.923076923076923	1	1	0.362179487179487	1	WA_MAG_00055
704861	Bacteria_71	Ribosomal_L2	PF00181.23	2.2e-37	828	0.740338164251208	1	0.718599033816425	0.852657004830918	0.341787439613527	0.735507246376812	0.793478260869565	0.765700483091787	0.758454106280193	0.710144927536232	0.975845410628019	0.373188405797101	0.900966183574879	0	0.852657004830918	0.743961352657005	1	0.780193236714976	0.814009661835749	0.966183574879227	0.743961352657005	0.992753623188406	0.564009661835749	0.942028985507246	0.11231884057971	0.957729468599034	1	0.472222222222222	1	WA_MAG_00055
704862	Bacteria_71	Ribosomal_S19	PF00203.21	3.5e-40	273	0.483516483516484	1	0	0.26007326007326	0.908424908424908	1	0.443223443223443	0.875457875457875	0.523809523809524	0.446886446886447	0.351648351648352	1	0.597069597069597	0.901098901098901	0	1	0.978021978021978	0	0.882783882783883	0.227106227106227	1	1	0.549450549450549	1	0.63003663003663	1	1	0.992673992673993	1	WA_MAG_00055
704863	Bacteria_71	Ribosomal_L22	PF00237.19	7.9e-32	336	1	0.889880952380952	0.699404761904762	1	0.110119047619048	0.696428571428571	0.351190476190476	1	1	0.9375	0.592261904761905	0.803571428571429	0.449404761904762	0.00297619047619047	0.764880952380952	1	1	0.258928571428571	0.44047619047619	0.723214285714286	0.720238095238095	1	0.443452380952381	1	1	1	1	0.392857142857143	1	WA_MAG_00055
704864	Bacteria_71	Ribosomal_S3_C	PF00189.20	1.1e-38	639	1	1	0.902973395931142	0.967136150234742	0.161189358372457	0.976525821596244	1	1	1	0.871674491392801	1	0.943661971830986	0.877934272300469	0	1	1	0.456964006259781	1	1	0.921752738654147	1	1	0.938967136150235	0.938967136150235	0.544600938967136	1	1	0.826291079812207	1	WA_MAG_00055
704865	Bacteria_71	Ribosomal_L16	PF00252.18	5.9e-51	423	1	0.990543735224586	0.820330969267139	0.905437352245863	0.617021276595745	0	1	1	0.895981087470449	1	1	0.962174940898345	0.650118203309693	0	1	0.761229314420804	1	1	0.955082742316785	0.659574468085106	1	0.799054373522459	0.92434988179669	0.725768321513002	0.976359338061466	1	1	0.546099290780142	1	WA_MAG_00055
704866	Bacteria_71	Ribosomal_L29	PF00831.23	3.6e-14	204	1	1	0	0.308823529411765	0.686274509803922	0	0.838235294117647	0.950980392156863	0.803921568627451	0.563725490196078	1	0	0.17156862745098	0	0.818627450980392	1	0.990196078431373	0.779411764705882	0	0.0196078431372549	0.0784313725490196	0.495098039215686	0.745098039215686	1	1	1	1	0.931372549019608	1	WA_MAG_00055
704867	Bacteria_71	Ribosomal_S17	PF00366.20	3.1e-33	255	1	0.894117647058824	0.764705882352941	0.592156862745098	0	0.317647058823529	1	0.83921568627451	0.517647058823529	0.592156862745098	0.992156862745098	0	0.992156862745098	0	1	0.854901960784314	1	0.396078431372549	0.317647058823529	1	0.125490196078431	1	0.909803921568627	1	1	1	1	1	0.905882352941176	WA_MAG_00055
704868	Bacteria_71	Ribosomal_L14	PF00238.19	1.1e-57	369	0.994579945799458	1	0.875338753387534	0.897018970189702	0	0.899728997289973	0.818428184281843	1	0.745257452574526	0.40650406504065	1	0.024390243902439	0.769647696476965	0	1	0.997289972899729	0.688346883468835	1	0.845528455284553	1	1	1	0.504065040650406	1	0.18970189701897	0.831978319783198	1	0.663956639566396	0.997289972899729	WA_MAG_00055
704869	Bacteria_71	ribosomal_L24	PF17136.4	3.6e-19	306	1	1	0.418300653594771	0.444444444444444	0	0.437908496732026	0.954248366013072	1	1	0.908496732026144	0.875816993464052	0.663398692810457	0.53921568627451	0	0.80718954248366	0.555555555555556	0.57843137254902	0.934640522875817	0.493464052287582	0.977124183006536	0.57516339869281	1	1	1	0.673202614379085	1	1	0.522875816993464	0.947712418300654	WA_MAG_00055
704870	Bacteria_71	Ribosomal_L5	PF00281.19	5.8e-29	582	1	0.941580756013746	0.572164948453608	0.692439862542955	0.812714776632302	0.508591065292096	0.926116838487972	0.829896907216495	0.668384879725086	0.878006872852234	0.936426116838488	0	0.463917525773196	0.646048109965636	0.68213058419244	0.888316151202749	0.185567010309278	0.623711340206186	0.934707903780069	0.819587628865979	0.570446735395189	0.821305841924399	0.90893470790378	1	0.302405498281787	0.982817869415808	1	0.664948453608247	1	WA_MAG_00055
704872	Bacteria_71	Ribosomal_S8	PF00410.19	2.8e-47	399	1	1	0.771929824561403	0.654135338345865	0.611528822055138	0.684210526315789	0.989974937343358	0.839598997493734	0.348370927318296	1	1	0	0.819548872180451	0	0.716791979949875	1	0.802005012531328	0.771929824561403	0.924812030075188	0.867167919799499	0.99749373433584	1	0.87468671679198	1	0.967418546365915	1	1	0.343358395989975	1	WA_MAG_00055
704873	Bacteria_71	Ribosomal_L6	PF00347.23	2.6e-30	576	1	1	0.822916666666667	1	0.717013888888889	0.473958333333333	1	0.982638888888889	0.897569444444444	0.725694444444444	1	0.657986111111111	0.0868055555555556	0	0.746527777777778	0.930555555555556	0.975694444444444	0.793402777777778	0.795138888888889	0.871527777777778	0.741319444444444	1	0.640625	0.947916666666667	0.975694444444444	1	1	0.628472222222222	1	WA_MAG_00055
704874	Bacteria_71	Ribosomal_L18p	PF00861.22	7.4e-38	360	0.933333333333333	0.622222222222222	0.641666666666667	0.633333333333333	0.780555555555556	0.416666666666667	0.838888888888889	1	0.919444444444444	0.916666666666667	0.733333333333333	0.677777777777778	1	0	0.844444444444444	0.85	0.388888888888889	0.866666666666667	0.538888888888889	0.780555555555556	0.938888888888889	0.980555555555556	0.641666666666667	1	0.880555555555556	1	1	0	1	WA_MAG_00055
704877	Bacteria_71	Ribosomal_L27A	PF00828.19	3.5e-37	432	0.877314814814815	0.953703703703704	0.837962962962963	0.652777777777778	0.178240740740741	0	1	1	0.958333333333333	1	0.62962962962963	0.824074074074074	0.664351851851852	0	0.576388888888889	0.868055555555556	0.349537037037037	0.324074074074074	1	0.710648148148148	0.835648148148148	1	1	1	0.393518518518519	1	1	0	1	WA_MAG_00055
704878	Bacteria_71	SecY	PF00344.20	7.9e-108	1308	0.980886850152905	0.857033639143731	0.752293577981651	0.434250764525994	0.665902140672783	0.230886850152905	0.857033639143731	1	0.912844036697248	0.802752293577982	1	0.727064220183486	0.415137614678899	0	0.986238532110092	0.840214067278288	0.663608562691132	0.458715596330275	0.908256880733945	0.532110091743119	0.909021406727829	0.983180428134556	0.722477064220184	1	0.469418960244648	0.958715596330275	1	0.793577981651376	1	WA_MAG_00055
704880	Bacteria_71	eIF-1a	PF01176.19	2.3e-23	225	1	0.964444444444444	0	0.493333333333333	0.311111111111111	1	0.808888888888889	1	1	1	1	1	1	0	1	1	0.848888888888889	0.986666666666667	1	0.648888888888889	0.764444444444444	1	0.782222222222222	1	0.284444444444444	1	1	1	1	WA_MAG_00055
704882	Bacteria_71	Ribosomal_S13	PF00416.22	3.1e-31	381	1	1	0.766404199475066	0.551181102362205	1	0.440944881889764	0.971128608923884	0.887139107611549	0.837270341207349	0.979002624671916	0.976377952755906	0.713910761154856	0.876640419947507	0	1	1	0.855643044619423	1	1	0.981627296587926	1	1	0.608923884514436	1	0.383202099737533	1	1	0.406824146981627	0.958005249343832	WA_MAG_00055
704883	Bacteria_71	Ribosomal_S11	PF00411.19	8.2e-46	387	1	1	0.795865633074935	0.625322997416021	0.0516795865633075	0.770025839793282	0.976744186046512	1	0.834625322997416	1	1	0.599483204134367	0.485788113695091	0	1	1	0.770025839793282	0.813953488372093	1	0.948320413436692	0.803617571059432	1	0.987080103359173	1	1	1	1	0.72609819121447	1	WA_MAG_00055
704885	Bacteria_71	RNA_pol_L	PF01193.24	1.4e-19	966	0.917184265010352	1	0.857142857142857	0.65424430641822	0	0.105590062111801	0.927536231884058	0.895445134575569	0.910973084886128	0.778467908902691	1	0.446169772256729	0.158385093167702	0.149068322981366	1	0.920289855072464	0.606625258799172	0.808488612836439	0.761904761904762	0.817805383022774	0.998964803312629	0.992753623188406	0.966873706004141	1	0.72463768115942	0.940993788819876	1	0.665631469979296	0.909937888198758	WA_MAG_00055
704886	Bacteria_71	Ribosomal_L17	PF01196.19	4.5e-35	426	0.915492957746479	0.992957746478873	0.436619718309859	0.539906103286385	0	0.563380281690141	0.969483568075117	0.976525821596244	0.802816901408451	1	1	0.78169014084507	0.807511737089202	0	1	0.992957746478873	0.960093896713615	0.877934272300469	0.86150234741784	0.666666666666667	0.63849765258216	0.957746478873239	0.793427230046948	0.842723004694836	0.0586854460093897	0.671361502347418	1	0.556338028169014	0.988262910798122	WA_MAG_00055
704890	Bacteria_71	PGK	PF00162.19	2.4e-136	1203	0.816292601828761	0.989193682460515	0.880299251870324	0.942643391521197	0.483790523690773	0.571072319201995	0.906899418121363	1	0.604322527015794	0.747298420615129	0.972568578553616	0.492103075644223	0.207813798836243	0.0108063175394846	1	0.874480465502909	0.890274314214464	0.750623441396509	0.879467996674979	0.617622610141313	0.967581047381546	0.968412302576891	0.924355777223608	1	0.696591853699086	0.979218620116376	1	0.738154613466334	0.931005818786368	WA_MAG_00055
704892	Bacteria_71	SecG	PF03840.14	1.9e-18	351	1	1	0.908831908831909	0.472934472934473	0.988603988603989	0.376068376068376	1	0.92022792022792	0.928774928774929	0.863247863247863	0.754985754985755	1	0.438746438746439	0	0.740740740740741	0.923076923076923	0.538461538461538	1	0.726495726495726	0.928774928774929	0.638176638176638	1	1	1	0.150997150997151	1	1	0.584045584045584	1	WA_MAG_00055
1263770	Bacteria_71	ATP-synt_A	PF00119.20	7.9e-53	972	0.559670781893004	0.939300411522634	0.458847736625514	0.828189300411523	0.507201646090535	0.160493827160494	0.54320987654321	0.87962962962963	0.919753086419753	1	1	0.911522633744856	0.17798353909465	0.344650205761317	0.949588477366255	0.869341563786008	0.866255144032922	0.564814814814815	0.70679012345679	0.335390946502058	0.599794238683128	1	0.765432098765432	0.863168724279835	0.388888888888889	0.944444444444444	1	0.482510288065844	1	WA_MAG_00055
1263773	Bacteria_71	OSCP	PF00213.18	1.6e-32	543	0.98158379373849	0.977900552486188	0.41804788213628	0.657458563535912	0.790055248618785	0.666666666666667	0.613259668508287	0.692449355432781	0.611418047882136	0.760589318600368	0.804788213627993	0.0110497237569061	0.298342541436464	0	0.970534069981584	0.569060773480663	0.38121546961326	0.777163904235727	0.828729281767956	0.777163904235727	0.716390423572744	0.801104972375691	0.898710865561694	0.720073664825046	0.331491712707182	1	1	0.425414364640884	0.953959484346225	WA_MAG_00055
