gene_callers_id	source	gene_name	gene_hmm_id	e_value	length	WAM_ALR	WAM_CCR	WAM_IPI	WAM_MAR	WAM_MYS	WAM_PBL	WAM_PJN	WAM_PPR	WAM_PST	WAM_ROL	WAM_SCR	WAM_SGN	WAM_SIS	WAM_TWN	WAR_ALR	WAR_CCR	WAR_IPI	WAR_MAR	WAR_MYS	WAR_PBL	WAR_PJN	WAR_PPR	WAR_PSK	WAR_PST	WAR_RNW	WAR_ROL	WAR_SCR	WAR_SGL	WAR_SIS	mag_id
1078435	Bacteria_71	RBFA	PF02033.18	4.6e-24	381	0	0.435695538057743	0.31758530183727	0	0.58005249343832	0	0.622047244094488	0	0	0	0	0	0	0	0.916010498687664	0	0.595800524934383	0	0.406824146981627	0	0.230971128608924	0	0.795275590551181	0.015748031496063	0	0.897637795275591	0	0	0.446194225721785	WA_MAG_00069
1079690	Bacteria_71	Ribosomal_S16	PF00886.19	2.3e-24	252	0.492063492063492	0.46031746031746	0.757936507936508	0	0.468253968253968	0	0.222222222222222	0	0.19047619047619	0	0	0.496031746031746	0	0	0.599206349206349	0	0.412698412698413	0	0	0.496031746031746	0.496031746031746	0	1	0.801587301587302	0	1	0	0.19047619047619	0.337301587301587	WA_MAG_00069
217319	Bacteria_71	RecO_C	PF02565.15	1.7e-07	546	0.677655677655678	0	1	0	0	0.276556776556777	0.549450549450549	0	0	0	0	0.276556776556777	0.478021978021978	0	0.836996336996337	0	0.386446886446886	0	0.368131868131868	0.804029304029304	0.646520146520147	0	0	0.802197802197802	0	0.547619047619048	0	0.419413919413919	0.503663003663004	WA_MAG_00069
582179	Bacteria_71	PGK	PF00162.19	2.9e-27	219	0.931506849315068	0	0	0	0.684931506849315	0	0	0	0	0	0	0	0	0	0.0639269406392694	0	0	0	0	0	0.858447488584475	0	1	0	0.538812785388128	0	0	0.703196347031963	0	WA_MAG_00069
685787	Bacteria_71	tRNA_m1G_MT	PF01746.21	4.1e-66	684	0	0.185672514619883	0.144736842105263	0	0	0.31140350877193	0	0	0.497076023391813	0	0	0	0	0	0.698830409356725	0.109649122807018	0.859649122807018	0.252923976608187	0.62280701754386	0	0.241228070175439	0	0.475146198830409	0.60672514619883	0.220760233918129	0.616959064327485	0.535087719298246	0.469298245614035	0.641812865497076	WA_MAG_00069
697851	Bacteria_71	Ribosomal_L28	PF00830.19	1.5e-17	354	0.129943502824859	0.423728813559322	0.867231638418079	0	0	0	0.853107344632768	0	0.502824858757062	0	0	0	0.101694915254237	0	0.864406779661017	0	0	0.819209039548023	0	0.398305084745763	0.711864406779661	0	0.333333333333333	0.751412429378531	0.401129943502825	0	0	0.370056497175141	0.440677966101695	WA_MAG_00069
20322	Bacteria_71	UPF0054	PF02130.17	1.7e-24	438	0.570776255707763	0.525114155251142	0.625570776255708	0	0.547945205479452	0.792237442922374	0.353881278538813	0.251141552511416	0.691780821917808	0.684931506849315	0	0	0	0	0.689497716894977	0	0.159817351598174	0.442922374429224	0.269406392694064	0	0.0570776255707763	0.726027397260274	0.856164383561644	0.986301369863014	0.488584474885845	0.878995433789954	0	0.431506849315068	0.963470319634703	WA_MAG_00069
49065	Bacteria_71	IPPT	PF01715.17	8.9e-65	909	0.517051705170517	0.215621562156216	0.266226622662266	0.147414741474147	0.0803080308030803	0	0.352035203520352	0.33003300330033	0.268426842684268	0.453245324532453	0	0.314631463146315	0.332233223322332	0	0.683168316831683	0	0.399339933993399	0	0.533553355335534	0.338833883388339	0.140814081408141	0.242024202420242	0.471947194719472	0.407040704070407	0.457645764576458	0.927392739273927	0.332233223322332	0.687568756875688	0.575357535753575	WA_MAG_00069
61040	Bacteria_71	Ribosomal_S15	PF00312.22	1e-34	258	0	0	0	0.213178294573643	0	0	0.321705426356589	0	0.507751937984496	0	0	0	0	0	1	0.786821705426357	0.996124031007752	0	0	0	0.39922480620155	0	0.453488372093023	0.945736434108527	0	0	0	0.468992248062016	0.453488372093023	WA_MAG_00069
61970	Bacteria_71	SecE	PF00584.20	2.4e-12	219	1	0	0.876712328767123	0.442922374429224	1	0	0	1	0	0.799086757990868	0	0.689497716894977	0.34703196347032	0	0.589041095890411	0	1	1	0	1	0.762557077625571	0	0.684931506849315	1	0	0	0	0	0	WA_MAG_00069
171066	Bacteria_71	Ribosomal_L20	PF00453.18	1.4e-44	375	0.349333333333333	0.205333333333333	0.533333333333333	0	0.826666666666667	0	0	0	0	0.445333333333333	0	0	0	0	0.794666666666667	0	0.602666666666667	0	0.602666666666667	0.450666666666667	0.845333333333333	0	0.541333333333333	0.842666666666667	0	0.885333333333333	0.256	0.432	0	WA_MAG_00069
1411210	Bacteria_71	Chorismate_synt	PF01264.21	1.2e-144	1089	0.494031221303949	0	0.63544536271809	0	0.304866850321396	0	0.799816345270891	0.181818181818182	0.710743801652893	0	0	0.276400367309458	0	0	0.28099173553719	0.277318640955005	0.731864095500459	0.466483011937557	0.430670339761249	0.356290174471993	0.298438934802571	0.138659320477502	0.386593204775023	0.748393021120294	0.277318640955005	0.682277318640955	0.210284664830119	0.430670339761249	0.534435261707989	WA_MAG_00069
1436479	Bacteria_71	eIF-1a	PF01176.19	1.7e-23	399	0	0	0.112781954887218	0	0	0	0.112781954887218	0	0.112781954887218	0.37593984962406	0	0.177944862155388	0	0	0.378446115288221	0	0.766917293233083	0	0.56390977443609	0	0	0	0.824561403508772	0.581453634085213	0	0.789473684210526	0	0.654135338345865	0.215538847117794	WA_MAG_00069
1453545	Bacteria_71	Adenylsucc_synt	PF00709.21	1.4e-176	1278	0.493740219092332	0.35133020344288	0.584507042253521	0.278560250391236	0.412363067292645	0	0.616588419405321	0	0.203442879499218	0.117370892018779	0	0.235524256651017	0	0	0.696400625978091	0	0.5320813771518	0	0.838028169014085	0.238654147104851	0.0641627543035994	0.118153364632238	0.749608763693271	0.508607198748044	0.0876369327073552	0.762910798122066	0.103286384976526	0.273082942097027	0.2660406885759	WA_MAG_00069
1469291	Bacteria_71	Ribosomal_S2	PF00318.20	7.1e-86	723	0.659751037344398	0.416320885200553	0.190871369294606	0	0.38865836791148	0	0.378976486860304	0	0.443983402489627	0.355463347164592	0	0	0	0	0.846473029045643	0.359612724757953	0.774550484094053	0.557399723374827	0	0	0.893499308437068	0	0.412171507607192	0.208852005532503	0.408022130013831	0.744121715076072	0.208852005532503	0.731673582295989	0.384508990318119	WA_MAG_00069
1469292	Bacteria_71	EF_TS	PF00889.19	5.6e-67	873	0.0194730813287514	0	0.45360824742268	0.176403207331042	0.343642611683849	0	0.934707903780069	0	0.234822451317297	0.217640320733104	0	0	0.240549828178694	0	0.296678121420389	0.252004581901489	0.27262313860252	0.105383734249714	0.339060710194731	0.328751431844215	0.0194730813287514	0	0.154639175257732	0.849942726231386	0.243986254295533	0.781214203894616	0.380297823596793	0.560137457044674	0.570446735395189	WA_MAG_00069
1477912	Bacteria_71	RuvX	PF03652.15	NA	NA	0.491725768321513	0.354609929078014	0.515366430260047	0	0.347517730496454	0	0.969267139479905	0.404255319148936	0.264775413711584	0.569739952718676	0	0.0401891252955083	0	0	0.67612293144208	0.257683215130024	0.565011820330969	0.534278959810875	0.562647754137116	0.673758865248227	0	0	0.104018912529551	0.877068557919622	0.316784869976359	0.950354609929078	0	0	0	NA
1557320	Bacteria_71	Ribosomal_L9_C	PF03948.14	4.2e-26	489	0	0	0.304703476482618	0	0.12678936605317	0	0.186094069529652	0.498977505112474	0	0	0	0.278118609406953	0.112474437627812	0	0.284253578732106	0	0.0306748466257669	0	0.61758691206544	0.372188139059305	0.30879345603272	0.474437627811861	0.893660531697341	0.736196319018405	0.0613496932515337	0.032719836400818	0	0.985685071574642	0.541922290388548	WA_MAG_00069
1584123	Bacteria_71	Ribosomal_S6	PF01250.17	1.6e-19	285	0	0	0.403508771929825	0.705263157894737	0	0	0.217543859649123	0	0.880701754385965	0	0	0	0	0	0	0	1	0.143859649122807	1	0	0	0.273684210526316	1	0.705263157894737	0.0140350877192982	0.929824561403509	0	0.982456140350877	0.610526315789474	WA_MAG_00069
1584124	Bacteria_71	Pept_tRNA_hydro	PF01195.19	1.5e-62	633	0	0.315955766192733	0.486571879936809	0.0647709320695103	0	0	0.287519747235387	0	0.213270142180095	0	0	0.238546603475513	0	0	0.600315955766193	0	0.665086887835703	0.437598736176935	0.402843601895735	0	0	0.478672985781991	0.364928909952607	0.369668246445498	0	0.845181674565561	0	0.404423380726698	0.671406003159558	WA_MAG_00069
1673033	Bacteria_71	ATP-synt	PF00231.19	8.7e-97	861	0.490127758420441	0	0.13472706155633	0	0.581881533101045	0	0.441347270615563	0	0.644599303135889	0.727061556329849	0.413472706155633	0.45993031358885	0.35075493612079	0.00116144018583042	0.665505226480836	0.175377468060395	0.81068524970964	0.343786295005807	0	0.334494773519164	0.440185830429733	0.606271777003484	0.186991869918699	0.766550522648084	0.104529616724739	0.421602787456446	0.212543554006969	0.574912891986063	0.475029036004646	WA_MAG_00069
1673035	Bacteria_71	OSCP	PF00213.18	1e-30	546	0	0	0.586080586080586	0	0	0	0.265567765567766	0.238095238095238	0	0.578754578754579	0	0	0.331501831501831	0.52014652014652	0.593406593406593	0.0915750915750916	0.3003663003663	0.465201465201465	0.822344322344322	0	0	0.441391941391941	0	0.512820512820513	0.212454212454212	0.554945054945055	0.148351648351648	0	0.902930402930403	WA_MAG_00069
881272	Bacteria_71	Ribosomal_L27A	PF00828.19	1.2e-41	501	0	0	0.730538922155689	0	0.353293413173653	0.345309381237525	0.487025948103792	0	0	0	0	0	0	0	0.738522954091816	0.588822355289421	0.80439121756487	0.297405189620758	0.289421157684631	0.0439121756487026	0.952095808383234	0	0	0	0	0.974051896207585	0	0	0.109780439121756	WA_MAG_00069
881273	Bacteria_71	SecY	PF00344.20	1.7e-108	1524	0.437664041994751	0	0.733595800524934	0	0.256561679790026	0.217847769028871	0.635826771653543	0	0.099737532808399	0.362860892388451	0.134514435695538	0	0.35761154855643	0	0.426509186351706	0.323490813648294	0.654199475065617	0.128608923884514	0.624671916010499	0.311679790026247	0.361548556430446	0.198162729658793	0.813648293963255	0.670603674540682	0.232939632545932	0.786089238845144	0.311679790026247	0.406824146981627	0.343832020997375	WA_MAG_00069
881275	Bacteria_71	Ribosomal_S13	PF00416.22	9.5e-36	396	0.0858585858585859	0	0.669191919191919	0	0.376262626262626	0	0.891414141414141	0	0.70959595959596	0	0	0	0.575757575757576	0	0	0	0.535353535353535	0.320707070707071	0.775252525252525	0	0.585858585858586	0	0.431818181818182	0.96969696969697	0	0	0.20959595959596	0	0	WA_MAG_00069
916007	Bacteria_71	Ribosomal_S19	PF00203.21	6.5e-39	270	0	0.766666666666667	0.122222222222222	0	0.0777777777777778	0	0.703703703703704	0.32962962962963	0	0	0	0	0	0	0	0	0	0.42962962962963	0	0.588888888888889	0	0	1	0	0	0.6	0	1	0.0444444444444444	WA_MAG_00069
916008	Bacteria_71	Ribosomal_L2	PF00181.23	3.1e-35	852	0.59037558685446	0	0.482394366197183	0.166666666666667	0.381455399061033	0.496478873239437	0.342723004694836	0.213615023474178	0	0.232394366197183	0	0	0.355633802816901	0	0.733568075117371	0	0.354460093896714	0	0.822769953051643	0.311032863849765	0.164319248826291	0.15962441314554	0.733568075117371	0.403755868544601	0.294600938967136	0.305164319248826	0	0	0.287558685446009	WA_MAG_00069
916009	Bacteria_71	Ribosomal_L23	PF00276.20	3.3e-26	288	0.100694444444444	0	0.125	0	0	0	0.611111111111111	0	0	0	0	0	0	0	0	0	0	0.204861111111111	1	0.524305555555556	0.850694444444444	0	0.0381944444444444	0.430555555555556	0.114583333333333	0.520833333333333	0.0590277777777778	0.177083333333333	0	WA_MAG_00069
916010	Bacteria_71	Ribosomal_L4	PF00573.22	9.1e-56	615	0.726829268292683	0	0	0	0.416260162601626	0	0.390243902439024	0	0	0	0	0.422764227642277	0	0	0	0	0.591869918699187	0.31869918699187	0.530081300813008	0	0.557723577235772	0.40650406504065	0.59349593495935	0.726829268292683	0.51219512195122	0	0.139837398373984	0.482926829268293	0.551219512195122	WA_MAG_00069
916011	Bacteria_71	Ribosomal_L3	PF00297.22	1.1e-22	633	0.636650868878357	0	0.448657187993681	0	0	0	0.562401263823065	0	0	0	0	0.0410742496050553	0	0	0	0	0.344391785150079	0.655608214849921	0.364928909952607	0	0.973143759873618	0.0568720379146919	0.796208530805687	0.755134281200632	0.278041074249605	0.598736176935229	0	0.339652448657188	0.777251184834123	WA_MAG_00069
916012	Bacteria_71	Ribosomal_S10	PF00338.22	1.5e-35	312	0	0	0.884615384615385	0	0.894230769230769	0.224358974358974	0	0	0	0	0	0	0	0	0.573717948717949	0	0	0.147435897435897	0	0	0	0	0.608974358974359	0.788461538461538	0	0	0	0	0.28525641025641	WA_MAG_00069
764386	Bacteria_71	Ribosomal_L22	PF00237.19	2.6e-34	399	0	0.380952380952381	0.511278195488722	0	0.553884711779449	0	0.483709273182957	0	0.318295739348371	0	0.318295739348371	0	0	0	0.87468671679198	0	0.879699248120301	0.408521303258145	0.802005012531328	0.353383458646617	0.466165413533835	0	0.578947368421053	0.744360902255639	0.0927318295739348	0.581453634085213	0	0.025062656641604	0.370927318295739	WA_MAG_00069
764387	Bacteria_71	Ribosomal_S3_C	PF00189.20	1.6e-39	708	0.379943502824859	0.32909604519774	0.0564971751412429	0	0.309322033898305	0.292372881355932	0.310734463276836	0	0.175141242937853	0	0.213276836158192	0	0	0	0.844632768361582	0	0.573446327683616	0.264124293785311	0.620056497175141	0.269774011299435	0	0.176553672316384	0.959039548022599	0.337570621468927	0.466101694915254	0	0	0.68361581920904	0.456214689265537	WA_MAG_00069
764388	Bacteria_71	Ribosomal_L16	PF00252.18	3.1e-51	408	0	0.0882352941176471	0.475490196078431	0	0	0.740196078431373	0	0.348039215686274	0.654411764705882	0	0	0	0	0	0.531862745098039	0	0.355392156862745	0	0.230392156862745	1	0.154411764705882	0.497549019607843	0	0.632352941176471	0.553921568627451	0.367647058823529	0	0	1	WA_MAG_00069
764389	Bacteria_71	Ribosomal_L29	PF00831.23	1e-22	213	0	0.915492957746479	0	0	0	0	0	0.262910798122066	0.356807511737089	0.215962441314554	0	0	0	0	0.258215962441315	0	0	0	0.544600938967136	0	0.92018779342723	0	0	1	0	1	0	0	1	WA_MAG_00069
764390	Bacteria_71	Ribosomal_S17	PF00366.20	1.9e-26	279	0.225806451612903	0	0	0	0	0	0	0	0.3584229390681	0.0931899641577061	0	0	0	0	1	0	0.935483870967742	0	0.28673835125448	0	0.555555555555556	0.996415770609319	0.279569892473118	0.383512544802867	0.469534050179211	0.462365591397849	0	0	0.971326164874552	WA_MAG_00069
764391	Bacteria_71	Ribosomal_L14	PF00238.19	5.5e-51	366	0.841530054644809	0	0.0792349726775956	0	0.811475409836066	0	0.412568306010929	0	0	0.754098360655738	0.505464480874317	0.281420765027322	0	0	1	0	0.975409836065574	0	0.475409836065574	0	0	0	0	0	0	0.453551912568306	0.475409836065574	0.734972677595628	0	WA_MAG_00069
764392	Bacteria_71	ribosomal_L24	PF17136.4	7.9e-14	309	0.488673139158576	0.495145631067961	0.533980582524272	0	0.773462783171521	0	0.488673139158576	0	0	0.446601941747573	0	0.498381877022654	0	0	0.621359223300971	0	0.789644012944984	0	0	0	0	0	0.757281553398058	0.485436893203884	0	0.43042071197411	0	0.87378640776699	0.84789644012945	WA_MAG_00069
764393	Bacteria_71	Ribosomal_L5	PF00281.19	1.1e-22	564	0	0.627659574468085	0.267730496453901	0	0.076241134751773	0	0	0	0.588652482269504	0.0673758865248227	0	0.0673758865248227	0.432624113475177	0	0.75531914893617	0	0.421985815602837	0.24645390070922	0.372340425531915	0.785460992907801	0.50709219858156	0.450354609929078	0.324468085106383	0.267730496453901	0	0.847517730496454	0	0.0567375886524823	0.796099290780142	WA_MAG_00069
764394	Bacteria_71	Ribosomal_S8	PF00410.19	1.1e-46	399	0.598997493734336	0.238095238095238	0.947368421052632	0	0.483709273182957	0	0	0	0.0401002506265664	0.378446115288221	0	0	0	0	1	0	0.709273182957393	0.132832080200501	1	0	0	0	1	0	0	0.93734335839599	0	0.75187969924812	0	WA_MAG_00069
764395	Bacteria_71	Ribosomal_L6	PF00347.23	2.4e-38	540	0.424074074074074	0.318518518518519	0.711111111111111	0	0	0	0	0	0	0.287037037037037	0	0	0	0	0.653703703703704	0	0.533333333333333	0.67037037037037	0.638888888888889	0	0.392592592592593	0	0.248148148148148	0	0.427777777777778	0.388888888888889	0	0	0.814814814814815	WA_MAG_00069
764396	Bacteria_71	Ribosomal_L18p	PF00861.22	2.7e-43	360	0.180555555555556	0	0.480555555555556	0	0	0	0	0	0	0.419444444444444	0	0	0	0	0.119444444444444	0	0	0	0.461111111111111	0.691666666666667	0.0944444444444444	0	0.938888888888889	0	0	0	0	0.697222222222222	0.722222222222222	WA_MAG_00069
842526	Bacteria_71	Ribosomal_L27	PF01016.19	9.9e-38	258	0	0	0	0	0	0	0	0	0.573643410852713	0	0	0	0.0852713178294574	0	0.914728682170543	0	0.325581395348837	0	0	0	0	0	0.0465116279069767	1	0.25968992248062	0.779069767441861	0	0.961240310077519	0.790697674418605	WA_MAG_00069
842527	Bacteria_71	Ribosomal_L21p	PF00829.21	1.9e-42	315	0.250793650793651	0	0.679365079365079	0	0	0	0	0.238095238095238	0.555555555555556	0	0	0	0	0	0.86984126984127	0	0	0	0.479365079365079	0.019047619047619	0.311111111111111	0	0.685714285714286	0.920634920634921	0.815873015873016	0.247619047619048	0	0.758730158730159	0.787301587301587	WA_MAG_00069
396392	Bacteria_71	TsaE	PF02367.17	1.7e-37	423	0	0	0.817966903073286	0.978723404255319	0.635933806146572	0	0	0	0.286052009456265	0.0401891252955083	0	0.562647754137116	0.709219858156028	0	0.704491725768322	0	0.548463356973995	0.697399527186761	0.780141843971631	0	0	0	0.553191489361702	0.780141843971631	0	0.612293144208038	0	0.747044917257683	0.947990543735225	WA_MAG_00069
461277	Bacteria_71	Ribosomal_L1	PF00687.21	2e-50	699	0.464949928469242	0	0.190271816881259	0	0.443490701001431	0.367668097281831	0.683834048640916	0	0.100143061516452	0.187410586552217	0	0.432045779685265	0.296137339055794	0	0.430615164520744	0	0.494992846924177	0.417739628040057	0.660944206008584	0.795422031473534	0.175965665236052	0	0	0.17310443490701	0.612303290414878	0.814020028612303	0.525035765379113	0.241773962804006	0.821173104434907	WA_MAG_00069
462361	Bacteria_71	SecG	PF03840.14	3.4e-21	396	0.376262626262626	0	0.714646464646465	0	0	0	0.0782828282828283	0	0.707070707070707	0	0	0	0	0	0	0	0.0934343434343434	0.237373737373737	0.247474747474747	0.381313131313131	0.436868686868687	0	0.583333333333333	0.391414141414141	0	0.444444444444444	0	0	0.174242424242424	WA_MAG_00069
468247	Bacteria_71	RNA_pol_L	PF01193.24	9e-24	684	0.440058479532164	0	0	0	0	0	0.230994152046784	0	0.725146198830409	0.630116959064328	0	0.441520467836257	0.293859649122807	0	0.396198830409357	0	0.675438596491228	0	0	0.283625730994152	0.773391812865497	0	0.371345029239766	0.345029239766082	0	0.64766081871345	0	0.826023391812866	0.223684210526316	WA_MAG_00069
474544	Bacteria_71	OSCP	PF00213.18	1.3e-19	393	0	0	0.498727735368957	0	0.608142493638677	0	0	0	0	0.681933842239186	0	0	0	0	0.381679389312977	0	0.659033078880407	0	0	0	0	0	0.575063613231552	0.404580152671756	0	1	0.211195928753181	0.419847328244275	1	WA_MAG_00069
474546	Bacteria_71	ATP-synt	PF00231.19	3.1e-89	897	0	0.447045707915273	0.465997770345596	0.471571906354515	0.268673355629877	0	0.342251950947603	0.181716833890747	0.312151616499443	0.560758082497213	0	0	0.0869565217391304	0	0.542920847268673	0	0	0.382385730211817	0.623188405797101	0	0.460423634336678	0.158305462653289	0.557413600891862	0.618729096989967	0.336677814938684	0.903010033444816	0.413600891861761	0.8561872909699	0	WA_MAG_00069
480834	Bacteria_71	RRF	PF01765.19	8.7e-58	567	0.689594356261023	0.349206349206349	0.282186948853616	0	0.657848324514991	0	0	0	0.275132275132275	0.255731922398589	0.529100529100529	0.645502645502645	0	0	0.857142857142857	0	0.664902998236332	0.520282186948854	0.447971781305115	0	0.54320987654321	0	0.776014109347443	0.700176366843034	0.656084656084656	0.350970017636684	0.476190476190476	0.758377425044092	0.308641975308642	WA_MAG_00069
1267036	Bacteria_71	Exonuc_VII_L	PF02601.15	6.4e-93	1389	0.681065514758819	0	0.725701943844492	0	0.32829373650108	0.157667386609071	0.76889848812095	0	0	0.217422606191505	0.161987041036717	0	0.208063354931605	0	0.706263498920086	0.00359971202303815	0.93304535637149	0.192944564434845	0.120950323974082	0.506119510439165	0.642188624910007	0	0.365010799136069	0.865370770338373	0.451403887688985	0.687544996400288	0.217422606191505	0.632829373650108	0.400287976961843	WA_MAG_00069
1347553	Bacteria_71	RNA_pol_L	PF01193.24	1.3e-09	597	0.494137353433836	0	0.212730318257956	0	0.21608040201005	0.485762144053601	0.154103852596315	0.391959798994975	0	0.835845896147404	0	0	0	0	0.701842546063652	0	0.179229480737018	0.443886097152429	0	0.0837520938023451	0.458961474036851	0.252931323283082	0.785594639865997	0.552763819095477	0	0.606365159128978	0	0.358458961474037	0.301507537688442	WA_MAG_00069
1347554	Bacteria_71	Ribosomal_L17	PF01196.19	4.3e-28	435	0.866666666666667	0	0.811494252873563	0	0.347126436781609	0	0.855172413793103	0	0	0.32183908045977	0	0.694252873563218	0	0	0.751724137931034	0	0.347126436781609	0	0	0.101149425287356	0.268965517241379	0.397701149425287	0.294252873563218	0.466666666666667	0	0	0.133333333333333	0.682758620689655	0.301149425287356	WA_MAG_00069
1362231	Bacteria_71	SmpB	PF01668.18	5.1e-56	456	0.62719298245614	0	0	0	0.111842105263158	0	0	0	0	0	0	0	0.414473684210526	0	0.885964912280702	0.609649122807018	0.673245614035088	0.859649122807018	0.600877192982456	0.0964912280701754	0.328947368421053	0	0.331140350877193	0.728070175438597	0.662280701754386	0	0	0.896929824561403	0.802631578947368	WA_MAG_00069
