gene_callers_id	source	gene_name	gene_hmm_id	e_value	length	WAM_ALR	WAM_CCR	WAM_IPI	WAM_MAR	WAM_MYS	WAM_PBL	WAM_PJN	WAM_PPR	WAM_PST	WAM_ROL	WAM_SCR	WAM_SGN	WAM_SIS	WAM_TWN	WAR_ALR	WAR_CCR	WAR_IPI	WAR_MAR	WAR_MYS	WAR_PBL	WAR_PJN	WAR_PPR	WAR_PSK	WAR_PST	WAR_RNW	WAR_ROL	WAR_SCR	WAR_SGL	WAR_SIS	mag_id
1063604	Bacteria_71	Ribosomal_L27	PF01016.19	1.5e-38	261	0.490421455938697	0	0.187739463601533	0.203065134099617	0.984674329501916	0	1	1	0.367816091954023	0	0.980842911877395	1	0	0.363984674329502	0.42911877394636	0	0.298850574712644	0.291187739463602	1	0	0	0.578544061302682	0	0.908045977011494	0	0	0.593869731800766	0	0	WA_MAG_00006
1063605	Bacteria_71	Ribosomal_L21p	PF00829.21	2e-38	573	0.50261780104712	0.209424083769634	0.432809773123909	0.331588132635253	0.914485165794066	0	0.698080279232112	0.965095986038394	0.389179755671902	0.49912739965096	0.521815008726004	0.93891797556719	0	0.18848167539267	0.24956369982548	0	0	0.18673647469459	0.287958115183246	0	0	0.708551483420593	0	0.0907504363001745	0	0	0.211169284467714	0	0	WA_MAG_00006
1162812	Bacteria_71	Pept_tRNA_hydro	PF01195.19	2.4e-55	630	0.365079365079365	0.70952380952381	0.674603174603175	1	0.706349206349206	0	0.553968253968254	0.901587301587302	0.247619047619048	0.298412698412698	0.803174603174603	0.953968253968254	0	0.587301587301587	0	0.573015873015873	0	0.479365079365079	0	0	0	0.46031746031746	0.0793650793650794	0.368253968253968	0	0	0.979365079365079	0.476190476190476	0	WA_MAG_00006
1186669	Bacteria_71	Ribosomal_S20p	PF01649.18	1.1e-27	252	0.404761904761905	1	0.94047619047619	0	0.46031746031746	0	0	0.51984126984127	0.55952380952381	0	0.992063492063492	0.646825396825397	0	0	0	0	0	0	0	0	0.408730158730159	0	0.591269841269841	0	0	0	0.595238095238095	0	0	WA_MAG_00006
1212378	Bacteria_71	ADK	PF00406.22	8.7e-54	618	0.663430420711974	0.883495145631068	0.0323624595469256	0.268608414239482	0.97411003236246	0	0.100323624595469	0.962783171521036	0.326860841423948	0	0.949838187702265	0.784789644012945	0.0323624595469256	0	0.244336569579288	0.590614886731392	0	0	0.0404530744336569	0	0	0.485436893203884	0	0.478964401294498	0.483818770226537	0.150485436893204	0.970873786407767	0.428802588996764	0	WA_MAG_00006
223237	Bacteria_71	tRNA-synt_1d	PF00750.19	4.7e-45	1809	0.318407960199005	0.459922609176341	0	0.494748479823107	0.770591487009398	0.182421227197347	0.284687672747374	0.915422885572139	0.166390270867883	0.216141514648977	0.760088446655611	0.881702598120509	0	0.166943062465451	0	0.289110005527916	0.126589275843007	0	0.473742399115533	0.157545605306799	0.166390270867883	0.566058595909342	0.248756218905473	0	0.0829187396351575	0.0580431177446103	0.838584853510227	0	0	WA_MAG_00006
306380	Bacteria_71	SecG	PF03840.14	6.9e-21	369	0.455284552845528	0	0.794037940379404	0.16260162601626	1	0	0.639566395663957	1	0	0.43360433604336	0.669376693766938	0.991869918699187	0.699186991869919	0	0	0	0	0	0.617886178861789	0	0.102981029810298	0.845528455284553	0.284552845528455	0	0	0	1	0	0	WA_MAG_00006
306386	Bacteria_71	AICARFT_IMPCHas	PF01808.18	4e-105	1518	0.30961791831357	0.44729907773386	0.391963109354414	0	0.707509881422925	0.319499341238472	0.63965744400527	0.855072463768116	0.0263504611330698	0.660737812911726	0.804347826086957	0.903820816864295	0	0	0	0.449275362318841	0	0.367588932806324	0.137022397891963	0	0.258234519104084	0.728590250329381	0.369565217391304	0	0.611989459815547	0	0.769433465085639	0.215415019762846	0.198945981554677	WA_MAG_00006
340782	Bacteria_71	Ribosomal_S16	PF00886.19	5.8e-25	765	0.742483660130719	0.70718954248366	0	0.313725490196078	0.197385620915033	0	0	0.90718954248366	0	0	0.47843137254902	0.397385620915033	0	0	0	0.794771241830065	0	0.345098039215686	0	0	0	0.458823529411765	0.0562091503267974	0.290196078431373	0	0	1	0	0	WA_MAG_00006
541015	Bacteria_71	RsfS	PF02410.15	4.9e-27	372	0.14247311827957	0.0967741935483871	0	0	0.559139784946237	0.403225806451613	0.723118279569892	0.900537634408602	0.720430107526882	0	0.470430107526882	1	0	0	0	0	0	0	0.811827956989247	0	0	0.997311827956989	0	0.368279569892473	0.282258064516129	0	0.666666666666667	0	0.860215053763441	WA_MAG_00006
648518	Bacteria_71	Ribonuclease_P	PF00825.18	1.5e-18	345	0.797101449275362	0	0	0.440579710144928	0.2	0.628985507246377	0	0.898550724637681	0	0	0	1	0	1	0	0.597101449275362	0	0.660869565217391	0	0.652173913043478	0	0.405797101449275	0	0	0.579710144927536	0.144927536231884	0.930434782608696	0.249275362318841	0	WA_MAG_00006
661513	Bacteria_71	PGK	PF00162.19	6.4e-148	1188	0.546296296296296	0.783670033670034	0.650673400673401	0.382996632996633	0.840909090909091	0.22979797979798	0.318181818181818	0.922558922558923	0.346801346801347	0.177609427609428	0.936868686868687	0.927609427609428	0	0	0.345117845117845	0.553872053872054	0	0.101010101010101	0.312289562289562	0	0	0.71969696969697	0	0.141414141414141	0.145622895622896	0.283670033670034	0.963804713804714	0.116161616161616	0	WA_MAG_00006
665306	Bacteria_71	IPPT	PF01715.17	1.4e-67	894	0.843400447427293	0.808724832214765	0.0838926174496644	0.979865771812081	0.89261744966443	0	0.341163310961969	0.957494407158837	0.456375838926175	0.468680089485459	0.678970917225951	0.894854586129754	0.341163310961969	0.337807606263982	0.212527964205817	0.192393736017897	0.0257270693512304	0	0.0682326621923937	0	0.217002237136465	0	0	0.166666666666667	0.740492170022371	0	0.651006711409396	0.167785234899329	0	WA_MAG_00006
665315	Bacteria_71	SmpB	PF01668.18	5.5e-57	459	0.816993464052288	0.671023965141612	0.549019607843137	0	0.952069716775599	0	0.5119825708061	0.278867102396514	0.328976034858388	0	0.958605664488017	0.85838779956427	0	0	0	0.483660130718954	0	0	0	0	0	0.947712418300654	0.625272331154684	0	0	0	1	0	0.535947712418301	WA_MAG_00006
668260	Bacteria_71	Ham1p_like	PF01725.16	1.3e-65	585	0.627350427350427	0.533333333333333	0	0.131623931623932	0.895726495726496	0.494017094017094	0.18974358974359	0.904273504273504	0.0991452991452991	0.256410256410256	1	0.991452991452992	0	0.381196581196581	0	0	0	0	0.435897435897436	0.0136752136752137	0	0.72991452991453	0	0.442735042735043	0	0.396581196581197	0.639316239316239	0	0	WA_MAG_00006
671737	Bacteria_71	Ribosomal_L20	PF00453.18	4.5e-48	345	0.588405797101449	0	0	0.756521739130435	0.872463768115942	1	0.510144927536232	1	0.118840579710145	0	0.457971014492754	1	0.359420289855072	0	0.576811594202899	0.234782608695652	0	0	0.611594202898551	0.147826086956522	0.257971014492754	0.47536231884058	0	0	0.234782608695652	0	0.576811594202899	0	0	WA_MAG_00006
671738	Bacteria_71	Ribosomal_L35p	PF01632.19	8.3e-28	198	0.772727272727273	0	0	0.166666666666667	0.853535353535353	0	0.97979797979798	0	0	0	0.964646464646465	1	0	0	0.757575757575758	0	0	0	0	0	0.762626262626263	0.0252525252525252	0	0	0.287878787878788	0	0.898989898989899	0	0	WA_MAG_00006
699886	Bacteria_71	ATP-synt	PF00231.19	1.3e-99	861	0.547038327526132	0.764227642276423	0.163763066202091	0.800232288037166	0.854819976771196	0.348432055749129	0.698025551684088	0.982578397212544	0.367015098722416	0	0.97444831591173	0.967479674796748	0.455284552845528	0.488966318234611	0.343786295005807	0.745644599303136	0.450638792102207	0	0.764227642276423	0	0	0.479674796747967	0.581881533101045	0.219512195121951	0.693379790940767	0.13472706155633	1	0.418118466898955	0.125435540069686	WA_MAG_00006
699888	Bacteria_71	OSCP	PF00213.18	1.2e-41	549	0.797814207650273	0.663023679417122	0.520947176684882	0.322404371584699	0.856102003642987	0	0.978142076502732	1	0.24408014571949	0	0.970856102003643	0.701275045537341	0	0.302367941712204	0	0.562841530054645	0	0.211293260473588	0.8816029143898	0	0.340619307832423	0.234972677595628	0.14207650273224	0.557377049180328	0.411657559198543	0.389799635701275	0.8816029143898	0	0	WA_MAG_00006
699891	Bacteria_71	ATP-synt_A	PF00119.20	1.6e-48	1071	0.0597572362278245	0.582633053221289	0.0560224089635854	0.486461251167134	0.80672268907563	0.457516339869281	0.601307189542484	1	0.560224089635854	0	0.862745098039216	0.805788982259571	0.281979458450047	0.280112044817927	0	0.19421101774043	0	0	0.605975723622782	0.163398692810458	0	0.821661998132586	0.105508870214753	0	0.281979458450047	0	0.250233426704015	0.438842203548086	0.00373482726423902	WA_MAG_00006
116296	Bacteria_71	UPF0054	PF02130.17	1.3e-20	432	0.587962962962963	0.851851851851852	0	0.212962962962963	0.756944444444444	0	0	0.384259259259259	0	0	0.9375	0.986111111111111	0	0.199074074074074	0	0.344907407407407	0	0	0	0	0	0.18287037037037	0.675925925925926	0	0	0	0.314814814814815	0.141203703703704	0.407407407407407	WA_MAG_00006
1523373	Bacteria_71	Ribosomal_L13	PF00572.18	2.3e-55	456	0.662280701754386	0.942982456140351	0	0.517543859649123	0.736842105263158	0	0.0679824561403509	0.736842105263158	0	0	0.989035087719298	1	0.776315789473684	0	0	0.537280701754386	0	0	0.730263157894737	0	0	0.93421052631579	0	0	0.710526315789474	0.331140350877193	1	0.31359649122807	0	WA_MAG_00006
1523374	Bacteria_71	Ribosomal_S9	PF00380.19	8.6e-51	387	0.710594315245478	0.906976744186046	0	0.702842377260982	0.883720930232558	0	0.602067183462532	1	0.0180878552971576	0.527131782945736	1	1	0.550387596899225	0.472868217054264	0	0.617571059431525	0	0	0.863049095607235	0.390180878552972	0	0.147286821705426	0	0.266149870801034	0	0.387596899224806	0.757105943152455	0.919896640826873	0	WA_MAG_00006
1523375	Bacteria_71	Ribosomal_S2	PF00318.20	1.4e-92	870	0.237931034482759	0.316091954022989	0.270114942528736	0.151724137931034	1	0.716091954022989	0	0.498850574712644	0.618390804597701	0	0.972413793103448	0.90919540229885	0.257471264367816	0.629885057471264	0.218390804597701	0.550574712643678	0	0	0.450574712643678	0.145977011494253	0	0.0942528735632184	0	0.128735632183908	0	0	0.893103448275862	0	0	WA_MAG_00006
1523376	Bacteria_71	EF_TS	PF00889.19	1.7e-66	765	0.674509803921569	0	0.397385620915033	0.141176470588235	0.963398692810458	0.550326797385621	0	1	0.42483660130719	0	0.916339869281046	0.85359477124183	0.392156862745098	0.316339869281046	0	0.394771241830065	0.309803921568627	0.433986928104575	0.284967320261438	0	0	0.683660130718954	0.231372549019608	0	0	0.394771241830065	0.861437908496732	0	0	WA_MAG_00006
1596685	Bacteria_71	Ribosomal_L1	PF00687.21	2.3e-56	690	0.804347826086957	0.439130434782609	0.828985507246377	0	0.759420289855072	0	0.311594202898551	0.682608695652174	0.711594202898551	0	0.918840579710145	0.978260869565217	0.418840579710145	0.869565217391304	0	0.334782608695652	0	0	0.198550724637681	0.0811594202898551	0	0.408695652173913	0.433333333333333	0	0	0	0.920289855072464	0	0	WA_MAG_00006
1596688	Bacteria_71	SecE	PF00584.20	4.6e-17	273	0.58974358974359	0.681318681318681	0.714285714285714	0.197802197802198	1	0.542124542124542	0	0.860805860805861	0	0	0.611721611721612	1	0.0293040293040293	0.677655677655678	0.945054945054945	0.362637362637363	0	0	0	0	0	0.307692307692308	0.743589743589744	0	0	0	0.956043956043956	0	0	WA_MAG_00006
1648815	Bacteria_71	RBFA	PF02033.18	7.6e-27	393	0.804071246819338	0.811704834605598	0	1	0.73027989821883	0.16793893129771	0.623409669211196	1	0.402035623409669	0.575063613231552	0.872773536895674	0.903307888040712	0	0	0	0	0	0	0.880407124681934	0	0.430025445292621	0.188295165394402	0.544529262086514	0	0	0	1	0.508905852417303	0	WA_MAG_00006
1726229	Bacteria_71	Ribosom_S12_S23	PF00164.25	5e-47	375	0.776	0	0.12	0	0.546666666666667	0.381333333333333	0	1	0.12	0.261333333333333	1	0.256	0	0	0	0	0	0	0	0	0.256	0.730666666666667	0.538666666666667	0	0	0	1	0	0.557333333333333	WA_MAG_00006
1726230	Bacteria_71	Ribosomal_S7	PF00177.21	1e-64	477	0.849056603773585	0	0.345911949685535	0.0649895178197065	0.574423480083857	0.314465408805031	0	0.932914046121593	0.171907756813417	0.050314465408805	0.584905660377358	1	0	0.494758909853249	0.532494758909853	0.389937106918239	0	0	0.834381551362683	0	0.563941299790356	0.19496855345912	0.471698113207547	0	0	0	0.9979035639413	0	0.150943396226415	WA_MAG_00006
1726232	Bacteria_71	Ribosomal_S10	PF00338.22	1.1e-38	306	0.316993464052288	0.493464052287582	0	0.0065359477124183	0.931372549019608	0	0.650326797385621	1	0.480392156862745	0.493464052287582	1	0.888888888888889	0	0	0	0	0	0	0.493464052287582	0	0	0.261437908496732	0	0.0196078431372549	0	0	0.957516339869281	0	0	WA_MAG_00006
1726233	Bacteria_71	Ribosomal_L3	PF00297.22	1.3e-21	618	0.47411003236246	0.244336569579288	0	0.585760517799353	0.142394822006472	0	0.13915857605178	0.826860841423948	0.768608414239482	0	0.919093851132686	0.535598705501618	0.475728155339806	0	0	0	0	0	0.773462783171521	0	0	0.299352750809061	0	0.587378640776699	0	0	0.862459546925566	0	0	WA_MAG_00006
1726234	Bacteria_71	Ribosomal_L4	PF00573.22	1.4e-62	627	0.118022328548644	0	0.32695374800638	0	0.971291866028708	0	0.48006379585327	0.869218500797448	0.0334928229665072	0.385964912280702	0.645933014354067	0.505582137161085	0	0.0350877192982456	0	0.283891547049442	0.48006379585327	0	0.910685805422648	0	0	0.5311004784689	0	0	0	0.330143540669856	0.956937799043062	0	0	WA_MAG_00006
1726235	Bacteria_71	Ribosomal_L23	PF00276.20	1.5e-31	291	0	1	0	0.56701030927835	0.515463917525773	0	0.518900343642612	0	0	0	1	0.938144329896907	0	0.412371134020619	0	0	0	0	0	0	0	0	0.666666666666667	0	0.443298969072165	0.721649484536082	1	0	0	WA_MAG_00006
1726236	Bacteria_71	Ribosomal_L2	PF00181.23	8.2e-37	825	0	0.619393939393939	0	0.368484848484848	0.836363636363636	0.134545454545455	0.52969696969697	0.951515151515152	0.254545454545455	0	0.826666666666667	0.818181818181818	0	0.867878787878788	0	0.133333333333333	0.364848484848485	0	0.210909090909091	0	0	0.802424242424242	0.427878787878788	0	0.593939393939394	0.315151515151515	0.831515151515152	0.364848484848485	0	WA_MAG_00006
1726237	Bacteria_71	Ribosomal_S19	PF00203.21	6.5e-39	279	0.541218637992832	0	0	0.598566308243728	1	0	0	0.60573476702509	0.806451612903226	0	1	0.275985663082437	0	0.516129032258065	0	0.67741935483871	0	0	0.014336917562724	0	0	0	0.0716845878136201	0	0	0.415770609318996	1	0	0	WA_MAG_00006
1726238	Bacteria_71	Ribosomal_L22	PF00237.19	1.7e-30	405	0.37283950617284	0.232098765432099	0	0.896296296296296	1	0	0	1	0	0	0.911111111111111	0.824691358024691	0	0	0	0	0	0	0	0	0	0.506172839506173	0	0	0.397530864197531	0.0814814814814815	0.535802469135802	0	0.525925925925926	WA_MAG_00006
1726239	Bacteria_71	Ribosomal_S3_C	PF00189.20	4.3e-40	711	0.30098452883263	0.60056258790436	0.610407876230661	0.426160337552743	0.60478199718706	0	0.424753867791842	0.767932489451477	0.291139240506329	0	0.983122362869198	0.980309423347398	0	0	0	0.565400843881857	0.59634317862166	0	0	0	0.424753867791842	0.656821378340366	0.219409282700422	0	0.365682137834037	0.618846694796062	0.850914205344585	0.424753867791842	0	WA_MAG_00006
1726240	Bacteria_71	Ribosomal_L16	PF00252.18	6.4e-52	420	0.316666666666667	0.764285714285714	0.138095238095238	0.914285714285714	0.757142857142857	0	0	0.680952380952381	0.752380952380952	0	0.857142857142857	1	0	0.00238095238095238	0	0	0	0	0.319047619047619	0	0	0.664285714285714	0	0.578571428571429	0	0	0.988095238095238	0	0	WA_MAG_00006
1726241	Bacteria_71	Ribosomal_L29	PF00831.23	2.5e-18	198	0.590909090909091	0.378787878787879	0	0.606060606060606	1	0	0	1	0.712121212121212	0	1	1	0	1	0	0.873737373737374	0	0	0.737373737373737	0.0303030303030303	0	1	0	0	0	0	0.934343434343434	0	0	WA_MAG_00006
1726242	Bacteria_71	Ribosomal_S17	PF00366.20	6.9e-31	258	1	1	0	0.224806201550388	1	0	0	0.794573643410853	0	0	1	0.953488372093023	0.0232558139534884	0.573643410852713	0	0	0	0	0.418604651162791	0.914728682170543	0	0.720930232558139	0	0	0	0	0.968992248062015	0	0	WA_MAG_00006
1726243	Bacteria_71	Ribosomal_L14	PF00238.19	2.7e-57	369	0.0758807588075881	1	0	0.51219512195122	1	0	0	1	0	0.322493224932249	1	0.875338753387534	0.693766937669377	0.409214092140921	0	0	0	0.409214092140921	0.002710027100271	0.149051490514905	0	0.75609756097561	0	0	0	0	1	0	0	WA_MAG_00006
1726244	Bacteria_71	ribosomal_L24	PF17136.4	4.2e-31	312	0	0.272435897435897	0.256410256410256	0.240384615384615	1	0	0.217948717948718	1	0	0.233974358974359	1	0.951923076923077	0.240384615384615	0.179487179487179	0	0	0	0.483974358974359	0.58974358974359	0	0.211538461538462	0.483974358974359	0	0	0	0	1	0	0	WA_MAG_00006
1726245	Bacteria_71	Ribosomal_L5	PF00281.19	2.5e-27	552	0.15036231884058	0.807971014492754	0.621376811594203	0.735507246376812	1	0.414855072463768	0.84963768115942	1	0	0	0.949275362318841	0.992753623188406	0.199275362318841	0.91304347826087	0	0.320652173913043	0	0	0.869565217391304	0	0.597826086956522	0.382246376811594	0	0.298913043478261	0	0	0.652173913043478	0	0	WA_MAG_00006
1726247	Bacteria_71	Ribosomal_S8	PF00410.19	1.7e-50	402	1	0.375621890547264	0.353233830845771	0.251243781094527	0.748756218905473	0.373134328358209	0.253731343283582	1	0.63681592039801	0	1	0.713930348258706	0	0.400497512437811	0	0.435323383084577	0	0.522388059701492	0.574626865671642	0	0	0.917910447761194	0	0	0.741293532338308	0.189054726368159	1	0	0	WA_MAG_00006
1726248	Bacteria_71	Ribosomal_L6	PF00347.23	4.4e-37	543	0.876611418047882	0.701657458563536	0.670349907918969	0.565377532228361	0.996316758747698	0	0.331491712707182	1	0	0	0.860036832412523	0.576427255985267	0	0	0	0.567219152854512	0	0	0.0184162062615101	0	0.554327808471455	0.694290976058932	0	0.548802946593002	0	0.372007366482505	0.25414364640884	0	0	WA_MAG_00006
1726249	Bacteria_71	Ribosomal_L18p	PF00861.22	2.6e-47	357	0	0	0	1	0.848739495798319	0	0	1	0	0	0.747899159663866	1	0.168067226890756	0.330532212885154	0	0.235294117647059	0	0	0.705882352941177	0	0	0.42296918767507	0	0	0	0	0.436974789915966	0	0	WA_MAG_00006
1726252	Bacteria_71	Ribosomal_L27A	PF00828.19	4.2e-43	453	0.966887417218543	0.498896247240618	0.333333333333333	0	0.774834437086093	0	0	1	0	0.333333333333333	0.838852097130243	0.940397350993378	0	0.717439293598234	0	0.454746136865342	0.0264900662251656	0	0.481236203090508	0	0.011037527593819	0.655629139072848	0.578366445916115	0.54083885209713	0.0264900662251656	0	1	0	0.298013245033113	WA_MAG_00006
1726253	Bacteria_71	SecY	PF00344.20	4.9e-109	1350	0.375555555555556	0.674074074074074	0.334814814814815	0.872592592592593	0.672592592592593	0.446666666666667	0.619259259259259	0.94962962962963	0.600740740740741	0.335555555555556	0.897777777777778	0.854814814814815	0.222222222222222	0.375555555555556	0.495555555555556	0.123703703703704	0.222962962962963	0	0.345925925925926	0.165185185185185	0	0.574074074074074	0.02	0.145925925925926	0.298518518518519	0.0118518518518518	0.924444444444444	0.375555555555556	0.117037037037037	WA_MAG_00006
1726254	Bacteria_71	eIF-1a	PF01176.19	2.8e-28	216	0	0	0	1	1	0	0.490740740740741	0.837962962962963	0	0	1	0.694444444444444	0.828703703703704	0	0	0	0.351851851851852	0	0	0	0	0.305555555555556	0	0	0	0.990740740740741	1	0	0	WA_MAG_00006
1726255	Bacteria_71	Ribosomal_S13	PF00416.22	6.5e-35	375	0	0.517333333333333	0.464	0.44	0.877333333333333	0	0.389333333333333	1	0.661333333333333	0	0.554666666666667	0.794666666666667	0	0.368	0.538666666666667	0.922666666666667	0.306666666666667	0	0.346666666666667	0	0	0.56	0	0	0	0.704	0.754666666666667	0.00533333333333333	0.757333333333333	WA_MAG_00006
1726256	Bacteria_71	Ribosomal_S11	PF00411.19	1.6e-46	384	0.513020833333333	0.03125	0.236979166666667	0.557291666666667	0.877604166666667	0	0.794270833333333	0.609375	0	0	0.924479166666667	1	0	0	0.1640625	0.03125	0	0	0.640625	0	0	0.947916666666667	0	0	0	0.494791666666667	0.888020833333333	0.9140625	0.286458333333333	WA_MAG_00006
1726258	Bacteria_71	RNA_pol_L	PF01193.24	2.2e-27	993	0.641490433031219	0.557905337361531	0.360523665659617	0.357502517623364	0.942598187311178	0.207452165156093	0.196374622356495	0.846928499496475	0.356495468277946	0	0.798590130916415	0.76233635448137	0	0	0	0.45619335347432	0.153071500503525	0	0.280966767371601	0.164149043303122	0.152064451158107	0.587109768378651	0	0.523665659617321	0.469284994964753	0.0382678751258812	0.885196374622356	0.303121852970796	0.241691842900302	WA_MAG_00006
1726259	Bacteria_71	Ribosomal_L17	PF01196.19	1.1e-34	570	0.63859649122807	0.592982456140351	0.868421052631579	0.728070175438597	0.729824561403509	0	0.450877192982456	0.903508771929825	0.129824561403509	0.256140350877193	1	0.710526315789474	0	0	0.249122807017544	0.212280701754386	0.592982456140351	0	0.582456140350877	0	0.356140350877193	0.624561403508772	0	0.626315789473684	0.0894736842105263	0.414035087719298	1	0	0.447368421052632	WA_MAG_00006
1037431	Bacteria_71	Ribosomal_S6	PF01250.17	1.6e-32	339	0.35693215339233	0.713864306784661	0.454277286135693	0.442477876106195	0.530973451327434	0	0.336283185840708	1	0	0	0.781710914454277	0.259587020648968	0	0	0.669616519174041	0	0.76401179941003	0	0.52212389380531	0	0.578171091445428	0.752212389380531	0	0	0	0	0.994100294985251	0	0.345132743362832	WA_MAG_00006
1037433	Bacteria_71	Ribosomal_L9_C	PF03948.14	1.8e-25	456	0	0.802631578947368	0.331140350877193	0.140350877192982	0.831140350877193	0	0	0.899122807017544	0	0.642543859649123	0.331140350877193	0.451754385964912	0.287280701754386	0	0.293859649122807	0.342105263157895	0	0	0.25219298245614	0	0	0	0	0	0	0	0.785087719298246	0	0	WA_MAG_00006
815312	Bacteria_71	RRF	PF01765.19	8.5e-59	555	0.212612612612613	0.893693693693694	0.383783783783784	0.78018018018018	0.953153153153153	0	0	0.947747747747748	0.392792792792793	0.279279279279279	0.965765765765766	0.796396396396396	0.459459459459459	0	0	0	0	0	0.466666666666667	0	0.0810810810810811	0.317117117117117	0	0	0.621621621621622	0.299099099099099	1	0	0	WA_MAG_00006
844228	Bacteria_71	Ribosomal_L19	PF01245.20	7.5e-44	351	0.934472934472934	0.843304843304843	0	0.43019943019943	0.43019943019943	0	0.264957264957265	0.347578347578348	0.658119658119658	0.934472934472934	1	0.62962962962963	0	0	0	0.595441595441595	0.165242165242165	0.0997150997150997	0.472934472934473	0	0	0.854700854700855	0	0	0	0	0.641025641025641	0.478632478632479	0.52991452991453	WA_MAG_00006
844229	Bacteria_71	tRNA_m1G_MT	PF01746.21	6.9e-59	693	0.652236652236652	0.520923520923521	0	0.200577200577201	0.851370851370851	0	0.604617604617605	0.672438672438672	0	0.0894660894660895	0.619047619047619	0.519480519480519	0	0	0	0	0	0	0.624819624819625	0	0	0	0	0.191919191919192	0.376623376623377	0	0.735930735930736	0.0909090909090909	0	WA_MAG_00006
844246	Bacteria_71	RNA_pol_Rpb6	PF01192.22	2.4e-08	330	1	0.454545454545455	0.975757575757576	0.0181818181818182	0.433333333333333	0	0.566666666666667	0.957575757575758	0	0	0	0.63030303030303	0	0	0	1	0	0	0	0	0.881818181818182	0.666666666666667	0.684848484848485	0	0	0	1	0	0.2	WA_MAG_00006
859768	Bacteria_71	Chorismate_synt	PF01264.21	1.6e-147	1071	0.548085901027078	0.472455648926237	0.533146591970121	0.647992530345472	0.613445378151261	0.661998132586368	0.281045751633987	0.549019607843137	0.520074696545285	0.478991596638655	0.940242763772176	0.910364145658263	0.526610644257703	0.371615312791783	0	0.339869281045752	0	0	0.644257703081233	0	0.414565826330532	0.381886087768441	0.373482726423903	0	0.164332399626517	0	0.704948646125117	0.261437908496732	0	WA_MAG_00006
487063	Bacteria_71	TsaE	PF02367.17	1.9e-35	411	0.498783454987835	0.37956204379562	0.902676399026764	0	0.995133819951338	0	0.0291970802919708	0.917274939172749	0.394160583941606	0.428223844282238	0.909975669099757	0.905109489051095	0.430656934306569	0	0	0.187347931873479	0	0	0	0	0	0.489051094890511	0	0	0.564476885644769	0	0.963503649635036	0.603406326034063	0	WA_MAG_00006
500460	Bacteria_71	YajC	PF02699.15	1.7e-26	291	0.0137457044673539	0.556701030927835	0.185567010309278	0	0.47766323024055	0.518900343642612	0.896907216494845	0.934707903780069	0	0.405498281786942	0.54639175257732	0.487972508591065	0	0	0	0.494845360824742	0	0	0.147766323024055	0	0	0.439862542955327	0	0	0	0	0.65979381443299	0	0	WA_MAG_00006
1296207	Bacteria_71	Ribosomal_L28	PF00830.19	8.5e-27	237	0.654008438818565	0.548523206751055	0	0.358649789029536	0.881856540084388	0	0	0.632911392405063	0	0.662447257383966	1	0.0464135021097046	0.261603375527426	0	0.447257383966245	0.818565400843882	0.611814345991561	0	0.578059071729958	0	0	0	0	0	0	0	0.734177215189873	0	0.658227848101266	WA_MAG_00006
1322959	Bacteria_71	GrpE	PF01025.19	5.7e-41	534	0.539325842696629	0.923220973782772	0	0	0.544943820224719	0.406367041198502	0.0767790262172285	0.887640449438202	0.0468164794007491	0	0.827715355805243	0.971910112359551	0.151685393258427	0	0.275280898876405	0.164794007490637	0	0	0	0.0524344569288389	0.50374531835206	0	0.441947565543071	0	0	0	0.359550561797753	0	0	WA_MAG_00006
1341977	Bacteria_71	Ribosomal_L32p	PF01783.23	2.1e-23	198	0.343434343434343	0.984848484848485	0	0.717171717171717	1	0.439393939393939	0.803030303030303	1	0.166666666666667	0.313131313131313	0.888888888888889	1	0	0	0	0.439393939393939	0	0	0	0	0	0.813131313131313	0	0	0	0	1	0	0.439393939393939	WA_MAG_00006
1341998	Bacteria_71	RecO_C	PF02565.15	1.6e-16	729	0.307270233196159	0.919067215363512	0	0.452674897119342	1	0.207133058984911	0.246913580246914	0.893004115226337	0	0	0.976680384087792	1	0	0	0	0	0.473251028806584	0	0.0754458161865569	0	0.283950617283951	0.614540466392318	0.854595336076818	0	0	0.104252400548697	0.917695473251029	0.182441700960219	0.172839506172839	WA_MAG_00006
1378521	Bacteria_71	Adenylsucc_synt	PF00709.21	5.3e-167	1275	0.491764705882353	0.754509803921569	0.397647058823529	0.419607843137255	0.929411764705882	0.0141176470588235	0.396862745098039	0.927843137254902	0.618823529411765	0.237647058823529	0.819607843137255	0.728627450980392	0.283921568627451	0.232156862745098	0.310588235294118	0.374117647058823	0.236862745098039	0.0329411764705882	0.230588235294118	0.083921568627451	0.197647058823529	0.413333333333333	0.185098039215686	0	0.132549019607843	0.24078431372549	0.954509803921569	0.330980392156863	0.0564705882352941	WA_MAG_00006
1378532	Bacteria_71	RuvX	PF03652.15	NA	NA	0.456018518518519	0.414351851851852	0.30787037037037	0.0833333333333333	0.599537037037037	0.381944444444444	0	0.962962962962963	0.453703703703704	0	0.724537037037037	0.787037037037037	0	0	0	0	0	0	0.451388888888889	0	0.696759259259259	0	0	0.280092592592593	0.847222222222222	0.909722222222222	0.613425925925926	0	0	NA
