gene_callers_id	source	gene_name	gene_hmm_id	e_value	length	WAM_ALR	WAM_CCR	WAM_IPI	WAM_MAR	WAM_MYS	WAM_PBL	WAM_PJN	WAM_PPR	WAM_PST	WAM_ROL	WAM_SCR	WAM_SGN	WAM_SIS	WAM_TWN	WAR_ALR	WAR_CCR	WAR_IPI	WAR_MAR	WAR_MYS	WAR_PBL	WAR_PJN	WAR_PPR	WAR_PSK	WAR_PST	WAR_RNW	WAR_ROL	WAR_SCR	WAR_SGL	WAR_SIS	mag_id
1179312	Bacteria_71	tRNA-synt_1d	PF00750.19	2.3e-125	1380	0	0	0.83768115942029	0.230434782608696	0.317391304347826	0	0	0	0.091304347826087	0	0	0	0.218115942028986	0	0	0.109420289855072	0	0	0.559420289855072	0	0	0	0.216666666666667	0.308695652173913	0	0	0	0	0.197101449275362	WA_MAG_00073
1200984	Bacteria_71	SecG	PF03840.14	3.9e-19	291	0	0	0.903780068728522	0	0.481099656357388	0.738831615120275	0	0	0	0	0	0.189003436426117	0	0	0	0	0	0	0.783505154639175	0	0	0	0	0	0	0	0	0	0	WA_MAG_00073
277185	Bacteria_71	Ribosomal_S15	PF00312.22	3.3e-35	270	0	0	1	0	0	0	0.551851851851852	0	0	0	0	0	0	0	0	0	0	0	0.985185185185185	0	0	0	0	0	0	0	0	0	0	WA_MAG_00073
314544	Bacteria_71	Ribosomal_S15	PF00312.22	1.3e-15	276	0	0	1	0	0.793478260869565	0	0	0	0	0	0	0.695652173913043	0	0	0	0	0	0	1	0	0	0	0	0.86231884057971	0	0	0	0	0	WA_MAG_00073
316979	Bacteria_71	Ham1p_like	PF01725.16	4.7e-59	603	0	0.429519071310116	0.792703150912106	0.343283582089552	0	0	0	0	0.333333333333333	0	0	0	0	0	0	0.0066334991708126	0	0	0.925373134328358	0.271973466003317	0	0	0	0	0	0	0	0.253731343283582	0	WA_MAG_00073
536755	Bacteria_71	Exonuc_VII_L	PF02601.15	3.1e-28	615	0	0	0.788617886178862	0	0	0	0	0	0.491056910569106	0	0	0	0	0	0	0.308943089430894	0	0	0.829268292682927	0	0.440650406504065	0	0	0.321951219512195	0	0	0	0	0	WA_MAG_00073
639523	Bacteria_71	Adenylsucc_synt	PF00709.21	4.4e-150	1251	0	0	0.796962430055955	0	0.199040767386091	0	0	0	0	0	0	0	0	0	0	0.420463629096723	0	0	0.903277378097522	0	0	0	0	0.420463629096723	0	0	0	0	0	WA_MAG_00073
53740	Bacteria_71	Ribosomal_S19	PF00203.21	7.9e-37	228	0	0	0.87719298245614	0	0	0	0	0	0	0	0	0.662280701754386	0	0	0	0.75	0	0.140350877192982	0.87719298245614	0.521929824561403	0	0	0	0	0	0	0	0	0	WA_MAG_00073
53741	Bacteria_71	Ribosomal_L2	PF00181.23	7e-35	798	0	0	0.789473684210526	0	0	0	0	0	0.368421052631579	0	0	0	0	0	0	0.109022556390977	0.286967418546366	0.280701754385965	0.968671679197995	0.18922305764411	0.37468671679198	0	0	0.378446115288221	0.37719298245614	0	0	0	0	WA_MAG_00073
53742	Bacteria_71	Ribosomal_L23	PF00276.20	1.8e-26	339	0	0	1	0	0.395280235988201	0	0	0	0	0	0	0	0	0	0	0.36283185840708	0	0	0.68141592920354	0	0	0	0	0	0	0	0	0	0	WA_MAG_00073
53743	Bacteria_71	Ribosomal_L4	PF00573.22	2.1e-47	537	0	0	1	0	0.357541899441341	0.281191806331471	0	0	0	0	0	0	0	0	0.206703910614525	0.757914338919926	0	0	0.0819366852886406	0	0	0	0	0.0670391061452514	0	0	0.562383612662942	0	0	WA_MAG_00073
53744	Bacteria_71	Ribosomal_L3	PF00297.22	5.9e-22	654	0	0	1	0	0.298165137614679	0.223241590214067	0	0	0	0	0.288990825688073	0	0	0	0.460244648318043	0	0	0	0.912844036697248	0	0	0	0	0.229357798165138	0	0.344036697247706	0	0	0	WA_MAG_00073
149014	Bacteria_71	SecE	PF00584.20	4.3e-15	273	0.435897435897436	0	0.974358974358974	0	0	0	0	0	0	0	0.355311355311355	0	0	0	0	0	0	0	0.494505494505495	0	0	0	0	0.366300366300366	0	0	0	0	0	WA_MAG_00073
149017	Bacteria_71	Ribosomal_L1	PF00687.21	3e-15	297	0	0	0.161616161616162	0	0	0	0	0	0	0	0	0	0	0	0	0	0	0	0.915824915824916	0.602693602693603	0.771043771043771	0	0.508417508417508	0	0	0	0	0	0	WA_MAG_00073
1484516	Bacteria_71	Ribosomal_L5	PF00281.19	2.1e-25	471	0	0	0.874734607218684	0	0	0.00424628450106157	0	0	0	0	0	0.316348195329087	0	0	0.382165605095541	0	0	0	0.571125265392781	0	0	0	0	0	0	0	0	0	0	WA_MAG_00073
1484517	Bacteria_71	Ribosomal_S8	PF00410.19	6.2e-48	396	0	0	0.97979797979798	0.611111111111111	0	0.722222222222222	0	0	0.383838383838384	0	0	0	0.361111111111111	0	0	0	0	0	0.914141414141414	0	0	0	0.378787878787879	0	0	0	0	0	0	WA_MAG_00073
1484518	Bacteria_71	Ribosomal_L6	PF00347.23	5.8e-37	543	0	0	0.847145488029466	0	0.478821362799263	0	0	0	0	0	0	0	0	0.465930018416206	0.14548802946593	0	0	0	0.994475138121547	0	0	0	0.416206261510129	0.423572744014733	0	0	0	0	0	WA_MAG_00073
1484519	Bacteria_71	Ribosomal_L18p	PF00861.22	3.1e-40	360	0	0	0.461111111111111	0	0	0.411111111111111	0	0	0	0	0	0	0	0	0.611111111111111	0	0	0	0	0	0	0	0.658333333333333	0.536111111111111	0	0	0	0	0	WA_MAG_00073
1576380	Bacteria_71	Ribosom_S12_S23	PF00164.25	4.7e-44	375	0	0.44	1	0	0	0	0	0	0	0	0	0.525333333333333	0	0	0	0	0	0	0.994666666666667	0	0	0	0	0	0	0	0	0.685333333333333	0	WA_MAG_00073
1576381	Bacteria_71	Ribosomal_S7	PF00177.21	6.7e-59	474	0.443037974683544	0	1	0	0	0	0	0	0.318565400843882	0	0	0	0	0	0	0.339662447257384	0	0.343881856540084	1	0	0	0	0	0	0	0	0	0	0	WA_MAG_00073
1597201	Bacteria_71	Pept_tRNA_hydro	PF01195.19	2.5e-58	570	0	0	0.856140350877193	0	0	0	0	0	0.282456140350877	0	0	0	0	0	0	0	0.485964912280702	0	0.831578947368421	0	0	0	0	0	0	0	0	0	0.189473684210526	WA_MAG_00073
1597202	Bacteria_71	Ribosomal_S6	PF01250.17	2.4e-28	342	0	0	1	0	0	0	0.87719298245614	0	0	0	0	0	0	0	0	0	0	0	0.730994152046784	0	0.333333333333333	0	0	0	0	0	0	0.184210526315789	0.277777777777778	WA_MAG_00073
1602079	Bacteria_71	IPPT	PF01715.17	3.4e-36	489	0	0	0.922290388548057	0	0	0	0	0	0.69120654396728	0	0	0	0	0	0	0.20040899795501	0	0	0.721881390593047	0	0	0	0	0	0	0	0	0.535787321063395	0	WA_MAG_00073
1612335	Bacteria_71	UPF0054	PF02130.17	1e-32	459	0	0	0.92156862745098	0	0.601307189542484	0	0	0	0	0	0	0	0	0	0	0.16557734204793	0	0	0.923747276688453	0	0.535947712418301	0	0	0	0	0	0	0	0	WA_MAG_00073
1714585	Bacteria_71	Chorismate_synt	PF01264.21	1.4e-74	738	0	0	0.353658536585366	0	0	0	0	0	0.166666666666667	0	0	0.407859078590786	0	0	0	0.409214092140921	0	0	0.452574525745257	0	0	0	0	0	0	0	0	0	0	WA_MAG_00073
1720148	Bacteria_71	Ribosomal_L21p	PF00829.21	5.2e-38	312	0.301282051282051	0	0.647435897435897	0	0	0	0	0	0	0.25	0.480769230769231	0	0	0	0	0.599358974358974	0	0	1	0	0.205128205128205	0	0	0.551282051282051	0	0	0	0	0	WA_MAG_00073
1720149	Bacteria_71	Ribosomal_L27	PF01016.19	1.5e-38	252	0.218253968253968	0	1	0	0	0	0	0	0.305555555555556	0.73015873015873	0.46031746031746	0	0	0	0	0	0	0.76984126984127	0.900793650793651	0	0.880952380952381	0	0	0.218253968253968	0.626984126984127	0	0	0	0	WA_MAG_00073
896473	Bacteria_71	RRF	PF01765.19	3.5e-46	468	0	0	0.393162393162393	0	0	0.408119658119658	0	0	0	0	0	0	0	0	0	0.151709401709402	0	0	0.952991452991453	0	0	0	0	0	0	0	0	0	0	WA_MAG_00073
978436	Bacteria_71	RecO_C	PF02565.15	1.8e-08	678	0.129793510324484	0	0.79646017699115	0.247787610619469	0	0	0	0	0	0	0	0	0	0.222713864306785	0	0.222713864306785	0	0	0.893805309734513	0	0	0	0	0	0.150442477876106	0	0	0	0	WA_MAG_00073
997793	Bacteria_71	SmpB	PF01668.18	4.9e-62	510	0.1	0	0.850980392156863	0	0	0	0.296078431372549	0	0	0	0	0	0	0	0	0	0	0	0.725490196078431	0	0	0	0	0	0	0	0	0	0	WA_MAG_00073
1009747	Bacteria_71	TsaE	PF02367.17	4.6e-39	456	0	0	1	0	0.114035087719298	0	0	0	0	0	0	0	0	0.565789473684211	0	0.543859649122807	0	0	1	0	0	0	0	0	0	0	0	0	0	WA_MAG_00073
1041419	Bacteria_71	Ribosomal_S16	PF00886.19	3.5e-22	324	0	0	0.972222222222222	0	0	0.533950617283951	0	0	0	0	0	0	0	0	0.166666666666667	0	0	0	0.867283950617284	0	0.462962962962963	0	0	0.79320987654321	0	0	0	0	0	WA_MAG_00073
1041420	Bacteria_71	tRNA_m1G_MT	PF01746.21	4.2e-63	693	0	0	0.937950937950938	0	0.18037518037518	0.0735930735930736	0	0	0	0	0	0	0	0	0	0	0	0	0.891774891774892	0	0.0808080808080808	0	0.232323232323232	0.0505050505050505	0	0	0	0	0	WA_MAG_00073
1041421	Bacteria_71	Ribosomal_L19	PF01245.20	3.2e-48	582	0	0	0.788659793814433	0	0.0893470790378007	0	0	0	0	0.465635738831615	0	0.338487972508591	0.316151202749141	0	0	0.187285223367698	0	0	0.984536082474227	0	0	0	0.518900343642612	0	0	0	0	0	0	WA_MAG_00073
706987	Bacteria_71	ADK	PF00406.22	3.3e-55	717	0	0	0.761506276150628	0	0	0	0	0	0	0	0	0.387726638772664	0	0	0	0.336122733612273	0	0	0.99721059972106	0	0	0	0	0.246861924686192	0	0	0	0	0	WA_MAG_00073
722379	Bacteria_71	Ribosomal_L9_C	PF03948.14	5.2e-21	399	0	0	0	0	0	0	0	0	0	0	0	0	0	0.18546365914787	0	0.378446115288221	0	0	0.781954887218045	0	0	0	0	0.593984962406015	0	0	0	0	0	WA_MAG_00073
751774	Bacteria_71	RBFA	PF02033.18	1.3e-29	366	0	0	0.560109289617486	0.412568306010929	0	0.278688524590164	0	0	0	0	0	0	0.409836065573771	0	0	0.327868852459016	0	0	0.942622950819672	0.297814207650273	0.163934426229508	0	0	0.0737704918032787	0	0	0	0	0	WA_MAG_00073
419571	Bacteria_71	RsfS	PF02410.15	6.9e-29	372	0	0	0.690860215053763	0.403225806451613	0	0	0	0	0	0	0	0	0	0	0	0	0	0	0.150537634408602	0	0	0	0	0.204301075268817	0	0	0.28494623655914	0	0	WA_MAG_00073
1304519	Bacteria_71	PGK	PF00162.19	6.4e-140	1188	0	0	0.711279461279461	0	0.308922558922559	0.122895622895623	0	0	0	0	0	0	0	0	0	0.393097643097643	0	0	0.696969696969697	0.176767676767677	0.2003367003367	0	0	0	0	0.0218855218855219	0	0	0	WA_MAG_00073
1318540	Bacteria_71	RuvX	PF03652.15	NA	NA	0	0	0.678571428571429	0	0	0	0	0	0	0	0.519047619047619	0	0	0	0.576190476190476	0	0	0	0.947619047619048	0	0	0	0	0	0	0	0	0	0	NA
1339455	Bacteria_71	Ribosomal_S2	PF00318.20	9.6e-80	705	0	0	1	0	0.269503546099291	0	0	0	0	0.214184397163121	0.112056737588652	0	0	0	0	0.127659574468085	0.704964539007092	0	0.887943262411347	0	0	0	0	0	0	0	0	0	0	WA_MAG_00073
1339456	Bacteria_71	EF_TS	PF00889.19	2.1e-64	846	0	0	0.678486997635934	0	0	0.355791962174941	0	0	0	0	0.151300236406619	0	0	0	0.0732860520094563	0	0.0650118203309693	0	0.666666666666667	0	0	0	0	0.351063829787234	0	0.356973995271868	0	0	0	WA_MAG_00073
1365070	Bacteria_71	Ribosomal_L17	PF01196.19	4.7e-34	426	0	0	0.666666666666667	0	0	0	0	0.382629107981221	0	0	0	0	0	0	0	0	0	0	1	0	0	0	0.643192488262911	0.328638497652582	0	0	0	0	0.36150234741784	WA_MAG_00073
1365071	Bacteria_71	RNA_pol_L	PF01193.24	3.4e-19	1101	0	0	0.912806539509537	0	0	0	0.160762942779292	0	0	0	0	0	0	0	0	0	0	0	0.998183469573115	0	0.192552225249773	0	0.217075386012716	0.151680290644868	0	0	0	0	0.130790190735695	WA_MAG_00073
1365072	Bacteria_71	Ribosomal_S11	PF00411.19	1.3e-29	318	0	0	1	0	0	0	0	0	0	0	0	0	0	0	0.748427672955975	0	0	0	0.883647798742138	0.694968553459119	0.330188679245283	0	0	0	0	0	0	0	0	WA_MAG_00073
1365073	Bacteria_71	Ribosomal_S13	PF00416.22	4.6e-34	375	0	0	1	0	0	0.290666666666667	0	0	0	0	0	0	0	0	0	0	0	0	0.968	0.0773333333333333	0.450666666666667	0	0.624	0	0	0	0	0	0	WA_MAG_00073
1365074	Bacteria_71	SecY	PF00344.20	9.4e-108	1374	0	0	0.978165938864629	0	0.0836972343522562	0.204512372634643	0	0	0.0145560407569141	0	0	0	0	0	0	0.219068413391557	0	0	0.731441048034934	0	0	0	0	0.411208151382824	0.185589519650655	0	0	0	0	WA_MAG_00073
1365075	Bacteria_71	Ribosomal_L27A	PF00828.19	4.8e-30	447	0	0	1	0	0.0850111856823266	0	0	0	0.619686800894855	0	0	0	0	0	0	0.413870246085011	0	0	0.917225950782998	0	0	0	0	0.154362416107383	0	0	0	0	0	WA_MAG_00073
