gene_callers_id	source	gene_name	gene_hmm_id	e_value	length	WAM_ALR	WAM_CCR	WAM_IPI	WAM_MAR	WAM_MYS	WAM_PBL	WAM_PJN	WAM_PPR	WAM_PST	WAM_ROL	WAM_SCR	WAM_SGN	WAM_SIS	WAM_TWN	WAR_ALR	WAR_CCR	WAR_IPI	WAR_MAR	WAR_MYS	WAR_PBL	WAR_PJN	WAR_PPR	WAR_PSK	WAR_PST	WAR_RNW	WAR_ROL	WAR_SCR	WAR_SGL	WAR_SIS	mag_id
1144876	Bacteria_71	AICARFT_IMPCHas	PF01808.18	3.7e-98	1158	0.0975820379965458	0	0	0	0	0	0.35405872193437	0	0.14853195164076	0.0993091537132988	0	0.25993091537133	0	0	0.386873920552677	0.127806563039724	0.255613126079447	0	0.36873920552677	0.208981001727116	0	0.259067357512953	0	0.0880829015544041	0.0440414507772021	0.455094991364421	0.25993091537133	0.393782383419689	0.260794473229706	WA_MAG_00082
1147285	Bacteria_71	Ribosomal_L17	PF01196.19	1.2e-36	399	0	0.280701754385965	0	0	0	0	0	0	0	0	0	0.388471177944862	0.538847117794486	0.681704260651629	0.18546365914787	0	0	0	0.441102756892231	0	0.358395989974937	0	0.446115288220551	0	0	0.441102756892231	0	0.428571428571429	0	WA_MAG_00082
1147286	Bacteria_71	RNA_pol_L	PF01193.24	1.2e-12	645	0	0	0	0	0	0.229457364341085	0	0.234108527131783	0.531782945736434	0	0	0.474418604651163	0.195348837209302	0.00930232558139534	0.0682170542635659	0	0	0	0.150387596899225	0	0	0	0.564341085271318	0.231007751937985	0	0.122480620155039	0.741085271317829	0.196899224806202	0.234108527131783	WA_MAG_00082
1170799	Bacteria_71	Ribosomal_S16	PF00886.19	2e-24	243	0	0.358024691358025	0.617283950617284	0.699588477366255	0.127572016460905	0	0	0.967078189300412	0	0.621399176954732	0	1	0	0	0	0	0	0	0	0	0	1	0	0	0.213991769547325	0.386831275720165	0.135802469135802	0	0	WA_MAG_00082
238368	Bacteria_71	Ribosomal_L27	PF01016.19	6.7e-38	258	0.437984496124031	0.689922480620155	0	0	0	0.251937984496124	0	0.282945736434109	0.352713178294574	0	0	0	0	0	0.131782945736434	0	0.333333333333333	0	0	0.581395348837209	0.507751937984496	0.263565891472868	0	0	0	0.585271317829457	0.542635658914729	0.197674418604651	0.829457364341085	WA_MAG_00082
238369	Bacteria_71	Ribosomal_L21p	PF00829.21	5.8e-37	312	0.105769230769231	0	0	0.28525641025641	0	0	0	0.503205128205128	0.41025641025641	0.256410256410256	0	0	0	0	0	0.503205128205128	0	0	0	0.375	0.862179487179487	0.605769230769231	0	0	0	0.955128205128205	0.66025641025641	0	0.253205128205128	WA_MAG_00082
304475	Bacteria_71	Ribosomal_L9_C	PF03948.14	1.2e-29	357	0	0	0	0	0.417366946778712	0	0	0.526610644257703	0	0	0	0	0	0	0	0.596638655462185	0	0.246498599439776	0	0	0.42296918767507	0	0.42296918767507	0	0.840336134453782	0	0.249299719887955	0.540616246498599	0.459383753501401	WA_MAG_00082
306614	Bacteria_71	RRF	PF01765.19	2.1e-61	564	0	0	0.170212765957447	0	0.851063829787234	0.125886524822695	0	0.546099290780142	0.179078014184397	0	0	0.322695035460993	0	0	0.393617021276596	0.276595744680851	0.443262411347518	0.138297872340426	0	0.356382978723404	0.234042553191489	0.50531914893617	0.322695035460993	0.25177304964539	0	0.420212765957447	0.618794326241135	0	0	WA_MAG_00082
313563	Bacteria_71	RsfS	PF02410.15	8.5e-28	360	0.983333333333333	0.45	0	0	0	0.175	0	0.416666666666667	0	0.411111111111111	0	0.627777777777778	0	0	0.388888888888889	0.313888888888889	0	0	0	0	0	0.491666666666667	0.419444444444444	0	0	0	0	0	0.419444444444444	WA_MAG_00082
90096	Bacteria_71	ribosomal_L24	PF17136.4	3.7e-22	324	0	0.104938271604938	0	0	0	0	0	0	0	0.481481481481481	0.00308641975308641	0	0.262345679012346	0	1	0	0	0	0.614197530864197	0.333333333333333	0.54320987654321	0.0432098765432099	0	0	0.126543209876543	0.419753086419753	0.848765432098765	0	0	WA_MAG_00082
90097	Bacteria_71	Ribosomal_L14	PF00238.19	7.7e-54	369	0	0.642276422764228	0	0	0	0.691056910569106	0	0	0	0.398373983739837	0.411924119241192	0	0	0	0.943089430894309	0	0	0	0.281842818428184	0.238482384823848	0.116531165311653	1	0	0	0.612466124661247	0.688346883468835	0.468834688346883	0	0	WA_MAG_00082
90098	Bacteria_71	Ribosomal_S17	PF00366.20	3.6e-30	276	0	0.902173913043478	0	0	0	0	0	0	0	0	0	0	0	0.626811594202899	0	0	0	0	0	0	0	0.58695652173913	0	0	0.0289855072463768	0	0.547101449275362	0	0	WA_MAG_00082
90099	Bacteria_71	Ribosomal_L29	PF00831.23	2.2e-20	225	0	0.844444444444444	0	0	0	0	0	0	0.466666666666667	0	0	0	0	0.48	0	0	0	0	0	0	0	0.897777777777778	0	0	0.577777777777778	0	0	0	0	WA_MAG_00082
90100	Bacteria_71	Ribosomal_L16	PF00252.18	4.6e-19	195	0	0.205128205128205	0	0	0	0	0	0	0.435897435897436	0	0	0	0	0	0	0	0	0	0	0	0	0.548717948717949	0	0	0.779487179487179	0	0	0	0	WA_MAG_00082
109323	Bacteria_71	OSCP	PF00213.18	3.5e-44	537	0.726256983240223	0	0	0	0.202979515828678	0.238361266294227	0.787709497206704	0	0.318435754189944	0.0614525139664804	0.443202979515829	0	0.0577281191806331	0.502793296089385	0	0.56610800744879	0	0	0.0614525139664804	0.240223463687151	0.279329608938547	0.361266294227188	0.0595903165735568	0.577281191806331	0.417132216014898	0	0.778398510242086	0.409683426443203	0.176908752327747	WA_MAG_00082
109325	Bacteria_71	ATP-synt	PF00231.19	4.8e-64	702	0	0.961538461538462	0.213675213675214	0	0	0.0683760683760684	0.195156695156695	0	0	0	0	0.383190883190883	0.111111111111111	0.0712250712250712	0	0.428774928774929	0.0826210826210826	0	0	0.180911680911681	0.387464387464387	0	0.428774928774929	0	0	0.195156695156695	0.696581196581197	0.5	0.0811965811965812	WA_MAG_00082
140149	Bacteria_71	PGK	PF00162.19	6.7e-16	189	0	0	0	1	0	0	0	0	0	0	0	0	0	0.830687830687831	0	0	0	0	0	0	0	0.312169312169312	0	0	0.105820105820106	0	0	0.148148148148148	0	WA_MAG_00082
1472060	Bacteria_71	Ribonuclease_P	PF00825.18	1.3e-29	339	0	0.699115044247788	0.271386430678466	0	0	0.87905604719764	0	0	0	0.365781710914454	0.672566371681416	0	0.359882005899705	0.566371681415929	0.303834808259587	0.504424778761062	0	0.91740412979351	0.00884955752212389	0	0.392330383480826	0	0	0.330383480825959	0	0.123893805309735	0	0.433628318584071	0	WA_MAG_00082
1711230	Bacteria_71	IPPT	PF01715.17	3.5e-48	663	0	0	0.452488687782805	0.419306184012066	0	0	0.227752639517345	0.455505279034691	0.422322775263952	0	0	0.16289592760181	0	0.227752639517345	0.217194570135747	0.251885369532428	0	0	0.226244343891403	0	0.349924585218703	0.288084464555053	0	0	0	0	0.392156862745098	0	0	WA_MAG_00082
957775	Bacteria_71	tRNA-synt_1d	PF00750.19	8.2e-81	1260	0	0.196825396825397	0.296825396825397	0	0	0.0611111111111111	0.404761904761905	0	0	0.413492063492063	0	0.0587301587301587	0.23968253968254	0.356349206349206	0	0	0	0.184920634920635	0	0.254761904761905	0	0	0.241269841269841	0	0.119047619047619	0	0.135714285714286	0.207142857142857	0	WA_MAG_00082
1022244	Bacteria_71	Ribosomal_L35p	PF01632.19	3.4e-20	204	0	0	0.240196078431373	0	0	0	0	0	0.00980392156862745	0	0.96078431372549	0.735294117647059	0	0	0	0	0	0	0	0.877450980392157	0	1	0.637254901960784	0	0	0.906862745098039	0.730392156862745	0.877450980392157	0	WA_MAG_00082
1022245	Bacteria_71	Ribosomal_L20	PF00453.18	1e-31	243	0.34156378600823	0	0	0	0	0	0	0	0.563786008230453	0	0	0	0	0	0.489711934156379	0.106995884773663	0	0.0288065843621399	0	0	0	1	0.34156378600823	0.539094650205761	0	0.621399176954732	0.827160493827161	1	0	WA_MAG_00082
1046805	Bacteria_71	SmpB	PF01668.18	3.1e-58	567	0	0	0.934744268077601	0	0	0	0.483245149911817	0.523809523809524	0.144620811287478	0	0.340388007054674	0	0	0	0	0	0	0	0	0.409171075837742	0.904761904761905	0	0.624338624338624	0	0	0.511463844797178	0.530864197530864	0	0	WA_MAG_00082
787746	Bacteria_71	Ribosomal_L13	PF00572.18	4e-60	429	0.701631701631702	0	0.181818181818182	0.123543123543124	0	0.034965034965035	0	1	0	0	0	0	0	0	0	0	0	0.130536130536131	0	0.62004662004662	0.335664335664336	0.648018648018648	0.487179487179487	0.351981351981352	0.529137529137529	0	0.0979020979020979	0.375291375291375	0	WA_MAG_00082
787747	Bacteria_71	Ribosomal_S9	PF00380.19	1.3e-49	396	0.830808080808081	0.366161616161616	0	0.378787878787879	0	0	0	0.131313131313131	0	0	0	0.333333333333333	0	0.378787878787879	0	0	0.507575757575758	0.366161616161616	0.29040404040404	0.381313131313131	0.381313131313131	0.893939393939394	0.166666666666667	0.381313131313131	0.126262626262626	0	0.101010101010101	0	0	WA_MAG_00082
876851	Bacteria_71	GrpE	PF01025.19	5.9e-21	222	0	0	0	0	0	0	0	0	0	0	0	0	0	1	0	1	0	0	0	0	0	0	0	0	0	0	0	0	0	WA_MAG_00082
389233	Bacteria_71	Ribosomal_L19	PF01245.20	2.9e-47	357	0	0.658263305322129	0	0	0.663865546218487	0	0	0.322128851540616	0	0	0	0	0	0	0.596638655462185	0	0	0	0.291316526610644	0.0168067226890756	0.630252100840336	1	0	0.848739495798319	0	0.703081232492997	0.00280112044817927	0.65266106442577	0.240896358543417	WA_MAG_00082
389234	Bacteria_71	tRNA_m1G_MT	PF01746.21	3.9e-19	294	0	0	0	0	0	0	0	0.91156462585034	0	0	0	0	0	0	0	0	0	0	0	0.527210884353742	0	0.0714285714285714	0	0	0	0	0	1	0	WA_MAG_00082
407695	Bacteria_71	Ham1p_like	PF01725.16	8.9e-60	609	0	0.610837438423645	0.492610837438424	0	0	0.359605911330049	0	0.35632183908046	0.0476190476190476	0	0	0	0	0.459770114942529	0	0	0.532019704433498	0	0	0.221674876847291	0	0.247947454844007	0	0	0.251231527093596	0.61576354679803	0.440065681444992	0.495894909688013	0	WA_MAG_00082
438153	Bacteria_71	Ribosomal_L28	PF00830.19	3.1e-28	222	0	0.572072072072072	0	0	0	0	0	0.045045045045045	0.324324324324324	0	0	0	0	0.765765765765766	0.518018018018018	0.828828828828829	0	0.563063063063063	0.603603603603604	0	0.68018018018018	0	0	0.792792792792793	0.018018018018018	0	0.891891891891892	0	0	WA_MAG_00082
498843	Bacteria_71	Ribosomal_L1	PF00687.21	3e-58	708	0.275423728813559	0.389830508474576	0	0.258474576271186	0	0	0.470338983050847	0.425141242937853	0	0.425141242937853	0.211864406779661	0.337570621468927	0.300847457627119	0.194915254237288	0	0.518361581920904	0	0.213276836158192	0	0.265536723163842	0	0.351694915254237	0.391242937853107	0.46045197740113	0	0.244350282485876	0.53954802259887	0.425141242937853	0.213276836158192	WA_MAG_00082
507702	Bacteria_71	Ribosomal_S8	PF00410.19	1.3e-38	345	0	0	0	0	0	0	0	0.379710144927536	0	0	0	0	0	0	0.434782608695652	0	0	0	0	0.43768115942029	0	0	0	0.382608695652174	0.226086956521739	0	0.402898550724638	0.67536231884058	0.434782608695652	WA_MAG_00082
507703	Bacteria_71	Ribosomal_L6	PF00347.23	2.7e-33	546	0	0	0	0	0.65018315018315	0.296703296703297	0	0.100732600732601	0.146520146520147	0	0.357142857142857	0	0	0.124542124542125	0	0.0952380952380952	0	0	0.336996336996337	0	0	0	0.536630036630037	0.283882783882784	0.111721611721612	0	0.69047619047619	0.100732600732601	0	WA_MAG_00082
507704	Bacteria_71	Ribosomal_L18p	PF00861.22	3.1e-42	360	0	0	0	0	0.983333333333333	0.333333333333333	0	0.330555555555556	0.411111111111111	0	0.111111111111111	0.719444444444444	0	0.597222222222222	0	0	0	0	0	0	0.419444444444444	0	0	0.433333333333333	0	0.105555555555556	0	0	0	WA_MAG_00082
507707	Bacteria_71	Ribosomal_L27A	PF00828.19	1.7e-38	444	0.166666666666667	0	0	0	0	0.202702702702703	0	0.81981981981982	0	0	0	0.747747747747748	0	0	0.362612612612613	0.504504504504504	0.63963963963964	0.668918918918919	0.114864864864865	0	0.132882882882883	0	0.691441441441441	0.439189189189189	0	0.308558558558559	0.486486486486487	0.288288288288288	0	WA_MAG_00082
507708	Bacteria_71	SecY	PF00344.20	5.4e-26	501	0.359281437125749	0	0	0	0	0	0	0.347305389221557	0	0.275449101796407	0	0.86626746506986	0	0.301397205588822	0	0.419161676646707	0	0.301397205588822	0	0	0.219560878243513	0	0	0	0	0.329341317365269	0.582834331337325	0	0.548902195608782	WA_MAG_00082
510376	Bacteria_71	Exonuc_VII_L	PF02601.15	5.5e-87	1383	0.415762834417932	0	0.304410701373825	0.146782357194505	0	0	0	0	0.203181489515546	0.0159074475777296	0.0983369486623283	0.100506146059291	0	0.26825741142444	0.292841648590022	0.0925524222704266	0.131597975415763	0.109182935647144	0.140274765003615	0.328994938539407	0.386840202458424	0	0.266811279826464	0.211135213304411	0	0	0.40708604483008	0.415039768618944	0.216919739696312	WA_MAG_00082
1280726	Bacteria_71	EF_TS	PF00889.19	1e-45	663	0.024132730015083	0	0	0	0	0.453996983408748	0	0.0271493212669683	0	0.114630467571644	0	0.733031674208145	0	0	0.529411764705882	0.669683257918552	0.40422322775264	0.295625942684766	0	0.386123680241327	0.285067873303167	0	0	0	0.874811463046757	0.337858220211161	0.683257918552036	0	0.580693815987934	WA_MAG_00082
1280727	Bacteria_71	Ribosomal_S2	PF00318.20	5.9e-98	813	0.014760147601476	0	0.156211562115621	0	0	0.335793357933579	0	0.592865928659287	0	0.044280442804428	0.349323493234932	0.3690036900369	0	0	0.463714637146371	0.271832718327183	0.008610086100861	0	0	0	0	0.339483394833948	0	0	0.351783517835178	0.141451414514145	0.338253382533825	0.30750307503075	0.303813038130381	WA_MAG_00082
