gene_callers_id	source	gene_name	gene_hmm_id	e_value	length	WAM_ALR	WAM_CCR	WAM_IPI	WAM_MAR	WAM_MYS	WAM_PBL	WAM_PJN	WAM_PPR	WAM_PST	WAM_ROL	WAM_SCR	WAM_SGN	WAM_SIS	WAM_TWN	WAR_ALR	WAR_CCR	WAR_IPI	WAR_MAR	WAR_MYS	WAR_PBL	WAR_PJN	WAR_PPR	WAR_PSK	WAR_PST	WAR_RNW	WAR_ROL	WAR_SCR	WAR_SGL	WAR_SIS	mag_id
1076177	Bacteria_71	YajC	PF02699.15	1.6e-29	282	0	0	0	1	0	0	0	0	0.595744680851064	0	0.578014184397163	0.897163120567376	0	1	0	0	0	0	0	0	0	0	0	0.620567375886525	0.836879432624113	0	0	0	0	WA_MAG_00054
1120481	Bacteria_71	GrpE	PF01025.19	4.6e-43	561	0	0	0	1	0	0	0	0	0.269162210338681	0	0	1	0	0.803921568627451	0	0	0	0.197860962566845	0	0	0	0	0	0	0.725490196078431	0	0	0	0	WA_MAG_00054
1151368	Bacteria_71	Ribosomal_L27A	PF00828.19	8.8e-16	210	0	0	0	1	0	0	0	0	1	0	0	1	0	1	0	0	0	0	0	0	0	0	0	0.719047619047619	0	0	0	0	0	WA_MAG_00054
1151369	Bacteria_71	SecY	PF00344.20	1.8e-105	1338	0.428251121076233	0	0.224215246636771	0.827354260089686	0	0.183856502242152	0	0.613602391629297	0.856502242152466	0	0.141255605381166	1	0	1	0	0	0	0	0	0.221973094170404	0	0	0	0.502989536621824	0.225710014947683	0	0.112855007473842	0	0	WA_MAG_00054
1151370	Bacteria_71	eIF-1a	PF01176.19	2.8e-28	216	0.62037037037037	0	0	1	0	0.305555555555556	0	0	0.652777777777778	0	0	1	0	1	0	0	0	0	0	0	0	0.00462962962962962	0	0.699074074074074	0	0	0.699074074074074	0	0	WA_MAG_00054
1151371	Bacteria_71	Ribosomal_S13	PF00416.22	2.8e-34	375	0	0	0	0.965333333333333	0	0.882666666666667	0	0.904	1	0	0.445333333333333	0.586666666666667	0.52	1	0	0	0	0	0	0.56	0.485333333333333	0.314666666666667	0	0	0	0	0	0.170666666666667	0	WA_MAG_00054
1151372	Bacteria_71	Ribosomal_S11	PF00411.19	7.6e-46	393	0.412213740458015	0	0	1	0	0.567430025445293	0	0.900763358778626	0.982188295165394	0	0.0483460559796438	0.987277353689568	0.246819338422392	1	0	0	0	0	0	0.516539440203562	0	0.295165394402036	0	0.743002544529262	0	0	0	0.157760814249364	0	WA_MAG_00054
1165707	Bacteria_71	Ribosomal_S15	PF00312.22	2.5e-34	273	0.241758241758242	0	0	0.992673992673993	0	0.52014652014652	0	0.860805860805861	1	0.454212454212454	0	0.593406593406593	0	0.446886446886447	0	0	0	0	0	0	0	0	0	0	0.553113553113553	0	0	0	0	WA_MAG_00054
1202633	Bacteria_71	Ribonuclease_P	PF00825.18	1.4e-17	234	0	0	0	1	0	0	0	0.641025641025641	0.00427350427350427	0	0	1	0	0.888888888888889	0	0	0	0	0	0	0	0	0	0.841880341880342	0	0	0	0	0	WA_MAG_00054
1227073	Bacteria_71	RNA_pol_Rpb6	PF01192.22	2.1e-09	327	0.0581039755351682	0.180428134556575	0	1	0	0	0	0	0.844036697247706	0.795107033639144	0	1	0	0.975535168195719	0	0	0	0	0	0	0	0	0	0	0	0	0	0	0	WA_MAG_00054
201888	Bacteria_71	tRNA-synt_1d	PF00750.19	2.3e-30	1224	0	0	0	0.974673202614379	0	0.627450980392157	0	0.0506535947712418	0.647875816993464	0	0	0.368464052287582	0	0.917483660130719	0	0	0	0.238562091503268	0	0	0	0	0	0	0.359477124183007	0	0	0	0	WA_MAG_00054
211533	Bacteria_71	RsfS	PF02410.15	2.8e-28	375	0	0	0	1	0	0.338666666666667	0	0.653333333333333	0.794666666666667	0	0	0.701333333333333	0	1	0	0	0	0	0	0.130666666666667	0	0	0	0.666666666666667	0.853333333333333	0	0	0	0	WA_MAG_00054
215229	Bacteria_71	TsaE	PF02367.17	2.8e-38	447	0	0	0	0.507829977628635	0	0.335570469798658	0.398210290827741	0	0.747203579418344	0	0.337807606263982	0.995525727069351	0.0671140939597315	0.48993288590604	0	0	0	0	0	0	0	0.32662192393736	0	0.51006711409396	0	0	0	0	0	WA_MAG_00054
216170	Bacteria_71	Ribosomal_L1	PF00687.21	1.5e-53	690	0.205797101449275	0	0	1	0	0.53768115942029	0	0.305797101449275	0.430434782608696	0.436231884057971	0	0.582608695652174	0	1	0	0	0	0	0	0	0	0	0	0.215942028985507	0	0	0	0	0	WA_MAG_00054
296432	Bacteria_71	Ribosomal_S16	PF00886.19	9.8e-26	591	0	0.44331641285956	0	1	0	0.238578680203046	0.490693739424704	0.49746192893401	0.979695431472081	0	0.478849407783418	0.954314720812183	0	0.996615905245347	0	0	0	0	0	0	0	0.764805414551607	0	0	0	0	0.328257191201354	0	0	WA_MAG_00054
296660	Bacteria_71	SmpB	PF01668.18	7.8e-60	459	0.104575163398693	0	0	0.873638344226579	0.328976034858388	0.344226579520697	0	0	0	0	0	1	0	0.908496732026144	0.30718954248366	0	0	0	0	0	0	0.44880174291939	0	0	0.196078431372549	0	0	0.627450980392157	0	WA_MAG_00054
344319	Bacteria_71	Ribosomal_L17	PF01196.19	1.1e-32	555	0	0	0	1	0	0.484684684684685	0	0.0342342342342342	0.731531531531531	0	0	0.81981981981982	0	1	0	0	0	0	0	0	0	0	0	0.733333333333333	0.436036036036036	0	0	0.272072072072072	0	WA_MAG_00054
27421	Bacteria_71	Chorismate_synt	PF01264.21	8.2e-128	954	0	0	0	0.571278825995807	0	0.350104821802935	0	0.443396226415094	0.178197064989518	0	0	0.823899371069182	0	0.547169811320755	0	0.316561844863732	0	0.268343815513627	0	0.158280922431866	0	0	0.157232704402516	0	0.171907756813417	0	0	0.316561844863732	0	WA_MAG_00054
44962	Bacteria_71	Ribosomal_S20p	PF01649.18	4.8e-27	243	1	0	0	1	0	0.868312757201646	0.559670781893004	0	0.827160493827161	0	0.432098765432099	0.995884773662552	0	1	0	0	0	0	0	0	0	0	0	0	0.991769547325103	0	0	0	0	WA_MAG_00054
81847	Bacteria_71	Ribosomal_S17	PF00366.20	4.8e-32	258	0	0.856589147286822	0	0.996124031007752	0	0.872093023255814	0.468992248062016	0.375968992248062	0.581395348837209	0	0	1	0	1	0	0	0	0	0	0	0.197674418604651	0	0	0	0.410852713178295	0	0	0	0	WA_MAG_00054
81848	Bacteria_71	Ribosomal_L29	PF00831.23	8.4e-20	192	0	0.03125	0	1	0	0.984375	0.630208333333333	1	0.765625	0	0	1	0	1	0	0	0	0	0	0	0	0	0	0	0.71875	0	0	0	0	WA_MAG_00054
81849	Bacteria_71	Ribosomal_L16	PF00252.18	4.2e-34	252	0	0	0	1	0	0.0595238095238095	1	0.722222222222222	0.793650793650794	0	0	1	0	1	0	0	0	0	0	0	0	0	0	0.277777777777778	0.123015873015873	0	0	0	0	WA_MAG_00054
81850	Bacteria_71	Ribosomal_L16	PF00252.18	8.1e-15	171	0	0	0	1	0	0.461988304093567	0.0409356725146199	1	0.760233918128655	0	0.935672514619883	0.871345029239766	0	1	0	0	0	0	0	0	0	0	0	0.473684210526316	0	0	0	0	0	WA_MAG_00054
81851	Bacteria_71	Ribosomal_S3_C	PF00189.20	6.8e-40	723	0	0	0	1	0	0.177040110650069	0.24896265560166	0.510373443983402	0.712309820193638	0	0.0221300138312586	0.921161825726141	0	1	0	0	0	0.177040110650069	0	0	0	0	0	0.358229598893499	0	0	0	0	0	WA_MAG_00054
81852	Bacteria_71	Ribosomal_L22	PF00237.19	9.6e-30	411	0	0	0	1	0.54014598540146	0.742092457420925	0.289537712895377	0.4330900243309	0.763990267639903	0	0.523114355231144	0.931873479318735	0	0.832116788321168	0	0	0	0.0875912408759124	0	0	0	0	0	0.0121654501216545	0.627737226277372	0	0	0	0	WA_MAG_00054
81853	Bacteria_71	Ribosomal_S19	PF00203.21	7.8e-39	279	0	0	0	1	0.0931899641577061	0.315412186379928	0	0	0	0	0.129032258064516	0.888888888888889	0	1	0	0	0	0	0	0	0	0	0	0.763440860215054	0.917562724014337	0	1	0	0	WA_MAG_00054
99728	Bacteria_71	Adenylsucc_synt	PF00709.21	2.9e-170	1275	0.236078431372549	0.236862745098039	0	0.770196078431372	0	0.0211764705882353	0.297254901960784	0.444705882352941	0.913725490196078	0	0	0.985882352941176	0	1	0	0.166274509803922	0	0.236862745098039	0	0.225882352941176	0	0.236862745098039	0	0.355294117647059	0.514509803921569	0	0	0.0423529411764706	0	WA_MAG_00054
163864	Bacteria_71	Ribonuclease_P	PF00825.18	2.3e-19	360	0.0138888888888889	0	0	1	0	0.622222222222222	0.419444444444444	0.0138888888888889	0.380555555555556	0	0	1	0	0.605555555555556	0	0	0	0	0	0	0	0	0	0.552777777777778	0.419444444444444	0	0	0	0	WA_MAG_00054
1420219	Bacteria_71	SecG	PF03840.14	1.2e-17	180	0.238888888888889	0	0	1	0	0	0	0.327777777777778	0	0	0	1	0	1	0	0	0	0	0	0	0	0	0	0.0833333333333333	1	0	0.733333333333333	0	0	WA_MAG_00054
1531464	Bacteria_71	UPF0054	PF02130.17	4.7e-23	423	0	0	0	1	0	0	0	0.328605200945626	1	0	0.146572104018913	0.966903073286052	0	1	0	0	0	0	0	0.541371158392435	0.278959810874705	0	0	0.205673758865248	0.713947990543735	0	0	0	0	WA_MAG_00054
1537555	Bacteria_71	ADK	PF00406.22	7.2e-54	576	0	0.421875	0	0.946180555555556	0	0.381944444444444	0	0.383680555555556	0	0	0	0.78125	0	0.925347222222222	0.173611111111111	0	0	0	0	0	0	0	0	0.380208333333333	0.105902777777778	0	0.102430555555556	0.494791666666667	0	WA_MAG_00054
1569160	Bacteria_71	Ribosomal_L35p	PF01632.19	2e-27	198	0	0	0	1	0	0	0	0	1	0	0	1	0	1	0	0	0	0	0	0	0	0	0	0	0.116161616161616	0	0.873737373737374	0	0	WA_MAG_00054
1569161	Bacteria_71	Ribosomal_L20	PF00453.18	1.8e-49	345	0	0	0	0.695652173913043	0	0	0	0	0.721739130434783	0	0	1	0	1	0	0	0	0	0	0	0	0	0	0	0.698550724637681	0	0	0	0	WA_MAG_00054
1601004	Bacteria_71	RBFA	PF02033.18	7.2e-27	393	0	0	0	1	0.111959287531807	0	0	0.150127226463104	0.854961832061069	0	0	1	0	1	0	0	0	0.119592875318066	0	0	0	0	0	0.455470737913486	0.353689567430025	0	0.175572519083969	0.195928753180662	0	WA_MAG_00054
1638911	Bacteria_71	Ribosomal_S6	PF01250.17	1.6e-32	336	0	0	0	1	0	0	0	0	0.830357142857143	0	0	0.535714285714286	0	1	0	0	0	0	0	0	0	0	0	1	0.0982142857142857	0	0	0.449404761904762	0	WA_MAG_00054
1638913	Bacteria_71	Ribosomal_L9_C	PF03948.14	2.4e-25	450	0	0	0	1	0	0	0	0.526666666666667	1	0	0	0.982222222222222	0	1	0	0	0	0	0	0	0	0.335555555555556	0	0	0.255555555555556	0	0	0.388888888888889	0	WA_MAG_00054
1670602	Bacteria_71	Ham1p_like	PF01725.16	2.6e-58	615	0	0	0	0.88780487804878	0	0	0	0	0.256910569105691	0	0	0.76260162601626	0	0.996747967479675	0	0	0	0	0	0	0	0	0	0.0016260162601626	0.321951219512195	0	0	0	0	WA_MAG_00054
1691238	Bacteria_71	EF_TS	PF00889.19	1.5e-25	255	0	0	0	0.670588235294118	0	0	0	0	0.647058823529412	0	0	0.929411764705882	0	0	0	0	0	0	0	0	0	0	0	0	0.133333333333333	0	0	0	0	WA_MAG_00054
1746363	Bacteria_71	IPPT	PF01715.17	3.9e-64	894	0	0	0	0.795302013422819	0.284116331096197	0	0	0.167785234899329	0.83668903803132	0	0	0.813199105145414	0	0.912751677852349	0	0	0	0	0	0.38255033557047	0.204697986577181	0.148769574944072	0	0.0861297539149888	0.252796420581655	0	0	0.337807606263982	0	WA_MAG_00054
922598	Bacteria_71	ATP-synt_A	PF00119.20	2e-54	1134	0	0.191358024691358	0	0.752204585537919	0	0.328924162257496	0	0.260141093474427	0.677248677248677	0	0	0.854497354497355	0.0873015873015873	1	0	0	0	0	0	0	0	0	0	0.167548500881834	0.229276895943563	0	0	0	0	WA_MAG_00054
922601	Bacteria_71	OSCP	PF00213.18	4e-39	540	0	0	0	1	0.203703703703704	0.764814814814815	0	0.740740740740741	0.746296296296296	0	0	1	0	1	0	0	0	0	0	0	0	0	0	0.540740740740741	0.742592592592593	0	0	0	0	WA_MAG_00054
1022695	Bacteria_71	PGK	PF00162.19	2.9e-12	132	0	0	0	0.310606060606061	0	0.113636363636364	0	0	0	0	0	0	0	0.795454545454545	0	0	0	0.310606060606061	0	0	0	0	0	0	0	0	0	0	0	WA_MAG_00054
1023707	Bacteria_71	Ribosomal_L5	PF00281.19	2.1e-26	552	0.0543478260869565	0	0	1	0	0	0	0	1	0	0	0.971014492753623	0	0.713768115942029	0	0.0543478260869565	0	0	0	0	0	0	0	0.159420289855072	0.603260869565217	0	0	0	0	WA_MAG_00054
1023708	Bacteria_71	ribosomal_L24	PF17136.4	9.3e-33	315	0	0	0	0.46984126984127	0	0.520634920634921	0	0	0.533333333333333	0	0	0.974603174603175	0	0	0	0	0	0	0	0	0	0	0	0	0	0	0	0	0	WA_MAG_00054
1029713	Bacteria_71	Ribosomal_S15	PF00312.22	7.1e-14	135	0.555555555555556	0	0	0.37037037037037	0	0	0	0	0.881481481481482	0	0	1	0	1	0	0	0	0	0	0	0	0.874074074074074	0	0	0	0	0	0	0	WA_MAG_00054
1032148	Bacteria_71	Ribosom_S12_S23	PF00164.25	4.6e-37	270	0	0	0	0.992592592592593	0	0	0	0.185185185185185	0.348148148148148	0.222222222222222	0	1	0	1	0	0	0	0.559259259259259	0	0	0.944444444444444	0.559259259259259	0	0.766666666666667	0.651851851851852	0	0.707407407407407	0.274074074074074	0	WA_MAG_00054
1032149	Bacteria_71	Ribosomal_S7	PF00177.21	1.9e-64	477	0	0	0	1	0	0	0	0.890985324947589	0.859538784067086	0.461215932914046	0	0.788259958071279	0	1	0	0	0	0.316561844863732	0	0	0	0	0	0	0.444444444444444	0	0.163522012578616	0.29559748427673	0	WA_MAG_00054
1052922	Bacteria_71	Ribosomal_L32p	PF01783.23	4.5e-23	201	0	0	0	1	0	0.706467661691542	0.656716417910448	0.771144278606965	0.587064676616915	0	0.746268656716418	1	0	1	0	0	0	0	0	0	0	0	0	0	0.771144278606965	0	0	0	0	WA_MAG_00054
784176	Bacteria_71	Ribosomal_L28	PF00830.19	1.2e-25	237	0.738396624472574	0	0	1	0	0	0	0	0.877637130801688	0	0.637130801687764	0.734177215189873	0	1	0	1	0	0.49789029535865	0	0	0	0	0	0	0	0	0	0.240506329113924	0	WA_MAG_00054
858770	Bacteria_71	EF_TS	PF00889.19	4.2e-27	561	0.525846702317291	0	0	0.584670231729055	0	0	0	0	0.360071301247772	0	0	0.912655971479501	0	0.923351158645276	0	0	0	0	0	0	0	0	0	0	0.459893048128342	0	0	0	0	WA_MAG_00054
858771	Bacteria_71	Ribosomal_S2	PF00318.20	9.2e-90	795	0	0	0	0.875471698113208	0	0.0276729559748428	0	0.241509433962264	0.623899371069182	0	0	1	0	1	0	0	0	0.135849056603774	0	0.286792452830189	0	0	0	0.631446540880503	0.20125786163522	0	0	0	0	WA_MAG_00054
858772	Bacteria_71	Ribosomal_S9	PF00380.19	3.5e-51	387	0	0	0	1	0	0.824289405684755	0	0	0.979328165374677	0	0.614987080103359	1	0	1	0	0	0	0	0	0	0	0	0	0.529715762273902	0	0	0	0.369509043927649	0	WA_MAG_00054
858773	Bacteria_71	Ribosomal_L13	PF00572.18	2.6e-56	456	0	0	0	1	0	0.802631578947368	0.241228070175439	0	0.896929824561403	0	0.125	1	0	1	0	0	0	0	0	0	0.657894736842105	0	0	0	0.453947368421053	0	0	0.109649122807018	0	WA_MAG_00054
867098	Bacteria_71	Ribosomal_S8	PF00410.19	4.1e-53	399	0	0	0	1	0.343358395989975	0.664160401002506	0	1	1	0	0	0.994987468671679	0	1	0	0	0	0.706766917293233	0	0	0	0.348370927318296	0	0	0	0	0	0	0	WA_MAG_00054
867099	Bacteria_71	Ribosomal_L6	PF00347.23	2.6e-36	543	0	0	0	0.729281767955801	0.0405156537753223	0.556169429097606	0.18232044198895	0.723756906077348	0.222836095764273	0	0	1	0	1	0	0	0	0.278084714548803	0	0	0	0.0902394106813996	0	0	0	0	0	0	0	WA_MAG_00054
867100	Bacteria_71	Ribosomal_L18p	PF00861.22	3.5e-45	354	0.819209039548023	0	0	1	0	0.0112994350282486	0.53954802259887	0.27683615819209	0	0	0	1	0	1	0	0	0	0.759887005649718	0	0.403954802259887	0	0	0	0	0.734463276836158	0	0	0	0	WA_MAG_00054
407504	Bacteria_71	ATP-synt	PF00231.19	7e-86	813	0	0	0	0.977859778597786	0	0.134071340713407	0.371463714637146	0.257072570725707	0.831488314883149	0	0	0.977859778597786	0	0.632226322263223	0	0	0	0	0	0.228782287822878	0.0861008610086101	0	0	0.560885608856089	0	0	0	0.370233702337023	0	WA_MAG_00054
457266	Bacteria_71	tRNA_m1G_MT	PF01746.21	7.4e-54	675	0.385185185185185	0	0	1	0	0.223703703703704	0	0.106666666666667	0.927407407407408	0	0	0.337777777777778	0	0.728888888888889	0	0	0	0	0	0	0	0.251851851851852	0	0.737777777777778	0	0	0	0	0	WA_MAG_00054
457267	Bacteria_71	Ribosomal_L19	PF01245.20	6.6e-44	351	0	0	0	1	0	0.0997150997150997	0	0.00854700854700854	0.735042735042735	0	0	0.427350427350427	0	1	0	0	0	0	0	0	0	0.0854700854700855	0	0	0	0	0	0	0	WA_MAG_00054
1266742	Bacteria_71	Ribosomal_L2	PF00181.23	1.4e-32	822	0	0	0	0.830900243309002	0	0	0	0	0.641119221411192	0	0	0.811435523114355	0	0.844282238442822	0	0	0	0	0	0	0	0	0	0	0.340632603406326	0	0.113138686131387	0	0	WA_MAG_00054
1266743	Bacteria_71	Ribosomal_L23	PF00276.20	1.3e-27	291	0	0	0	1	0	0	0.498281786941581	0	0.601374570446735	0	0	0.996563573883162	0	1	0	0	0	0	0	0	0	0	0	0	0.914089347079038	0	0	0.577319587628866	0.0343642611683849	WA_MAG_00054
1266744	Bacteria_71	Ribosomal_L4	PF00573.22	1.4e-14	201	0	0	0	0.850746268656716	0	0	0.557213930348259	0.751243781094527	0.606965174129353	0	0	0.532338308457711	0	0.990049751243781	0	0	0	0.751243781094527	0	0	0	0	0	0	1	0	0	0.606965174129353	0.666666666666667	WA_MAG_00054
1278318	Bacteria_71	PGK	PF00162.19	1e-149	1188	0	0	0	0.739057239057239	0	0.343434343434343	0	0	0.567340067340067	0	0	0.946969696969697	0	0.898989898989899	0	0	0	0	0	0	0	0.122895622895623	0	0.445286195286195	0.351010101010101	0	0.122053872053872	0	0	WA_MAG_00054
1292505	Bacteria_71	tRNA-synt_1d	PF00750.19	9.7e-16	555	0	0	0	0.25045045045045	0	0.812612612612613	0	0	0.605405405405405	0	0	0.89009009009009	0	0.920720720720721	0	0	0	0	0	0	0.396396396396396	0	0	0	0	0	0	0	0	WA_MAG_00054
1351540	Bacteria_71	Ribosomal_L27	PF01016.19	2.9e-36	264	0	0	0	1	0.871212121212121	0.435606060606061	0	0.0265151515151515	1	0	0	0.75	0	1	0	0	0	0.931818181818182	0	0	0	0	0	0.25	0	0	0	0	0	WA_MAG_00054
1351541	Bacteria_71	Ribosomal_L21p	PF00829.21	2.9e-40	528	0	0	0	1	0	0.600378787878788	0	0	0.884469696969697	0	0	0.973484848484848	0	1	0	0	0	0	0	0	0	0	0	0.403409090909091	0	0	0	0	0.310606060606061	WA_MAG_00054
1382424	Bacteria_71	RNA_pol_L	PF01193.24	3.4e-13	588	0	0	0	0.965986394557823	0	0.513605442176871	0	0.522108843537415	0.0289115646258503	0	0	0.840136054421769	0	0.954081632653061	0	0	0	0	0	0	0	0	0	0.304421768707483	0	0	0	0	0	WA_MAG_00054
