gene_callers_id	source	gene_name	gene_hmm_id	e_value	length	WAM_ALR	WAM_CCR	WAM_IPI	WAM_MAR	WAM_MYS	WAM_PBL	WAM_PJN	WAM_PPR	WAM_PST	WAM_ROL	WAM_SCR	WAM_SGN	WAM_SIS	WAM_TWN	WAR_ALR	WAR_CCR	WAR_IPI	WAR_MAR	WAR_MYS	WAR_PBL	WAR_PJN	WAR_PPR	WAR_PSK	WAR_PST	WAR_RNW	WAR_ROL	WAR_SCR	WAR_SGL	WAR_SIS	mag_id
1110925	Bacteria_71	Adenylsucc_synt	PF00709.21	1.5e-163	1350	0.417777777777778	0	0	0.482222222222222	0	0	0.417037037037037	0	0.402962962962963	0.223703703703704	0.102222222222222	0.516296296296296	0.213333333333333	0.197777777777778	0.383703703703704	0	0.111851851851852	0.101481481481481	0	0.077037037037037	0.992592592592593	0.18	0.175555555555556	0.95037037037037	0.201481481481481	0.614074074074074	0.0414814814814815	0.331111111111111	0.514074074074074	WA_MAG_00017
1228401	Bacteria_71	PGK	PF00162.19	2e-151	1203	0.549459684123026	0	0.125519534497091	0.108894430590191	0.151288445552785	0.124688279301746	0.661679135494597	0	0.472984206151288	0.186201163757273	0	0.291770573566085	0.333333333333333	0.251039068994181	0.422277639235245	0.235245220282627	0.106400665004156	0.461346633416459	0.338320864505403	0	0.698254364089776	0.366583541147132	0.624272651704073	0.931837073981712	0.125519534497091	0.569409808811305	0.350789692435578	0.281795511221945	0.241895261845387	WA_MAG_00017
186292	Bacteria_71	eIF-1a	PF01176.19	9.1e-26	222	0.572072072072072	0	0.40990990990991	0.617117117117117	0	0	1	0	0.027027027027027	0	0	0.036036036036036	0	0	0.945945945945946	0	0	1	0	0	1	0	0	0.5	0	0	0	0	0.788288288288288	WA_MAG_00017
235958	Bacteria_71	Ribosomal_L27	PF01016.19	9.2e-38	252	0	0	0	0	0	0	0.932539682539683	0.396825396825397	0.76984126984127	0	0	0	0.841269841269841	0	0.996031746031746	0	0	0	0.138888888888889	0	0.904761904761905	0	0	0.599206349206349	0	0	0.53968253968254	0	0.126984126984127	WA_MAG_00017
251879	Bacteria_71	SecG	PF03840.14	7.8e-16	522	0.331417624521073	0.00191570881226053	0	0	0	0.547892720306513	0.25095785440613	0.0057471264367816	0.877394636015326	0	0	0.494252873563218	0.517241379310345	0	0.452107279693487	0	0	0	0	0	0.860153256704981	0	0.578544061302682	0.906130268199234	0.547892720306513	0.85823754789272	0.71264367816092	0.542145593869732	0	WA_MAG_00017
251883	Bacteria_71	RNA_pol_Rpb6	PF01192.22	2.1e-07	261	0	0	0	0	0	0	0.490421455938697	0	0.773946360153257	0	0	0	0	0	0.360153256704981	0.448275862068966	0	0.360153256704981	0.559386973180077	0	1	0	0	0.360153256704981	0.302681992337165	0	0	0.835249042145594	0.363984674329502	WA_MAG_00017
275675	Bacteria_71	SecE	PF00584.20	8.3e-13	462	0.508658008658009	0	0	0.248917748917749	0.0995670995670996	0	0.915584415584416	0	0.586580086580087	0	0	0.432900432900433	0.192640692640693	0	0.651515151515151	0	0	0.391774891774892	0	0	0.872294372294372	0.348484848484849	0	0.614718614718615	0	0.517316017316017	0	0	0.409090909090909	WA_MAG_00017
275678	Bacteria_71	Ribosomal_L1	PF00687.21	4.7e-56	663	0.0965309200603318	0	0.675716440422323	0.233785822021116	0	0	0.499245852187029	0	0	0.256410256410256	0	0.512820512820513	0.369532428355958	0	0	0	0.452488687782805	0.829562594268477	0.259426847662142	0.41025641025641	0.704374057315234	0	0	0.699849170437406	0.879336349924585	0.280542986425339	0	0	0.32579185520362	WA_MAG_00017
281848	Bacteria_71	Ribosomal_L28	PF00830.19	1.3e-16	321	0	0	0	0	0	0	0.174454828660436	0	0.825545171339564	0.0373831775700934	0	0	0	0	0.38006230529595	0	0.355140186915888	0	0.61993769470405	0	0.482866043613707	0	0	0.700934579439252	0	0.470404984423676	0	0	0.59190031152648	WA_MAG_00017
672077	Bacteria_71	Ribosomal_L9_C	PF03948.14	9.6e-20	531	0.216572504708098	0	0	0.516007532956685	0	0	0.476459510357815	0	0.220338983050847	0.632768361581921	0	0.602636534839925	0.698681732580038	0	0.608286252354049	0	0.566854990583804	0.32015065913371	0.192090395480226	0.299435028248588	0.947269303201507	0	0	0.856873822975518	0	0.939736346516008	0.0696798493408663	0.284369114877589	0	WA_MAG_00017
672079	Bacteria_71	Ribosomal_S6	PF01250.17	1.5e-22	366	0.136612021857924	0.409836065573771	0	0.710382513661202	0	0	0	0	0.76775956284153	0.10655737704918	0	0.251366120218579	0	0	0	0	0.133879781420765	0	0	0	1	0	0	1	0	0	0	0	0	WA_MAG_00017
672080	Bacteria_71	Pept_tRNA_hydro	PF01195.19	1.2e-52	558	0.3584229390681	0.270609318996416	0	0.548387096774194	0	0.480286738351254	0.906810035842294	0	0.652329749103943	0.118279569892473	0	0.283154121863799	0	0	0.39247311827957	0.440860215053763	0	0	0	0.46415770609319	0.982078853046595	0	0	1	0	0.155913978494624	0	0.435483870967742	0.494623655913978	WA_MAG_00017
681173	Bacteria_71	AICARFT_IMPCHas	PF01808.18	3.4e-96	1680	0.458333333333333	0	0	0.125595238095238	0.156547619047619	0.157142857142857	0.725595238095238	0	0.94047619047619	0.481547619047619	0.223214285714286	0.177380952380952	0.310119047619048	0.108333333333333	0.708928571428571	0.158333333333333	0.323809523809524	0.316071428571429	0.239285714285714	0.241666666666667	0.979166666666667	0	0.164285714285714	0.695238095238095	0.497619047619048	0.493452380952381	0.289285714285714	0	0.239285714285714	WA_MAG_00017
681181	Bacteria_71	SmpB	PF01668.18	1.8e-55	522	0	0	0	0.404214559386973	0	0	0.586206896551724	0	0.578544061302682	0	0.446360153256705	0.557471264367816	0.0057471264367816	0.116858237547893	0.390804597701149	0	0.484674329501916	0.293103448275862	0.350574712643678	0	0.737547892720307	0.377394636015326	0	0.994252873563218	0.396551724137931	0.28735632183908	0	0.377394636015326	0	WA_MAG_00017
57153	Bacteria_71	Ribosomal_L17	PF01196.19	2e-29	570	0.543859649122807	0	0	0.380701754385965	0	0	0	0	0.543859649122807	0	0	0	0.0350877192982456	0	0.0473684210526316	0.317543859649123	0	0.419298245614035	0.433333333333333	0.889473684210526	0.936842105263158	0	0	0.91578947368421	0.170175438596491	0.749122807017544	0	0	0.285964912280702	WA_MAG_00017
57154	Bacteria_71	RNA_pol_L	PF01193.24	3.3e-26	1035	0.245410628019324	0	0.403864734299517	0.424154589371981	0	0	0.496618357487923	0	0.751690821256039	0.528502415458937	0	0.426086956521739	0.117874396135266	0	0.363285024154589	0	0.200966183574879	0	0	0.189371980676329	0.902415458937198	0.154589371980676	0	0.676328502415459	0	0.232850241545894	0.251207729468599	0.576811594202899	0.736231884057971	WA_MAG_00017
57155	Bacteria_71	Ribosomal_S11	PF00411.19	2.8e-48	378	0	0	0	0	0	0.402116402116402	0.994708994708995	0	0.830687830687831	0.812169312169312	0	0.148148148148148	0.399470899470899	0	0.396825396825397	0	0.693121693121693	0	0.619047619047619	0.00264550264550264	0.928571428571429	0.214285714285714	0	0.78042328042328	0	0.195767195767196	0.632275132275132	0.656084656084656	0	WA_MAG_00017
57156	Bacteria_71	Ribosomal_S13	PF00416.22	5.1e-35	384	0	0	0	0	0	0	0	0	0.515625	0.7578125	0	0.596354166666667	0.09375	0	0.958333333333333	0	0.604166666666667	0.0677083333333333	0	0.111979166666667	0.994791666666667	0	0	0.71875	0.671875	0.778645833333333	0	0.729166666666667	0.3046875	WA_MAG_00017
57158	Bacteria_71	ADK	PF00406.22	1.2e-54	570	0.452631578947368	0	0.473684210526316	0	0	0	0.275438596491228	0	0.747368421052632	0	0	0.575438596491228	0.456140350877193	0	0	0	0.524561403508772	0.607017543859649	0	0	0.77719298245614	0	0	0.5	0.163157894736842	0.296491228070175	0.466666666666667	0	0.529824561403509	WA_MAG_00017
57159	Bacteria_71	SecY	PF00344.20	7e-121	1362	0.228340675477239	0.184287812041116	0.345814977973568	0	0	0	0.246696035242291	0	0.535242290748899	0	0	0.197503671071953	0	0.147577092511013	0	0	0.0293685756240822	0.243759177679883	0.16079295154185	0.38913362701909	0.68942731277533	0	0.159324522760646	0.771659324522761	0.11086637298091	0.750367107195301	0.160058737151248	0.118942731277533	0	WA_MAG_00017
57160	Bacteria_71	Ribosomal_L27A	PF00828.19	5e-33	528	0.556818181818182	0	0	0.232954545454545	0	0	0	0	0.517045454545455	0	0	0	0.568181818181818	0	0.564393939393939	0	0	0.412878787878788	0.285984848484849	0	1	0.414772727272727	0	0.979166666666667	0.0473484848484848	0.839015151515151	0	0	0	WA_MAG_00017
57162	Bacteria_71	Ribosomal_L18p	PF00861.22	2e-45	348	0	0	0	0.0431034482758621	0	0	0	0.431034482758621	0	0	0	0	0	0	0.689655172413793	0	0	0	0	0	0.695402298850575	0	0.755747126436782	0	0	0.864942528735632	0	0.545977011494253	0	WA_MAG_00017
74812	Bacteria_71	Ribosomal_S9	PF00380.19	1.6e-41	483	0	0.22360248447205	0	0.538302277432712	0	0.583850931677019	0.420289855072464	0	0	0.625258799171843	0	0	0	0	0.509316770186335	0	0.472049689440994	0.461697722567288	0.929606625258799	0	0.68944099378882	0.391304347826087	0.774327122153209	0.745341614906832	0.312629399585921	0.184265010351967	0	0	0	WA_MAG_00017
74813	Bacteria_71	Ribosomal_L13	PF00572.18	1e-54	438	0	0.344748858447489	0	0.632420091324201	0	0	0.728310502283105	0	0.860730593607306	0.438356164383562	0.504566210045662	0	0	0	0	0	0	0.278538812785388	0.468036529680365	0	0.863013698630137	0	0	0.878995433789954	0	0.242009132420091	0.349315068493151	0.504566210045662	0	WA_MAG_00017
168109	Bacteria_71	Chorismate_synt	PF01264.21	1.1e-110	1140	0.397368421052632	0.219298245614035	0.376315789473684	0	0	0	0.485087719298246	0	0.593859649122807	0.443859649122807	0	0.0350877192982456	0.301754385964912	0	0.456140350877193	0	0	0.45	0.131578947368421	0	0.681578947368421	0	0	0.302631578947368	0.476315789473684	0.38859649122807	0.0421052631578947	0.351754385964912	0	WA_MAG_00017
1605771	Bacteria_71	TsaE	PF02367.17	1.3e-33	510	0	0.0980392156862745	0	0.36078431372549	0	0	0	0	0.972549019607843	0.409803921568627	0.196078431372549	0	0.184313725490196	0.509803921568627	0.36078431372549	0	0.0980392156862745	0.692156862745098	0.27843137254902	0	0.525490196078431	0	0	0.794117647058823	0.335294117647059	0.609803921568628	0	0	0.423529411764706	WA_MAG_00017
1635652	Bacteria_71	Ribosomal_S20p	PF01649.18	1.5e-24	279	0.666666666666667	0	0	0.014336917562724	0	0	0.46594982078853	0.827956989247312	0.849462365591398	0	0	0	0	0.243727598566308	0.053763440860215	0	0	0.111111111111111	0	0	1	0	0	0.924731182795699	0	0.541218637992832	0	0	0	WA_MAG_00017
1680581	Bacteria_71	Ribosomal_S10	PF00338.22	5.7e-37	327	0.0275229357798165	0.629969418960245	0	0.382262996941896	0	0	0.577981651376147	0	0.275229357798165	0	0.495412844036697	0	0.46177370030581	0	1	0	0.018348623853211	0.443425076452599	0.697247706422018	0.703363914373089	1	0	0.0305810397553517	1	0.458715596330275	0.464831804281346	0	0.72782874617737	0.948012232415902	WA_MAG_00017
1680582	Bacteria_71	Ribosomal_L3	PF00297.22	1.6e-14	873	0.666666666666667	0	0	0.0870561282932417	0	0.465063001145475	0.697594501718213	0	0.105383734249714	0.172966781214204	0	0.345933562428408	0.246277205040092	0	0.200458190148912	0.345933562428408	0.0630011454753723	0.624284077892325	0	0	0.964490263459336	0	0.0675830469644903	0.768613974799542	0.537227949599084	0.308132875143184	0.628865979381443	0	0.172966781214204	WA_MAG_00017
1680583	Bacteria_71	Ribosomal_L4	PF00573.22	1.7e-57	738	0.414634146341463	0	0.253387533875339	0	0	0.158536585365854	0.567750677506775	0	0.409214092140921	0.52710027100271	0.46070460704607	0	0	0	0.294037940379404	0	0	0.392953929539295	0	0	1	0	0.18970189701897	1	0.311653116531165	0.640921409214092	0.0975609756097561	0	0	WA_MAG_00017
1680584	Bacteria_71	Ribosomal_L23	PF00276.20	4.3e-29	321	0.996884735202492	0	0.292834890965732	0	0	0	0	0	0	0	0.345794392523364	0	0.202492211838006	0	0.345794392523364	0.454828660436137	0	0	0.635514018691589	0	0.890965732087227	0	0	0.741433021806854	0.931464174454829	0.872274143302181	0	0	0	WA_MAG_00017
1680585	Bacteria_71	Ribosomal_L2	PF00181.23	3.8e-35	858	0.335664335664336	0	0	0	0	0	0.282051282051282	0	0.905594405594406	0.0291375291375291	0	0	0.487179487179487	0	0.198135198135198	0.385780885780886	0	0.510489510489511	0	0	0.843822843822844	0.454545454545455	0	0.771561771561772	0	0.132867132867133	0.351981351981352	0.184149184149184	0	WA_MAG_00017
1680586	Bacteria_71	Ribosomal_S19	PF00203.21	2.7e-36	267	0.820224719101124	0	0.704119850187266	0	0.441947565543071	0	0	0	0.655430711610487	0.902621722846442	0	0	0	0	0.853932584269663	0.277153558052434	1	0.367041198501873	0	0	1	0	0.902621722846442	1	0	0	0.0337078651685393	0	0	WA_MAG_00017
1680587	Bacteria_71	Ribosomal_L22	PF00237.19	4.4e-29	387	0.583979328165375	0	0.0310077519379845	0	0	0.160206718346253	0.700258397932817	0	0.775193798449612	0.041343669250646	0	0	0	0.390180878552972	0.731266149870801	0	0.0155038759689922	0.0697674418604651	0.741602067183463	0	0.974160206718346	0.390180878552972	0.0361757105943152	0.700258397932817	0.72609819121447	0	0.731266149870801	0	0.55297157622739	WA_MAG_00017
1680588	Bacteria_71	Ribosomal_S3_C	PF00189.20	3.9e-34	696	0	0	0.281609195402299	0	0	0	0.520114942528736	0	0.727011494252874	0.209770114942529	0	0	0	0.216954022988506	0.616379310344828	0.431034482758621	0	0.820402298850575	0.176724137931034	0	0.96551724137931	0.21551724137931	0	0.954022988505747	0	0.637931034482759	0	0	0.330459770114943	WA_MAG_00017
1680589	Bacteria_71	Ribosomal_L16	PF00252.18	2.8e-43	417	0.280575539568345	0	0	0	0	0	0.199040767386091	0	0.88968824940048	0	0	0	0.20863309352518	0	0.995203836930456	0	0	0.858513189448441	0.796163069544365	0	0.491606714628297	0	0	0.995203836930456	0.316546762589928	0.709832134292566	0	0	0.916067146282974	WA_MAG_00017
1680590	Bacteria_71	Ribosomal_L29	PF00831.23	2.9e-17	249	0.775100401606426	0	0	0.485943775100402	0	0	0.730923694779116	0	0.542168674698795	0.911646586345382	0.550200803212851	0	0.240963855421687	0	0.542168674698795	0	0	0.678714859437751	0.377510040160643	0	0	0	0	0.666666666666667	0	0.582329317269076	0	0	0.863453815261044	WA_MAG_00017
1680591	Bacteria_71	Ribosomal_S17	PF00366.20	3e-23	390	0.384615384615385	0	0	0.307692307692308	0.720512820512821	0.166666666666667	0.776923076923077	0	0.338461538461538	0	0.330769230769231	0	0.420512820512821	0	0.31025641025641	0	0	0.438461538461538	0	0	0.894871794871795	0	0	0.953846153846154	0	0.0666666666666667	0	0	0	WA_MAG_00017
1680592	Bacteria_71	Ribosomal_L14	PF00238.19	3.8e-55	369	0	0	0	0.731707317073171	0	0.490514905149051	0.978319783197832	0	0.368563685636856	0.308943089430894	0	0.308943089430894	0	0	0	0	0	0.363143631436314	0	0	0.791327913279133	0	0	0.799457994579946	0	0.693766937669377	0	0	0	WA_MAG_00017
1680593	Bacteria_71	ribosomal_L24	PF17136.4	2.9e-24	333	0	0	0.48948948948949	0	0	0	1	0	0	0.027027027027027	0	0.486486486486487	0	0	0	0	0	0	0.525525525525526	0	1	0	0	0.336336336336336	0	0.222222222222222	0.831831831831832	0	0.453453453453453	WA_MAG_00017
1680594	Bacteria_71	Ribosomal_L5	PF00281.19	6.3e-26	690	0.743478260869565	0	0.510144927536232	0	0	0	0.914492753623188	0	0.281159420289855	0.102898550724638	0	0	0	0	0.217391304347826	0	0.218840579710145	0	0.143478260869565	0	0.766666666666667	0.179710144927536	0	0.917391304347826	0.120289855072464	0.130434782608696	0	0.0260869565217391	0.578260869565217	WA_MAG_00017
1680595	Bacteria_71	Ribosomal_S8	PF00410.19	1.4e-47	396	0.525252525252525	0	0	0	0.381313131313131	0	0.0328282828282828	0	0.825757575757576	0.310606060606061	0	0	0.517676767676768	0	0.411616161616162	0.159090909090909	0.391414141414141	0	0.176767676767677	0	0.616161616161616	0.0757575757575758	0	0.929292929292929	0.492424242424242	0.570707070707071	0	0.522727272727273	0.232323232323232	WA_MAG_00017
1680596	Bacteria_71	Ribosomal_L6	PF00347.23	1e-35	546	0.274725274725275	0	0.307692307692308	0	0.274725274725275	0.507326007326007	0.564102564102564	0	0.296703296703297	0.238095238095238	0	0	0.373626373626374	0	0	0.285714285714286	0.276556776556777	0.525641025641026	0	0	0.677655677655678	0.553113553113553	0	0.833333333333333	0.58974358974359	0.551282051282051	0.208791208791209	0.302197802197802	0.00366300366300366	WA_MAG_00017
1680597	Bacteria_71	Ribosomal_L18p	PF00861.22	1.1e-18	171	0	0	0	0	0	0	0.888888888888889	0	0	0	0	0	0	0	0	0	0	0.567251461988304	0	0	0.87719298245614	0	0	0.771929824561403	0	0.654970760233918	0	0	0	WA_MAG_00017
920241	Bacteria_71	Ribosomal_L19	PF01245.20	6.4e-46	366	0	0	0.412568306010929	0	0.12568306010929	0	0.967213114754098	0.341530054644809	0.254098360655738	0	0.516393442622951	0.39344262295082	0.434426229508197	0	1	0.259562841530055	0	0	0.122950819672131	0	0.972677595628415	0	0	1	0.887978142076503	0	0.92896174863388	0.407103825136612	0.890710382513661	WA_MAG_00017
920242	Bacteria_71	tRNA_m1G_MT	PF01746.21	1.9e-54	723	0.358229598893499	0	0.208852005532503	0.344398340248963	0.426002766251729	0	0.687413554633472	0	0.748271092669433	0	0.416320885200553	0.542185338865837	0	0	0.651452282157676	0	0	0	0	0.208852005532503	1	0	0.254495159059474	1	0.246196403872752	0.724757952973721	0.529737206085754	0.492392807745505	0	WA_MAG_00017
920243	Bacteria_71	Ribosomal_S16	PF00886.19	2.8e-26	525	0.878095238095238	0.539047619047619	0.965714285714286	0	0	0	0.52	0	0.906666666666667	0.228571428571429	0	0.394285714285714	0.375238095238095	0	1	0	0.796190476190476	0.28	0	0.260952380952381	0.977142857142857	0	0	0.925714285714286	0	0.468571428571429	0.845714285714286	0.558095238095238	0.862857142857143	WA_MAG_00017
996459	Bacteria_71	RecO_C	PF02565.15	1.5e-19	810	0.0888888888888889	0.244444444444444	0.185185185185185	0.302469135802469	0	0	0.640740740740741	0	0.823456790123457	0.738271604938272	0.471604938271605	0	0.212345679012346	0	0.620987654320988	0.122222222222222	0	0	0	0	1	0.248148148148148	0.65679012345679	0.87037037037037	0.0851851851851852	0.062962962962963	0.337037037037037	0.34320987654321	0.381481481481481	WA_MAG_00017
996461	Bacteria_71	UPF0054	PF02130.17	6.6e-28	417	0.913669064748201	0	0	0	0	0	0.60431654676259	0	0.3621103117506	0.261390887290168	0.693045563549161	0	0.815347721822542	0	0.501199040767386	0.573141486810552	0	0	0.103117505995204	0.666666666666667	1	0.0887290167865707	0	0.745803357314149	0.498800959232614	0.717026378896882	0.3621103117506	0.448441247002398	0.724220623501199	WA_MAG_00017
1000425	Bacteria_71	Ham1p_like	PF01725.16	1.3e-56	609	0	0	0	0.400656814449918	0	0.494252873563218	0.586206896551724	0	0.883415435139573	0.247947454844007	0	0	0.013136288998358	0	0.794745484400657	0	0.261083743842365	0.512315270935961	0	0.297208538587849	1	0.247947454844007	0.247947454844007	1	0.103448275862069	0.558292282430213	0.844006568144499	0	0.215106732348112	WA_MAG_00017
712407	Bacteria_71	Ribosomal_L20	PF00453.18	1.1e-38	375	0.957333333333333	0	0.024	0	0.328	0	0.357333333333333	0	0.517333333333333	0	0	0	0.0506666666666667	0	0.176	0	0	0.136	0	0	0.944	0	0	0.432	0	0.906666666666667	0	0	0	WA_MAG_00017
712408	Bacteria_71	Ribosomal_L35p	PF01632.19	8.5e-23	204	0.196078431372549	0	0	0	0	0.867647058823529	0.656862745098039	0.490196078431373	0.392156862745098	0	0	0	0	0	0.735294117647059	0	0	0	0	0	0.877450980392157	0	0	1	0	0.534313725490196	0	0	0	WA_MAG_00017
755840	Bacteria_71	RBFA	PF02033.18	8.9e-26	441	0.766439909297052	0	0.102040816326531	0.696145124716553	0	0	0.81859410430839	0.467120181405896	0.82312925170068	0	0	0.675736961451247	0	0	0.616780045351474	0	0.272108843537415	0.870748299319728	0.27891156462585	0	0.342403628117914	0	0.036281179138322	0.950113378684807	0.829931972789116	0.689342403628118	0.786848072562358	0.333333333333333	0	WA_MAG_00017
490589	Bacteria_71	Ribosom_S12_S23	PF00164.25	1.4e-41	564	0.705673758865248	0	0.276595744680851	0.0460992907801418	0	0	0.645390070921986	0.530141843971631	0.567375886524823	0	0.267730496453901	0.25709219858156	0.312056737588652	0	0	0	0	0.734042553191489	0.478723404255319	0.24822695035461	0	0	0	0.906028368794326	0.156028368794326	0.335106382978723	0	0	0.831560283687943	WA_MAG_00017
490590	Bacteria_71	Ribosomal_S7	PF00177.21	9.6e-59	471	0.159235668789809	0	0	0.488322717622081	0	0	0.43312101910828	0	0	0.339702760084926	0	0	0.577494692144374	0	0.229299363057325	0	0	0.683651804670913	0	0.53927813163482	0.723991507430998	0	0	1	0	0.711252653927813	0	0.218683651804671	0.165605095541401	WA_MAG_00017
518699	Bacteria_71	Ribosomal_L21p	PF00829.21	8.7e-34	381	0.433070866141732	0	0	0	0	0	0.220472440944882	0	0.674540682414698	0.816272965879265	0.695538057742782	0.0498687664041995	0.711286089238845	0.133858267716535	0.803149606299213	0	0	0	0.0498687664041995	0	1	0	0.438320209973753	1	0.272965879265092	0.00787401574803149	0.721784776902887	0.146981627296588	0.551181102362205	WA_MAG_00017
1250777	Bacteria_71	Ribosomal_S15	PF00312.22	1.3e-36	270	0	0	0.640740740740741	0	0	0	0.640740740740741	0.555555555555556	0	0	0	0.914814814814815	0.062962962962963	0	0.885185185185185	0	0.285185185185185	0	0	0	1	0	0	1	0	0	0	0	0	WA_MAG_00017
1250791	Bacteria_71	ATP-synt	PF00231.19	4.4e-73	819	0.268620268620269	0	0	0.361416361416361	0.368742368742369	0	0.27960927960928	0	0.518925518925519	0.401709401709402	0.221001221001221	0.36019536019536	0.0427350427350427	0.0805860805860806	0.800976800976801	0	0	0	0.223443223443223	0.367521367521367	0.63980463980464	0	0.1001221001221	0.937728937728938	0	0.312576312576313	0.466422466422466	0.367521367521367	0	WA_MAG_00017
1250793	Bacteria_71	OSCP	PF00213.18	2.7e-40	639	0.820031298904538	0.309859154929577	0	0.374021909233177	0	0.422535211267606	0.708920187793427	0.103286384976526	0.539906103286385	0.644757433489828	0	0.384976525821596	0	0	0.129890453834116	0	0.170579029733959	0.658841940532081	0.471048513302034	0	0.954616588419405	0	0	1	0	0.651017214397496	0.397496087636933	0.394366197183099	0.07981220657277	WA_MAG_00017
1250796	Bacteria_71	ATP-synt_A	PF00119.20	5.3e-42	990	0.272727272727273	0.106060606060606	0	0	0	0	0.633333333333333	0	0.162626262626263	0	0	0.156565656565657	0.202020202020202	0	0.305050505050505	0	0	0.00303030303030303	0.305050505050505	0	1	0.197979797979798	0	1	0	0.22020202020202	0.473737373737374	0.305050505050505	0.48989898989899	WA_MAG_00017
1269093	Bacteria_71	RRF	PF01765.19	1.9e-54	561	0	0	0	0.458110516934046	0	0.244206773618538	0.38680926916221	0.299465240641711	0.0606060606060606	0.768270944741533	0.0392156862745098	0.404634581105169	0.525846702317291	0	0.693404634581105	0	0	0.547237076648841	0.089126559714795	0	0.980392156862745	0	0.106951871657754	0.279857397504456	0.269162210338681	0.18716577540107	0	0	0.770053475935829	WA_MAG_00017
1269095	Bacteria_71	EF_TS	PF00889.19	2.3e-49	849	0.353356890459364	0	0.270906949352179	0.249705535924617	0	0	0.593639575971731	0.127208480565371	0.889281507656066	0.453474676089517	0	0.0659599528857479	0.392226148409894	0	0.181389870435807	0	0.401648998822144	0.4075382803298	0	0.295641931684335	0.975265017667845	0.269729093050648	0	0.74793875147232	0.232037691401649	0.325088339222615	0.221436984687868	0	0.316843345111896	WA_MAG_00017
1269096	Bacteria_71	Ribosomal_S2	PF00318.20	4.7e-88	861	0.606271777003484	0	0.335656213704994	0.279907084785134	0	0	0.682926829268293	0.224157955865273	0.468060394889663	0.0499419279907085	0.734030197444832	0.327526132404181	0.226480836236934	0	0.394889663182346	0.353077816492451	0.240418118466899	0.335656213704994	0.349593495934959	0.493612078977933	0.953542392566783	0.276422764227642	0.349593495934959	0.682926829268293	0.200929152148664	0.687572590011614	0.178861788617886	0.632984901277584	0.663182346109175	WA_MAG_00017
1280841	Bacteria_71	RuvX	PF03652.15	NA	NA	0	0	0.411522633744856	0	0	0	0	0	0	0	0.0925925925925926	0	0	0	0.87037037037037	0.174897119341564	0	0.0987654320987654	0	0	0.938271604938272	0	0	0.265432098765432	0.458847736625514	0.137860082304527	0	0	0.244855967078189	NA
1281626	Bacteria_71	Exonuc_VII_L	PF02601.15	2.2e-79	1275	0.339607843137255	0	0.271372549019608	0.502745098039216	0	0	0.415686274509804	0	0.726274509803922	0	0.276862745098039	0.163137254901961	0	0	0.447843137254902	0	0	0.339607843137255	0.0847058823529412	0.0635294117647059	0.993725490196078	0.235294117647059	0.189803921568627	0.939607843137255	0.227450980392157	0.623529411764706	0	0.397647058823529	0.346666666666667	WA_MAG_00017
1317055	Bacteria_71	Ribonuclease_P	PF00825.18	4.7e-29	402	0.58955223880597	0	0.223880597014925	0.455223880597015	0	0	0.0920398009950249	0	0.208955223880597	0	0	0	0.619402985074627	0	0	0	0	0.82089552238806	0	0	0.970149253731343	0	0	0.977611940298508	0	0.0398009950248756	0	0	0.475124378109453	WA_MAG_00017
1386001	Bacteria_71	tRNA-synt_1d	PF00750.19	6.9e-103	1890	0.334391534391534	0.392592592592593	0	0.493650793650794	0.228571428571429	0	0.741269841269841	0	0.361375661375661	0.114285714285714	0.158730158730159	0	0.138624338624339	0	0.571957671957672	0.169312169312169	0.151851851851852	0.256613756613757	0.134391534391534	0.112169312169312	0.81005291005291	0.0259259259259259	0	0.882539682539683	0.304761904761905	0.515873015873016	0.201058201058201	0.15978835978836	0.34021164021164	WA_MAG_00017
1386002	Bacteria_71	RsfS	PF02410.15	3.2e-29	396	0.593434343434343	0	0	0.351010101010101	0.116161616161616	0	0.517676767676768	0	0.684343434343434	0	0.553030303030303	0	0.255050505050505	0	0	0	0	0.217171717171717	0	0.0454545454545454	1	0	0.171717171717172	0.838383838383838	0	0	1	0.515151515151515	0.315656565656566	WA_MAG_00017
