gene_callers_id	source	gene_name	gene_hmm_id	e_value	length	WAM_ALR	WAM_CCR	WAM_IPI	WAM_MAR	WAM_MYS	WAM_PBL	WAM_PJN	WAM_PPR	WAM_PST	WAM_ROL	WAM_SCR	WAM_SGN	WAM_SIS	WAM_TWN	WAR_ALR	WAR_CCR	WAR_IPI	WAR_MAR	WAR_MYS	WAR_PBL	WAR_PJN	WAR_PPR	WAR_PSK	WAR_PST	WAR_RNW	WAR_ROL	WAR_SCR	WAR_SGL	WAR_SIS	mag_id
518090	Archaea_76	Ribosom_S12_S23	PF00164.25	2.3e-46	375	0.850666666666667	0.554666666666667	0.864	0.773333333333333	0.269333333333333	0.290666666666667	1	0	0	0.685333333333333	0	0.725333333333333	0	0	0.194666666666667	0.197333333333333	0.701333333333333	0.677333333333333	0.285333333333333	0.368	0.938666666666667	0.72	0.714666666666667	0.909333333333333	0	1	0.773333333333333	0.738666666666667	0.72	WA_Bin_00090
518091	Archaea_76	Ribosomal_S7	PF00177.21	1.5e-62	477	0	0.587002096436059	0.511530398322851	0	0.748427672955975	0.522012578616352	0.937106918238994	0.536687631027254	0	0	0	0.163522012578616	0	0	0.725366876310273	1	0.69601677148847	0.807127882599581	0.828092243186583	0.389937106918239	0.331236897274633	1	0.989517819706499	0.19496855345912	0.507337526205451	1	0.880503144654088	1	1	WA_Bin_00090
518094	Archaea_76	Ribosomal_L3	PF00297.22	1.4e-20	618	0	0.59546925566343	0.833333333333333	0	0	0.789644012944984	0	0	0.352750809061489	0.745954692556634	0.13915857605178	0.244336569579288	0.488673139158576	0	0.809061488673139	0.189320388349515	0.857605177993528	0.747572815533981	0.990291262135922	0.650485436893204	0.621359223300971	0.517799352750809	1	0.728155339805825	0	1	0.283171521035599	0.684466019417476	0.867313915857605	WA_Bin_00090
518095	Archaea_76	Ribosomal_L4	PF00573.22	1.4e-62	630	0.23968253968254	0.122222222222222	0.938095238095238	0.479365079365079	0	0.00952380952380952	0.441269841269841	0.36031746031746	0	0.701587301587302	0	0.23968253968254	0.479365079365079	0	0.838095238095238	0.479365079365079	1	0.198412698412698	0.825396825396825	0.153968253968254	0.26984126984127	0.223809523809524	0.928571428571429	0.514285714285714	0	0.96031746031746	0.684126984126984	0.766666666666667	0.80952380952381	WA_Bin_00090
518096	Archaea_76	Ribosomal_L23	PF00276.20	4.5e-31	294	0.472789115646259	0.326530612244898	0.261904761904762	0.979591836734694	0	0	0.163265306122449	0	0	0.363945578231293	0.363945578231293	0	0.663265306122449	0	0.36734693877551	0.32312925170068	0.608843537414966	0	0.639455782312925	0.380952380952381	0.312925170068027	0.710884353741497	0.979591836734694	0.404761904761905	0.197278911564626	1	1	0.537414965986395	0.561224489795918	WA_Bin_00090
523884	Archaea_76	Ribosomal_L13	PF00572.18	1.1e-54	480	0	0	0.958333333333333	0	0.554166666666667	0.725	0.214583333333333	0	0.45	0.241666666666667	0.75625	0	0.629166666666667	0	0.714583333333333	0	0.85	0	0.85	0.716666666666667	0.895833333333333	0.65625	0.760416666666667	0.5375	0.435416666666667	1	0.858333333333333	0.0666666666666667	0.49375	WA_Bin_00090
523885	Archaea_76	Ribosomal_S9	PF00380.19	1.1e-48	393	0	0	0.811704834605598	0	0.44529262086514	0.198473282442748	0	0	0	0.829516539440204	0.692111959287532	0	0	0	0.684478371501272	0	0.946564885496183	0	0.620865139949109	0.450381679389313	0.384223918575064	0.854961832061069	0	0.198473282442748	0.648854961832061	1	0.852417302798982	0.600508905852417	1	WA_Bin_00090
523886	Archaea_76	Ribosomal_S2	PF00318.20	1.1e-89	777	0.574002574002574	0	1	0	0.00386100386100386	0	0.343629343629344	0	0	0.257400257400257	0.194337194337194	0	0.194337194337194	0	0.785070785070785	0.795366795366795	0.0733590733590734	0.643500643500644	0	0.68983268983269	0.607464607464608	0.962676962676963	0.5997425997426	0.263835263835264	0.239382239382239	0.956241956241956	0.87001287001287	0.595881595881596	1	WA_Bin_00090
78616	Archaea_76	HMG-CoA_red	PF00368.18	9.9e-23	312	0	0	0	0	0	0	0	0	0.445512820512821	0	0	0	0	0	0	0.532051282051282	0	0	0.528846153846154	0	0	0	0	0	0	0.628205128205128	0	0.772435897435897	0.483974358974359	WA_Bin_00090
121475	Archaea_76	RNA_pol_Rpb6	PF01192.22	4e-10	330	0.457575757575758	0.427272727272727	1	0.190909090909091	0	0	1	0	0.942424242424242	0.190909090909091	0.127272727272727	0	0	0	0.681818181818182	0.457575757575758	0.542424242424242	0.0424242424242424	0.9	1	0	0.727272727272727	0.76969696969697	0.572727272727273	0	1	0.693939393939394	0.360606060606061	0.733333333333333	WA_Bin_00090
979770	Archaea_76	Ribosomal_L14	PF00238.19	1.7e-57	369	0.742547425474255	0.146341463414634	0.273712737127371	0	0	0	0.577235772357724	0.853658536585366	0.260162601626016	1	0	0.046070460704607	0	0.56639566395664	0.384823848238482	0.910569105691057	1	0.590785907859079	0.574525745257453	0.176151761517615	0.520325203252033	0.403794037940379	1	0.926829268292683	0.317073170731707	0.712737127371274	0.0731707317073171	0.940379403794038	0.89159891598916	WA_Bin_00090
979771	Archaea_76	Ribosomal_S17	PF00366.20	1.1e-31	258	0.635658914728682	0.577519379844961	0.294573643410853	0	0	0	0.961240310077519	0.744186046511628	0	1	0	0	0	0	0	0.651162790697674	0.627906976744186	0.790697674418605	0.891472868217054	0.790697674418605	1	1	1	0.375968992248062	0	1	0.472868217054264	1	0.914728682170543	WA_Bin_00090
979772	Archaea_76	Ribosomal_L29	PF00831.23	1.1e-19	192	0	0	0	0	0.354166666666667	0	0.166666666666667	0	0	0.583333333333333	0	0	0.776041666666667	0	0.557291666666667	0	0.932291666666667	0	0.286458333333333	0	0.3125	0.567708333333333	0.932291666666667	0.822916666666667	0	1	0.880208333333333	0.848958333333333	0.859375	WA_Bin_00090
979773	Archaea_76	Ribosomal_L16	PF00252.18	5.4e-52	420	0.252380952380952	0	0.65	0	0.557142857142857	0	0.452380952380952	0.19047619047619	0	0.645238095238095	0	0	0.728571428571429	0	0.15952380952381	0	1	0	1	0	0.266666666666667	0.842857142857143	0.85952380952381	0.278571428571429	0	1	0.59047619047619	1	0.769047619047619	WA_Bin_00090
979775	Archaea_76	Ribosomal_L22	PF00237.19	1.6e-31	405	0.330864197530864	0.318518518518519	0.217283950617284	0	0.471604938271605	0.74320987654321	0.528395061728395	0.350617283950617	0.925925925925926	0.646913580246914	0.407407407407407	0	0.577777777777778	0	0	0.348148148148148	1	0	1	0.664197530864198	0.523456790123457	0.948148148148148	0.97283950617284	0.412345679012346	0.535802469135802	1	0.822222222222222	1	0.940740740740741	WA_Bin_00090
979776	Archaea_76	Ribosomal_S19	PF00203.21	3.3e-39	279	0.462365591397849	0	1	0	0.318996415770609	0	0	0	0.351254480286738	0.673835125448029	0	0.630824372759857	0.910394265232975	0	0.630824372759857	0.014336917562724	0.996415770609319	0.369175627240143	0.971326164874552	0.0860215053763441	0.462365591397849	0.741935483870968	1	0.573476702508961	0	1	1	1	1	WA_Bin_00090
1008415	Archaea_76	Ribosomal_S8	PF00410.19	1.1e-52	399	0.766917293233083	0	1	0	0.340852130325815	0	0	0	0.528822055137845	0.596491228070175	0.170426065162907	0	0.270676691729323	0	0.907268170426065	0	0.862155388471178	0.468671679197995	0.81453634085213	0.528822055137845	1	0.368421052631579	0.538847117794486	0	0.581453634085213	0.859649122807018	0.651629072681704	1	0.273182957393484	WA_Bin_00090
1008416	Archaea_76	Ribosomal_L6	PF00347.23	3.9e-34	543	0.335174953959484	0	0.825046040515654	0	0.18232044198895	0	0.753222836095764	0.386740331491713	0.351749539594843	0.337016574585635	0.379373848987109	0	0.445672191528545	0	1	0.550644567219153	0.942909760589319	0.644567219152855	0.692449355432781	0.548802946593002	0.548802946593002	0.349907918968692	0.565377532228361	0	0.528545119705341	1	0.605893186003683	0.845303867403315	0.915285451197053	WA_Bin_00090
1008421	Archaea_76	SecY	PF00344.20	7.8e-106	1350	0.39037037037037	0.438518518518519	0.688148148148148	0.142962962962963	0.697777777777778	0	0.325185185185185	0.16	0.12962962962963	0.522222222222222	0.235555555555556	0.228888888888889	0.695555555555556	0	0.511851851851852	0.648148148148148	0.6	0.62962962962963	0.826666666666667	0.438518518518519	0.76962962962963	0.842962962962963	0.991111111111111	0.605185185185185	0.283703703703704	0.915555555555556	0.680740740740741	0.614814814814815	0.837777777777778	WA_Bin_00090
1008423	Archaea_76	Ribosomal_S13	PF00416.22	2.6e-33	375	0.928	0	0.84	0	0	0	0.552	0.402666666666667	0.514666666666667	0.989333333333333	0.256	0.309333333333333	0	0	0.125333333333333	0.506666666666667	0.632	0.106666666666667	1	0.773333333333333	0.981333333333333	0.402666666666667	1	0	0.176	0.797333333333333	0.416	0.418666666666667	0.970666666666667	WA_Bin_00090
1008424	Archaea_76	Ribosomal_S11	PF00411.19	3.2e-45	384	1	0.557291666666667	0.5234375	0	0.625	0	0.578125	0.755208333333333	0.182291666666667	1	0	0	0.1171875	0	0.557291666666667	0.0963541666666667	1	0.53125	1	0.229166666666667	0.96875	0.739583333333333	0.755208333333333	0.119791666666667	0	1	0.0442708333333333	0.872395833333333	0.3046875	WA_Bin_00090
212126	Archaea_76	Ribosomal_S15	PF00312.22	1.3e-32	270	0	0	0	0	0.355555555555556	0.562962962962963	0.885185185185185	0.440740740740741	0	0.622222222222222	0	0	0	0	0.0407407407407407	0.755555555555556	0.814814814814815	0	1	0.559259259259259	0	0.711111111111111	0.833333333333333	0.859259259259259	0	1	0.603703703703704	0	1	WA_Bin_00090
797768	Archaea_76	Ribosomal_L1	PF00687.21	4.8e-53	687	1	0.499272197962154	0.966521106259098	0	0.430858806404658	0.395924308588064	0.219796215429403	0.173216885007278	0.120815138282387	0.698689956331878	0	0	0.61863173216885	0	0.78311499272198	0.212518195050946	0.637554585152838	0.475982532751092	0.606986899563319	0.11353711790393	0.640465793304221	0.928675400291121	0.794759825327511	0.101892285298399	0.973799126637555	0.927219796215429	0.513828238719068	0.00145560407569141	0.925764192139738	WA_Bin_00090
825347	Archaea_76	AdoHcyase	PF05221.17	4.2e-76	498	0.323293172690763	0	0.765060240963855	0	0.606425702811245	0	0	0	0	0.0441767068273092	0	0	0	0	0.407630522088353	0.919678714859438	0	0.00401606425702811	0.303212851405622	0.224899598393574	0	0.678714859437751	0.921686746987952	0.375502008032129	0.29718875502008	0.620481927710843	0.301204819277108	0.514056224899598	0.536144578313253	WA_Bin_00090
1420760	Archaea_76	RNase_HII	PF01351.18	2.5e-40	576	0.741319444444444	0	0.258680555555556	0	0	0.276041666666667	0	0	0	0.126736111111111	0.262152777777778	0	0	0	0.0208333333333333	0.914930555555556	0.449652777777778	0.935763888888889	0.729166666666667	0.574652777777778	0.546875	0.350694444444444	0.829861111111111	0	0.126736111111111	0.708333333333333	0.329861111111111	0.840277777777778	0	WA_Bin_00090
1513765	Archaea_76	tRNA-synt_1d	PF00750.19	2.4e-48	1773	0.529046813310773	0.423011844331641	0.602932882120699	0	0	0	0.34010152284264	0.170332769317541	0.265651438240271	0.721376198533559	0.244218838127468	0.285956006768189	0.49746192893401	0	0.366610265087423	0.694303440496334	0.718556119571348	0	0.628313592780598	0.199097574732092	0.394811054709532	0.364918217710096	0.685279187817259	0.495205865764241	0.179357021996616	0.851099830795262	0.470953186689227	0.48448956570784	0.649182177100959	WA_Bin_00090
