gene_callers_id	source	gene_name	gene_hmm_id	e_value	length	WAM_ALR	WAM_CCR	WAM_IPI	WAM_MAR	WAM_MYS	WAM_PBL	WAM_PJN	WAM_PPR	WAM_PST	WAM_ROL	WAM_SCR	WAM_SGN	WAM_SIS	WAM_TWN	WAR_ALR	WAR_CCR	WAR_IPI	WAR_MAR	WAR_MYS	WAR_PBL	WAR_PJN	WAR_PPR	WAR_PSK	WAR_PST	WAR_RNW	WAR_ROL	WAR_SCR	WAR_SGL	WAR_SIS	mag_id
363728	Archaea_76	Rib_5-P_isom_A	PF06026.14	9e-50	561	0	0	0	0.171122994652406	0	0.319073083778966	0	0.629233511586453	0	0.978609625668449	0.754010695187166	0	0	0.0071301247771836	0	0	0	0	0	0.755793226381462	0	0	0	0	0	0	0	0	0	WA_MAG_00032
385819	Archaea_76	tRNA-synt_1c	PF00749.21	6.1e-34	501	0	0	0	0.441117764471058	0	0.301397205588822	0	0.409181636726547	0.301397205588822	0.856287425149701	0.766467065868264	0	0	0.295409181636727	0	0	0	0	0	0	0	0	0	0	0	0	0	0	0	WA_MAG_00032
1335394	Archaea_76	Adenylsucc_synt	PF00709.21	6.6e-175	1296	0	0	0	0	0	0.582561728395062	0	0.0625	0	0.926697530864198	0.373456790123457	0	0.131944444444444	0.327160493827161	0	0	0	0	0	0.233024691358025	0	0	0	0	0	0	0	0.0632716049382716	0	WA_MAG_00032
1204990	Archaea_76	Ribosom_S12_S23	PF00164.25	1.3e-43	573	0	0	0.37696335078534	0.457242582897033	0.478184991273996	0.62478184991274	0.263525305410122	0.979057591623037	0.25130890052356	0.989528795811518	0.368237347294939	0.600349040139616	0.465968586387435	0.820244328097731	0	0	0	0	0	0.225130890052356	0	0	0	0.263525305410122	0	0	0	0	0	WA_MAG_00032
1204991	Archaea_76	Ribosomal_S7	PF00177.21	1.7e-65	471	0	0	0.0127388535031847	0.488322717622081	0	0.857749469214437	0	0.142250530785563	0.303609341825902	1	0.46072186836518	0.318471337579618	0	0.329087048832272	0	0	0	0	0	0	0	0	0	0.592356687898089	0	0	0	0	0	WA_MAG_00032
9002	Archaea_76	TIM	PF00121.18	1.7e-08	186	0	0	0	0	0	0.39247311827957	0	0	0	1	0	0	0	0	0	0	0	0	0	0	0	0	0	1	0	0	0	0	0	WA_MAG_00032
63550	Archaea_76	tRNA-synt_1c	PF00749.21	9.2e-16	546	0	0	0	0	0	0.505494505494505	0	0.271062271062271	0.0989010989010989	0.976190476190476	0	0	0	0	0	0	0	0	0	0	0	0	0	0	0	0	0	0	0	WA_MAG_00032
144476	Archaea_76	Ribosomal_S19	PF00203.21	4.2e-35	282	0	0	0	0.450354609929078	0.531914893617021	0.890070921985816	0.819148936170213	0.702127659574468	0.563829787234043	1	0.5	0.205673758865248	0	0.98936170212766	0	0	0	0	0	0	0	0	0	0.152482269503546	0	0	0	0	0	WA_MAG_00032
144477	Archaea_76	Ribosomal_L22	PF00237.19	5.5e-33	381	0	0	0	0.448818897637795	0	0.800524934383202	0	0.703412073490814	0.362204724409449	1	0.015748031496063	0.236220472440945	0.165354330708661	0.755905511811024	0	0	0	0	0	0.417322834645669	0	0	0	0.671916010498688	0	0	0	0	0	WA_MAG_00032
144479	Archaea_76	Ribosomal_L16	PF00252.18	4.5e-52	534	0	0	0	0	0	0	0	0.724719101123595	0.280898876404494	1	0.4812734082397	0	0.533707865168539	0.638576779026217	0	0	0	0	0.282771535580524	0	0	0	0	0	0	0	0	0	0	WA_MAG_00032
170750	Archaea_76	NDK	PF00334.19	1.6e-53	423	0	0	0	0.328605200945626	0	0.732860520094563	0	0.352245862884161	0.858156028368794	1	0.349881796690307	0	0	0.361702127659574	0	0	0	0	0	0	0	0	0	0.66903073286052	0	0	0	0	0	WA_MAG_00032
1030357	Archaea_76	RNase_HII	PF01351.18	3.3e-43	621	0	0.0338164251207729	0	0	0	0.65378421900161	0	1	0	1	0.114331723027375	0	0	0.326892109500805	0	0	0	0	0	0	0	0	0	0	0	0	0	0	0	WA_MAG_00032
1606268	Archaea_76	Ribosomal_S9	PF00380.19	4.3e-13	90	0	0	0	0	0	0	0	0	0	0	0.311111111111111	0	0	0	0	0	0	0	0	0	0	0	0	0	0	0	0	0	0	WA_MAG_00032
1609372	Archaea_76	Ribosomal_S11	PF00411.19	1.3e-48	393	0	0	0	0.600508905852417	0	0	0	0.735368956743003	0	1	0.0305343511450382	0	0	0	0	0	0	0	0	0	0	0	0	0	0	0	0	0	0	WA_MAG_00032
1609373	Archaea_76	Ribosomal_S13	PF00416.22	8.1e-36	369	0	0	0	0.303523035230352	0	0	0	0.707317073170732	0	0.850948509485095	0.834688346883469	0	0	0.40650406504065	0	0	0	0	0.40650406504065	0	0	0	0	0.463414634146341	0	0	0	0	0	WA_MAG_00032
1609375	Archaea_76	SecY	PF00344.20	4.6e-115	1365	0	0	0	0.0600732600732601	0	0.411721611721612	0	0.461538461538462	0.180952380952381	1	0.735531135531136	0	0.285714285714286	0.293772893772894	0	0	0	0	0	0	0.0571428571428571	0	0	0	0	0	0	0	0	WA_MAG_00032
1657751	Archaea_76	Ribosomal_S8	PF00410.19	4e-24	246	0	0	0	0	0.605691056910569	0	0	0	0	0.605691056910569	0	0	0	0	0	0	0	0	0	0	0	0	0	0	0	0	0	0	0	WA_MAG_00032
1657755	Archaea_76	Ribosomal_L14	PF00238.19	3e-58	369	0.409214092140921	0	0	0.742547425474255	0.2710027100271	0.409214092140921	0.731707317073171	0.734417344173442	0.018970189701897	1	0.967479674796748	0	0.409214092140921	0.322493224932249	0	0	0	0	0.384823848238482	0	0.322493224932249	0	0	0	0	0	0	0	0	WA_MAG_00032
1657756	Archaea_76	Ribosomal_S17	PF00366.20	2.1e-31	231	0	0	0	0	0	0	0	1	0	1	0	0	0	0	0	0	0	0	0	0	0	0	0	0.649350649350649	0	0	0	0	0	WA_MAG_00032
1657757	Archaea_76	Ribosomal_L29	PF00831.23	3e-27	201	0	0	0	0	0	0	0	1	1	1	0	0	0	0	0	0	0	0	0	0	0	0	0	0.746268656716418	0	0	0	0	0	WA_MAG_00032
1676442	Archaea_76	Ribosomal_L5e	PF17144.4	7.8e-09	360	0	0	0	0.775	0	0.311111111111111	0	0.458333333333333	0	1	0.472222222222222	0	0	0.183333333333333	0	0	0	0	0	0	0	0	0	0	0	0	0.325	0	0	WA_MAG_00032
1676443	Archaea_76	Ribosomal_L6	PF00347.23	6.7e-40	534	0	0	0	0.048689138576779	0	0.634831460674157	0	0.889513108614232	0	1	0.661048689138577	0	0	0.541198501872659	0	0	0	0	0	0	0	0	0	0	0	0	0.131086142322097	0	0	WA_MAG_00032
1676444	Archaea_76	Ribosomal_S8	PF00410.19	1.7e-49	384	0	0	0	0	0	0	0	0.765625	0	0.783854166666667	0.3359375	0	0	0	0	0	0	0	0	0.369791666666667	0	0	0	0	0	0	0	0	0	WA_MAG_00032
1707989	Archaea_76	tRNA-synt_1c	PF00749.21	1.6e-77	1326	0	0	0	0	0	0.559577677224736	0	0.310708898944193	0.193061840120664	1	0.254147812971342	0	0.00452488687782805	0.388386123680241	0	0	0	0	0	0	0	0	0	0	0	0	0	0	0	WA_MAG_00032
1723534	Archaea_76	tRNA-synt_His	PF13393.6	1.7e-31	924	0	0	0	0	0	0.645021645021645	0	0.672077922077922	0	0.9004329004329	0.32034632034632	0	0	0.325757575757576	0	0	0	0	0	0	0	0	0	0	0	0	0	0	0	WA_MAG_00032
281663	Archaea_76	Ribosomal_S2	PF00318.20	1.2e-92	756	0	0	0	0.198412698412698	0	0.398148148148148	0.395502645502646	0.707671957671958	0.264550264550265	1	0.743386243386243	0	0	0.804232804232804	0	0	0	0	0	0.0489417989417989	0.198412698412698	0	0	0	0	0	0	0	0	WA_MAG_00032
551998	Archaea_76	Ribosomal_L23	PF00276.20	4.6e-35	297	0	0.582491582491583	0	0	0	1	0	0.363636363636364	0.30976430976431	1	0.0942760942760943	0	0	0.956228956228956	0	0	0	0	0.505050505050505	0	0	0	0	0	0	0	0	0	0	WA_MAG_00032
551999	Archaea_76	Ribosomal_L4	PF00573.22	4.8e-61	618	0.244336569579288	0	0	0	0	0.572815533980582	0	0.561488673139159	0.346278317152104	1	0.449838187702265	0	0.244336569579288	0.530744336569579	0	0.244336569579288	0	0.242718446601942	0	0	0.242718446601942	0	0	0	0	0	0.239482200647249	0	0	WA_MAG_00032
552000	Archaea_76	Ribosomal_L3	PF00297.22	1.2e-16	723	0	0	0	0	0	0.338865836791148	0.26417704011065	0.549100968188105	0	1	0.767634854771784	0	0	0.517289073305671	0	0	0	0	0	0	0	0	0	0	0	0	0	0	0	WA_MAG_00032
580488	Archaea_76	RNA_pol_Rpb6	PF01192.22	1e-14	354	0	0	0	0	0	0.0593220338983051	0	0.785310734463277	0	1	0.929378531073446	0	0.330508474576271	0.957627118644068	0	0	0	0	0	0	0	0	0	0	0	0	0	0	0	WA_MAG_00032
626590	Archaea_76	tRNA-synt_1d	PF00750.19	3.1e-17	1290	0	0.116279069767442	0	0	0	0.513953488372093	0	0.548062015503876	0	1	0.321705426356589	0	0.223255813953488	0.471317829457364	0	0	0	0	0	0.166666666666667	0	0	0	0	0	0	0	0	0	WA_MAG_00032
638438	Archaea_76	Ribosomal_L1	PF00687.21	2.2e-57	696	0.372126436781609	0	0	0	0	0.747126436781609	0.21551724137931	0.367816091954023	0	1	0.455459770114943	0	0.216954022988506	0.432471264367816	0	0	0	0	0	0	0	0	0	0	0	0	0	0	0	WA_MAG_00032
662543	Archaea_76	tRNA-synt_His	PF13393.6	2.2e-26	1104	0	0	0	0	0	0.356884057971014	0	0.678442028985507	0.117753623188406	0.834239130434783	0.713768115942029	0	0	0.624094202898551	0	0	0	0	0	0	0	0	0	0	0	0	0	0	0	WA_MAG_00032
662544	Archaea_76	tRNA-synt_His	PF13393.6	3.1e-34	1023	0	0	0	0	0	0.589442815249267	0	0.00293255131964809	0.222873900293255	0.988269794721408	0.794721407624633	0	0	0.120234604105572	0	0	0	0	0	0	0	0	0	0.39980449657869	0	0	0.295210166177908	0	0	WA_MAG_00032
689941	Archaea_76	TIM	PF00121.18	1.4e-61	666	0	0	0	0	0	0.432432432432432	0	0	0.255255255255255	0.815315315315315	0.226726726726727	0	0	0.225225225225225	0	0	0	0	0	0	0	0	0	0	0	0	0	0	0	WA_MAG_00032
792175	Archaea_76	tRNA-synt_1c	PF00749.21	1.1e-43	972	0	0	0	0	0	0.486625514403292	0	0.309670781893004	0.0452674897119342	0.766460905349794	0.541152263374486	0	0.233539094650206	0.73559670781893	0	0	0	0	0	0	0	0	0	0	0	0	0	0	0	WA_MAG_00032
808144	Archaea_76	AdoHcyase	PF05221.17	1.4e-142	1389	0	0.108711303095752	0.107991360691145	0.155507559395248	0.107991360691145	0.470122390208783	0.108711303095752	0.680345572354212	0	1	0.523398128149748	0	0.434845212383009	0.42260619150468	0	0	0	0	0.0856731461483081	0	0	0.0799136069114471	0	0	0	0	0	0.0129589632829374	0	WA_MAG_00032
1507062	Archaea_76	Ham1p_like	PF01725.16	3.1e-59	609	0	0	0	0	0	0.320197044334975	0	0.377668308702791	0	1	0.175697865353038	0	0	0.141215106732348	0	0	0	0	0	0	0	0	0	0.262725779967159	0	0	0	0	0	WA_MAG_00032
1578441	Archaea_76	Ribosomal_S15	PF00312.22	3.2e-40	270	0	0	0	0.725925925925926	0	0.733333333333333	0	0.140740740740741	0	1	0.477777777777778	0	0	0.448148148148148	0	0	0	0	0	0.574074074074074	0	0	0	0.477777777777778	0	0	0	0	0	WA_MAG_00032
