gene_callers_id	source	gene_name	gene_hmm_id	e_value	length	WAM_ALR	WAM_CCR	WAM_IPI	WAM_MAR	WAM_MYS	WAM_PBL	WAM_PJN	WAM_PPR	WAM_PST	WAM_ROL	WAM_SCR	WAM_SGN	WAM_SIS	WAM_TWN	WAR_ALR	WAR_CCR	WAR_IPI	WAR_MAR	WAR_MYS	WAR_PBL	WAR_PJN	WAR_PPR	WAR_PSK	WAR_PST	WAR_RNW	WAR_ROL	WAR_SCR	WAR_SGL	WAR_SIS	mag_id
354219	Archaea_76	RNA_pol_Rpb6	PF01192.22	9.6e-11	306	0.745098039215686	1	0.362745098039216	1	1	1	1	1	1	1	1	0.898692810457516	0.277777777777778	1	0	0.931372549019608	0	0.0588235294117647	0	1	0	1	0.607843137254902	0.61437908496732	0	0	1	0.973856209150327	0.493464052287582	WA_MAG_00036
367523	Archaea_76	tRNA-synt_1d	PF00750.19	1.6e-49	1752	0.555936073059361	0.648401826484018	0.0136986301369863	1	1	1	0.917237442922374	1	1	0.904109589041096	1	0.820776255707763	0.342465753424658	1	0.188926940639269	0.882420091324201	0	0.424086757990868	0.53824200913242	0.661529680365297	0.514269406392694	1	0.366438356164384	0.64041095890411	0.878995433789954	0.172374429223744	1	0.281963470319635	0.171803652968037	WA_MAG_00036
368519	Archaea_76	Ribosomal_S2	PF00318.20	1.2e-89	777	0.669240669240669	0.927927927927928	0.521235521235521	1	0.956241956241956	1	1	1	1	0.873873873873874	1	0.931788931788932	0.58043758043758	1	0	0.579150579150579	0.212355212355212	0.642213642213642	0.602316602316602	0.948519948519948	0.758043758043758	0.979407979407979	0.330759330759331	0.951093951093951	0.458172458172458	0.162162162162162	1	0.774774774774775	0.539253539253539	WA_MAG_00036
368520	Archaea_76	Ribosomal_S9	PF00380.19	4.1e-48	387	0.976744186046512	0.475452196382429	0.542635658914729	1	1	1	1	1	1	1	1	0.55297157622739	0.0697674418604651	1	0	0.501291989664083	0.679586563307494	0.881136950904393	0.0697674418604651	0.219638242894057	0.0335917312661499	1	0.387596899224806	1	1	0	1	0.767441860465116	0.961240310077519	WA_MAG_00036
368521	Archaea_76	Ribosomal_L13	PF00572.18	2.4e-60	456	0.353070175438596	0.776315789473684	0.539473684210526	1	1	1	1	1	1	1	1	0.960526315789474	0.25	1	0	0.888157894736842	0	0.0043859649122807	0.581140350877193	0.105263157894737	0.631578947368421	1	0	1	0.592105263157895	0	1	0	0.412280701754386	WA_MAG_00036
450339	Archaea_76	Ribosomal_S15	PF00312.22	5.4e-30	204	0.0294117647058823	0.867647058823529	0	0.995098039215686	0.637254901960784	0.980392156862745	0.995098039215686	0.995098039215686	0.607843137254902	0.607843137254902	0.784313725490196	0.406862745098039	0.740196078431373	0.990196078431373	0	0.583333333333333	0	0	0	0.318627450980392	0.205882352941176	0	0.573529411764706	0.71078431372549	0	0	0.32843137254902	0	0	WA_MAG_00036
1248589	Archaea_76	Ribosomal_S7	PF00177.21	5.4e-65	465	0.946236559139785	0.610752688172043	0	1	0.748387096774194	0.679569892473118	0.645161290322581	0.875268817204301	0.643010752688172	0.376344086021505	0.834408602150538	0.645161290322581	0	0.845161290322581	0	0.724731182795699	0	0.610752688172043	0	0.578494623655914	0.623655913978495	0.903225806451613	0	0.402150537634409	0.335483870967742	0	0.716129032258065	0.552688172043011	0.333333333333333	WA_MAG_00036
1384564	Archaea_76	Ribosomal_S11	PF00411.19	2.4e-43	393	1	1	0.709923664122137	1	1	1	0.977099236641221	1	1	1	1	0.346055979643766	0.274809160305344	1	0	0.895674300254453	0	0.819338422391858	0.508905852417303	0.903307888040712	0.577608142493639	0.933842239185751	0.73027989821883	0.56234096692112	0.793893129770992	0	0.969465648854962	0.676844783715013	0.279898218829517	WA_MAG_00036
1384565	Archaea_76	Ribosomal_S13	PF00416.22	4e-32	378	0.732804232804233	1	0.687830687830688	1	1	1	1	1	1	1	1	1	0.830687830687831	1	0	0.703703703703704	0	0.664021164021164	0.182539682539683	0.843915343915344	1	1	0.441798941798942	0.611111111111111	1	0	1	0.153439153439153	0.476190476190476	WA_MAG_00036
1384568	Archaea_76	SecY	PF00344.20	5.4e-110	1347	1	0.947290274684484	0.248700816629547	1	1	1	1	1	1	0.933927245731255	1	0.507052709725315	0.613956941351151	1	0.165553080920564	0.891610987379362	0.0838901262063846	0.211581291759465	0.148478099480327	0.844097995545657	0.514476614699332	0.964365256124722	0.350408314773571	0.577579806978471	0.258351893095768	0	1	0.277654046028211	0	WA_MAG_00036
1384573	Archaea_76	Ribosomal_L6	PF00347.23	1.2e-40	552	0.617753623188406	1	0.114130434782609	1	1	1	1	1	0.998188405797101	1	1	0.134057971014493	0	1	0.391304347826087	0.311594202898551	0.13768115942029	0.550724637681159	0.0271739130434783	0.34963768115942	0	1	0.434782608695652	0.320652173913043	0.355072463768116	0	1	0.682971014492754	0	WA_MAG_00036
1384574	Archaea_76	Ribosomal_S8	PF00410.19	2.5e-52	399	0.974937343358396	1	0.476190476190476	1	1	1	0.654135338345865	1	1	0.774436090225564	1	0.954887218045113	0	1	1	0.974937343358396	0.335839598997494	0.736842105263158	1	0.456140350877193	0.110275689223058	1	0.323308270676692	0.962406015037594	0.847117794486215	0	1	0.756892230576441	0	WA_MAG_00036
1384578	Archaea_76	Ribosomal_L14	PF00238.19	4e-58	369	0.601626016260163	1	0	1	1	1	1	1	1	1	1	0.769647696476965	0	1	0	0.934959349593496	0	0.975609756097561	0.398373983739837	1	0.929539295392954	1	1	0.604336043360434	0.51219512195122	0	1	0.813008130081301	0	WA_MAG_00036
1384579	Archaea_76	Ribosomal_S17	PF00366.20	2.8e-35	261	0.10727969348659	1	0	1	1	1	1	1	1	1	1	1	0	1	0	1	0.727969348659004	0.85823754789272	0.137931034482759	1	1	0.773946360153257	1	0.375478927203065	1	0	1	0.586206896551724	0.176245210727969	WA_MAG_00036
1384580	Archaea_76	Ribosomal_L29	PF00831.23	1e-19	192	1	1	0	1	1	1	1	1	1	1	1	1	0.583333333333333	1	0	0.526041666666667	0	0.53125	0.59375	1	0.947916666666667	0.270833333333333	0.015625	0.916666666666667	0.645833333333333	0	1	1	0.651041666666667	WA_MAG_00036
1384581	Archaea_76	Ribosomal_L16	PF00252.18	6.2e-52	420	0.795238095238095	1	0	1	1	1	1	1	1	1	1	1	0.645238095238095	1	0	0.945238095238095	0	0.457142857142857	0.828571428571429	0.714285714285714	0.754761904761905	1	0.704761904761905	0.678571428571429	0.861904761904762	0	1	0.70952380952381	0.283333333333333	WA_MAG_00036
1384583	Archaea_76	Ribosomal_L22	PF00237.19	1.8e-29	399	0.771929824561403	0.278195488721804	0.075187969924812	1	1	1	1	1	1	1	1	1	0.315789473684211	1	0	0.832080200501253	0	1	0	0.786967418546366	0.516290726817043	1	0.120300751879699	1	0.834586466165414	0	1	0.411027568922306	0	WA_MAG_00036
1384584	Archaea_76	Ribosomal_S19	PF00203.21	1.3e-37	270	1	0.577777777777778	0	1	1	1	0.803703703703704	1	1	0.922222222222222	1	1	0.651851851851852	1	0	0.685185185185185	0	0.807407407407407	0	1	0.733333333333333	1	0.355555555555556	1	0.337037037037037	0	1	0	0	WA_MAG_00036
1384586	Archaea_76	Ribosomal_L23	PF00276.20	3.1e-30	291	0.759450171821306	0.890034364261168	0.958762886597938	1	1	1	1	1	0.941580756013746	1	1	0.951890034364261	0.958762886597938	1	0	1	0	0	0.714776632302406	0	0	0.484536082474227	0	0.470790378006873	0.573883161512027	0	1	0	0	WA_MAG_00036
1065199	Archaea_76	Ribosomal_L1	PF00687.21	1e-51	693	0.40981240981241	1	0.230880230880231	1	1	1	1	0.956709956709957	1	0.546897546897547	0.904761904761905	0.963924963924964	0.500721500721501	1	0	0.523809523809524	0	0.503607503607504	0.743145743145743	0.464646464646465	0.662337662337662	0.838383838383838	0.0274170274170274	0.464646464646465	0.486291486291486	0	0.555555555555556	0.366522366522367	0	WA_MAG_00036
1074173	Archaea_76	AdoHcyase	PF05221.17	9.1e-42	576	0.383680555555556	0.456597222222222	0	0.880208333333333	0.776041666666667	0.770833333333333	0.998263888888889	0.90625	0.685763888888889	0.598958333333333	0.796875	0.00694444444444444	0.479166666666667	0.829861111111111	0	0.800347222222222	0.0677083333333333	0.046875	0	0.262152777777778	0	0.428819444444444	0	0.03125	0	0	0.770833333333333	0	0	WA_MAG_00036
1111456	Archaea_76	RNase_HII	PF01351.18	4.3e-39	603	0.951907131011609	0.69983416252073	0	1	1	1	1	1	1	1	1	0.283582089552239	0	1	0	0.533996683250415	0	0.429519071310116	0	0	0	0.661691542288557	0	0.199004975124378	0.177446102819237	0	0.966832504145937	0.0232172470978441	0.480928689883914	WA_MAG_00036
1136628	Archaea_76	NDK	PF00334.19	2.5e-53	420	0.788095238095238	0.99047619047619	0.0666666666666667	1	1	1	1	1	1	1	1	1	0.678571428571429	1	0	0.728571428571429	0	0.695238095238095	0	0.65	0.0285714285714286	0.70952380952381	0.178571428571429	0.773809523809524	0.714285714285714	0.345238095238095	1	0.878571428571429	0	WA_MAG_00036
880452	Archaea_76	HMG-CoA_red	PF00368.18	1.8e-96	1332	0.748498498498498	0.861111111111111	0.28978978978979	1	0.95045045045045	1	0.960960960960961	1	0.986486486486486	1	1	0.632882882882883	0.22972972972973	1	0.511261261261261	0.384384384384384	0.0563063063063063	0.311561561561562	0.281531531531532	0.481981981981982	0.407657657657658	0.947447447447448	0	0.75	0.291291291291291	0.207207207207207	1	0.283783783783784	0	WA_MAG_00036
1599199	Archaea_76	tRNA-synt_1c	PF00749.21	2.9e-96	1524	0.637139107611549	0.869422572178478	0	1	1	1	1	1	1	0.929790026246719	1	1	0.513123359580053	1	0.383858267716535	0.654199475065617	0.031496062992126	0.463910761154856	0	0.680446194225722	0.284120734908136	0.964566929133858	0.366141732283465	0.723097112860892	0.807086614173228	0.400262467191601	1	0.240157480314961	0.196850393700787	WA_MAG_00036
213612	Archaea_76	Ribosomal_L1	PF00687.21	2.2e-52	693	0.334776334776335	0.59018759018759	0.318903318903319	0.733044733044733	0.914862914862915	1	0.663780663780664	0.913419913419914	0.711399711399711	0.663780663780664	0.932178932178932	0.434343434343434	0.0707070707070707	0.715728715728716	0.203463203463203	0.698412698412698	0	0.356421356421356	0.363636363636364	0.748917748917749	0.406926406926407	0.888888888888889	0	0.391053391053391	0.639249639249639	0.0865800865800866	0.795093795093795	0.621933621933622	0.434343434343434	WA_MAG_00036
241334	Archaea_76	TIM	PF00121.18	1e-85	738	0.761517615176152	0.875338753387534	0.262872628726287	1	1	1	1	1	1	1	1	1	0.264227642276423	1	0.378048780487805	1	0	0.276422764227642	0.20189701897019	0.704607046070461	0.813008130081301	0.922764227642276	0	0.626016260162602	0	0	0.952574525745258	0.682926829268293	0	WA_MAG_00036
249142	Archaea_76	Ribosomal_L23	PF00276.20	1.6e-08	87	0	0.0689655172413793	0	0.919540229885058	0.908045977011494	1	0.413793103448276	1	0.310344827586207	1	0.96551724137931	0.310344827586207	0	0.919540229885058	0.724137931034483	0.35632183908046	0	0.471264367816092	0.620689655172414	0.172413793103448	0	1	0	0.0229885057471264	0.919540229885058	0	1	0	0	WA_MAG_00036
249143	Archaea_76	Ribosomal_L4	PF00573.22	2.9e-66	627	0.248803827751196	1	0	1	1	1	1	1	1	0.961722488038278	1	0.947368421052632	0.45933014354067	1	0.373205741626794	0.878787878787879	0	0.569377990430622	0.266347687400319	0.618819776714514	0.674641148325359	1	0	0.653907496012759	0.467304625199362	0	1	0.167464114832536	0	WA_MAG_00036
249144	Archaea_76	Ribosomal_L3	PF00297.22	5.6e-19	618	1	0.826860841423948	0	1	1	1	1	1	1	1	1	0.854368932038835	0.477346278317152	1	0.127831715210356	0.671521035598705	0.15210355987055	0	0.368932038834951	0.870550161812298	0.249190938511327	1	0	0.813915857605178	0.51294498381877	0.33495145631068	1	0.548543689320388	0.135922330097087	WA_MAG_00036
559519	Archaea_76	Ham1p_like	PF01725.16	6.4e-62	591	0.895093062605753	0.869712351945855	0.50253807106599	1	1	1	0.944162436548223	1	1	0.839255499153976	1	0.822335025380711	0.521150592216582	1	0.164128595600677	1	0	0	0.279187817258883	0.957698815566836	0.255499153976311	0.642978003384095	0	0.686971235194585	0.676818950930626	0.219966159052453	0.922165820642978	0.685279187817259	0.65989847715736	WA_MAG_00036
1480485	Archaea_76	tRNA-synt_His	PF13393.6	1.2e-38	1344	0.395833333333333	0.704613095238095	0.527529761904762	1	0.922619047619048	1	0.845982142857143	1	1	1	1	0.938244047619048	0.223214285714286	1	0.224702380952381	0.693452380952381	0	0.364583333333333	0.11235119047619	0.702380952380952	0.072172619047619	0.784970238095238	0.455357142857143	0.398065476190476	0.689732142857143	0	0.941964285714286	0.451636904761905	0.142113095238095	WA_MAG_00036
