gene_callers_id	source	gene_name	gene_hmm_id	e_value	length	WAM_ALR	WAM_CCR	WAM_IPI	WAM_MAR	WAM_MYS	WAM_PBL	WAM_PJN	WAM_PPR	WAM_PST	WAM_ROL	WAM_SCR	WAM_SGN	WAM_SIS	WAM_TWN	WAR_ALR	WAR_CCR	WAR_IPI	WAR_MAR	WAR_MYS	WAR_PBL	WAR_PJN	WAR_PPR	WAR_PSK	WAR_PST	WAR_RNW	WAR_ROL	WAR_SCR	WAR_SGL	WAR_SIS	mag_id
461277	Archaea_76	Ribosomal_L1	PF00687.21	2.2e-50	699	0.464949928469242	0	0.190271816881259	0	0.443490701001431	0.367668097281831	0.683834048640916	0	0.100143061516452	0.187410586552217	0	0.432045779685265	0.296137339055794	0	0.430615164520744	0	0.494992846924177	0.417739628040057	0.660944206008584	0.795422031473534	0.175965665236052	0	0	0.17310443490701	0.612303290414878	0.814020028612303	0.525035765379113	0.241773962804006	0.821173104434907	WA_MAG_00069
1285256	Archaea_76	tRNA-synt_1c	PF00749.21	1.9e-79	1362	0.295888399412629	0.220264317180617	0.708516886930984	0	0.11086637298091	0	0.370778267254038	0.439060205580029	0.497063142437592	0.347283406754772	0	0	0.65345080763583	0	0.602790014684288	0	0.615271659324523	0	0.531571218795888	0	0.262848751835536	0.279001468428781	0.76798825256975	0.307635829662261	0.325256975036711	0.420704845814978	0	0.778267254038179	0.3928046989721	WA_MAG_00069
1307648	Archaea_76	TIM	PF00121.18	7.5e-95	762	0.50262467191601	0.0603674540682415	0.404199475065617	0	0	0	0	0.207349081364829	0.269028871391076	0.939632545931758	0	0.393700787401575	0.312335958005249	0	0.612860892388451	0	0	0	0.296587926509186	0.494750656167979	0.496062992125984	0	0.745406824146982	0	0.31758530183727	0.619422572178478	0.313648293963255	0.800524934383202	0.165354330708661	WA_MAG_00069
1367933	Archaea_76	tRNA-synt_1c	PF00749.21	9.6e-102	1689	0.41740674955595	0.282415630550622	0.384843102427472	0.0556542332741267	0.178804026050918	0	0.446417998815867	0.130254588513914	0.107164002368265	0.281823564239195	0	0.106571936056838	0	0	0.326228537596211	0.178804026050918	0.570159857904085	0.357608052101835	0.35287152161042	0.482534043812907	0.357015985790409	0.120189461219657	0.409709887507401	0.477205447010065	0.428656009473061	0.847838957963292	0.285968028419183	0.147424511545293	0.380698638247484	WA_MAG_00069
1403978	Archaea_76	tRNA-synt_1c	PF00749.21	2.6e-57	822	0.239659367396594	0	0.625304136253041	0.436739659367397	0	0.335766423357664	0.282238442822384	0.450121654501217	0	0.214111922141119	0	0.474452554744526	0	0	0.804136253041362	0	0.282238442822384	0.367396593673966	0.480535279805353	0.603406326034063	0.610705596107056	0	0.599756690997567	0.965936739659367	0.425790754257908	0.345498783454988	0.0875912408759124	0.0936739659367397	0	WA_MAG_00069
35579	Archaea_76	AdoHcyase	PF05221.17	1.6e-14	183	0	0	0.825136612021858	0	0	0	0	0	0	0.655737704918033	0	0.453551912568306	0	0	0	0	1	0	0	0	0.136612021857924	0	0	0	0	0	0	0	0	WA_MAG_00069
61040	Archaea_76	Ribosomal_S15	PF00312.22	1.1e-34	258	0	0	0	0.213178294573643	0	0	0.321705426356589	0	0.507751937984496	0	0	0	0	0	1	0.786821705426357	0.996124031007752	0	0	0	0.39922480620155	0	0.453488372093023	0.945736434108527	0	0	0	0.468992248062016	0.453488372093023	WA_MAG_00069
881273	Archaea_76	SecY	PF00344.20	1.8e-108	1524	0.437664041994751	0	0.733595800524934	0	0.256561679790026	0.217847769028871	0.635826771653543	0	0.099737532808399	0.362860892388451	0.134514435695538	0	0.35761154855643	0	0.426509186351706	0.323490813648294	0.654199475065617	0.128608923884514	0.624671916010499	0.311679790026247	0.361548556430446	0.198162729658793	0.813648293963255	0.670603674540682	0.232939632545932	0.786089238845144	0.311679790026247	0.406824146981627	0.343832020997375	WA_MAG_00069
881275	Archaea_76	Ribosomal_S13	PF00416.22	1e-35	396	0.0858585858585859	0	0.669191919191919	0	0.376262626262626	0	0.891414141414141	0	0.70959595959596	0	0	0	0.575757575757576	0	0	0	0.535353535353535	0.320707070707071	0.775252525252525	0	0.585858585858586	0	0.431818181818182	0.96969696969697	0	0	0.20959595959596	0	0	WA_MAG_00069
916007	Archaea_76	Ribosomal_S19	PF00203.21	6.9e-39	270	0	0.766666666666667	0.122222222222222	0	0.0777777777777778	0	0.703703703703704	0.32962962962963	0	0	0	0	0	0	0	0	0	0.42962962962963	0	0.588888888888889	0	0	1	0	0	0.6	0	1	0.0444444444444444	WA_MAG_00069
916009	Archaea_76	Ribosomal_L23	PF00276.20	3.5e-26	288	0.100694444444444	0	0.125	0	0	0	0.611111111111111	0	0	0	0	0	0	0	0	0	0	0.204861111111111	1	0.524305555555556	0.850694444444444	0	0.0381944444444444	0.430555555555556	0.114583333333333	0.520833333333333	0.0590277777777778	0.177083333333333	0	WA_MAG_00069
916010	Archaea_76	Ribosomal_L4	PF00573.22	9.7e-56	615	0.726829268292683	0	0	0	0.416260162601626	0	0.390243902439024	0	0	0	0	0.422764227642277	0	0	0	0	0.591869918699187	0.31869918699187	0.530081300813008	0	0.557723577235772	0.40650406504065	0.59349593495935	0.726829268292683	0.51219512195122	0	0.139837398373984	0.482926829268293	0.551219512195122	WA_MAG_00069
916011	Archaea_76	Ribosomal_L3	PF00297.22	1.1e-22	633	0.636650868878357	0	0.448657187993681	0	0	0	0.562401263823065	0	0	0	0	0.0410742496050553	0	0	0	0	0.344391785150079	0.655608214849921	0.364928909952607	0	0.973143759873618	0.0568720379146919	0.796208530805687	0.755134281200632	0.278041074249605	0.598736176935229	0	0.339652448657188	0.777251184834123	WA_MAG_00069
1042065	Archaea_76	AdoHcyase	PF05221.17	6.7e-155	1413	0.366595895258316	0.213729653220099	0.70276008492569	0.206652512384996	0.178343949044586	0.264685067232838	0.368011323425336	0	0.233545647558386	0.212314225053079	0	0.150743099787686	0.0417551309271054	0	0.755130927105449	0	0.481245576786978	0.111818825194621	0.40481245576787	0.534324133050248	0.532908704883227	0	0.663128096249115	0.402689313517339	0.603680113234253	0.551309271054494	0.103326256192498	0.489738145789101	0.571832979476292	WA_MAG_00069
288646	Archaea_76	tRNA-synt_His	PF13393.6	2.5e-47	1311	0.184591914569031	0	0.403508771929825	0	0.456903127383677	0.302822273073989	0.321891685736079	0.135011441647597	0.162471395881007	0.402745995423341	0	0.329519450800915	0	0	0.485888634630053	0.159420289855072	0.354691075514874	0.0999237223493516	0.372997711670481	0.804729214340198	0.482837528604119	0.221205186880244	0.77955758962624	0.422578184591915	0	0.526315789473684	0.115179252479024	0.437833714721587	0.435545385202136	WA_MAG_00069
621578	Archaea_76	RNase_HII	PF01351.18	2e-30	939	0.386581469648562	0.420660276890309	0.35356762513312	0.237486687965921	0.331203407880724	0	0.254526091586794	0	0.665601703940362	0.184238551650692	0	0	0.0436634717784877	0	0.871139510117146	0	0.531416400425985	0.281150159744409	0.496272630457934	0.712460063897764	0.505857294994675	0	0.517571884984026	0.398296059637913	0.212992545260916	0.387646432374867	0.406815761448349	0.115015974440895	0.74653887113951	WA_MAG_00069
764386	Archaea_76	Ribosomal_L22	PF00237.19	2.7e-34	399	0	0.380952380952381	0.511278195488722	0	0.553884711779449	0	0.483709273182957	0	0.318295739348371	0	0.318295739348371	0	0	0	0.87468671679198	0	0.879699248120301	0.408521303258145	0.802005012531328	0.353383458646617	0.466165413533835	0	0.578947368421053	0.744360902255639	0.0927318295739348	0.581453634085213	0	0.025062656641604	0.370927318295739	WA_MAG_00069
764388	Archaea_76	Ribosomal_L16	PF00252.18	3.4e-51	408	0	0.0882352941176471	0.475490196078431	0	0	0.740196078431373	0	0.348039215686274	0.654411764705882	0	0	0	0	0	0.531862745098039	0	0.355392156862745	0	0.230392156862745	1	0.154411764705882	0.497549019607843	0	0.632352941176471	0.553921568627451	0.367647058823529	0	0	1	WA_MAG_00069
764389	Archaea_76	Ribosomal_L29	PF00831.23	1.1e-22	213	0	0.915492957746479	0	0	0	0	0	0.262910798122066	0.356807511737089	0.215962441314554	0	0	0	0	0.258215962441315	0	0	0	0.544600938967136	0	0.92018779342723	0	0	1	0	1	0	0	1	WA_MAG_00069
764390	Archaea_76	Ribosomal_S17	PF00366.20	2.1e-26	279	0.225806451612903	0	0	0	0	0	0	0	0.3584229390681	0.0931899641577061	0	0	0	0	1	0	0.935483870967742	0	0.28673835125448	0	0.555555555555556	0.996415770609319	0.279569892473118	0.383512544802867	0.469534050179211	0.462365591397849	0	0	0.971326164874552	WA_MAG_00069
764391	Archaea_76	Ribosomal_L14	PF00238.19	5.8e-51	366	0.841530054644809	0	0.0792349726775956	0	0.811475409836066	0	0.412568306010929	0	0	0.754098360655738	0.505464480874317	0.281420765027322	0	0	1	0	0.975409836065574	0	0.475409836065574	0	0	0	0	0	0	0.453551912568306	0.475409836065574	0.734972677595628	0	WA_MAG_00069
764394	Archaea_76	Ribosomal_S8	PF00410.19	1.2e-46	399	0.598997493734336	0.238095238095238	0.947368421052632	0	0.483709273182957	0	0	0	0.0401002506265664	0.378446115288221	0	0	0	0	1	0	0.709273182957393	0.132832080200501	1	0	0	0	1	0	0	0.93734335839599	0	0.75187969924812	0	WA_MAG_00069
764395	Archaea_76	Ribosomal_L6	PF00347.23	2.6e-38	540	0.424074074074074	0.318518518518519	0.711111111111111	0	0	0	0	0	0	0.287037037037037	0	0	0	0	0.653703703703704	0	0.533333333333333	0.67037037037037	0.638888888888889	0	0.392592592592593	0	0.248148148148148	0	0.427777777777778	0.388888888888889	0	0	0.814814814814815	WA_MAG_00069
1431402	Archaea_76	NDK	PF00334.19	2e-50	426	0	0	0.561032863849765	0	0	0	0	0	0	0.854460093896714	0	0	0	0	0.403755868544601	0	0.530516431924883	0	0.117370892018779	0.514084507042254	0.713615023474178	0	0.845070422535211	0.657276995305164	0	0.769953051643192	0	0.643192488262911	0.774647887323944	WA_MAG_00069
1453545	Archaea_76	Adenylsucc_synt	PF00709.21	1.4e-176	1278	0.493740219092332	0.35133020344288	0.584507042253521	0.278560250391236	0.412363067292645	0	0.616588419405321	0	0.203442879499218	0.117370892018779	0	0.235524256651017	0	0	0.696400625978091	0	0.5320813771518	0	0.838028169014085	0.238654147104851	0.0641627543035994	0.118153364632238	0.749608763693271	0.508607198748044	0.0876369327073552	0.762910798122066	0.103286384976526	0.273082942097027	0.2660406885759	WA_MAG_00069
1469291	Archaea_76	Ribosomal_S2	PF00318.20	7.6e-86	723	0.659751037344398	0.416320885200553	0.190871369294606	0	0.38865836791148	0	0.378976486860304	0	0.443983402489627	0.355463347164592	0	0	0	0	0.846473029045643	0.359612724757953	0.774550484094053	0.557399723374827	0	0	0.893499308437068	0	0.412171507607192	0.208852005532503	0.408022130013831	0.744121715076072	0.208852005532503	0.731673582295989	0.384508990318119	WA_MAG_00069
