gene_callers_id	source	gene_name	gene_hmm_id	e_value	length	WAM_ALR	WAM_CCR	WAM_IPI	WAM_MAR	WAM_MYS	WAM_PBL	WAM_PJN	WAM_PPR	WAM_PST	WAM_ROL	WAM_SCR	WAM_SGN	WAM_SIS	WAM_TWN	WAR_ALR	WAR_CCR	WAR_IPI	WAR_MAR	WAR_MYS	WAR_PBL	WAR_PJN	WAR_PPR	WAR_PSK	WAR_PST	WAR_RNW	WAR_ROL	WAR_SCR	WAR_SGL	WAR_SIS	mag_id
443957	Archaea_76	Ribosomal_L13	PF00572.18	1.1e-61	432	0	0	0.277777777777778	0.569444444444444	0.530092592592593	0	0.546296296296296	1	1	0.456018518518519	0	0.944444444444444	0	0	0	0	0	0	0.122685185185185	0	0	0.314814814814815	0.548611111111111	0.344907407407407	0	0.851851851851852	1	0	0	WA_MAG_00079
443958	Archaea_76	Ribosomal_S9	PF00380.19	3e-40	342	0	0	0	0	0.280701754385965	0	0.0760233918128655	0.824561403508772	0.497076023391813	0	0.339181286549708	0.780701754385965	0	0	0	0	0	0	0.614035087719298	0	0.751461988304094	0.742690058479532	0	0.43859649122807	0	0.421052631578947	0.0760233918128655	0	0	WA_MAG_00079
465369	Archaea_76	RNA_pol_Rpb6	PF01192.22	8.7e-19	282	0.386524822695035	0.432624113475177	0	0.531914893617021	0.411347517730496	0	0	0.680851063829787	0.180851063829787	0.773049645390071	0	0.347517730496454	0	0	0	0	0	0	0	0.485815602836879	0.280141843971631	0	0	0	0	0	0.730496453900709	0	0	WA_MAG_00079
508125	Archaea_76	tRNA-synt_1c	PF00749.21	1.9e-43	372	0	0.591397849462366	0	0.244623655913978	1	0.306451612903226	0	0	0.561827956989247	0	0	0	0	0	0	0	0	0	0.653225806451613	0	0	0.561827956989247	0	0	0.446236559139785	0.370967741935484	0.00268817204301075	0	0.435483870967742	WA_MAG_00079
521905	Archaea_76	Ribosomal_S9	PF00380.19	8.6e-15	135	0	0.466666666666667	0	0	0	0	0	0	0.466666666666667	0	0	1	0	0	0	0	0	0	0	0	0	0	0	0.222222222222222	0	0	0	0	0.288888888888889	WA_MAG_00079
1253098	Archaea_76	tRNA-synt_His	PF13393.6	6.1e-28	678	0	0.13716814159292	0	0	0.654867256637168	0.138643067846608	0	0.227138643067847	0.107669616519174	0	0.246312684365782	0.238938053097345	0.0825958702064897	0	0.445427728613569	0	0	0	0.23598820058997	0	0	0	0	0.443952802359882	0.570796460176991	0	0.222713864306785	0.40117994100295	0	WA_MAG_00079
1347762	Archaea_76	tRNA-synt_1c	PF00749.21	2.9e-110	1074	0	0.446927374301676	0	0.058659217877095	0.618249534450652	0	0.209497206703911	0.646182495344507	0.216945996275605	0	0.101489757914339	0.582867783985102	0.281191806331471	0	0.245810055865922	0	0	0	0	0.139664804469274	0	0.213221601489758	0	0	0	0.528864059590317	0.894785847299814	0.337057728119181	0	WA_MAG_00079
1065541	Archaea_76	tRNA-synt_1c	PF00749.21	2.4e-39	870	0.0252873563218391	0.0195402298850575	0	0	0.550574712643678	0.204597701149425	0.170114942528736	0.902298850574713	0.262068965517241	0.250574712643678	0.503448275862069	0.357471264367816	0.259770114942529	0	0	0	0.347126436781609	0	0.122988505747126	0	0	0.520689655172414	0	0.24367816091954	0.526436781609195	0.259770114942529	0.652873563218391	0	0.217241379310345	WA_MAG_00079
1210332	Archaea_76	AdoHcyase	PF05221.17	2.5e-31	492	0	0	0	0	0.941056910569106	0	0	0.408536585365854	0.329268292682927	0.117886178861789	0.306910569105691	0.752032520325203	0	0	0	0.5	0	0	0.0792682926829268	0	0	0	0	0.400406504065041	0	0.382113821138211	0.534552845528455	0	0.111788617886179	WA_MAG_00079
100172	Archaea_76	RNase_HII	PF01351.18	2.2e-41	573	0	0	0.0349040139616056	0	0.846422338568935	0	0.37521815008726	0.296684118673647	0.413612565445026	0.233856893542757	0	0.595113438045375	0	0	0.331588132635253	0.162303664921466	0	0	0.0209424083769633	0	0	0.359511343804538	0	0.253054101221641	0	0.043630017452007	0	0	0	WA_MAG_00079
154463	Archaea_76	Ribosomal_S13	PF00416.22	1.7e-34	357	0	0.686274509803922	0	0	0	0	0.526610644257703	0.946778711484594	0.521008403361345	0	0	0.997198879551821	0	0	0	0	0	0.579831932773109	0	0.602240896358543	0.0980392156862745	0.34453781512605	0	0.568627450980392	0.42296918767507	0.439775910364146	0.823529411764706	0.53781512605042	0.512605042016807	WA_MAG_00079
154464	Archaea_76	Ribosomal_S11	PF00411.19	1.8e-53	390	0.523076923076923	0.353846153846154	0	0	0	0.620512820512821	0.641025641025641	0.905128205128205	0.871794871794872	0	0.366666666666667	0.458974358974359	0	0	0.57948717948718	0.607692307692308	0	0.0846153846153846	0	0.238461538461538	0.976923076923077	0.423076923076923	0	0	0.384615384615385	0	0.397435897435897	0.451282051282051	0.956410256410256	WA_MAG_00079
1003350	Archaea_76	tRNA-synt_1c	PF00749.21	4.3e-53	1281	0.0999219359875098	0.533177205308353	0.453551912568306	0.0975800156128025	0.676034348165496	0	0	0.68071818891491	0.409055425448868	0.185792349726776	0.188134270101483	0.665886026541764	0	0.117876658860265	0	0	0.188134270101483	0.126463700234192	0.409836065573771	0.117096018735363	0.349726775956284	0.156908665105386	0	0.63856362217018	0.117876658860265	0.235753317720531	0.375487900078064	0	0	WA_MAG_00079
1635036	Archaea_76	tRNA-synt_1d	PF00750.19	3.8e-24	1113	0	0.270440251572327	0	0	0.270440251572327	0	0.137466307277628	0.792452830188679	0.203054806828392	0	0.381850853548967	0.268643306379155	0.182389937106918	0	0.305480682839173	0.463611859838275	0	0	0.271338724168913	0.181491464510332	0	0	0.0790655884995508	0	0.271338724168913	0.627133872416891	0.0844564240790656	0	0.274932614555256	WA_MAG_00079
1694877	Archaea_76	NDK	PF00334.19	8.3e-60	420	0	0.352380952380952	0	0	0	0	0	0.433333333333333	0.954761904761905	0	0	0.661904761904762	0.4	0	0	0	0	0.485714285714286	0	0	0	0	0	0.233333333333333	0.445238095238095	0	0.633333333333333	0.157142857142857	0	WA_MAG_00079
204686	Archaea_76	SecY	PF00344.20	3.1e-38	516	0	0	0	0.486434108527132	0.292635658914729	0.420542635658915	0	0.633720930232558	0.474806201550388	0	0.308139534883721	0.0465116279069767	0	0	0	0	0	0.579457364341085	0	0.515503875968992	0.292635658914729	0.191860465116279	0	0.290697674418605	0.333333333333333	0	0.395348837209302	0	0.812015503875969	WA_MAG_00079
660297	Archaea_76	Rib_5-P_isom_A	PF06026.14	7.9e-18	258	0	0	0	0	0.957364341085271	0	0	0.802325581395349	0	0	0	0.604651162790698	0	0	0	0	0	0	0	0	0	0	0	0	0.236434108527132	0	0.313953488372093	0	0	WA_MAG_00079
675269	Archaea_76	Ribosomal_L3	PF00297.22	6.3e-19	636	0.474842767295597	0.487421383647799	0.235849056603774	0	0.924528301886792	0	0	0.562893081761006	0.39937106918239	0	0.375786163522013	0.0534591194968553	0	0	0	0.611635220125786	0	0	0	0	0.342767295597484	0.39622641509434	0	0.427672955974843	0.199685534591195	0.665094339622642	0.584905660377358	0	0.237421383647799	WA_MAG_00079
675270	Archaea_76	Ribosomal_L4	PF00573.22	3.1e-63	603	0.0431177446102819	0.500829187396352	0.391376451077944	0	0.786069651741294	0	0.159203980099502	0.701492537313433	0.482587064676617	0	0	0.927031509121061	0.402985074626866	0.451077943615257	0	0	0	0	0	0	0	0.684908789386401	0	0.490878938640133	0	0	0.281923714759536	0	0.250414593698176	WA_MAG_00079
675271	Archaea_76	Ribosomal_L23	PF00276.20	2.2e-32	297	1	0.595959595959596	0	0	1	0	0.508417508417508	0.441077441077441	1	0	0.303030303030303	0.784511784511784	0	0	0	0	0	0	0	0	0	0.296296296296296	0	0	0	0.232323232323232	0	0	0	WA_MAG_00079
697643	Archaea_76	AdoHcyase	PF05221.17	4.6e-96	939	0.148029818956337	0.2790202342918	0	0	0	0	0	0.691160809371672	0.186368477103301	0.192758253461129	0.517571884984026	0.663471778487753	0	0	0	0.382321618743344	0.319488817891374	0	0	0.530351437699681	0	0	0	0	0	0.293929712460064	0.0287539936102236	0	0	WA_MAG_00079
719337	Archaea_76	Ribosomal_S7	PF00177.21	8.5e-70	471	0.492569002123142	0.0530785562632696	0	0	0.898089171974522	0	0	1	0.343949044585987	0	0	0.726114649681529	0	0	0	0	0	0	0	0	0	0	0.191082802547771	0.40552016985138	0.532908704883227	0	0.195329087048832	0	0.26963906581741	WA_MAG_00079
795884	Archaea_76	Ribosom_S12_S23	PF00164.25	2.2e-44	375	0	0	0.658666666666667	0	0.402666666666667	0.496	0	0.298666666666667	0.733333333333333	0.234666666666667	0	0.626666666666667	0	0	0.824	0	0	0	0	0.269333333333333	0	0.0746666666666667	0	0	0.629333333333333	0.418666666666667	1	0	0	WA_MAG_00079
810486	Archaea_76	tRNA-synt_His	PF13393.6	1.3e-86	939	0	0.575079872204473	0	0.267305644302449	0.685835995740149	0	0.170394036208733	0.656017039403621	0.451544195953142	0	0.73482428115016	0.800851970181044	0.248136315228967	0.320553780617678	0.454739084132055	0.162939297124601	0	0	0	0.155484558040469	0.0394036208732694	0.424920127795527	0	0	0.235356762513312	0	0.294994675186368	0.458998935037274	0.211927582534611	WA_MAG_00079
810487	Archaea_76	Adenylsucc_synt	PF00709.21	1.2e-176	1299	0.229407236335643	0.362586605080831	0.360277136258661	0	0.335642802155504	0	0.0092378752886836	0.596612779060816	0.458814472671286	0.335642802155504	0.812163202463433	0.569668976135489	0	0	0.17167051578137	0	0.250962278675905	0.46189376443418	0	0.16320246343341	0.0500384911470362	0.399538106235566	0.161662817551963	0.373364126250962	0.182448036951501	0.103926096997691	0.361046959199384	0.141647421093149	0.0754426481909161	WA_MAG_00079
823431	Archaea_76	Ham1p_like	PF01725.16	1.4e-57	636	0	0.589622641509434	0	0.289308176100629	0.360062893081761	0	0	0.85377358490566	0.713836477987421	0	0.573899371069182	0.455974842767296	0	0	0	0	0.237421383647799	0	0	0.474842767295597	0.0660377358490566	0.816037735849057	0	0.468553459119497	0	0	0.765723270440252	0	0	WA_MAG_00079
846653	Archaea_76	TIM	PF00121.18	3.1e-60	699	0	0	0.278969957081545	0	0	0	0.104434907010014	0.701001430615165	0.214592274678112	0	0	0.917024320457797	0	0	0.200286123032904	0	0.371959942775393	0	0	0.476394849785408	0	0.371959942775393	0	0.432045779685265	0	0.426323319027182	0.473533619456366	0	0	WA_MAG_00079
1499638	Archaea_76	Ribosomal_S15	PF00312.22	3.6e-35	249	0	0	0	0	0.875502008032129	0	0	0.91566265060241	0	0	0	0	0	0	0	0	0.594377510040161	0	0	0	0	0	0	0	0	0	0.42570281124498	0	0	WA_MAG_00079
1532109	Archaea_76	TruD	PF01142.18	4e-33	495	0	0.42020202020202	0	0	0	0.488888888888889	0	0.458585858585859	0.135353535353535	0.414141414141414	0.717171717171717	0.432323232323232	0	0	0.385858585858586	0.426262626262626	0	0	0.305050505050505	0	0	0	0	0.490909090909091	0.284848484848485	0	0	0	0	WA_MAG_00079
