gene_callers_id	source	gene_name	gene_hmm_id	e_value	length	WAM_ALR	WAM_CCR	WAM_IPI	WAM_MAR	WAM_MYS	WAM_PBL	WAM_PJN	WAM_PPR	WAM_PST	WAM_ROL	WAM_SCR	WAM_SGN	WAM_SIS	WAM_TWN	WAR_ALR	WAR_CCR	WAR_IPI	WAR_MAR	WAR_MYS	WAR_PBL	WAR_PJN	WAR_PPR	WAR_PSK	WAR_PST	WAR_RNW	WAR_ROL	WAR_SCR	WAR_SGL	WAR_SIS	mag_id
397089	Archaea_76	Ribosomal_S2	PF00318.20	1e-98	738	0.250677506775068	0	0	0.624661246612466	0.204607046070461	0.407859078590786	0.43360433604336	0.292682926829268	0.204607046070461	0.204607046070461	0	0.415989159891599	0	0.846883468834688	0.204607046070461	0.185636856368564	0.376693766937669	0	0	0	0.409214092140921	0	0	0	0	0	0	0.266937669376694	0.262872628726287	WA_MAG_00028
512133	Archaea_76	Ham1p_like	PF01725.16	2.7e-58	579	0.404145077720207	0	0	0.659758203799655	0	0	0.0345423143350604	0	0	0	0	0	0	0.504317789291883	0.521588946459413	0	0	0.260794473229706	0.3713298791019	0	0	0	0.364421416234888	0.639032815198618	0.193436960276339	0	0.260794473229706	0.0120898100172711	0	WA_MAG_00028
1305183	Archaea_76	TIM	PF00121.18	2.3e-81	780	0.394871794871795	0.11025641025641	0.091025641025641	0.701282051282051	0	0	0.235897435897436	0.173076923076923	0	0	0	0	0.0961538461538462	0.371794871794872	0.320512820512821	0	0	0.191025641025641	0	0	0	0	0	0.193589743589744	0.367948717948718	0	0	0	0.605128205128205	WA_MAG_00028
1338764	Archaea_76	Ribosomal_L1	PF00687.21	1.4e-56	699	0	0.243204577968526	0	0.158798283261803	0	0	0	0	0	0	0	0.216022889842632	0	0.955650929899857	0.645207439198855	0	0.203147353361946	0	0.223175965665236	0	0.220314735336195	0.354792560801145	0.585121602288984	0	0.271816881258941	0	0.404864091559371	0	0.605150214592275	WA_MAG_00028
1089744	Archaea_76	Adenylsucc_synt	PF00709.21	1.4e-169	1281	0.701795472287276	0	0.225604996096799	0.579234972677596	0.235753317720531	0	0.234972677595628	0.498829039812646	0	0	0.234192037470726	0.235753317720531	0	0.254488680718189	0.234192037470726	0	0.117096018735363	0	0.41608118657299	0.234972677595628	0.41295862607338	0	0.772833723653396	0.284933645589383	0	0.774395003903201	0	0.162373145979703	0	WA_MAG_00028
1217514	Archaea_76	NDK	PF00334.19	9.2e-50	411	0.367396593673966	0	0.479318734793187	0.802919708029197	0	0.289537712895377	0.0413625304136253	0.364963503649635	0	0.698296836982968	0	0.367396593673966	0	0.749391727493917	0	0	0.367396593673966	0	0	0	0	0	0.364963503649635	0.481751824817518	0	0	0	0.367396593673966	0.732360097323601	WA_MAG_00028
127073	Archaea_76	Ribosom_S12_S23	PF00164.25	1.1e-44	372	0.57258064516129	0.723118279569892	0	0.741935483870968	0.405913978494624	0	0	0	0	0	0	0.489247311827957	0	0.551075268817204	0.836021505376344	0	0	0	0	0	0.446236559139785	0	0	0.454301075268817	0	0.60752688172043	0.645161290322581	0	0	WA_MAG_00028
127074	Archaea_76	Ribosomal_S7	PF00177.21	2.5e-64	471	0.178343949044586	0.498938428874735	0	0.749469214437367	0	0	0	0	0	0	0	0.895966029723992	0	0.0318471337579618	0.320594479830149	0	0	0	0	0	0.664543524416136	0	0.552016985138004	0.615711252653928	0	0	0	0	0.598726114649682	WA_MAG_00028
1615297	Archaea_76	tRNA-synt_1c	PF00749.21	2.9e-78	1494	0.272423025435074	0	0	0	0	0.0823293172690763	0.201472556894244	0	0	0.101070950468541	0	0	0.0990629183400268	0.704149933065596	0.301204819277108	0	0	0.130522088353414	0.253681392235609	0.504016064257028	0	0	0.475903614457831	0.756358768406961	0	0.200803212851406	0.200803212851406	0	0.301204819277108	WA_MAG_00028
1631906	Archaea_76	tRNA-synt_1d	PF00750.19	1.2e-116	1428	0.485294117647059	0	0.276610644257703	0.733893557422969	0.103641456582633	0	0.282913165266106	0.314425770308123	0.238095238095238	0	0	0.290616246498599	0.166666666666667	0.746498599439776	0	0	0.211484593837535	0.647058823529412	0.211484593837535	0.331232492997199	0	0	0.40406162464986	0.21078431372549	0	0.331932773109244	0	0.211484593837535	0.600840336134454	WA_MAG_00028
220814	Archaea_76	Ribosomal_S15	PF00312.22	4.7e-37	264	0	0	0	0.795454545454545	0	0	0	0	0.484848484848485	0	0	0	0	0.981060606060606	0	0	0	0	0	0.571969696969697	0	0	0	0.757575757575758	0	0.0795454545454545	0	0	0.568181818181818	WA_MAG_00028
282458	Archaea_76	tRNA-synt_1c	PF00749.21	2.9e-21	678	0.361356932153392	0	0.222713864306785	0.442477876106195	0	0	0	0.445427728613569	0	0	0	0.134218289085546	0	0.348082595870207	0.0545722713864307	0	0.337758112094395	0	0	0	0.442477876106195	0	0.834808259587021	0.234513274336283	0.221238938053097	0.441002949852507	0.221238938053097	0	0	WA_MAG_00028
325357	Archaea_76	Ribosomal_L16	PF00252.18	5.8e-49	417	0.39568345323741	0.501199040767386	0.438848920863309	0	0	0.642685851318945	0.470023980815348	0	0.359712230215827	0.393285371702638	0	0.520383693045564	0.359712230215827	0.966426858513189	0.712230215827338	0	0.239808153477218	0	0.359712230215827	0.201438848920863	0.376498800959233	0	0.58273381294964	0.359712230215827	0	0.724220623501199	0	0.676258992805755	0.15347721822542	WA_MAG_00028
325358	Archaea_76	Ribosomal_L29	PF00831.23	6e-22	213	0.619718309859155	0.394366197183099	0	0	0	0.708920187793427	0.530516431924883	0	0.258215962441315	0	0	0	0	0.615023474178404	0.0845070422535211	0	0.422535211267606	0	0.666666666666667	0	0	0	0	0	0	0	0	0.896713615023474	0.690140845070423	WA_MAG_00028
325359	Archaea_76	Ribosomal_S17	PF00366.20	2.5e-33	273	0.835164835164835	0	0	0.787545787545788	0	0.36996336996337	0	0	0.333333333333333	0.00366300366300366	0	0	0	1	0.67032967032967	0	0	0	0.0183150183150183	0	0	0	0	0.0769230769230769	0	0	0.336996336996337	0.465201465201465	0.556776556776557	WA_MAG_00028
325360	Archaea_76	Ribosomal_L14	PF00238.19	1.1e-56	369	0.476964769647696	0.964769647696477	0.818428184281843	0.029810298102981	0	0.146341463414634	0.523035230352303	0	0.398373983739837	0.476964769647696	0	0	0	0.905149051490515	0.964769647696477	0	0	0.273712737127371	0	0	0	0	0.005420054200542	0.501355013550135	0	0	0.170731707317073	0	0.227642276422764	WA_MAG_00028
325363	Archaea_76	Ribosomal_S8	PF00410.19	8.6e-51	402	0.400497512437811	0.756218905472637	0	0	0	0	0.798507462686567	0.375621890547264	0.509950248756219	0	0	0	0	0.335820895522388	0.375621890547264	0.0472636815920398	0	0.721393034825871	0	0	0.373134328358209	0	0.194029850746269	0.271144278606965	0.373134328358209	0.853233830845771	0.442786069651741	0	0.721393034825871	WA_MAG_00028
325364	Archaea_76	Ribosomal_L6	PF00347.23	1.8e-44	543	0.694290976058932	0.655616942909761	0.276243093922652	0	0.395948434622468	0	0.558011049723757	0.246777163904236	0.143646408839779	0	0	0.379373848987109	0	0.0607734806629834	0.465930018416206	0.924493554327808	0	0	0	0	0.543278084714549	0	0.502762430939227	0.314917127071823	0.278084714548803	0.561694290976059	0.779005524861878	0	0.664825046040516	WA_MAG_00028
325369	Archaea_76	SecY	PF00344.20	2.3e-108	1323	0.226757369614512	0.45578231292517	0.467876039304611	0.414210128495843	0.309901738473167	0.138321995464853	0.450491307634165	0.0634920634920635	0.327286470143613	0.114134542705971	0.279667422524565	0.227513227513228	0.0226757369614512	0.703703703703704	0.309901738473167	0	0	0	0.207105064247921	0.113378684807256	0.411186696900983	0	0.222222222222222	0.282690854119426	0	0	0.556311413454271	0.0151171579743008	0.413454270597128	WA_MAG_00028
325372	Archaea_76	Ribosomal_S13	PF00416.22	2.4e-36	381	0.850393700787402	0	0.346456692913386	0.79002624671916	0	0.493438320209974	0.391076115485564	0	0	0	0.396325459317585	0.37007874015748	0	0.834645669291339	0	0.270341207349081	0.553805774278215	0.396325459317585	0	0	0.58005249343832	0.259842519685039	0.934383202099738	0	0.745406824146982	0	0	0.653543307086614	0.603674540682415	WA_MAG_00028
325373	Archaea_76	Ribosomal_S11	PF00411.19	2.3e-52	399	0.593984962406015	0.533834586466165	0.0451127819548872	0	0	0	0.604010025062657	0	0	0	0	0.0150375939849624	0	0.581453634085213	0.416040100250627	0.388471177944862	0.526315789473684	0	0.388471177944862	0	0.205513784461153	0	0.446115288220551	0.739348370927318	0	0	0	0.0576441102756892	0.170426065162907	WA_MAG_00028
586795	Archaea_76	Ribosomal_L4	PF00573.22	6.7e-63	633	0.46129541864139	0.447077409162717	0.238546603475513	0.398104265402844	0	0	0	0	0.219589257503949	0	0	0.213270142180095	0	0.477093206951027	0	0	0.30173775671406	0	0.475513428120063	0	0	0	0	0	0	0	0	0	0.796208530805687	WA_MAG_00028
586796	Archaea_76	Ribosomal_L3	PF00297.22	2.7e-18	648	0.541666666666667	0.427469135802469	0.462962962962963	0.268518518518519	0.231481481481481	0	0.466049382716049	0	0	0	0	0.408950617283951	0.33641975308642	0.740740740740741	0	0	0.427469135802469	0	0	0.665123456790123	0.736111111111111	0	0	0.277777777777778	0	0.444444444444444	0	0	0.0246913580246913	WA_MAG_00028
644052	Archaea_76	AdoHcyase	PF05221.17	2.5e-104	1203	0.467996674979219	0.201995012468828	0.376558603491272	0.519534497090607	0.196176226101413	0.109725685785536	0.251039068994181	0	0.251039068994181	0.7190357439734	0	0.411471321695761	0.125519534497091	0.768911055694098	0.250207813798836	0.125519534497091	0	0	0.124688279301746	0	0.00581878636741479	0	0.728179551122195	0.249376558603491	0	0.70739817123857	0.250207813798836	0	0.118038237738986	WA_MAG_00028
859834	Archaea_76	AdoHcyase	PF05221.17	2.9e-68	441	0	0	0.340136054421769	0.342403628117914	0	0	0	0	0	0.335600907029478	0.759637188208617	0	0	0	0.675736961451247	0	0	0	0	0	0.591836734693878	0	0.342403628117914	0	0	0.485260770975057	0	0	0	WA_MAG_00028
1481201	Archaea_76	RNase_HII	PF01351.18	3.5e-26	663	0.659125188536953	0.128205128205128	0	0.407239819004525	0.18552036199095	0	0	0.0361990950226244	0.227752639517345	0	0	0.328808446455505	0	0.767722473604827	0.081447963800905	0	0.452488687782805	0	0.59577677224736	0	0	0	0.787330316742081	0	0	0	0.279034690799397	0	0.227752639517345	WA_MAG_00028
1511043	Archaea_76	tRNA-synt_His	PF13393.6	2.5e-14	753	0.395750332005312	0	0.0690571049136786	0.741035856573705	0	0	0.334661354581673	0.326693227091633	0	0	0	0	0	0.734395750332005	0	0	0.212483399734396	0	0	0	0.395750332005312	0.225763612217795	0.200531208499336	0	0	0.0199203187250996	0.399734395750332	0.047808764940239	0.596281540504648	WA_MAG_00028
1519792	Archaea_76	Ribosomal_L13	PF00572.18	6.1e-55	447	0.190156599552573	0.420581655480984	0.577181208053691	0.583892617449664	0	0	0.583892617449664	0	0	0	0	0.0693512304250559	0.337807606263982	0.664429530201342	0	0	0.646532438478747	0	0	0	0	0	0	0.111856823266219	0	0.221476510067114	0	0.268456375838926	0.337807606263982	WA_MAG_00028
1519793	Archaea_76	Ribosomal_S9	PF00380.19	1.5e-46	393	0	0	0.442748091603053	0.760814249363868	0	0	0.765903307888041	0	0	0	0	0	0	0.653944020356234	0	0	0	0	0.39440203562341	0	0	0	0.765903307888041	0.424936386768448	0.310432569974555	0	0	0.318066157760814	0	WA_MAG_00028
1550165	Archaea_76	Ribosomal_S19	PF00203.21	1.5e-38	279	0.673835125448029	0.559139784946237	0.541218637992832	1	0	0	0.351254480286738	0.731182795698925	0.548387096774194	0	0	0	0	0.838709677419355	0.247311827956989	0	0	0.580645161290323	0	0	0.0681003584229391	0.720430107526882	0.666666666666667	0.537634408602151	0	0.870967741935484	0	0.200716845878136	0.795698924731183	WA_MAG_00028
1550166	Archaea_76	Ribosomal_L22	PF00237.19	2.8e-26	714	0	0.210084033613445	0	0.471988795518207	0	0	0	0	0.558823529411765	0	0	0.210084033613445	0	0.294117647058824	0	0	0	0	0	0	0	0.176470588235294	0.0630252100840336	0.211484593837535	0	0.584033613445378	0	0	0.507002801120448	WA_MAG_00028
