gene_callers_id	source	gene_name	gene_hmm_id	e_value	length	WAM_ALR	WAM_CCR	WAM_IPI	WAM_MAR	WAM_MYS	WAM_PBL	WAM_PJN	WAM_PPR	WAM_PST	WAM_ROL	WAM_SCR	WAM_SGN	WAM_SIS	WAM_TWN	WAR_ALR	WAR_CCR	WAR_IPI	WAR_MAR	WAR_MYS	WAR_PBL	WAR_PJN	WAR_PPR	WAR_PSK	WAR_PST	WAR_RNW	WAR_ROL	WAR_SCR	WAR_SGL	WAR_SIS	mag_id
16185	Archaea_76	RNA_pol_Rpb6	PF01192.22	1.6e-10	333	0.339339339339339	0.864864864864865	0.453453453453453	0.798798798798799	0	0.687687687687688	0.663663663663664	0.840840840840841	0.702702702702703	0	0.0780780780780781	0.117117117117117	0	1	0	0	0	0	0	0.78978978978979	0.54954954954955	0	0	0.387387387387387	0.873873873873874	0	0.612612612612613	1	0.123123123123123	WA_MAG_00007
18063	Archaea_76	NDK	PF00334.19	1.7e-52	420	0.14047619047619	0	0.0976190476190476	0.347619047619048	0.019047619047619	0.3	0.0833333333333333	0	0.892857142857143	0	0	0.864285714285714	0	0.828571428571429	0	0	0	0	0.757142857142857	0.0142857142857143	0.116666666666667	0	0	0.178571428571429	0.197619047619048	0	0.754761904761905	0.657142857142857	0.607142857142857	WA_MAG_00007
93750	Archaea_76	RNase_HII	PF01351.18	2.4e-40	600	0.496666666666667	0.136666666666667	0.236666666666667	1	0	0.851666666666667	0.77	0.34	0.458333333333333	0.311666666666667	0	0.268333333333333	0.486666666666667	0.901666666666667	0	0.273333333333333	0	0.573333333333333	0	0	0.586666666666667	0.13	0.535	0.503333333333333	0.711666666666667	0	0.225	1	0.448333333333333	WA_MAG_00007
917446	Archaea_76	tRNA-synt_1c	PF00749.21	3.3e-73	1236	0.614077669902913	0	0	0.810679611650485	0.648058252427185	0.830906148867314	0.581715210355987	0.182038834951456	0.312297734627832	0	0.343042071197411	0.40453074433657	0	0.772653721682848	0.163430420711974	0.116504854368932	0.365695792880259	0.701456310679612	0	0.608414239482201	0.607605177993528	0	0.244336569579288	0.473300970873786	0.525080906148867	0.110032362459547	0.597087378640777	0.419902912621359	0.651294498381877	WA_MAG_00007
1599758	Archaea_76	AdoHcyase	PF05221.17	1.4e-138	1365	0.600732600732601	0.492307692307692	0.245421245421245	0.931868131868132	0.286446886446886	0.747985347985348	0.547985347985348	0.473992673992674	0.745787545787546	0	0.387545787545788	0.717948717948718	0.221245421245421	0.947252747252747	0.411721611721612	0.214652014652015	0	0.682051282051282	0.043956043956044	0.106227106227106	0.444688644688645	0.293040293040293	0.53992673992674	0.833699633699634	0.72014652014652	0.314285714285714	0.63956043956044	0.55018315018315	0.21978021978022	WA_MAG_00007
1642095	Archaea_76	tRNA-synt_1c	PF00749.21	1e-93	915	0.185792349726776	0.493989071038251	0.398907103825137	0.994535519125683	0.496174863387978	0.987978142076503	0.865573770491803	0.92568306010929	0.549726775956284	0.19672131147541	0.194535519125683	0.507103825136612	0	0.772677595628415	0.324590163934426	0.344262295081967	0	0.614207650273224	0	0.707103825136612	0.475409836065574	0	0.539890710382514	0.829508196721311	0.881967213114754	0.133333333333333	0.160655737704918	0.477595628415301	0.165027322404372	WA_MAG_00007
1651338	Archaea_76	Ribosomal_L13	PF00572.18	4e-59	456	0.956140350877193	0.491228070175439	0.171052631578947	0.973684210526316	0.649122807017544	0.62719298245614	0.62280701754386	0	0.326754385964912	0	0.442982456140351	0.421052631578947	0	0.846491228070175	0.486842105263158	0.331140350877193	0	0.543859649122807	0	0.328947368421053	0.589912280701754	0.554824561403509	0.114035087719298	0.960526315789474	0.910087719298246	0	0.510964912280702	0.375	0	WA_MAG_00007
1651339	Archaea_76	Ribosomal_S9	PF00380.19	4.2e-53	387	0.669250645994832	0.462532299741602	0.498708010335917	0.912144702842377	0.436692506459948	1	0.62015503875969	0.669250645994832	0.366925064599483	0	0.718346253229974	0.645994832041344	0.483204134366925	1	0	0.387596899224806	0	0.881136950904393	0	0.669250645994832	0.948320413436692	0	0.436692506459948	1	0.852713178294574	0.348837209302326	0.0568475452196382	0.58656330749354	0	WA_MAG_00007
1651340	Archaea_76	Ribosomal_S2	PF00318.20	3e-91	891	0.791245791245791	0	0.00897867564534231	1	0.306397306397306	0.567901234567901	0.787878787878788	0.534231200897868	0.525252525252525	0.313131313131313	0.337822671156005	0.953984287317621	0.336700336700337	0.809203142536476	0	0	0	0.453423120089787	0.250280583613917	0.393939393939394	0.393939393939394	0.257014590347924	0.121212121212121	0.32996632996633	0.854096520763187	0	0.827160493827161	0.757575757575758	0	WA_MAG_00007
1680341	Archaea_76	Adenylsucc_synt	PF00709.21	1.2e-170	1272	0.839622641509434	0.397012578616352	0	0.666666666666667	0.481132075471698	0.327044025157233	0.595125786163522	0.321540880503145	0.428459119496855	0	0.270440251572327	0.814465408805031	0	0.904088050314465	0.411163522012579	0	0.205974842767296	0.418238993710692	0.161163522012579	0.198899371069182	0.268081761006289	0.218553459119497	0.251572327044025	0.40251572327044	0.285377358490566	0.522798742138365	0.680817610062893	0.342767295597484	0.5	WA_MAG_00007
1685925	Archaea_76	Ribosomal_L1	PF00687.21	2.4e-53	696	0.589080459770115	0	0	0.770114942528736	0	0.64367816091954	0.668103448275862	0.372126436781609	0.885057471264368	0	0	0.758620689655172	0.208333333333333	0.877873563218391	0.264367816091954	0.432471264367816	0	0.76867816091954	0	0.653735632183908	0.682471264367816	0.870689655172414	0.0790229885057471	0.420977011494253	0.33764367816092	0.202586206896552	0.362068965517241	0.558908045977011	0.432471264367816	WA_MAG_00007
210014	Archaea_76	tRNA-synt_1d	PF00750.19	5.8e-43	1788	0.34675615212528	0.258389261744966	0.334451901565996	0.755592841163311	0.0676733780760626	0.565436241610738	0.336129753914989	0.293064876957494	0.669463087248322	0	0.131431767337808	0.615771812080537	0.20413870246085	0.905480984340045	0.16834451901566	0.215883668903803	0	0.575503355704698	0.322147651006711	0.499440715883669	0.499440715883669	0	0.277404921700224	0.313199105145414	0.385906040268456	0.312080536912752	0.465324384787472	0.760626398210291	0.557046979865772	WA_MAG_00007
210024	Archaea_76	Ribosomal_S11	PF00411.19	2.9e-46	393	0.244274809160305	0.450381679389313	0	1	0.49618320610687	0.745547073791349	0	0.720101781170484	0.603053435114504	0	0.737913486005089	0.854961832061069	0	0.760814249363868	1	0	0	0.493638676844784	0.312977099236641	0.643765903307888	0	0	0.188295165394402	0.55470737913486	1	0.763358778625954	0.521628498727735	0.404580152671756	0.656488549618321	WA_MAG_00007
210025	Archaea_76	Ribosomal_S13	PF00416.22	2.1e-35	375	0.741333333333333	0.016	0	0.354666666666667	0	0.850666666666667	0	0.829333333333333	0.922666666666667	0	0.370666666666667	0.496	0	0.626666666666667	0.978666666666667	0.525333333333333	0	0.322666666666667	0.637333333333333	0.704	0	0.402666666666667	0.837333333333333	0.84	0.776	0	0.696	0.546666666666667	0.213333333333333	WA_MAG_00007
210027	Archaea_76	SecY	PF00344.20	8.3e-108	1344	0.264880952380952	0.750744047619048	0.34672619047619	0.824404761904762	0.681547619047619	0.898065476190476	0.792410714285714	0.342261904761905	0.28125	0.107886904761905	0.0505952380952381	0.722470238095238	0	0.738095238095238	0.426339285714286	0.32514880952381	0	0.636160714285714	0.125	0.654017857142857	0.195684523809524	0.11235119047619	0.325892857142857	0.71875	0.931547619047619	0.323660714285714	0.455357142857143	0.686755952380952	0.863095238095238	WA_MAG_00007
210032	Archaea_76	Ribosomal_L6	PF00347.23	1.7e-37	543	0.532228360957643	0.344383057090239	0	0.830570902394107	0	0.495395948434622	0.948434622467772	0.259668508287293	0.274401473296501	0	0	0.976058931860037	0	0.992633517495396	0.755064456721915	0.766114180478821	0.550644567219153	0.489871086556169	0.539594843462247	0	0.364640883977901	0.876611418047882	0	0.648250460405157	0.517495395948435	0	0.738489871086556	0.788213627992634	0	WA_MAG_00007
210033	Archaea_76	Ribosomal_S8	PF00410.19	7.3e-51	402	0.467661691542289	0.375621890547264	0	1	0	0	0.616915422885572	0	0.912935323383085	0	0	1	0	1	0.348258706467662	0.18407960199005	0	0.912935323383085	0	0.054726368159204	0	0.0920398009950249	0	0.855721393034826	0.975124378109453	0	0.82089552238806	0.305970149253731	0.783582089552239	WA_MAG_00007
210037	Archaea_76	Ribosomal_L14	PF00238.19	1.5e-59	369	0.409214092140921	0.411924119241192	0.75609756097561	0.639566395663957	0.794037940379404	0.875338753387534	0.739837398373984	0	0.205962059620596	0.409214092140921	0.485094850948509	0.398373983739837	0	1	0	0	0	0.818428184281843	0.555555555555556	0.791327913279133	0.531165311653117	0.471544715447154	0	0.471544715447154	0.550135501355014	0.520325203252033	0.932249322493225	0	0.409214092140921	WA_MAG_00007
210038	Archaea_76	Ribosomal_S17	PF00366.20	1.6e-32	258	0	0.151162790697674	1	1	0.0232558139534884	0.748062015503876	0.89922480620155	0.213178294573643	0.689922480620155	0	0	0.732558139534884	0	0.693798449612403	0	0	0	0.213178294573643	0.321705426356589	0.910852713178294	0.821705426356589	0.624031007751938	0.147286821705426	0.496124031007752	0.624031007751938	0	1	0	0.728682170542636	WA_MAG_00007
210039	Archaea_76	Ribosomal_L29	PF00831.23	2.9e-19	192	0.166666666666667	0.78125	0.244791666666667	1	0.932291666666667	0.484375	0.9375	1	0.630208333333333	0	0	0.958333333333333	0	1	0	0	0	0.447916666666667	0.427083333333333	0.59375	0	0	0.494791666666667	0.697916666666667	0.5625	0	1	1	0.604166666666667	WA_MAG_00007
210040	Archaea_76	Ribosomal_L16	PF00252.18	5e-52	420	0.407142857142857	0.438095238095238	0	0.85	0.495238095238095	0.697619047619048	0.776190476190476	0.0547619047619048	0.94047619047619	0.464285714285714	0	0.652380952380952	0	0.895238095238095	0	0	0	0.45	0.352380952380952	0.404761904761905	0.861904761904762	0	0.34047619047619	0.916666666666667	0.683333333333333	0	1	0.0738095238095238	0.4	WA_MAG_00007
210042	Archaea_76	Ribosomal_L22	PF00237.19	4.3e-30	408	1	0	0.16421568627451	1	0.916666666666667	0.223039215686275	0.713235294117647	0	0.906862745098039	0	0	1	0.188725490196078	1	0.634803921568627	0	0	0.205882352941176	0.502450980392157	0.816176470588235	0.813725490196078	0	0	0.379901960784314	1	0.159313725490196	0.468137254901961	0.696078431372549	0	WA_MAG_00007
210043	Archaea_76	Ribosomal_S19	PF00203.21	2.3e-39	279	0.716845878136201	0.759856630824373	0	0.150537634408602	0.103942652329749	0.734767025089606	0.989247311827957	0	0.734767025089606	0	0.114695340501792	0.842293906810036	0	0.874551971326165	0.584229390681004	0	0	0	0	1	0.853046594982079	0.82078853046595	0	0.831541218637993	0.39426523297491	0	1	0	0.541218637992832	WA_MAG_00007
210045	Archaea_76	Ribosomal_L23	PF00276.20	3.8e-31	291	0.965635738831615	0.518900343642612	0	1	0.216494845360825	0.762886597938144	0.934707903780069	0.474226804123711	0.618556701030928	0	0	0.701030927835051	0.0240549828178694	0.759450171821306	0	0	0	0.742268041237113	0	0	0	0.219931271477663	0	0.65979381443299	0.859106529209622	0	0.742268041237113	0.88659793814433	0.573883161512027	WA_MAG_00007
210046	Archaea_76	Ribosomal_L4	PF00573.22	1.3e-63	630	0.650793650793651	0.122222222222222	0.0333333333333333	0.607936507936508	0.333333333333333	0.606349206349206	0.553968253968254	0	0.455555555555556	0	0.349206349206349	0.63968253968254	0	0.626984126984127	0.222222222222222	0	0.477777777777778	0.528571428571429	0	0.180952380952381	0.379365079365079	0.73968253968254	0	0.774603174603175	0.755555555555556	0	0.944444444444444	0.314285714285714	0	WA_MAG_00007
210047	Archaea_76	Ribosomal_L3	PF00297.22	1.5e-21	612	0.908496732026144	0.274509803921569	0.352941176470588	0.730392156862745	0.227124183006536	0.763071895424837	0.246732026143791	0.245098039215686	0.720588235294118	0	0.356209150326797	0.622549019607843	0	0.663398692810457	0.266339869281046	0	0	0.544117647058823	0	0.0620915032679739	0.163398692810458	0.753267973856209	0	0.96078431372549	0.343137254901961	0.408496732026144	0.477124183006536	0.313725490196078	0	WA_MAG_00007
210051	Archaea_76	Ribosomal_S7	PF00177.21	2.2e-63	477	0.477987421383648	0	0	1	0	0.851153039832285	0.438155136268344	0	0	0	0	0	0.444444444444444	0	0.327044025157233	0	0	0	0	0.39832285115304	0.888888888888889	0	0	0.937106918238994	0.379454926624738	0	0.314465408805031	0.607966457023061	0.50104821802935	WA_MAG_00007
210052	Archaea_76	Ribosom_S12_S23	PF00164.25	3.9e-46	375	0.12	0	0.674666666666667	0.722666666666667	0	0.402666666666667	0.402666666666667	0.317333333333333	0	0	0	0.493333333333333	0	0.602666666666667	0	0	0	0	0.2	0	0.258666666666667	0	0.6	0.301333333333333	0.597333333333333	0	0.402666666666667	0.584	0	WA_MAG_00007
226538	Archaea_76	tRNA-synt_1c	PF00749.21	9.1e-09	699	0.277539341917024	0.296137339055794	0	0.765379113018598	0.28898426323319	0.306151645207439	0.170243204577969	0	0.652360515021459	0.226037195994278	0	0.406294706723891	0	0.426323319027182	0	0	0	0.4620886981402	0	0.324749642346209	0.652360515021459	0	0	0.459227467811159	0.389127324749642	0	0	0.432045779685265	0.434907010014306	WA_MAG_00007
571741	Archaea_76	Ribosomal_S15	PF00312.22	1.7e-33	270	0.803703703703704	0.277777777777778	0.925925925925926	0.607407407407407	0	0.777777777777778	0	0	0.577777777777778	0	0	1	0.925925925925926	0.992592592592593	0	0	0	0.644444444444444	0	0	0.962962962962963	0	0.262962962962963	0	0.433333333333333	1	0.814814814814815	0.466666666666667	0	WA_MAG_00007
603291	Archaea_76	tRNA-synt_His	PF13393.6	5.9e-08	339	0	0.870206489675516	0.23598820058997	0.713864306784661	0	0.71976401179941	0.616519174041298	0	0.932153392330384	0	0	0	0	0.849557522123894	0	0.566371681415929	0	0.40117994100295	0	0.52212389380531	0.486725663716814	0	0.445427728613569	0.442477876106195	0.657817109144543	0.480825958702065	0	0.448377581120944	0	WA_MAG_00007
606285	Archaea_76	tRNA-synt_His	PF13393.6	1.2e-32	1083	0.124653739612188	0.331486611265005	0	0.746999076638966	0.458910433979686	0.532779316712835	0.840258541089566	0.224376731301939	0.784856879039704	0	0	0.465373961218837	0	0.74145891043398	0	0.277008310249307	0	0.452446906740536	0.105263157894737	0.662973222530009	0.532779316712835	0.14404432132964	0	0.40258541089566	0.322253000923361	0.174515235457064	0.604801477377655	0.126500461680517	0.314866112650046	WA_MAG_00007
698351	Archaea_76	HMG-CoA_red	PF00368.18	3.4e-94	1368	0.349415204678363	0.358187134502924	0.219298245614035	0.642543859649123	0.219298245614035	0.807017543859649	0.818713450292398	0.241228070175439	0.394736842105263	0	0.182017543859649	0.828216374269006	0	0.673245614035088	0.177631578947368	0	0.103070175438596	0.575292397660819	0.350877192982456	0.451023391812865	0.535818713450292	0.177631578947368	0.516812865497076	0.632309941520468	0.682017543859649	0.346491228070175	0.603070175438597	0.377923976608187	0.156432748538012	WA_MAG_00007
862080	Archaea_76	Ham1p_like	PF01725.16	4.2e-61	597	0.460636515912898	0.155778894472362	0.504187604690117	0.360134003350084	0.850921273031826	0.309882747068677	0.281407035175879	0.760469011725293	0.251256281407035	0	0.671691792294807	0.814070351758794	0	0.639865996649916	0.284757118927973	0.251256281407035	0.279731993299833	0.676716917922948	0.0904522613065327	0.340033500837521	0.296482412060302	0.0217755443886097	0.340033500837521	0.440536013400335	0.579564489112228	0.458961474036851	0.916247906197655	0.703517587939699	0.495812395309883	WA_MAG_00007
872936	Archaea_76	TIM	PF00121.18	2.6e-93	762	0.39238845144357	0.454068241469816	0.29002624671916	0.581364829396325	0	0.303149606299213	0.569553805774278	0.225721784776903	0.418635170603675	0	0	0	0.304461942257218	0.859580052493438	0.192913385826772	0.362204724409449	0.526246719160105	0	0.136482939632546	0.510498687664042	0.541994750656168	0	0.353018372703412	0.332020997375328	0.416010498687664	0	0.0813648293963255	0.58005249343832	0	WA_MAG_00007
