gene_callers_id	source	gene_name	gene_hmm_id	e_value	length	WAM_ALR	WAM_CCR	WAM_IPI	WAM_MAR	WAM_MYS	WAM_PBL	WAM_PJN	WAM_PPR	WAM_PST	WAM_ROL	WAM_SCR	WAM_SGN	WAM_SIS	WAM_TWN	WAR_ALR	WAR_CCR	WAR_IPI	WAR_MAR	WAR_MYS	WAR_PBL	WAR_PJN	WAR_PPR	WAR_PSK	WAR_PST	WAR_RNW	WAR_ROL	WAR_SCR	WAR_SGL	WAR_SIS	mag_id
457558	Archaea_76	Ribosomal_L3	PF00297.22	5.6e-22	648	0.736111111111111	0.535493827160494	0.00617283950617283	0.358024691358025	0.490740740740741	0	1	0.333333333333333	0.580246913580247	0.29320987654321	0.282407407407407	1	0	0.641975308641975	0.771604938271605	0.257716049382716	0.375	0.671296296296296	0.33179012345679	0.530864197530864	0.847222222222222	0.58641975308642	0.540123456790123	0.981481481481482	0.391975308641975	0.367283950617284	0.901234567901235	0.54320987654321	0.770061728395062	WA_MAG_00018
457559	Archaea_76	Ribosomal_L4	PF00573.22	5.9e-65	636	0.622641509433962	0.515723270440252	0.943396226415094	0.569182389937107	0.30503144654088	0.460691823899371	0.369496855345912	0.238993710691824	0.922955974842767	0.237421383647799	0.619496855345912	0.70125786163522	0.621069182389937	0.624213836477987	0.965408805031446	0.325471698113208	0.238993710691824	0.5	0.495283018867925	0.897798742138365	0.160377358490566	0.575471698113208	0.237421383647799	0.628930817610063	0.716981132075472	0.977987421383648	0.547169811320755	0.501572327044025	0.900943396226415	WA_MAG_00018
457560	Archaea_76	Ribosomal_L23	PF00276.20	4.6e-30	288	0.604166666666667	0	0.0833333333333333	0	0.524305555555556	0.659722222222222	0.871527777777778	0.902777777777778	0.131944444444444	0.149305555555556	0	0.743055555555556	0.0694444444444444	0	0.6875	0.697916666666667	0.975694444444444	0.642361111111111	0.555555555555556	0.625	0	1	0.479166666666667	0.357638888888889	0.892361111111111	1	0.131944444444444	1	0.454861111111111	WA_MAG_00018
457562	Archaea_76	Ribosomal_S19	PF00203.21	1.5e-38	279	0.795698924731183	1	0.967741935483871	0.315412186379928	0.806451612903226	0	0.924731182795699	0.906810035842294	1	0.451612903225806	0	1	0.139784946236559	0.831541218637993	0.967741935483871	0.523297491039427	0.566308243727599	0.0860215053763441	0.50179211469534	0.989247311827957	0.727598566308244	1	0.741935483870968	1	0.541218637992832	1	1	1	0	WA_MAG_00018
457563	Archaea_76	Ribosomal_L22	PF00237.19	9.3e-29	744	0.842741935483871	0.509408602150538	0.823924731182796	0.872311827956989	0.415322580645161	0.138440860215054	0.889784946236559	0.799731182795699	0.854838709677419	0.379032258064516	0.25	1	0.647849462365591	0.459677419354839	0.848118279569892	0.00672043010752688	0.748655913978495	0.67741935483871	0.385752688172043	0.865591397849462	0.89247311827957	0.645161290322581	0.842741935483871	0.754032258064516	0.454301075268817	0.584677419354839	0.948924731182796	0.954301075268817	0.307795698924731	WA_MAG_00018
457565	Archaea_76	Ribosomal_L16	PF00252.18	8.7e-49	417	0.3621103117506	0.896882494004796	0.640287769784173	0	0	0.3621103117506	0.575539568345324	0.517985611510791	0.371702637889688	0.92326139088729	0	0.81294964028777	0.335731414868106	0.764988009592326	0.904076738609113	0	0.486810551558753	0.990407673860911	0.165467625899281	0.666666666666667	0.772182254196643	0.815347721822542	0.599520383693046	0.824940047961631	0.856115107913669	0.484412470023981	0.652278177458034	0.916067146282974	0.829736211031175	WA_MAG_00018
457566	Archaea_76	Ribosomal_L29	PF00831.23	5.6e-22	213	0.854460093896714	1	0.244131455399061	0.00938967136150234	0.971830985915493	0.338028169014085	1	0	1	0.788732394366197	0	0.967136150234742	0.305164319248826	1	1	0.708920187793427	1	0.708920187793427	0.347417840375587	1	1	0.568075117370892	0.751173708920188	1	1	0	1	0.028169014084507	0.544600938967136	WA_MAG_00018
457567	Archaea_76	Ribosomal_S17	PF00366.20	1.7e-32	270	0.87037037037037	0.422222222222222	0.351851851851852	0.877777777777778	0.666666666666667	0.277777777777778	0.992592592592593	0.918518518518518	1	0	0	1	0.692592592592593	0.737037037037037	0.762962962962963	0.918518518518518	0.933333333333333	0.559259259259259	0.559259259259259	1	0.955555555555556	0.974074074074074	1	1	0.485185185185185	0.42962962962963	0.988888888888889	0.937037037037037	1	WA_MAG_00018
457568	Archaea_76	Ribosomal_L14	PF00238.19	3.2e-56	369	0.91869918699187	1	0.205962059620596	1	0.742547425474255	0.51219512195122	0.466124661246613	0.300813008130081	1	0.769647696476965	0	0.937669376693767	0.132791327913279	0.815718157181572	0.97289972899729	0.910569105691057	0.658536585365854	0.983739837398374	0.563685636856369	1	0.64769647696477	0.639566395663957	0.463414634146341	1	0.775067750677507	0.845528455284553	0.848238482384824	0.785907859078591	0.430894308943089	WA_MAG_00018
457571	Archaea_76	Ribosomal_S8	PF00410.19	1.7e-50	402	0.980099502487562	0.353233830845771	0.462686567164179	0.935323383084577	0	0.599502487562189	0.445273631840796	0	0.91044776119403	0.800995024875622	0	0.733830845771144	0.375621890547264	0.825870646766169	0.898009950248756	0.686567164179104	0.942786069651741	0.805970149253731	0.666666666666667	0.850746268656716	0.756218905472637	0.691542288557214	1	0.960199004975124	0.400497512437811	0.985074626865672	0.91044776119403	1	0.333333333333333	WA_MAG_00018
457572	Archaea_76	Ribosomal_L6	PF00347.23	1.1e-46	543	0.681399631675875	0.69060773480663	0.528545119705341	1	0.114180478821363	0.360957642725599	0.419889502762431	0.427255985267035	0.793738489871087	0.801104972375691	0.329650092081031	0.871086556169429	0.403314917127072	0.810313075506446	1	0.567219152854512	0.697974217311234	0.933701657458564	0.355432780847145	0.911602209944751	0.94475138121547	0.278084714548803	0.81767955801105	1	0.104972375690608	1	0.977900552486188	0.664825046040516	0.357274401473296	WA_MAG_00018
457577	Archaea_76	SecY	PF00344.20	5.6e-110	1323	0.773242630385488	0.612244897959184	0.621315192743764	0.337868480725624	0.603174603174603	0.586545729402872	0.555555555555556	0.333333333333333	0.397581254724112	0.35525321239607	0.439909297052154	0.755857898715042	0.193499622071051	0.397581254724112	0.771730914588057	0.331065759637188	0.552532123960695	0.639455782312925	0.303854875283447	0.948601662887377	0.677248677248677	0.337112622826909	0.27588813303099	0.932728647014361	0.63416477702192	0.601662887377173	1	0.73167044595616	0.851095993953137	WA_MAG_00018
457579	Archaea_76	Ribosomal_S13	PF00416.22	9.1e-37	378	1	0.674603174603175	0	0.621693121693122	0.642857142857143	0.944444444444444	0.703703703703704	0.153439153439153	0.521164021164021	0	0.407407407407407	0.843915343915344	0.407407407407407	0.947089947089947	0.669312169312169	0.764550264550265	0.264550264550265	0.394179894179894	0.735449735449735	0.962962962962963	1	0.396825396825397	0	0.970899470899471	0.806878306878307	0.989417989417989	1	0.724867724867725	0.526455026455027	WA_MAG_00018
457580	Archaea_76	Ribosomal_S11	PF00411.19	1.3e-52	399	0.897243107769424	1	0	1	0.904761904761905	0	0.75187969924812	1	0.897243107769424	0.666666666666667	0.734335839598998	0.864661654135338	0.140350877192982	1	0.666666666666667	0.634085213032581	0.854636591478697	1	0.922305764411028	0.829573934837093	0.766917293233083	0.503759398496241	0.483709273182957	0.842105263157895	0.927318295739348	0.43859649122807	0.771929824561403	1	0.486215538847118	WA_MAG_00018
457585	Archaea_76	Ribosomal_L13	PF00572.18	1.4e-55	498	0.704819277108434	0.8714859437751	0.238955823293173	0.674698795180723	0.335341365461847	0.592369477911647	0.829317269076305	0.78714859437751	0.317269076305221	0	0.534136546184739	0.92570281124498	0.323293172690763	0.672690763052209	0.323293172690763	0.389558232931727	0.475903614457831	0.502008032128514	0.783132530120482	0.78714859437751	1	0.0120481927710843	0.949799196787149	0.85140562248996	0.728915662650602	0.672690763052209	0.825301204819277	0.614457831325301	0.636546184738956	WA_MAG_00018
457586	Archaea_76	Ribosomal_S9	PF00380.19	1.7e-44	393	0.814249363867684	0.455470737913486	0.7735368956743	0.524173027989822	0.646310432569975	0.417302798982188	0.475826972010178	0.348600508905852	0.984732824427481	0.610687022900763	0.768447837150127	0.867684478371501	0	0.544529262086514	1	0.379134860050891	0.753180661577608	0.712468193384224	0	0.435114503816794	0.982188295165394	0.689567430025445	0.101781170483461	1	0.745547073791349	0	1	0.384223918575064	0.819338422391858	WA_MAG_00018
1278924	Archaea_76	tRNA-synt_His	PF13393.6	2.9e-45	1248	0.775641025641026	0.64823717948718	0.545673076923077	0.327724358974359	0.274839743589744	0.221153846153846	0.462339743589744	0.118589743589744	0.227564102564103	0.307692307692308	0.137820512820513	0.733974358974359	0.294871794871795	0	0.764423076923077	0.529647435897436	0.504807692307692	0.686698717948718	0.595352564102564	0.428685897435897	0.704326923076923	0.743589743589744	0.0993589743589744	0.716346153846154	0.96073717948718	0.711538461538462	0.471955128205128	0.58974358974359	0.403846153846154	WA_MAG_00018
1288318	Archaea_76	RNase_HII	PF01351.18	3.9e-29	705	0.706382978723404	0	0.347517730496454	0.385815602836879	0.00141843971631205	0	0.460992907801418	0.811347517730496	0.997163120567376	0.265248226950355	0	0.817021276595745	0.324822695035461	0.428368794326241	0.835460992907801	0.417021276595745	0.44822695035461	0.426950354609929	0.557446808510638	0.493617021276596	0.160283687943262	0.59290780141844	0.876595744680851	0.35886524822695	0.822695035460993	0.577304964539007	0.643971631205674	0.374468085106383	0.201418439716312	WA_MAG_00018
1114682	Archaea_76	NDK	PF00334.19	4.8e-53	411	0.686131386861314	0.218978102189781	0.226277372262774	0.812652068126521	0	0.381995133819951	0.961070559610706	0.37712895377129	0.688564476885645	0	0	0.805352798053528	0	0.778588807785888	0	1	0.754257907542579	0	0.586374695863747	0	0.688564476885645	0.698296836982968	0	0.403892944038929	0.659367396593674	0.408759124087591	0.394160583941606	0.673965936739659	0.934306569343066	WA_MAG_00018
1154886	Archaea_76	AdoHcyase	PF05221.17	1.1e-37	429	0.727272727272727	0.407925407925408	0.627039627039627	0.00466200466200466	0.27039627039627	0.967365967365967	0.988344988344988	0.55011655011655	0	0.615384615384615	0.0303030303030303	0.582750582750583	0.475524475524476	0.533799533799534	0.55011655011655	0.701631701631702	0.631701631701632	0	0.923076923076923	0.75990675990676	0.386946386946387	0.846153846153846	0.687645687645688	0.617715617715618	0.34965034965035	0.62004662004662	0.855477855477855	0.734265734265734	1	WA_MAG_00018
88881	Archaea_76	tRNA-synt_1c	PF00749.21	3.5e-81	1392	0.633620689655172	0.45617816091954	0.778735632183908	0.172413793103448	0.542385057471264	0.353448275862069	0.736350574712644	0.482758620689655	0.621408045977011	0.444683908045977	0.371408045977011	0.706896551724138	0	0.410919540229885	0.653735632183908	0.669540229885057	0.373563218390805	0.91882183908046	0.529454022988506	0.72485632183908	0.353448275862069	0.798850574712644	0.604885057471264	0.96551724137931	0.552442528735632	0.624281609195402	0.96551724137931	0.684626436781609	0.756465517241379	WA_MAG_00018
88885	Archaea_76	tRNA-synt_1c	PF00749.21	8.5e-101	1677	0.78592725104353	0.519976147883125	0.475253428741801	0.546809779367919	0.457364341085271	0.366726296958855	0.774597495527728	0.703637447823494	0.78592725104353	0.451997614788312	0.358378056052475	0.600477042337507	0.329755515802027	0.896243291592129	0.613595706618962	0.343470483005367	0.603458556946929	0.471675611210495	0.312462731067382	0.647584973166369	0.54144305307096	0.533691115086464	0.78592725104353	0.884913536076327	0.483601669648181	0.272510435301133	0.82051282051282	0.566487775790101	0.744782349433512	WA_MAG_00018
977248	Archaea_76	Ham1p_like	PF01725.16	9.5e-56	612	0.831699346405229	0.870915032679739	0.946078431372549	0.261437908496732	0.272875816993464	0.866013071895425	0.697712418300654	0	0.555555555555556	0.467320261437909	0	0.893790849673203	0	0.246732026143791	0.730392156862745	0.787581699346405	0.455882352941176	0.955882352941176	0	0.351307189542484	0.926470588235294	0.294117647058824	0.697712418300654	0.820261437908497	0.67156862745098	0.490196078431373	0.990196078431373	0.598039215686274	0.892156862745098	WA_MAG_00018
1592915	Archaea_76	RNA_pol_Rpb6	PF01192.22	4.6e-13	294	0.853741496598639	1	0	0	0.397959183673469	0.921768707482993	0	0.45578231292517	0.431972789115646	0.513605442176871	0	1	0	0.748299319727891	0.408163265306122	0	0	0	0	0.846938775510204	0.551020408163265	0.462585034013605	0	0.19047619047619	0.316326530612245	0.755102040816326	1	0.547619047619048	0.840136054421769	WA_MAG_00018
1652657	Archaea_76	Ribosomal_L1	PF00687.21	8.9e-60	699	0.982832618025751	0.919885550786838	0.728183118741059	0.65379113018598	0.226037195994278	0.270386266094421	0.572246065808298	0	0.283261802575107	0.746781115879828	0	0.88412017167382	0.270386266094421	0.859799713876967	0.985693848354793	0.582260371959943	0.761087267525036	0.278969957081545	0.582260371959943	1	1	0.432045779685265	0.374821173104435	0.861230329041488	0.868383404864092	0.858369098712446	1	0.597997138769671	0.160228898426323	WA_MAG_00018
1652662	Archaea_76	Ribosom_S12_S23	PF00164.25	5e-45	372	0.991935483870968	0.384408602150538	0.596774193548387	0.588709677419355	0.39247311827957	0.827956989247312	0.986559139784946	0.403225806451613	0.78494623655914	0.776881720430108	0.405913978494624	1	0.938172043010753	0.0188172043010753	0.043010752688172	0	1	0.276881720430108	1	0.413978494623656	0.836021505376344	0.747311827956989	0.658602150537634	1	0.879032258064516	0	0.60752688172043	0.779569892473118	0.57258064516129	WA_MAG_00018
1652663	Archaea_76	Ribosomal_S7	PF00177.21	1.2e-64	471	0.779193205944798	0.740976645435244	0.628450106157112	0.43312101910828	0.473460721868365	0.713375796178344	0.955414012738854	0	0.889596602972399	0.450106157112527	0	0.89171974522293	0.203821656050955	0.951167728237792	0.543524416135881	0	0.426751592356688	1	0.598726114649682	0.966029723991507	0.770700636942675	0.927813163481953	0.456475583864119	1	0.619957537154989	0.617834394904459	0.906581740976646	1	0.868365180467091	WA_MAG_00018
557021	Archaea_76	TIM	PF00121.18	2.6e-85	780	0.628205128205128	0.46025641025641	0.353846153846154	0.614102564102564	0.524358974358974	0	0.4	0.334615384615385	0.592307692307692	0.834615384615385	0.597435897435897	0.382051282051282	0	0.328205128205128	0.952564102564102	0.651282051282051	0	0.783333333333333	0.385897435897436	0.719230769230769	0.443589743589744	0.00512820512820512	0.555128205128205	0.806410256410256	0.834615384615385	0.792307692307692	0.634615384615385	0.807692307692308	0.715384615384615	WA_MAG_00018
653294	Archaea_76	tRNA-synt_1c	PF00749.21	2.8e-57	954	0.79769392033543	0.485324947589099	0.174004192872117	0.964360587002096	0.229559748427673	0.182389937106918	0.914046121593291	0.820754716981132	0.870020964360587	0.272536687631027	0	0.614255765199161	0.5020964360587	0.822851153039832	0.753668763102725	0.306079664570231	0.546121593291405	0.59748427672956	0.619496855345912	0.876310272536688	0.649895178197065	0.529350104821803	0.379454926624738	0.825995807127883	0.457023060796646	0.407756813417191	0.771488469601677	0.658280922431866	0.314465408805031	WA_MAG_00018
675974	Archaea_76	Adenylsucc_synt	PF00709.21	1.8e-164	1281	0.909445745511319	0.660421545667447	0.688524590163934	0.572209211553474	0.394223263075722	0.577673692427791	0.831381733021077	0.622950819672131	0.943013270882123	0.234972677595628	0.257611241217799	0.736924277907885	0.189695550351288	0.411397345823575	0.918032786885246	0.651834504293521	0.787665886026542	0.750975800156128	0.601873536299766	0.919594067135051	0.678376268540203	0.789227166276347	0.664324746291959	0.972677595628415	0.736924277907885	0.804059328649493	0.9032006245121	0.935987509758002	0.87431693989071	WA_MAG_00018
753740	Archaea_76	AdoHcyase	PF05221.17	4.5e-110	1167	0.18337617823479	0.525278491859469	0.377035132819195	0.347043701799486	0.245072836332476	0.654670094258783	0.902313624678663	0.831191088260497	0.515852613538989	0	0.259640102827764	0.808911739502999	0.101970865467009	0.497000856898029	0.651242502142245	0.197086546700943	0.26649528706084	0.21165381319623	0.258783204798629	0.8808911739503	0.586118251928021	0.475578406169666	0.528706083976007	0.939160239931448	0.749785775492716	0.867180805484147	0.94515852613539	0.498714652956298	0.888603256212511	WA_MAG_00018
1473293	Archaea_76	Ribosomal_S2	PF00318.20	4e-95	930	0.637634408602151	0.551612903225806	0.918279569892473	0.408602150537634	0.137634408602151	0.798924731182796	0.524731182795699	0.309677419354839	0.867741935483871	0	0.274193548387097	0.818279569892473	0	0.33010752688172	0.875268817204301	0.549462365591398	0.763440860215054	0.791397849462366	0.634408602150538	0.780645161290323	0.298924731182796	0.691397849462366	0.53010752688172	0.802150537634409	0.710752688172043	0.759139784946237	0.539784946236559	0.578494623655914	0.834408602150538	WA_MAG_00018
1525142	Archaea_76	Ribosomal_S15	PF00312.22	4.1e-37	531	0.775894538606403	0.532956685499058	0.301318267419962	0	0	0.0809792843691149	0.152542372881356	0.214689265536723	0.711864406779661	0.0470809792843691	0.523540489642185	0.32015065913371	0	0.495291902071563	0.56120527306968	0.19774011299435	0.548022598870056	0.291902071563089	0.274952919020716	0.984934086629002	0	0.962335216572505	0.826741996233522	0.804143126177024	0.559322033898305	0.819209039548023	0.32015065913371	0.858757062146893	1	WA_MAG_00018
1547882	Archaea_76	tRNA-synt_1d	PF00750.19	7.6e-118	1758	0.852104664391354	0.581342434584755	0.5580204778157	0.329920364050057	0.820819112627986	0.446530147895336	0.542093287827076	0.678612059158134	0.493174061433447	0.238907849829352	0.485779294653015	0.899886234357224	0.294653014789534	0.592150170648464	0.67349260523322	0.118885096700796	0.647326507394767	0.755403868031854	0.435153583617747	0.686006825938567	0.68316268486917	0.166666666666667	0.688850967007964	0.937428896473265	0.632536973833902	0.861205915813424	0.608646188850967	0.868600682593857	0.820819112627986	WA_MAG_00018
