gene_callers_id	source	gene_name	gene_hmm_id	e_value	length	WAM_ALR	WAM_CCR	WAM_IPI	WAM_MAR	WAM_MYS	WAM_PBL	WAM_PJN	WAM_PPR	WAM_PST	WAM_ROL	WAM_SCR	WAM_SGN	WAM_SIS	WAM_TWN	WAR_ALR	WAR_CCR	WAR_IPI	WAR_MAR	WAR_MYS	WAR_PBL	WAR_PJN	WAR_PPR	WAR_PSK	WAR_PST	WAR_RNW	WAR_ROL	WAR_SCR	WAR_SGL	WAR_SIS	mag_id
463393	Archaea_76	tRNA-synt_1c	PF00749.21	4.4e-95	1383	0.626174981923355	0.210412147505423	0	0	0	0.0997830802603037	0.198120028922632	0.0621836587129429	0.185827910339841	0	0.454808387563268	0.0289226319595083	0	0	0.545914678235719	0.25234996384671	0.11352133044107	0.0636297903109183	0.218365871294288	0.405639913232104	0.477946493130875	0.368763557483731	0.628344179320318	0.681127982646421	0.216196673897325	0.0968908170643529	0.326102675343456	0.0484454085321764	0.600867678958785	WA_MAG_00074
492437	Archaea_76	Ribosomal_L13	PF00572.18	3e-23	174	0	0	0	0	0	0	0	0	0	0	0	0.448275862068966	0	0	0	0	0	0	0	0.718390804597701	0	0.85632183908046	0	0	0	0.770114942528736	0	0	0	WA_MAG_00074
1355542	Archaea_76	HMG-CoA_red	PF00368.18	3.4e-109	2232	0	0.469534050179211	0	0	0	0.0931899641577061	0.396057347670251	0.133960573476703	0	0	0.59094982078853	0.405465949820789	0	0	0.134408602150538	0.62320788530466	0	0.342293906810036	0.135304659498208	0.593637992831541	0.101702508960573	0.666666666666667	0.192652329749104	0.358870967741935	0.162634408602151	0	0.657258064516129	0.419354838709677	0	WA_MAG_00074
149582	Archaea_76	Ribosomal_L4	PF00573.22	6.9e-45	438	0.344748858447489	0.831050228310502	0	0	0	0	0.344748858447489	0	0	0	0.687214611872146	0	0.529680365296804	0	0.180365296803653	0.385844748858447	0	0	0.687214611872146	0.232876712328767	0.168949771689498	0	0.344748858447489	0.267123287671233	0.164383561643836	0	0.616438356164384	0	0.5662100456621	WA_MAG_00074
149583	Archaea_76	Ribosomal_L3	PF00297.22	2.7e-23	726	0	0.559228650137741	0.414600550964187	0.577134986225895	0	0.21763085399449	0.207988980716253	0	0.207988980716253	0.18732782369146	0.228650137741047	0.414600550964187	0	0	0.0950413223140496	0.673553719008264	0.207988980716253	0.362258953168044	0	0.40771349862259	0.606060606060606	0.329201101928375	0.509641873278237	0.480716253443526	0.326446280991736	0.544077134986226	0.59228650137741	0.584022038567493	0.893939393939394	WA_MAG_00074
149586	Archaea_76	Ribosomal_S7	PF00177.21	2.3e-65	480	0.59375	0.179166666666667	0.216666666666667	0.410416666666667	0	0.491666666666667	0	0.447916666666667	0	0	0.85625	0.0708333333333333	0	0	0.914583333333333	0.51875	0.0875	0.835416666666667	0.491666666666667	0.90625	0.122916666666667	0.99375	0.322916666666667	0.647916666666667	0.6875	0.84375	0.3	0.4625	0.597916666666667	WA_MAG_00074
149587	Archaea_76	Ribosom_S12_S23	PF00164.25	6.8e-45	375	0.0373333333333333	0.957333333333333	0	0	0	0.546666666666667	0.525333333333333	0.2	0	0	0.522666666666667	0.669333333333333	0	0	0.749333333333333	0.309333333333333	0.592	0.944	0.696	0.92	0.450666666666667	0.904	0.448	0.544	0.653333333333333	0.341333333333333	0.746666666666667	0.712	1	WA_MAG_00074
1035065	Archaea_76	tRNA-synt_1c	PF00749.21	1.6e-74	696	0	0.716954022988506	0	0	0.432471264367816	0	0.527298850574713	0	0.216954022988506	0	0.433908045977011	0	0.373563218390805	0	0.228448275862069	0.420977011494253	0	0	0	0	0	0.0560344827586207	0.951149425287356	0.165229885057471	0	0	0.130747126436782	0.814655172413793	0.647988505747126	WA_MAG_00074
1633282	Archaea_76	Ribosomal_L1	PF00687.21	7e-56	681	0.650513950073421	0.703377386196769	0	0.292217327459618	0	0.443465491923642	0	0	0.133627019089574	0.488986784140969	0.819383259911894	0.221732745961821	0.066079295154185	0	0.696035242290749	0.662261380323054	0.662261380323054	0.123348017621145	0.568281938325991	0.740088105726872	0.267254038179148	1	0.687224669603524	0.977973568281938	0	0.31424375917768	0.345080763582966	0.654919236417034	1	WA_MAG_00074
1674877	Archaea_76	Ribosomal_L4	PF00573.22	6.3e-62	618	0	0.907766990291262	0	0	0	0	0.262135922330097	0.72168284789644	0.320388349514563	0.0113268608414239	0.650485436893204	0.279935275080906	0	0	0.27831715210356	0.970873786407767	0	0.454692556634304	0.296116504854369	0.559870550161812	0.485436893203884	0.632686084142395	0.110032362459547	0.622977346278317	0	0.255663430420712	0.0453074433656958	0	0.339805825242718	WA_MAG_00074
1674878	Archaea_76	Ribosomal_L23	PF00276.20	2e-33	312	0	0.746794871794872	0	0	0	0	0.955128205128205	0.115384615384615	0	0.80448717948718	1	1	0	0	0.92948717948718	1	0	1	0.282051282051282	0.266025641025641	0	0.958333333333333	0	0.483974358974359	0	0.711538461538462	0.477564102564103	0.833333333333333	0.791666666666667	WA_MAG_00074
1674880	Archaea_76	Ribosomal_S19	PF00203.21	1.1e-36	273	0	0.831501831501832	0	0.571428571428571	0	0.673992673992674	0.688644688644689	0.0586080586080586	0.391941391941392	0	0.490842490842491	0	0	0	0.531135531135531	0.688644688644689	0	0.655677655677656	0	0	0.827838827838828	0.490842490842491	0.963369963369963	0.644688644688645	0.139194139194139	0	0.725274725274725	0	1	WA_MAG_00074
1674881	Archaea_76	Ribosomal_L22	PF00237.19	1.5e-31	333	0.318318318318318	0.411411411411411	0	0.981981981981982	0	0.399399399399399	0.306306306306306	0.456456456456456	0.162162162162162	0	0.126126126126126	0.0990990990990991	0	0	0.393393393393393	0.972972972972973	0	0.933933933933934	0.459459459459459	0.294294294294294	1	0.954954954954955	0.012012012012012	0.687687687687688	0.666666666666667	0.345345345345345	0.78978978978979	0.954954954954955	1	WA_MAG_00074
1674883	Archaea_76	Ribosomal_L16	PF00252.18	2.5e-51	414	0.58695652173913	0.765700483091787	0.654589371980676	0.589371980676328	0.557971014492754	0	0	0	0	0	1	0.497584541062802	0.393719806763285	0	0.620772946859903	1	0	0.420289855072464	0	0	0.555555555555556	1	0.565217391304348	0.444444444444444	0	0	0.678743961352657	0	0.859903381642512	WA_MAG_00074
1674884	Archaea_76	Ribosomal_L29	PF00831.23	3.4e-22	201	1	1	0.940298507462687	0.72636815920398	0	0	0.27363184079602	0	0.487562189054726	0	1	0.631840796019901	0	0	0.557213930348259	0.0348258706467662	0	0	0	0.587064676616915	0.0945273631840796	0.467661691542289	0.691542288557214	0.447761194029851	0.298507462686567	0	0.890547263681592	0	1	WA_MAG_00074
1674885	Archaea_76	Ribosomal_S17	PF00366.20	8.3e-30	264	0.367424242424242	1	0.435606060606061	0	0.265151515151515	0.393939393939394	0.181818181818182	0	0.484848484848485	0	0.886363636363636	0	0	0	0.640151515151515	0.59469696969697	0	0.386363636363636	0	0.65530303030303	0.541666666666667	1	1	1	0.268939393939394	0	0.893939393939394	0.689393939393939	0.795454545454545	WA_MAG_00074
1674886	Archaea_76	Ribosomal_L14	PF00238.19	2.8e-55	369	0.642276422764228	0.861788617886179	0.607046070460705	0.588075880758808	0.617886178861789	0.295392953929539	0.409214092140921	0	0.457994579945799	0	0.788617886178862	0	0	0	0.368563685636856	1	0	1	0	0.691056910569106	0	1	0.742547425474255	0.327913279132791	0	0.338753387533875	0.479674796747967	0	0.986449864498645	WA_MAG_00074
1674890	Archaea_76	Ribosomal_S8	PF00410.19	4e-50	399	0	0.230576441102757	0.907268170426065	0	0.979949874686717	0	0.491228070175439	0	0	0	1	1	0.355889724310777	0	0.661654135338346	0.694235588972431	0.443609022556391	0.611528822055138	0	0.887218045112782	0	1	0	0.609022556390977	0.105263157894737	0	1	0	0.902255639097744	WA_MAG_00074
1674891	Archaea_76	Ribosomal_L6	PF00347.23	2e-38	546	0	1	0.435897435897436	0.128205128205128	0.313186813186813	0	0.265567765567766	0	0	0	0.794871794871795	0.454212454212454	0.549450549450549	0	0.485347985347985	0.864468864468865	0	0	0.0897435897435897	0.336996336996337	0	0.595238095238095	0.831501831501832	0.302197802197802	0.529304029304029	0	0.710622710622711	0.778388278388278	0.899267399267399	WA_MAG_00074
1674896	Archaea_76	SecY	PF00344.20	5.4e-117	1341	0.408650260999254	0.423564504101417	0.263982102908277	0.225205070842655	0.165548098434004	0.402684563758389	0.209545115585384	0.322147651006711	0.526472781506339	0.093214019388516	0.35868754660701	0.413124533929903	0	0	0.0969425801640567	0.871737509321402	0.33482475764355	0.193885160328113	0	0.618195376584638	0.607755406413125	0.942580164056674	0.746457867263236	0.549589858314691	0.507829977628635	0.243847874720358	0.648023862788964	0.530201342281879	0.622669649515287	WA_MAG_00074
293626	Archaea_76	Ribosomal_S15	PF00312.22	2.4e-38	270	0.559259259259259	0.240740740740741	0	0	0	0	0	0.151851851851852	0	0	0	0	0	0	0.422222222222222	0	0	0	0.751851851851852	0.151851851851852	0.762962962962963	0.544444444444444	0.0518518518518519	0.674074074074074	0	1	0.566666666666667	0	0.633333333333333	WA_MAG_00074
682049	Archaea_76	tRNA-synt_1c	PF00749.21	7.3e-47	1005	0.484577114427861	0.527363184079602	0	0.205970149253731	0	0.0537313432835821	0.51044776119403	0.164179104477612	0	0.189054726368159	0.696517412935323	0	0	0	0.0427860696517413	0.798009950248756	0	0.200995024875622	0.280597014925373	0.462686567164179	0	0.506467661691542	0	0	0.270646766169154	0.299502487562189	0.70547263681592	0	0	WA_MAG_00074
870374	Archaea_76	HMG-CoA_red	PF00368.18	1.4e-109	2238	0	0.155495978552279	0.29579982126899	0.114387846291332	0.134048257372654	0.127345844504021	0.189901697944593	0.190795352993744	0.257819481680072	0.36058981233244	0.174709562109026	0.485254691689008	0.169794459338695	0	0.439678284182306	0.4781054512958	0.0835567470956211	0.453529937444147	0.260500446827525	0.676050044682752	0.283735478105451	0.759606791778374	0.327971403038427	0.374888293118856	0.140303842716711	0.220285969615728	0.590705987488829	0.0393208221626452	0.462019660411081	WA_MAG_00074
1454371	Archaea_76	Ribosomal_S2	PF00318.20	8.3e-89	870	0.22183908045977	0.0988505747126437	0.855172413793103	0.173563218390805	0	0.306896551724138	0.0954022988505747	0	0	0	0.135632183908046	0.1	0.173563218390805	0	0.411494252873563	0.473563218390805	0	0.12183908045977	0.028735632183908	0.101149425287356	0.0758620689655172	0.927586206896552	0.250574712643678	0.691954022988506	0.171264367816092	0.475862068965517	0.401149425287356	0.479310344827586	0.491954022988506	WA_MAG_00074
1546247	Archaea_76	Rib_5-P_isom_A	PF06026.14	2.7e-60	663	0.177978883861237	0.702865761689291	0.22473604826546	0	0	0.453996983408748	0.0196078431372549	0.345399698340875	0.447963800904977	0	0	0.453996983408748	0.48868778280543	0	0.751131221719457	0	0	0.227752639517345	0	0	0.485671191553544	0.858220211161388	0.739064856711916	0.585218702865762	0	0.117647058823529	0.659125188536953	0	0.705882352941177	WA_MAG_00074
1546249	Archaea_76	Ribosomal_S9	PF00380.19	3.2e-48	393	0.216284987277354	0.524173027989822	0	0	0	0	0.921119592875318	0	0.417302798982188	0	1	0	0	0	0.305343511450382	0.765903307888041	0.770992366412214	0.94147582697201	0	0.272264631043257	0.928753180661578	0.964376590330789	0.544529262086514	0.381679389312977	0.865139949109415	0	0.597964376590331	0.381679389312977	0.572519083969466	WA_MAG_00074
1546250	Archaea_76	Ribosomal_L13	PF00572.18	1e-12	117	0.965811965811966	0.64957264957265	0	0	0	0	0.572649572649573	0	0	0	0.384615384615385	0	0	0	0	0	0	0.717948717948718	0	0.64957264957265	0.64957264957265	0.427350427350427	0.188034188034188	0	0.341880341880342	0	0	0	0	WA_MAG_00074
1559656	Archaea_76	tRNA-synt_1c	PF00749.21	6.8e-104	1668	0	0.453836930455636	0	0.157074340527578	0.0347721822541966	0	0.62589928057554	0	0.360911270983213	0	0.119904076738609	0.255395683453237	0	0	0.0401678657074341	0.634292565947242	0.203237410071942	0.290167865707434	0.0809352517985611	0.247601918465228	0.179256594724221	0.937649880095923	0.404676258992806	0.434052757793765	0.258393285371703	0.428057553956835	0.365707434052758	0.320743405275779	0.384892086330935	WA_MAG_00074
