key	WAM_ALR	WAM_CCR	WAM_IPI	WAM_MAR	WAM_MYS	WAM_PBL	WAM_PJN	WAM_PPR	WAM_PST	WAM_ROL	WAM_SCR	WAM_SGN	WAM_SIS	WAM_TWN	WAR_ALR	WAR_CCR	WAR_IPI	WAR_MAR	WAR_MYS	WAR_PBL	WAR_PJN	WAR_PPR	WAR_PSK	WAR_PST	WAR_RNW	WAR_ROL	WAR_SCR	WAR_SGL	WAR_SIS
482209	0.8116883116883117	0.0	0.814935064935065	0.47186147186147187	0.0	0.8170995670995671	1.9610389610389611	0.0	0.814935064935065	0.49242424242424243	0.0	0.0	0.0	0.3246753246753247	1.0021645021645023	0.8495670995670995	1.393939393939394	0.7316017316017316	1.8896103896103895	2.7781385281385282	2.3625541125541125	1.7348484848484849	3.3528138528138527	3.5562770562770565	0.5216450216450217	3.2435064935064934	1.0898268398268398	1.3084415584415585	3.2218614718614718
482214	1.3366013071895424	0.37254901960784315	1.9215686274509804	0.8856209150326797	2.735294117647059	0.0	0.9836601307189542	0.0	1.6633986928104576	0.46078431372549017	0.0	0.0	0.0	0.0	0.49673202614379086	0.27124183006535946	3.6601307189542482	1.3137254901960784	1.2156862745098038	1.3725490196078431	0.0	0.0	0.0	1.0130718954248366	0.0	3.1862745098039214	1.4019607843137254	1.9640522875816993	1.7941176470588236
1564520	1.5308092056421678	1.0957683741648108	2.1202672605790647	0.9443207126948775	0.3882702301410542	0.0	0.8841870824053452	0.22345953971789162	1.370452858203415	0.36674090571640683	0.0	1.2984409799554566	0.22420193021529325	0.0	2.749072011878248	1.6369710467706013	3.1507052709725314	2.174461766889384	2.1484780994803265	3.3578322197475874	2.2175204157386785	1.5746102449888641	1.8144023756495917	4.3526354862657755	1.9814402375649591	3.1945063103192277	2.0957683741648108	0.9086859688195991	3.451373422420193
485077	1.9022222222222223	1.8222222222222222	1.9244444444444444	0.8222222222222222	0.6711111111111111	1.1333333333333333	0.9911111111111112	0.0	2.2977777777777777	1.3733333333333333	0.0	1.6711111111111112	0.0	1.04	1.5244444444444445	0.19555555555555557	0.6666666666666666	5.2844444444444445	2.7644444444444445	5.884444444444444	2.8177777777777777	3.7066666666666666	4.791111111111111	3.8044444444444445	1.8666666666666667	5.417777777777777	0.0	1.951111111111111	3.097777777777778
485078	2.365079365079365	0.546031746031746	2.196825396825397	1.4126984126984128	0.0	0.6126984126984127	1.126984126984127	0.4793650793650794	2.1523809523809523	2.4952380952380953	0.0	1.4190476190476191	0.0	0.6190476190476191	2.0095238095238095	1.615873015873016	2.8222222222222224	5.825396825396825	1.2571428571428571	5.936507936507937	0.692063492063492	0.0	1.9777777777777779	1.8698412698412699	0.6793650793650794	1.3523809523809525	0.0	2.7142857142857144	2.9460317460317462
474859	0.8703703703703703	0.16381766381766383	1.809116809116809	0.42592592592592593	1.0270655270655271	0.8461538461538461	1.1324786324786325	0.0	1.631054131054131	0.2150997150997151	0.7592592592592593	0.4301994301994302	0.0	0.42592592592592593	1.131054131054131	0.6467236467236467	2.678062678062678	4.360398860398861	1.1823361823361824	1.309116809116809	1.9715099715099715	0.8703703703703703	0.8931623931623932	2.700854700854701	1.1267806267806268	1.745014245014245	1.1196581196581197	1.0883190883190883	2.3917378917378915
445102	0.0	2.277504105090312	2.962233169129721	1.6403940886699508	0.6026272577996716	0.0	1.7044334975369457	0.0	1.9425287356321839	1.264367816091954	0.4942528735632184	1.1510673234811166	0.3333333333333333	0.0	2.8916256157635467	1.4844006568144499	3.793103448275862	1.5747126436781609	0.8013136288998358	2.1067323481116587	5.729064039408867	1.4926108374384237	2.0821018062397374	6.380952380952381	1.9753694581280787	4.518883415435139	0.9326765188834154	3.0821018062397374	3.2824302134646963
483901	2.9317073170731707	0.026016260162601626	3.040650406504065	0.7317073170731707	0.8195121951219512	0.011382113821138212	1.7154471544715446	0.0	1.0260162601626017	1.943089430894309	0.4894308943089431	1.0747967479674796	0.4861788617886179	0.0	2.1203252032520323	2.0341463414634147	5.430894308943089	2.5365853658536586	4.377235772357723	2.0634146341463415	2.6130081300813006	1.559349593495935	1.7739837398373983	1.7788617886178861	2.551219512195122	4.772357723577236	3.598373983739837	2.2764227642276422	3.2
884102	0.0	0.5365497076023392	2.6783625730994154	0.6622807017543859	0.0	0.0	0.7368421052631579	0.44005847953216376	1.3157894736842106	1.0964912280701755	0.0	0.0	0.0	0.21929824561403508	2.0219298245614037	0.30409356725146197	3.2646198830409356	1.4780701754385965	0.9415204678362573	1.7383040935672514	1.2076023391812865	0.4371345029239766	2.0994152046783627	0.6681286549707602	0.8669590643274854	2.3128654970760234	0.22076023391812866	0.7412280701754386	2.007309941520468
884103	0.3435722411831627	0.2616609783845279	1.534698521046644	0.0	1.199089874857793	0.9931740614334471	0.8441410693970421	0.0	0.5210466439135382	0.3242320819112628	0.3435722411831627	0.3435722411831627	0.0	0.3435722411831627	3.525597269624573	3.9783845278725827	3.9761092150170647	3.2013651877133107	2.6439135381114904	1.036405005688282	3.1331058020477816	0.6109215017064846	2.1774744027303754	4.027303754266212	0.9385665529010239	2.3993174061433447	0.9385665529010239	1.5802047781569966	3.043230944254835
884104	1.4604810996563573	2.470790378006873	1.470790378006873	0.7285223367697594	1.7491408934707904	0.09278350515463918	0.7491408934707904	0.0	0.6254295532646048	0.9896907216494846	0.0	0.0	0.0	0.0	3.718213058419244	2.797250859106529	5.34020618556701	1.1786941580756014	1.9484536082474226	1.0103092783505154	2.484536082474227	1.2061855670103092	3.656357388316151	4.4604810996563575	2.993127147766323	4.573883161512027	2.4123711340206184	2.0481099656357387	6.041237113402062
884106	0.9146666666666666	1.2666666666666666	0.8026666666666666	0.38666666666666666	0.384	0.0	0.8533333333333334	0.0	0.8906666666666667	0.8053333333333333	0.0	0.5493333333333333	0.7413333333333333	0.0	1.9093333333333333	0.8	3.6533333333333333	1.8106666666666666	1.5546666666666666	1.48	2.7493333333333334	0.3413333333333333	0.8453333333333334	0.952	2.2266666666666666	1.1786666666666668	0.31466666666666665	1.912	1.544
884107	1.1856060606060606	0.2196969696969697	2.727272727272727	0.16666666666666666	0.0	0.0	1.2121212121212122	0.9090909090909091	2.2367424242424243	1.4242424242424243	0.0	1.2746212121212122	0.4128787878787879	0.0	3.8068181818181817	3.4545454545454546	1.8390151515151516	3.215909090909091	1.3636363636363635	3.9583333333333335	2.475378787878788	0.0	2.6893939393939394	3.4071969696969697	1.683712121212121	3.115530303030303	1.543560606060606	1.5625	4.4147727272727275
884111	0.8859649122807017	0.652046783625731	1.0497076023391814	0.0	0.52046783625731	0.0	2.6695906432748537	0.8830409356725146	0.21929824561403508	1.4912280701754386	0.8128654970760234	0.0	0.0	0.0	1.5584795321637428	0.1111111111111111	1.6345029239766082	4.842105263157895	2.1695906432748537	2.2309941520467835	2.4005847953216373	1.0321637426900585	3.257309941520468	3.0146198830409356	0.8713450292397661	4.1608187134502925	1.1578947368421053	1.9210526315789473	6.321637426900585
884112	1.3784461152882206	0.5664160401002506	0.37844611528822053	0.6340852130325815	0.37844611528822053	0.7142857142857143	0.9824561403508771	0.0	1.06265664160401	0.9924812030075187	0.0	0.37844611528822053	0.0	0.0	2.982456140350877	0.0	2.338345864661654	0.45614035087719296	1.5914786967418546	0.7819548872180451	3.5388471177944862	1.418546365914787	2.93734335839599	0.2581453634085213	2.305764411027569	3.987468671679198	0.8546365914786967	2.754385964912281	4.969924812030075
884113	2.449771689497717	1.5068493150684932	1.634703196347032	1.0068493150684932	0.0	0.0091324200913242	3.712328767123288	0.0	1.4748858447488584	0.678082191780822	0.6872146118721462	1.1461187214611872	0.0273972602739726	0.0	2.5114155251141552	0.547945205479452	1.1095890410958904	3.2831050228310503	3.810502283105023	3.7739726027397262	2.276255707762557	1.0502283105022832	2.6073059360730593	2.6575342465753424	1.5981735159817352	4.312785388127854	0.00684931506849315	1.7945205479452055	3.915525114155251
884117	1.523076923076923	0.0	0.9794871794871794	1.0769230769230769	0.3871794871794872	0.0	0.0	0.7743589743589744	0.7743589743589744	0.7512820512820513	0.0	0.6358974358974359	0.0	0.0	2.258974358974359	1.1846153846153846	4.774358974358974	1.141025641025641	0.7538461538461538	2.871794871794872	1.4282051282051282	1.3153846153846154	2.2153846153846155	1.264102564102564	1.5794871794871794	2.505128205128205	0.15128205128205127	0.7692307692307693	1.8871794871794871
884118	0.9767025089605734	0.6917562724014337	1.8028673835125448	0.4283154121863799	0.0	0.46236559139784944	1.5985663082437276	0.5412186379928315	0.5519713261648745	0.8189964157706093	0.06272401433691756	0.0	0.27060931899641577	0.0	1.935483870967742	0.8225806451612904	4.146953405017921	3.0949820788530467	1.0770609318996416	3.3745519713261647	1.6111111111111112	1.7401433691756272	0.6863799283154122	3.338709677419355	1.8118279569892473	3.967741935483871	1.474910394265233	2.57168458781362	4.863799283154122
884119	2.0851688693098387	0.7415565345080763	2.94273127753304	0.08076358296622614	1.1938325991189427	0.055800293685756244	1.0499265785609397	0.4419970631424376	0.9588839941262849	0.7518355359765051	0.38619676945668135	0.4419970631424376	0.22173274596182085	0.0	0.8751835535976505	1.9427312775330396	3.3230543318649044	2.8002936857562406	2.73568281938326	2.2540381791483113	1.6798825256975036	1.4126284875183555	0.34801762114537443	4.070484581497797	0.7195301027900147	2.8604992657856094	1.3994126284875184	1.7944199706314243	3.381791483113069
884121	1.6491228070175439	0.7855750487329435	1.5692007797270955	1.3937621832358675	0.24951267056530213	0.4600389863547758	1.04093567251462	0.0	0.8031189083820662	2.05458089668616	0.25925925925925924	1.2417153996101364	0.0	0.7134502923976608	2.5594541910331383	1.2729044834307992	2.996101364522417	1.4736842105263157	1.4502923976608186	2.448343079922027	3.3684210526315788	0.5730994152046783	3.6471734892787526	4.707602339181286	1.8596491228070176	2.4288499025341133	1.1754385964912282	1.976608187134503	3.270955165692008
884125	1.5119791666666667	0.0	2.70625	0.7526041666666666	1.0390625	0.32395833333333335	2.2359375	0.4708333333333333	1.384375	0.7427083333333333	0.24322916666666666	0.5598958333333334	0.0	0.0	3.178125	1.0223958333333334	1.8833333333333333	2.8052083333333333	1.9010416666666667	2.970833333333333	1.2557291666666666	0.78125	2.6354166666666665	2.2276041666666666	1.7041666666666666	2.2630208333333335	1.2229166666666667	2.6317708333333334	3.8739583333333334
576047	0.8643306379155435	1.0709793351302785	2.1491464510332436	0.522911051212938	0.24258760107816713	0.2192273135669362	1.3701707097933513	0.0	0.5247079964061097	0.23000898472596587	0.2668463611859838	0.3288409703504043	0.13566936208445643	0.0	1.3701707097933513	1.1114106019766397	3.3647798742138364	1.8616352201257862	0.3504043126684636	1.673854447439353	2.5992812219227313	0.35399820305480684	1.211141060197664	2.7681940700808627	1.4609164420485174	3.6289308176100628	0.8122192273135669	1.1868823000898472	2.835579514824798
445079	2.8067885117493474	0.21671018276762402	2.626631853785901	1.5744125326370757	1.1061792863359443	0.5021758050478677	2.1061792863359443	0.10182767624020887	0.6048738033072236	0.6066144473455178	0.0	0.7876414273281114	0.39251523063533506	0.17058311575282856	2.8703220191470846	2.100957354221062	2.6396866840731072	3.8337684943429067	1.6945169712793733	2.928633594429939	2.95213228894691	1.711053089643168	3.0983463881636206	3.3333333333333335	1.1183637946040035	4.6388163620539595	0.7641427328111401	2.7989556135770237	6.323759791122716
311186	1.5655555555555556	0.4222222222222222	1.0566666666666666	0.7811111111111111	0.33444444444444443	0.6288888888888889	1.8177777777777777	0.0	0.052222222222222225	1.0833333333333333	0.25333333333333335	0.8422222222222222	0.0	0.0	1.1744444444444444	1.24	3.847777777777778	1.3533333333333333	1.0177777777777777	1.0777777777777777	3.5355555555555553	0.77	0.9988888888888889	2.618888888888889	0.8166666666666667	2.0044444444444443	0.8388888888888889	3.283333333333333	2.91
1539508	3.259259259259259	0.1728395061728395	2.9897119341563787	1.0308641975308641	0.8765432098765432	0.3683127572016461	1.4567901234567902	0.0	0.2839506172839506	0.897119341563786	0.0	0.1337448559670782	0.7983539094650206	0.12962962962962962	0.691358024691358	0.8991769547325102	2.7016460905349793	2.0	1.7654320987654322	4.082304526748971	2.3868312757201644	1.860082304526749	1.537037037037037	3.3230452674897117	0.19958847736625515	2.2325102880658436	1.7736625514403292	1.4094650205761317	2.47119341563786
1539509	2.7392290249433104	1.0748299319727892	3.0090702947845807	0.46258503401360546	0.0	0.2925170068027211	0.6984126984126984	0.0	0.3424036281179138	1.7188208616780045	0.0	1.0975056689342404	0.9659863945578231	0.8979591836734694	3.9365079365079363	2.4489795918367347	5.043083900226757	1.7641723356009071	1.619047619047619	0.9841269841269841	3.0	1.3605442176870748	1.2244897959183674	2.00453514739229	1.3378684807256236	2.124716553287982	0.5124716553287982	2.6530612244897958	4.27437641723356
1539510	2.4444444444444446	0.2222222222222222	1.7017543859649122	0.0	0.0	0.0	1.7076023391812865	0.0	1.4210526315789473	1.105263157894737	0.0	0.21052631578947367	0.28654970760233917	2.0701754385964914	3.865497076023392	0.5029239766081871	9.2046783625731	3.192982456140351	3.590643274853801	0.2222222222222222	3.824561403508772	1.4970760233918128	3.391812865497076	5.678362573099415	0.32748538011695905	5.900584795321637	0.7368421052631579	3.818713450292398	4.8654970760233915
540143	3.566666666666667	0.5574074074074075	3.2074074074074073	1.4777777777777779	0.5537037037037037	0.18888888888888888	1.3333333333333333	0.5555555555555556	1.0018518518518518	0.8222222222222222	0.0	0.9166666666666666	0.0	0.5555555555555556	1.8685185185185185	1.3777777777777778	1.9648148148148148	3.4166666666666665	2.5148148148148146	1.3444444444444446	2.314814814814815	2.009259259259259	0.7759259259259259	2.2351851851851854	2.45	4.018518518518518	0.25	1.864814814814815	4.464814814814815
540146	0.46296296296296297	0.0	0.7314814814814815	0.9228395061728395	0.32098765432098764	0.5925925925925926	2.450617283950617	0.0	0.6049382716049383	0.46296296296296297	0.0	1.0154320987654322	0.0	0.9320987654320988	1.3858024691358024	0.0	3.4598765432098766	2.4537037037037037	0.6327160493827161	2.70679012345679	1.2098765432098766	0.4660493827160494	2.7376543209876543	2.259259259259259	0.5246913580246914	2.1574074074074074	0.9012345679012346	1.373456790123457	4.833333333333333
760680	1.2605531295487626	1.3828238719068413	1.5240174672489082	0.8631732168850073	0.5021834061135371	0.0	0.9330422125181951	0.2197962154294032	1.4046579330422124	1.5007278020378456	1.2343522561863174	0.5414847161572053	0.0	0.0	1.5982532751091703	0.3813682678311499	1.2590975254730714	3.487627365356623	2.0262008733624453	1.363901018922853	3.7802037845705967	2.4192139737991267	1.5720524017467248	1.522561863173217	0.6593886462882096	2.5138282387190682	0.9301310043668122	1.1542940320232897	3.183406113537118
760682	1.225177304964539	0.8014184397163121	0.9450354609929078	0.9184397163120568	0.5	0.1453900709219858	0.6134751773049646	0.0	3.0602836879432624	1.2304964539007093	0.0	1.622340425531915	0.0	0.0	2.2836879432624113	0.5124113475177305	4.9787234042553195	3.141843971631206	3.868794326241135	2.950354609929078	3.015957446808511	0.39893617021276595	6.081560283687943	1.4060283687943262	0.0	4.226950354609929	4.01063829787234	3.00177304964539	2.4361702127659575
114798	2.102439024390244	0.46504065040650405	0.8113821138211382	0.8195121951219512	0.0	0.0	0.8601626016260162	0.0	1.4861788617886178	0.0032520325203252032	0.7300813008130081	0.0	0.44227642276422763	0.0	2.4699186991869917	1.840650406504065	4.560975609756097	0.8666666666666667	2.55609756097561	3.078048780487805	1.3447154471544716	0.07479674796747968	1.6845528455284553	2.3869918699186994	0.8032520325203252	1.1121951219512196	1.4715447154471544	2.1951219512195124	5.23739837398374
114799	1.7639902676399026	0.878345498783455	1.6034063260340632	0.43552311435523117	0.0	0.0	0.708029197080292	0.1192214111922141	0.6253041362530414	1.4452554744525548	0.0	0.5036496350364964	0.0	0.0	0.3844282238442822	1.6934306569343065	2.119221411192214	0.829683698296837	2.0851581508515813	1.3357664233576643	3.6423357664233578	1.6715328467153285	2.6690997566909975	1.9391727493917275	0.36739659367396593	3.462287104622871	1.02676399026764	0.7956204379562044	2.435523114355231
114807	1.2168021680216803	0.0	2.1978319783197833	0.4065040650406504	0.0	0.0	0.14634146341463414	0.0	0.8130081300813008	1.037940379403794	0.0	0.0	0.0	0.0	4.2926829268292686	1.3766937669376693	1.1924119241192412	2.341463414634146	1.7750677506775068	2.6124661246612466	1.9132791327913279	0.0	3.029810298102981	5.8102981029810294	0.4010840108401084	2.4444444444444446	1.7506775067750677	1.6314363143631436	2.9810298102981028
1639194	2.0628480509148766	0.23707239459029436	2.379474940334129	2.0063643595863168	0.477326968973747	1.1758154335719968	1.7684964200477327	0.0	1.796340493237868	0.4120922832140016	0.9124900556881463	1.2482100238663485	0.4797136038186158	0.0	2.5704057279236276	2.136038186157518	4.571996817820207	2.9737470167064437	1.8003182179793158	3.01909307875895	2.946698488464598	1.5155131264916468	1.2943516308671439	4.0843277645186955	1.1145584725536992	3.579156722354813	1.9323786793953859	2.8599840891010344	4.455051710421639
1492684	0.7448377581120944	0.0	0.2713864306784661	0.0	0.0	0.36283185840707965	2.7359882005899707	0.0	0.6047197640117994	0.0	0.0	0.8820058997050148	0.0	0.3702064896755162	1.3333333333333333	0.8495575221238938	4.3628318584070795	1.691740412979351	1.5162241887905605	1.6902654867256637	0.6666666666666666	0.4616519174041298	1.8244837758112094	0.22271386430678466	0.9528023598820059	2.299410029498525	1.7595870206489677	1.5	4.100294985250738
20377	1.0353817504655494	0.37368094351334574	2.196151458721291	0.7473618870266915	0.3749224084419615	0.0856610800744879	0.5487274984481688	0.18746120422098075	0.9075108628181254	0.5599006828057107	0.3749224084419615	0.0	0.0931098696461825	0.0	1.1880819366852886	1.1210428305400373	1.637492240844196	1.5890751086281814	0.9230291744258224	0.7678460583488517	1.2110490378646803	0.32898820608317814	1.4972067039106145	1.089385474860335	0.46741154562383613	2.60707635009311	0.7212911235257604	1.5518311607697082	3.085661080074488
1594652	3.558201058201058	1.1216931216931216	1.253968253968254	0.8253968253968254	1.5634920634920635	0.0	0.9629629629629629	0.0	1.2354497354497354	2.253968253968254	0.0	0.3994708994708995	0.0	0.7857142857142857	3.388888888888889	0.5158730158730159	4.804232804232805	1.6534391534391535	3.3465608465608465	1.8756613756613756	4.677248677248677	0.7301587301587301	4.195767195767195	2.2248677248677247	1.5767195767195767	2.3386243386243386	1.5026455026455026	3.208994708994709	6.132275132275132
1564499	0.23404255319148937	1.3900709219858156	1.8546099290780143	0.45390070921985815	1.127659574468085	0.0	1.1914893617021276	0.0	1.4326241134751774	1.3085106382978724	0.0	2.549645390070922	0.0	0.0	2.1666666666666665	0.723404255319149	1.4858156028368794	3.5709219858156027	0.5354609929078015	3.9680851063829787	1.5957446808510638	0.5390070921985816	1.9326241134751774	2.368794326241135	0.0	1.8865248226950355	1.8404255319148937	0.900709219858156	2.028368794326241
1564500	0.0	1.9942528735632183	4.0344827586206895	0.0	0.1724137931034483	0.0	4.040229885057471	1.0689655172413792	2.0114942528735633	0.4885057471264368	0.0	1.4770114942528736	0.0	0.0	4.959770114942529	0.0	3.045977011494253	2.0	1.3850574712643677	5.040229885057471	0.7586206896551724	0.0	1.6551724137931034	2.2528735632183907	0.0	2.82183908045977	0.0	2.2873563218390807	3.4885057471264367
1496529	0.5232558139534884	0.5852713178294574	3.8333333333333335	0.32558139534883723	0.7286821705426356	0.0	0.5581395348837209	0.0	0.7751937984496124	0.0	0.0	0.7286821705426356	0.0	0.07751937984496124	2.0193798449612403	0.0	0.7015503875968992	1.0930232558139534	4.228682170542636	3.2635658914728682	2.794573643410853	1.2790697674418605	2.511627906976744	1.9031007751937985	2.5310077519379846	3.5	1.434108527131783	2.701550387596899	3.806201550387597
1496530	1.1484653818700927	0.33832976445396146	2.9336188436830835	0.21556031406138473	0.4668094218415418	0.42969307637401855	0.8479657387580299	0.0	1.4089935760171306	0.6438258386866524	0.0	0.5353319057815846	0.0	0.21413276231263384	2.0199857244825123	0.6445396145610278	3.8229835831548895	1.5588865096359743	1.177730192719486	1.3961456102783727	1.8979300499643112	0.5367594575303355	2.379014989293362	2.4332619557458957	0.5281941470378301	2.5146324054246967	0.5153461812990721	1.4732334047109208	2.6252676659528906
1496535	0.0	0.44594594594594594	5.740990990990991	0.0	1.2747747747747749	0.7162162162162162	1.8738738738738738	0.6779279279279279	1.0202702702702702	0.5608108108108109	0.0	1.0112612612612613	0.6148648648648649	0.0	0.9414414414414415	1.3153153153153154	4.364864864864865	3.574324324324324	3.7927927927927927	1.0743243243243243	2.0968468468468466	1.0788288288288288	4.297297297297297	0.5427927927927928	3.2815315315315314	4.162162162162162	0.9617117117117117	5.112612612612613	0.8355855855855856
1407996	0.5731523378582202	1.4917043740573153	3.1734539969834086	1.5897435897435896	0.8733031674208145	0.0	0.6138763197586727	0.0	1.134238310708899	0.2398190045248869	0.0	0.5882352941176471	0.0	0.0	2.464555052790347	2.4630467571644044	2.310708898944193	1.8054298642533937	1.0739064856711915	1.947209653092006	1.856711915535445	0.717948717948718	1.9773755656108598	0.7828054298642534	1.5218702865761689	1.301659125188537	0.55052790346908	1.5761689291101055	4.205128205128205
457121	1.4595103578154425	0.2843691148775895	2.2768361581920904	1.871939736346516	0.5499058380414312	0.0	0.3691148775894539	0.7532956685499058	0.0	0.7495291902071564	0.847457627118644	0.8549905838041432	0.0	0.8531073446327684	4.444444444444445	0.0	1.56120527306968	2.4595103578154425	1.847457627118644	2.928436911487759	2.4180790960451977	0.8493408662900188	2.670433145009416	2.87758945386064	0.512241054613936	2.958568738229755	1.7871939736346516	1.2580037664783428	3.544256120527307
531226	1.5662393162393162	0.49572649572649574	2.7243589743589745	0.0	0.6452991452991453	0.16025641025641027	1.1388888888888888	0.0	1.9914529914529915	0.2606837606837607	0.0	2.202991452991453	0.0	0.202991452991453	1.514957264957265	1.2884615384615385	3.126068376068376	3.0576923076923075	1.7200854700854702	3.465811965811966	2.8525641025641026	2.2435897435897436	1.5085470085470085	2.3461538461538463	3.9572649572649574	3.6965811965811968	1.8376068376068375	1.1688034188034189	4.245726495726496
531228	0.9401041666666666	1.7708333333333333	1.4973958333333333	0.7994791666666666	1.4114583333333333	1.7578125	0.7473958333333334	0.09895833333333333	0.8125	1.7447916666666667	0.5260416666666666	0.18229166666666666	0.0	0.0	4.3046875	2.1223958333333335	2.2005208333333335	2.5520833333333335	1.4869791666666667	3.5651041666666665	2.0416666666666665	1.609375	0.7864583333333334	0.6223958333333334	0.4973958333333333	4.091145833333333	3.0	1.9166666666666667	4.8359375
186456	2.3554421768707483	0.5119047619047619	6.744897959183674	0.11394557823129252	0.08333333333333333	1.0034013605442176	0.34183673469387754	0.0	0.9710884353741497	1.58843537414966	0.0	0.6360544217687075	0.0	0.0	1.9064625850340136	1.0034013605442176	4.48469387755102	4.136054421768708	1.4285714285714286	5.197278911564626	3.454081632653061	2.496598639455782	3.358843537414966	1.5493197278911566	0.7704081632653061	4.52891156462585	2.0391156462585034	2.9846938775510203	1.1326530612244898
887716	0.2982456140350877	0.2573099415204678	1.4444444444444444	1.230019493177388	0.29239766081871343	1.5769980506822612	2.171539961013645	2.046783625730994	1.6062378167641325	1.0740740740740742	0.0	0.5828460038986355	0.5380116959064327	0.0	4.124756335282651	0.29434697855750486	2.53411306042885	1.0428849902534114	2.4405458089668617	2.064327485380117	3.1578947368421053	0.8440545808966862	3.0623781676413255	3.4307992202729043	0.5087719298245614	5.157894736842105	0.8810916179337231	3.0233918128654973	4.017543859649122
943475	1.921875	0.008680555555555556	1.4427083333333333	0.16666666666666666	0.0	0.0	0.109375	0.0	1.1996527777777777	0.5243055555555556	0.5225694444444444	1.3524305555555556	0.0	0.0	3.265625	1.3385416666666667	2.560763888888889	3.3940972222222223	1.6041666666666667	3.8541666666666665	3.0902777777777777	1.4166666666666667	3.3854166666666665	2.4947916666666665	0.9114583333333334	5.175347222222222	0.4652777777777778	0.9131944444444444	0.1232638888888889
765590	0.0196078431372549	0.0	0.0	0.4934640522875817	0.0	0.0	1.3235294117647058	0.0	0.9869281045751634	1.5947712418300655	0.0	0.4084967320261438	0.0	0.0	0.6601307189542484	0.39215686274509803	2.0555555555555554	0.9836601307189542	0.0	0.369281045751634	1.84640522875817	0.0	1.1928104575163399	0.9379084967320261	1.0522875816993464	1.4869281045751634	0.8169934640522876	0.0	0.0
765592	0.4782608695652174	0.5260869565217391	1.1927536231884057	0.43768115942028984	0.21811594202898552	0.7630434782608696	1.953623188405797	0.21739130434782608	1.9043478260869566	0.3927536231884058	0.21884057971014492	0.6427536231884058	0.2492753623188406	0.0	1.2130434782608697	0.663768115942029	3.3492753623188407	1.8869565217391304	1.7702898550724637	1.876086956521739	3.431159420289855	0.9971014492753624	1.5079710144927536	2.579710144927536	1.7717391304347827	2.3942028985507244	1.4478260869565218	1.3108695652173914	2.7311594202898553
765599	0.4401294498381877	0.0	1.5210355987055015	0.3300970873786408	1.8058252427184467	0.2961165048543689	1.8009708737864079	0.0	1.8802588996763754	0.22653721682847897	0.5080906148867314	0.9466019417475728	0.0	0.0	3.5323624595469254	2.2394822006472492	1.7928802588996764	2.2411003236245954	1.4546925566343043	2.6067961165048543	3.1100323624595467	0.9741100323624595	2.982200647249191	3.4805825242718447	2.530744336569579	1.058252427184466	0.6682847896440129	3.132686084142395	4.775080906148867
765602	2.7533333333333334	0.5033333333333333	2.3133333333333335	0.9066666666666666	2.0366666666666666	0.0	0.68	0.02666666666666667	0.49	0.013333333333333334	0.18	0.0	0.0	0.0	3.61	4.57	2.296666666666667	3.0933333333333333	2.7933333333333334	2.32	1.3166666666666667	3.62	3.01	1.1433333333333333	2.5433333333333334	3.6766666666666667	1.5766666666666667	3.4066666666666667	6.766666666666667
765603	2.02	0.7019047619047619	1.762857142857143	0.6942857142857143	0.6780952380952381	0.2866666666666667	1.1485714285714286	0.16952380952380952	1.5704761904761906	1.4257142857142857	0.5752380952380952	0.0	0.2876190476190476	0.0	2.157142857142857	2.1742857142857144	4.648571428571429	5.267619047619047	1.9361904761904762	2.999047619047619	2.0761904761904764	1.6333333333333333	2.0047619047619047	3.376190476190476	1.7847619047619048	2.2542857142857144	1.7780952380952382	2.279047619047619	4.241904761904762
765604	0.7730496453900709	0.46808510638297873	1.326241134751773	0.9343971631205674	0.0	0.0	1.0212765957446808	0.0	0.8315602836879432	0.08865248226950355	0.5301418439716312	0.0	0.0	0.0	0.950354609929078	1.6453900709219857	2.923758865248227	3.629432624113475	2.299645390070922	1.6329787234042554	3.895390070921986	1.7730496453900708	1.2429078014184398	2.632978723404255	3.654255319148936	0.9609929078014184	1.0638297872340425	1.7269503546099292	5.0
765606	1.5431400282885432	0.8458274398868458	2.743988684582744	1.8613861386138615	1.324846770391325	0.7123998114097124	2.0433757661480434	0.322017916077322	1.528995756718529	1.3771805752003772	0.0	1.5134370579915135	0.2838283828382838	0.0	1.8274398868458275	1.0297029702970297	3.4568599717114568	2.077793493635078	1.1857614332861857	2.7996228194247994	2.2607260726072607	0.9377652050919377	1.7345591702027345	2.9264497878359266	1.6506364922206507	2.8222536539368224	1.4884488448844884	2.7845355964167844	5.025459688826025
1681300	0.6733333333333333	0.0	2.5155555555555558	0.9088888888888889	1.0222222222222221	0.26	2.1133333333333333	0.6711111111111111	0.49777777777777776	1.9155555555555555	0.05555555555555555	1.0066666666666666	0.2111111111111111	0.0	0.7	0.5955555555555555	4.911111111111111	2.0244444444444443	2.1266666666666665	0.88	0.07333333333333333	0.44222222222222224	1.4977777777777779	1.6733333333333333	1.248888888888889	1.2933333333333332	1.251111111111111	0.84	1.8666666666666667
301158	0.4623217922606925	0.7128309572301426	2.328581126951799	0.40801086218601496	0.41004752206381534	0.0	0.7101154107264087	0.0	0.7705363204344874	0.6259334691106585	0.41004752206381534	1.0027155465037338	0.0	0.0	0.9192124915139172	1.6211812627291242	1.3394433129667345	1.4826883910386965	0.4921928038017651	0.3543788187372709	1.5417515274949083	0.4229463679565513	1.6354378818737272	1.4338085539714867	0.813306177868296	1.1819416157501696	0.0	1.7528852681602172	1.0706042090970809
1289205	0.841726618705036	0.4282973621103118	1.210071942446043	0.7093525179856115	0.4551558752997602	0.5731414868105515	0.6580335731414868	0.28872901678657076	1.0532374100719424	1.5640287769784174	0.11990407673860912	0.2637889688249401	0.5510791366906475	0.0	1.8206235011990408	0.811031175059952	2.873381294964029	2.3688249400479617	2.3357314148681056	2.1093525179856116	3.0633093525179858	0.770263788968825	1.6474820143884892	2.8949640287769784	1.5136690647482014	2.0896882494004796	1.4705035971223022	1.525179856115108	3.726139088729017
1289209	0.010869565217391304	0.27898550724637683	2.3768115942028984	1.0869565217391304	0.010869565217391304	0.0	1.6268115942028984	0.0	1.0036231884057971	0.7318840579710145	1.1956521739130435	0.6920289855072463	0.0	0.0	4.199275362318841	0.6521739130434783	2.503623188405797	2.9420289855072466	1.423913043478261	5.028985507246377	1.8115942028985508	1.3659420289855073	0.6739130434782609	4.420289855072464	0.0	3.6666666666666665	0.9746376811594203	0.4673913043478261	5.467391304347826
1436755	2.199004975124378	1.1256218905472637	2.038557213930348	0.39552238805970147	0.664179104477612	0.09825870646766169	0.7798507462686567	0.24502487562189054	1.144278606965174	1.2860696517412935	0.0	2.468905472636816	0.2027363184079602	0.24378109452736318	3.9303482587064678	2.77363184079602	5.317164179104478	5.402985074626866	2.6728855721393034	5.052238805970149	0.7288557213930348	1.177860696517413	4.263681592039801	3.9291044776119404	0.7661691542288557	3.1641791044776117	0.5783582089552238	2.6343283582089554	3.0522388059701493
938370	3.065359477124183	0.6579520697167756	2.3137254901960786	1.1851851851851851	1.6884531590413943	0.0	0.0	0.08061002178649238	0.0	2.7908496732026142	0.6579520697167756	1.3572984749455337	0.0	0.39215686274509803	1.1459694989106755	1.9128540305010893	1.9237472766884531	3.5729847494553377	3.9215686274509802	1.6427015250544663	3.065359477124183	0.4553376906318083	1.6928104575163399	2.128540305010893	0.8453159041394336	3.740740740740741	1.3725490196078431	1.167755991285403	3.289760348583878
938372	1.6072898295120517	0.17754262198706644	1.3251028806584362	0.7095825984714874	0.35214579659024103	0.17754262198706644	1.037037037037037	0.0	0.3550852439741329	1.1675485008818343	0.09641387419165197	0.746031746031746	0.0	0.0	1.4673721340388006	1.2851263962375072	3.302763080540858	2.074074074074074	0.9905937683715461	2.152851263962375	1.2527924750146973	1.3932980599647267	1.8806584362139918	3.1352145796590243	0.5737801293356849	3.5396825396825395	1.1493239271017048	1.8736037624926514	2.191064079952969
938373	1.2084993359893759	0.7317397078353254	2.243027888446215	0.0	0.398406374501992	0.0	0.7822045152722443	0.40106241699867196	0.8671978751660027	0.7051792828685259	0.40106241699867196	0.0	0.40106241699867196	0.0	0.2775564409030544	1.9760956175298805	3.694555112881806	1.399734395750332	1.3718459495351925	3.0783532536520584	1.954847277556441	0.5936254980079682	1.9269588313413015	0.9800796812749004	0.351925630810093	3.9800796812749004	0.9641434262948207	2.847277556440903	5.4568393094289505
785466	2.34703196347032	0.3424657534246575	2.0205479452054793	0.4703196347031963	0.6894977168949772	0.3401826484018265	0.13013698630136986	0.0	0.3424657534246575	0.7374429223744292	0.6894977168949772	0.0	0.0	0.0	3.006849315068493	0.6027397260273972	0.3721461187214612	3.6095890410958904	3.2031963470319633	2.363013698630137	1.7465753424657535	0.6894977168949772	0.5273972602739726	3.835616438356164	1.9680365296803652	3.1004566210045663	1.1415525114155252	0.9223744292237442	4.668949771689498
785458	1.6033254156769596	0.5961995249406176	2.44972288202692	0.5843230403800475	1.1536025336500395	0.3752969121140142	1.904196357878068	0.2391132224861441	0.35471100554235946	1.1884402216943786	0.0	1.482185273159145	0.2889944576405384	0.05146476642913698	2.2866191607284243	0.3507521773555028	2.7933491686460807	3.191607284243864	1.9057798891528108	1.8669833729216152	2.1955661124307206	0.9904988123515439	2.3618368962787013	3.627870150435471	2.205859065716548	4.166270783847981	0.5732383214568487	1.3562945368171022	3.5067300079176564
1004694	0.0	0.0	1.0677083333333333	0.0	0.0	1.1197916666666667	1.4739583333333333	0.0	0.5416666666666666	2.0885416666666665	2.484375	1.796875	0.0	0.0	0.1875	0.0	0.7864583333333334	3.5989583333333335	4.677083333333333	4.458333333333333	1.5989583333333333	2.8645833333333335	3.8072916666666665	2.5104166666666665	1.5208333333333333	5.40625	0.6302083333333334	2.9375	1.9895833333333333
1004695	0.3977272727272727	0.0	2.7803030303030303	0.0	0.0	0.3181818181818182	4.666666666666667	0.0	0.0	0.44696969696969696	0.7121212121212122	1.0984848484848484	0.0	0.0	1.0	0.9924242424242424	0.9810606060606061	1.9696969696969697	3.507575757575758	1.6477272727272727	1.5492424242424243	0.8068181818181818	1.378787878787879	3.465909090909091	2.996212121212121	5.412878787878788	0.7840909090909091	2.037878787878788	1.231060606060606
1004696	2.4140127388535033	0.0	2.0127388535031847	0.03821656050955414	0.851380042462845	0.0	0.7855626326963907	0.0	0.3227176220806794	0.5520169851380042	0.0	0.6326963906581741	0.0	0.0	1.3312101910828025	2.830148619957537	3.0424628450106157	1.6857749469214438	1.791932059447983	1.7091295116772824	1.3906581740976645	1.10828025477707	1.2738853503184713	2.9575371549893843	0.9384288747346072	5.084925690021231	1.9256900212314225	1.3800424628450105	1.6135881104033971
483917	0.3561643835616438	0.0273972602739726	2.136986301369863	1.552511415525114	1.904109589041096	0.1461187214611872	0.273972602739726	0.0	2.7351598173515983	0.7031963470319634	0.6712328767123288	0.319634703196347	0.0	0.0	2.8401826484018264	1.17351598173516	1.2237442922374429	3.401826484018265	3.410958904109589	5.589041095890411	2.1780821917808217	1.36986301369863	0.9680365296803652	1.8310502283105023	5.17351598173516	1.91324200913242	0.0	1.273972602739726	3.7488584474885847
483924	0.4188034188034188	0.0	1.9294871794871795	0.8782051282051282	0.8589743589743589	0.3504273504273504	1.8205128205128205	0.0	1.4123931623931625	1.1773504273504274	0.31196581196581197	1.0213675213675213	0.0	0.0	0.0	1.1773504273504274	2.9358974358974357	3.551282051282051	2.0854700854700856	1.3632478632478633	1.5534188034188035	0.32264957264957267	1.623931623931624	3.4423076923076925	3.0106837606837606	2.3162393162393164	1.7393162393162394	0.8311965811965812	0.42735042735042733
379920	0.8771929824561403	0.0	3.1783625730994154	0.6929824561403509	0.672514619883041	0.4064327485380117	0.716374269005848	0.0	1.3333333333333333	1.0116959064327486	0.0	0.7105263157894737	0.0	0.0	4.383040935672515	0.6198830409356725	2.9473684210526314	4.798245614035087	1.4795321637426901	3.5555555555555554	1.3099415204678362	0.7134502923976608	1.935672514619883	1.763157894736842	1.5847953216374269	4.529239766081871	1.605263157894737	1.845029239766082	5.087719298245614
379903	1.4274691358024691	0.8966049382716049	1.6496913580246915	2.0864197530864197	0.046296296296296294	0.3055555555555556	2.8040123456790123	0.4027777777777778	1.4876543209876543	1.3209876543209877	0.5092592592592593	0.2330246913580247	0.44598765432098764	0.0	2.743827160493827	1.3271604938271604	1.9290123456790123	4.770061728395062	1.5231481481481481	3.978395061728395	3.1604938271604937	0.6990740740740741	3.800925925925926	3.501543209876543	1.3688271604938271	2.611111111111111	1.7654320987654322	1.6635802469135803	5.841049382716049
