key	WAM_ALR	WAM_CCR	WAM_IPI	WAM_MAR	WAM_MYS	WAM_PBL	WAM_PJN	WAM_PPR	WAM_PST	WAM_ROL	WAM_SCR	WAM_SGN	WAM_SIS	WAM_TWN	WAR_ALR	WAR_CCR	WAR_IPI	WAR_MAR	WAR_MYS	WAR_PBL	WAR_PJN	WAR_PPR	WAR_PSK	WAR_PST	WAR_RNW	WAR_ROL	WAR_SCR	WAR_SGL	WAR_SIS
1706559	0.0	0.020537124802527645	0.0	0.47709320695102686	0.0	0.0	0.43601895734597157	0.23854660347551343	0.3033175355450237	0.0	0.47709320695102686	0.476303317535545	0.23854660347551343	0.0	0.19747235387045814	0.7116903633491312	0.13428120063191154	1.278830963665087	0.0	0.7124802527646129	0.9541864139020537	1.8657187993680884	0.12322274881516587	1.2187993680884677	0.23696682464454977	0.0	0.6587677725118484	0.0	0.7156398104265402
1343912	0.0	0.0	0.0	0.0	0.0	0.0	0.0	0.0	0.0	0.0	0.0	0.0	0.0	0.5228070175438596	0.0	2.5052631578947366	0.0	0.0	0.43508771929824563	0.12982456140350876	1.056140350877193	0.4	0.0	0.6070175438596491	0.0	0.0	0.0	0.0	0.0
964891	0.0	0.0	0.0	0.0	0.0	0.0	0.0	0.0	0.0	0.0	0.0	0.0	0.0	0.0	0.0	1.2105263157894737	0.0	0.0	0.0	0.0	0.0	0.0	0.0	0.6622807017543859	0.0	0.0	1.0	0.0	0.0
1323543	1.356164383561644	0.8127853881278538	0.0	0.9406392694063926	0.0	0.0	0.0	0.0	0.0	0.0	0.0	0.0	0.0	0.0	0.0593607305936073	0.91324200913242	0.0	0.0	0.0	0.0	1.0410958904109588	0.6894977168949772	0.0	0.2922374429223744	0.0	0.0	2.3881278538812785	0.502283105022831	0.0
1323545	0.0	0.6756152125279642	0.0	1.3512304250559284	0.0	0.0	0.0	0.0	0.0	0.0	0.39149888143176736	0.0	0.0	0.0	0.5033557046979866	1.4720357941834452	0.0	0.0	0.4899328859060403	0.0	0.03131991051454139	1.1700223713646531	0.6756152125279642	0.5727069351230425	0.2080536912751678	0.0	0.5369127516778524	0.0	0.0
1733628	0.0	0.0	0.0	0.8579234972677595	0.0	0.0	0.7231329690346083	0.0	0.4408014571948998	0.22586520947176686	0.36247723132969034	0.0	0.0	0.0	0.5373406193078324	0.3460837887067395	0.0	0.04735883424408015	0.0	0.0	0.5428051001821493	0.0	0.0	0.21493624772313297	0.0	0.0	1.0018214936247722	0.17486338797814208	0.0
582478	0.0	0.026217228464419477	0.0	0.0	0.0	0.0	0.0	0.0	2.9737827715355807	0.0	1.6441947565543071	0.6891385767790262	0.0	0.0	0.0	1.6329588014981273	0.0	1.4868913857677903	0.0	1.1198501872659177	0.5655430711610487	0.5655430711610487	1.4307116104868913	2.5917602996254683	0.0	0.0	0.0	0.8389513108614233	0.0
219127	0.0	1.106060606060606	0.0	0.0	0.0	0.0	0.0	0.0	0.0	0.0	0.0	0.0	0.0	0.0	0.0	0.5265151515151515	0.0	0.0	0.0	0.0	2.109848484848485	1.5378787878787878	0.0	0.0	0.0	0.0	0.9848484848484849	0.0	0.3484848484848485
1338158	0.0	0.0	0.0	0.14263565891472868	0.0	0.0	0.4635658914728682	0.0	0.23410852713178296	0.0	0.0	0.23410852713178296	0.0	0.0	0.24031007751937986	1.2666666666666666	0.0	1.3038759689922481	0.0	1.5023255813953489	0.9364341085271318	2.0325581395348835	0.3426356589147287	0.4062015503875969	0.4666666666666667	0.0	0.24651162790697675	0.0	0.3271317829457364
144011	0.0	0.0	1.813953488372093	0.0	0.0	0.0	1.9844961240310077	0.0	0.0	0.0	0.7906976744186046	0.0	0.0	0.0	0.0	0.7984496124031008	0.0	0.0	0.0	1.6666666666666667	0.4806201550387597	0.03875968992248062	0.0	1.4883720930232558	0.5116279069767442	0.0	2.5271317829457365	0.0	0.4418604651162791
913494	0.0	0.0	0.0	0.0	0.0	0.5145299145299145	0.5145299145299145	0.0	0.0	0.0	0.0	0.0	0.0	0.0	0.0	3.4564102564102566	0.0	1.576068376068376	0.0	0.0	0.0	0.5145299145299145	0.0	0.12478632478632479	0.0	0.0	0.17264957264957265	0.0	0.0
1361687	0.4322916666666667	0.24479166666666666	0.0	0.0	0.0	0.0	0.0	0.0	0.7786458333333334	0.0	0.8489583333333334	0.0	0.0	0.0	0.0	2.359375	0.6458333333333334	0.7604166666666666	0.0	0.78125	0.9375	1.8880208333333333	0.0	0.0	0.8333333333333334	0.0	0.609375	0.0	0.3932291666666667
1361689	0.0	0.0	0.0	1.1688034188034189	0.0	0.0	0.6452991452991453	0.0	0.0	0.0	0.5256410256410257	0.0	0.0	0.0	0.6410256410256411	2.3183760683760686	0.0	0.0	0.21581196581196582	1.2991452991452992	2.5128205128205128	1.5064102564102564	0.0	1.2478632478632479	0.0	0.0	3.121794871794872	0.6410256410256411	0.0
405191	0.01809954751131222	0.4555052790346908	0.0	0.0	0.0	0.0	0.8702865761689291	0.0	0.0	0.0	0.4555052790346908	0.47058823529411764	0.0	0.0	0.0	2.0060331825037707	0.0	0.0	0.0	0.0	0.0	0.9095022624434389	0.0	2.358974358974359	0.0	0.0	0.6832579185520362	0.0	0.0
1041727	0.5500910746812386	0.9526411657559198	0.0	0.0	0.0	0.0	1.5792349726775956	0.0	0.0	0.0	1.8633879781420766	0.0	0.0	0.0	0.0	1.861566484517304	0.0	0.6739526411657559	0.0	0.5136612021857924	0.029143897996357013	1.4553734061930783	0.0	0.6083788706739527	0.5063752276867031	0.04735883424408015	0.5245901639344263	0.9617486338797814	0.0947176684881603
1041728	0.0	0.0	0.0	0.0	0.0	0.0	0.0	0.16666666666666666	0.2794871794871795	0.0	0.4128205128205128	0.7717948717948718	0.0	0.0	0.0	0.676923076923077	0.0	0.5205128205128206	0.0	0.7666666666666667	0.7	0.7666666666666667	0.7743589743589744	1.1692307692307693	0.0	0.0	0.17692307692307693	0.0	0.4512820512820513
1041724	0.06028368794326241	0.0	0.0	1.0638297872340425	0.0	0.0	0.0	0.0	0.0	0.0	1.5390070921985815	0.0	0.0	0.0	0.5354609929078015	1.1205673758865249	0.0	0.0	0.0	0.0	1.0141843971631206	0.5886524822695035	0.0	0.0	0.0	0.0	0.0	0.0	0.7588652482269503
1041726	0.0	0.2527646129541864	0.0	0.0	0.0	0.0	0.004739336492890996	0.0	0.23064770932069512	0.0	0.0	0.0	0.0	0.0	0.0	0.0	0.0	0.5402843601895735	0.0	0.0	0.0	1.5229067930489733	0.0	0.0	0.49447077409162715	0.4154818325434439	0.5039494470774092	0.0	0.19747235387045814
166816	0.21302193913658882	0.0	0.0	0.10332625619249823	0.0	0.0	0.21302193913658882	0.0	0.3205944798301486	0.0	1.0601556970983723	0.0	0.0	0.0	0.0	0.7062986553432413	0.21372965322009907	0.8761500353857041	0.21372965322009907	0.267515923566879	0.0	1.0169851380042463	0.21302193913658882	0.72965322009908	0.0	0.0	0.0	0.0	0.0
320431	0.0	0.0	0.0	0.10416666666666667	0.0	0.0	0.0	0.0	0.0	0.0	0.12202380952380952	0.0	0.0	0.0	0.0	0.5863095238095238	0.0	1.869047619047619	0.0	0.05952380952380952	0.0	0.5476190476190477	0.0	1.4226190476190477	0.9136904761904762	0.0	0.20535714285714285	0.0	0.0
320432	0.18796992481203006	0.015037593984962405	0.0	0.6791979949874687	0.0	0.0	0.0	0.0	0.0	0.0	0.0	0.7568922305764411	0.0	0.0	0.0	2.401002506265664	0.0	0.9824561403508771	0.0	0.0	0.0	1.7067669172932332	0.0	0.6290726817042607	0.37593984962406013	0.0	0.0	0.0	0.0
320433	0.5046948356807511	0.6690140845070423	0.9436619718309859	0.4413145539906103	0.0	0.0	0.0	0.0	0.0	0.0	0.0	0.0	0.0	0.0	0.0	0.596244131455399	0.0	0.9413145539906104	0.0	0.0	0.6690140845070423	2.8098591549295775	0.0	0.0	0.539906103286385	0.539906103286385	0.8755868544600939	0.0	0.7065727699530516
320425	0.0	0.0	0.0	0.0	0.3700980392156863	0.0	0.7083333333333334	0.0	0.0	0.0	0.0	0.0	0.0	0.0	0.0	1.6299019607843137	0.0	0.0	0.0	0.0	0.09313725490196079	1.3063725490196079	0.0	0.0	1.4534313725490196	0.0	0.7401960784313726	0.7107843137254902	0.0
320426	0.0	0.0	0.0	0.5700757575757576	0.0	0.0	0.003787878787878788	0.0	0.5700757575757576	0.0	0.0	0.0	0.0	0.0	0.5416666666666666	0.36553030303030304	0.0	0.0	0.5681818181818182	0.7897727272727273	0.884469696969697	1.25	0.571969696969697	0.1534090909090909	0.045454545454545456	0.0	0.3068181818181818	0.30113636363636365	0.0
320428	0.0	0.0	0.0	0.0	0.0	0.0	0.0	0.0	0.6368159203980099	0.0	0.0	0.0	0.0	0.0	0.0	1.6766169154228856	0.0	0.03482587064676617	0.0	0.4527363184079602	0.0	1.0149253731343284	0.0	0.0	0.6069651741293532	0.0	0.5920398009950248	0.3582089552238806	0.0
101265	0.5441441441441441	0.5009009009009009	0.0	0.0	0.0	0.0	0.27207207207207207	0.0	0.0	0.15315315315315314	0.45225225225225224	0.23333333333333334	0.0	0.0	0.27207207207207207	0.8135135135135135	0.0	0.6936936936936937	0.0	1.2243243243243243	0.2702702702702703	2.0045045045045047	0.2711711711711712	0.27207207207207207	0.8153153153153153	0.3981981981981982	0.3216216216216216	0.5135135135135135	0.0
39979	0.0	0.0	0.0	0.5681818181818182	0.0	0.0	1.0643939393939394	0.0	0.0	0.0	0.9772727272727273	0.5681818181818182	0.0	0.0	0.0	1.3901515151515151	0.0	1.9242424242424243	0.0	0.875	1.393939393939394	1.1363636363636365	0.48484848484848486	0.32575757575757575	0.0	0.0	1.121212121212121	0.0	0.0
39980	0.0	0.3472222222222222	0.0	0.6944444444444444	0.3020833333333333	0.0	0.3472222222222222	0.0	0.0	0.0	0.015046296296296295	0.6030092592592593	0.0	0.0	0.0	0.7546296296296297	0.0	0.0	0.34953703703703703	0.34837962962962965	0.1574074074074074	1.1087962962962963	0.5231481481481481	0.8159722222222222	0.34953703703703703	0.0	0.3472222222222222	0.34953703703703703	0.0
39981	0.0	0.0	0.175990675990676	0.527972027972028	0.04195804195804196	0.0	0.0	0.0	0.5815850815850816	0.0	0.12237762237762238	0.4417249417249417	0.21212121212121213	0.0	0.0	2.2086247086247086	0.0	0.38344988344988346	0.0	0.6515151515151515	1.2237762237762237	1.9184149184149184	0.0	0.9254079254079254	0.7808857808857809	0.49184149184149184	1.6631701631701632	0.0	0.351981351981352
388364	0.0	0.0	0.4	0.0	0.0	0.0	0.24848484848484848	0.0	0.48282828282828283	0.0	0.0	0.0	0.0	0.0	0.0	1.5616161616161617	0.0	0.7676767676767676	0.0	0.0	0.09090909090909091	0.9090909090909091	0.024242424242424242	0.014141414141414142	0.1494949494949495	0.5959595959595959	0.1696969696969697	0.9676767676767677	0.0
1488250	0.0	0.1381172839506173	0.0	0.2322530864197531	0.0	0.0	0.0	0.11882716049382716	0.0	0.0	0.4652777777777778	0.8240740740740741	0.0	0.0	0.3101851851851852	1.2052469135802468	0.0	0.6828703703703703	0.19907407407407407	1.1365740740740742	1.6134259259259258	1.1682098765432098	0.0	0.6983024691358025	0.22453703703703703	0.0	0.4660493827160494	0.0	0.6967592592592593
276212	0.0	0.0	0.0	0.0	0.0	0.40375586854460094	0.7089201877934272	0.0	0.3474178403755869	0.0	0.5352112676056338	0.0	0.0	0.0	0.0	1.0375586854460095	0.0	1.192488262910798	0.0	0.6384976525821596	0.7089201877934272	0.6995305164319249	0.7089201877934272	0.6643192488262911	0.0	0.0	2.2136150234741785	0.0	0.3544600938967136
739575	0.2866666666666667	0.0	0.0	0.71	0.0	0.0	0.0	0.0	0.0	0.0	0.6	0.0	0.0	0.0	0.0	3.0033333333333334	0.13333333333333333	0.34	0.0	0.49	0.0	0.45	0.0	0.48	0.47	0.0	0.0	0.12	0.0
739576	0.0	0.5768863419293219	0.21967526265520534	0.28844317096466093	0.0	0.0	0.0	0.0	0.28844317096466093	0.0	0.3744030563514804	0.34765998089780326	0.0	0.0	0.0	1.282712511938873	0.0	1.2578796561604584	0.17000955109837632	0.47277936962750716	0.26743075453677173	1.2196752626552054	0.0	0.10124164278892073	0.28653295128939826	0.2874880611270296	0.0	0.37153772683858644	0.0
739577	0.0	0.0	0.08156028368794327	0.5319148936170213	0.0	0.0	0.0	0.0	0.36524822695035464	0.0	0.34929078014184395	0.9148936170212766	0.0	0.0	0.0	0.28900709219858156	0.0	0.49822695035460995	0.17375886524822695	0.9592198581560284	0.01950354609929078	0.8634751773049646	0.0	1.124113475177305	0.37056737588652483	0.13120567375886524	0.0	0.2553191489361702	0.0
739579	0.0	0.8258115597783057	0.4750593824228028	0.47743467933491684	0.0	0.222486144101346	0.16152019002375298	0.0	0.22486144101346	0.0	0.0	0.2391132224861441	0.0	0.0	0.2391132224861441	1.498812351543943	0.0	1.1892319873317498	0.0	0.953285827395091	0.5415676959619953	1.414885193982581	0.1583531274742676	0.0	0.6421219319081551	0.11955661124307206	1.0570071258907363	0.0	0.23832145684877276
74581	0.0	0.0	0.0	0.0	0.0	0.0	0.0	0.0	0.25380710659898476	0.0	0.0	0.5109983079526227	0.0	0.0	0.0	0.9001692047377327	0.0	2.829103214890017	0.0	1.0372250423011844	0.5093062605752962	2.1590524534686972	0.0	1.104906937394247	0.0	0.47715736040609136	0.6734348561759729	0.5076142131979695	0.2571912013536379
1188660	0.09366391184573003	0.18457300275482094	0.0	0.0	0.0	0.0	0.0	0.0	0.14325068870523416	0.0	1.6198347107438016	0.3415977961432507	0.27548209366391185	0.0	0.41597796143250687	0.17355371900826447	0.0	0.7079889807162535	0.0	0.0	0.3085399449035813	3.834710743801653	0.0	0.46005509641873277	0.0	0.29201101928374656	0.25895316804407714	0.0	0.005509641873278237
166728	0.0	0.0	0.0	1.2863247863247864	0.0	0.6431623931623932	0.0	0.0	0.0	0.0	0.16452991452991453	0.0	0.0	0.0	0.0	0.0	0.0	0.6431623931623932	0.0	0.5384615384615384	0.0	1.7478632478632479	0.0	0.32051282051282054	0.0	0.0	0.0	0.5470085470085471	0.0
746010	0.0	0.0	0.0	0.0	0.0	0.8925619834710744	1.2451790633608815	0.0	0.18457300275482094	0.0	0.0	0.0	0.0	0.0	0.3884297520661157	1.1900826446280992	0.0	0.0	0.0	1.3911845730027548	0.6749311294765841	0.0	0.0	0.0	0.41597796143250687	0.6584022038567493	0.6776859504132231	0.5537190082644629	0.0
1158929	0.0	0.0	0.4942528735632184	0.0	0.0	0.0	0.0	0.0	0.0	0.0	0.11822660098522167	0.0	0.0	0.0	0.0	1.4088669950738917	0.0	0.48932676518883417	0.0	0.0	0.49261083743842365	1.7980295566502462	0.0	0.05090311986863711	0.7422003284072249	0.0	0.3169129720853859	0.0	0.0
631578	0.5298651252408478	0.0	0.0	0.0	0.0	0.0	0.0	0.0	0.6955684007707129	0.0	0.0	0.9017341040462428	0.0	0.0	0.6628131021194605	0.3988439306358382	0.0	0.581888246628131	0.0	0.8747591522157996	0.6801541425818882	1.7630057803468209	0.0	0.42196531791907516	1.7379576107899808	0.0	0.7456647398843931	0.0	0.5741811175337187
950642	0.0	0.0	0.0	0.0	0.0	0.5307017543859649	0.0	0.0	0.6622807017543859	0.0	0.0	0.0	0.0	0.0	0.0	0.5131578947368421	0.0	0.5087719298245614	0.0	0.015350877192982455	0.02631578947368421	2.5548245614035086	0.0	0.0021929824561403508	0.0	0.0021929824561403508	0.08114035087719298	0.0	0.0
495143	0.0	0.0	0.24154589371980675	0.0	0.0	0.0	0.4170692431561997	0.0	0.9130434782608695	0.0	0.0	0.4830917874396135	0.0	0.00966183574879227	0.48148148148148145	0.0	0.0	0.0	0.4476650563607085	0.394524959742351	1.3848631239935587	1.9903381642512077	0.4476650563607085	0.7697262479871175	0.2431561996779388	0.0	0.7278582930756844	0.1706924315619968	0.0
830304	0.0	0.0	0.0	0.0	0.0	0.3781094527363184	0.3004975124378109	0.0	0.2736318407960199	0.0	0.0	0.0	0.0	0.0	0.0	1.7751243781094528	0.29950248756218906	0.8756218905472637	0.23482587064676616	0.29950248756218906	0.2945273631840796	0.7343283582089553	0.0	0.40696517412935324	0.8756218905472637	0.5094527363184079	1.9034825870646765	0.3004975124378109	0.0
