key	WAM_ALR	WAM_CCR	WAM_IPI	WAM_MAR	WAM_MYS	WAM_PBL	WAM_PJN	WAM_PPR	WAM_PST	WAM_ROL	WAM_SCR	WAM_SGN	WAM_SIS	WAM_TWN	WAR_ALR	WAR_CCR	WAR_IPI	WAR_MAR	WAR_MYS	WAR_PBL	WAR_PJN	WAR_PPR	WAR_PSK	WAR_PST	WAR_RNW	WAR_ROL	WAR_SCR	WAR_SGL	WAR_SIS
783897	0.9386792452830188	0.3113207547169811	1.5070754716981132	0.23742138364779874	0.4119496855345912	0.20440251572327045	1.1022012578616351	0.23742138364779874	0.23742138364779874	0.0	0.0	1.2146226415094339	0.7185534591194969	0.4119496855345912	1.7853773584905661	0.11320754716981132	1.4190251572327044	0.35455974842767296	0.23663522012578617	0.6218553459119497	0.8639937106918238	0.19025157232704404	3.3199685534591197	0.9080188679245284	0.7099056603773585	2.2429245283018866	0.4748427672955975	0.26257861635220126	1.3073899371069182
783898	0.0	0.0	5.469945355191257	0.0	0.0	0.16393442622950818	0.0	0.0	0.0	0.5409836065573771	0.0	1.4043715846994536	0.7103825136612022	0.0	0.0	0.8306010928961749	1.8415300546448088	0.0	0.0	0.0	0.0	0.6229508196721312	0.907103825136612	0.5300546448087432	0.0	0.00546448087431694	0.0	0.7595628415300546	3.109289617486339
783882	1.372340425531915	0.0	0.0	0.1276595744680851	0.0	0.4787234042553192	1.702127659574468	0.0	0.0	1.2659574468085106	0.0	0.8546099290780141	0.0	0.0	2.0106382978723403	0.0	0.5212765957446809	1.5177304964539007	2.152482269503546	0.0	0.8546099290780141	0.0	0.7304964539007093	0.0	0.46099290780141844	1.8936170212765957	0.0	1.326241134751773	0.39361702127659576
783883	3.0766961651917404	0.0	0.6047197640117994	1.6755162241887906	0.0	1.3834808259587021	0.9174041297935103	0.0	0.4424778761061947	1.775811209439528	0.0	0.7640117994100295	0.0	0.8200589970501475	1.5693215339233038	0.0	2.106194690265487	1.191740412979351	1.1651917404129795	1.2123893805309736	0.0	0.32448377581120946	1.6578171091445428	0.04424778761061947	0.41887905604719766	2.793510324483776	0.0	1.3097345132743363	1.71976401179941
783885	1.788968824940048	0.0	0.2158273381294964	0.0	0.31414868105515587	0.3117505995203837	0.34292565947242204	0.0	0.7266187050359713	0.22302158273381295	0.0	0.17026378896882494	0.36211031175059955	0.0	0.5083932853717026	0.0	0.0	0.30935251798561153	0.9064748201438849	0.1774580335731415	0.27817745803357313	0.2158273381294964	1.4436450839328536	1.7577937649880095	0.0	2.5467625899280577	0.0	2.067146282973621	2.7865707434052758
783886	0.0	0.0	2.671957671957672	0.0	1.0476190476190477	1.3174603174603174	0.8835978835978836	0.0	1.566137566137566	0.0	0.0	0.0	0.0	0.0	0.0	0.0	0.49206349206349204	1.470899470899471	1.3227513227513228	0.8783068783068783	0.0	1.1111111111111112	0.6772486772486772	2.3968253968253967	1.9788359788359788	1.0423280423280423	0.0	0.9259259259259259	3.5343915343915344
783887	0.4904214559386973	0.0	0.3563218390804598	0.0	1.4329501915708813	0.4521072796934866	0.0	0.0	0.06513409961685823	0.0	0.0	0.0	0.6704980842911877	0.0	1.4827586206896552	1.157088122605364	2.7241379310344827	0.13793103448275862	1.7318007662835249	0.26436781609195403	0.0	0.038314176245210725	0.578544061302682	0.0	0.9348659003831418	0.4061302681992337	0.0	0.0	0.578544061302682
783888	1.2953929539295392	0.0	0.7344173441734417	0.0	0.8563685636856369	0.0	0.0	0.0	0.8157181571815718	0.4010840108401084	0.0	0.0	1.997289972899729	0.0	3.707317073170732	0.8184281842818428	0.7208672086720868	0.7967479674796748	0.6178861788617886	0.6612466124661247	0.0	0.0	1.6233062330623307	0.4092140921409214	0.0	2.4010840108401084	0.0	1.1815718157181572	1.7371273712737128
783891	1.8080808080808082	0.76010101010101	0.0	1.0833333333333333	0.0	0.3813131313131313	0.0	0.0	1.3838383838383839	0.0	0.0	1.3762626262626263	0.7626262626262627	0.0	1.0909090909090908	0.0	0.23737373737373738	0.76010101010101	0.5429292929292929	0.6287878787878788	0.7045454545454546	0.0	1.9772727272727273	0.0	1.5378787878787878	3.085858585858586	0.0	0.6893939393939394	3.6363636363636362
783892	2.5801104972375692	0.0	0.5561694290976059	0.0	0.0	0.27624309392265195	0.0	0.0	0.0	0.0	0.0	1.6721915285451197	0.0	0.3278084714548803	2.9337016574585637	0.0	0.3830570902394107	0.5230202578268877	0.5561694290976059	0.0	0.8324125230202578	0.5874769797421732	0.43830570902394106	2.265193370165746	0.8397790055248618	1.6353591160220995	0.27808471454880296	1.0607734806629834	3.67219152854512
992669	0.9211309523809523	0.0	0.4270833333333333	0.8928571428571429	2.299107142857143	0.4479166666666667	0.5416666666666666	0.4479166666666667	0.7559523809523809	2.068452380952381	0.2113095238095238	0.7946428571428571	0.0	0.0	1.6711309523809523	0.4255952380952381	1.7425595238095237	0.047619047619047616	0.7485119047619048	0.001488095238095238	0.2113095238095238	0.0	0.875	0.4494047619047619	0.22321428571428573	2.017857142857143	0.3601190476190476	0.39880952380952384	2.9077380952380953
480979	1.0360360360360361	0.0	1.3558558558558558	0.0	0.0	0.0	0.0	0.04954954954954955	0.0	0.4774774774774775	0.0	0.0	0.0	0.0	2.0022522522522523	0.0	0.36486486486486486	0.0	0.0	0.0	0.0	0.0	1.7094594594594594	0.9459459459459459	0.5675675675675675	0.0	0.0	0.0	1.3558558558558558
1010764	0.0	0.0	0.0	0.0	0.6291666666666667	0.0	0.0	0.0	0.0	0.0	0.0	0.0	0.0	0.0	0.0	0.0	0.0	0.0	0.0	0.55	0.0	0.0	0.525	0.0	0.625	0.0	0.0	0.0	0.775
243273	0.5909090909090909	0.0	1.095959595959596	0.7626262626262627	1.0353535353535352	1.2171717171717171	1.1161616161616161	0.0	0.0	0.0	0.0	0.0	0.0	0.0	0.35858585858585856	0.0	0.39141414141414144	0.16161616161616163	0.7626262626262627	1.7752525252525253	0.7575757575757576	0.0	0.34595959595959597	0.0	0.76010101010101	1.0378787878787878	0.3813131313131313	0.1717171717171717	1.904040404040404
243274	1.3783783783783783	0.0	1.2364864864864864	0.0	0.0	0.0	1.572072072072072	0.0	0.0	0.0	0.0	0.6644144144144144	0.013513513513513514	0.0	0.8828828828828829	0.0	0.8873873873873874	1.0022522522522523	0.5923423423423423	1.0045045045045045	0.581081081081081	0.0	0.6779279279279279	0.0	0.0	0.2545045045045045	0.0	1.2792792792792793	1.2995495495495495
1382245	0.42835595776772245	0.0	0.0	0.0	0.0	0.0	0.3333333333333333	0.0	0.0	0.0693815987933635	0.0	0.31070889894419307	0.0	0.0	0.9064856711915535	0.2473604826546003	1.1312217194570136	0.2579185520361991	0.6530920060331825	0.4464555052790347	0.3650075414781297	0.0	1.4917043740573153	0.0	0.4479638009049774	1.1357466063348416	0.0	0.4539969834087481	0.6018099547511312
634322	0.6936274509803921	0.0	0.6102941176470589	0.0	0.0	0.24591503267973855	0.24673202614379086	0.24673202614379086	0.1715686274509804	0.0	0.24591503267973855	0.7377450980392157	0.2434640522875817	0.0	1.8333333333333333	0.0	0.8080065359477124	0.0	0.8619281045751634	0.24509803921568626	0.0	0.0	1.647875816993464	0.49019607843137253	0.2540849673202614	2.246732026143791	0.0	1.048202614379085	1.1176470588235294
1292633	0.6896024464831805	0.0	0.41284403669724773	0.0	0.7966360856269113	0.0	0.0	0.0	0.43119266055045874	0.0	0.0	0.0	0.0	0.0	0.7507645259938838	0.4602446483180428	0.02599388379204893	0.19877675840978593	0.2966360856269113	0.654434250764526	0.6880733944954128	0.0	0.8776758409785933	0.0	0.2308868501529052	1.5856269113149848	0.2599388379204893	1.1498470948012232	0.41896024464831805
675581	0.0	0.0	0.024305555555555556	0.0	0.0	0.7326388888888888	0.0	0.0	0.2361111111111111	0.08333333333333333	0.0	0.0	1.8333333333333333	0.0	0.7326388888888888	1.0451388888888888	0.5243055555555556	0.4201388888888889	3.3090277777777777	0.0	3.1527777777777777	0.013888888888888888	0.8229166666666666	0.0	0.0625	2.9166666666666665	0.8263888888888888	0.5243055555555556	2.03125
675582	0.019417475728155338	0.0	0.3106796116504854	0.0	0.0	0.23300970873786409	0.970873786407767	0.0	0.8705501618122977	0.9271844660194175	0.0	0.9741100323624595	0.6084142394822006	0.0	0.6731391585760518	0.0	1.220064724919094	0.48705501618122976	3.0728155339805827	0.5792880258899676	0.5453074433656958	0.970873786407767	2.2281553398058254	0.9805825242718447	0.9449838187702265	0.459546925566343	0.0	0.0	1.1423948220064726
695175	0.9535864978902954	0.0	1.259493670886076	0.0	0.4831223628691983	0.03164556962025317	0.6350210970464135	0.0	0.9092827004219409	0.8734177215189873	0.0	0.4092827004219409	0.45358649789029537	0.0	2.2679324894514767	0.41139240506329117	1.2658227848101267	2.1751054852320677	1.2721518987341771	0.0	0.0	0.4345991561181435	2.69831223628692	0.37130801687763715	0.8881856540084389	1.540084388185654	0.0	1.1265822784810127	1.9725738396624473
695176	1.599250936329588	0.0	0.9213483146067416	0.06741573033707865	0.0	0.0	0.0	0.0	0.0	0.5056179775280899	0.0	0.0	0.2958801498127341	0.0	3.651685393258427	0.3782771535580524	0.7415730337078652	0.4794007490636704	1.1273408239700375	0.08239700374531835	0.0	0.9213483146067416	1.247191011235955	0.0	2.067415730337079	1.0074906367041199	0.6104868913857678	2.0711610486891385	0.5168539325842697
998268	2.4324324324324325	0.0	0.0	0.0	0.0	1.0135135135135136	0.0	0.0	0.0	0.0	0.0	0.11711711711711711	0.0	0.0	0.46396396396396394	0.0	1.09009009009009	0.0	0.7972972972972973	0.0	0.5225225225225225	0.0990990990990991	0.2972972972972973	0.7297297297297297	1.1891891891891893	0.036036036036036036	0.0	1.9234234234234233	2.0
597120	1.217357910906298	0.23195084485407066	0.7465437788018433	0.4078341013824885	0.4608294930875576	0.0	0.0	0.0	0.46390168970814133	0.23195084485407066	0.2304147465437788	0.46236559139784944	0.35023041474654376	0.12365591397849462	1.891705069124424	0.0	1.434715821812596	0.8809523809523809	0.695852534562212	1.6105990783410138	0.6144393241167435	0.347926267281106	1.1367127496159755	1.08678955453149	1.0491551459293396	0.9861751152073732	0.0	1.3095238095238095	0.620583717357911
597112	1.2904564315352698	0.0	1.0408022130013832	0.41632088520055327	0.0	0.41562932226832644	0.2621023513139696	0.0	0.0	0.5338865836791148	0.0	0.8340248962655602	0.12863070539419086	0.0	1.0387275242047027	0.0	1.4944674965421854	0.5954356846473029	0.48132780082987553	1.1431535269709543	1.1908713692946058	0.0	1.9744121715076073	1.516597510373444	1.1189488243430152	2.2952973720608574	0.20816044260027664	1.2040110650069156	3.08298755186722
930712	0.550561797752809	1.1235955056179776	0.898876404494382	0.0	0.5243445692883895	0.0	0.0	0.0	0.4868913857677903	0.0	0.0	0.0	0.0	0.0	1.4943820224719102	0.0	2.191011235955056	1.0674157303370786	0.0	0.018726591760299626	0.0	0.0	1.0711610486891385	0.39325842696629215	0.5955056179775281	1.142322097378277	0.0	0.15355805243445692	2.299625468164794
581374	1.4016260162601626	0.0	0.0	0.0	0.0	0.0	0.0	0.0	0.0	0.23577235772357724	0.26666666666666666	0.49105691056910566	0.43902439024390244	0.0	0.4032520325203252	0.0	0.7544715447154472	0.23577235772357724	0.3886178861788618	0.01788617886178862	0.5008130081300813	0.0	0.030894308943089432	1.5869918699186991	0.0	0.7105691056910569	0.0	2.9495934959349595	1.465040650406504
806429	0.7076023391812866	0.0	0.38011695906432746	0.0	0.0	0.0	0.0	0.0	0.02046783625730994	0.4371345029239766	0.0	0.0	0.0	0.0	1.9839181286549707	0.22076023391812866	2.002923976608187	2.473684210526316	0.8128654970760234	1.2251461988304093	1.239766081871345	0.8771929824561403	0.8786549707602339	0.22076023391812866	0.8786549707602339	1.4795321637426901	0.0	0.0	1.5190058479532165
690828	0.7240143369175627	0.0	0.0	0.0	0.0	0.0	0.6702508960573477	0.0	0.0	0.0	0.0	0.17204301075268819	0.0	0.0	0.43727598566308246	0.0	0.3727598566308244	0.0	0.5412186379928315	0.25089605734767023	0.36200716845878134	0.0	0.0	0.0	0.0	0.0	0.34408602150537637	0.13261648745519714	1.4336917562724014
1505790	0.0	0.0	0.34843205574912894	0.34959349593495936	0.0	0.0	0.0	0.0	0.0	0.0	0.0	0.5749128919860628	0.0	0.0	1.916376306620209	0.0	0.7259001161440186	0.0	1.0499419279907085	0.5725900116144018	0.34959349593495936	0.0	0.926829268292683	0.09407665505226481	0.7015098722415796	0.6980255516840883	0.2926829268292683	0.7003484320557491	0.17770034843205576
115233	0.4746031746031746	0.12857142857142856	0.6952380952380952	0.4873015873015873	0.0	0.0	0.2650793650793651	0.0	0.2396825396825397	0.2571428571428571	0.0	0.8666666666666667	0.0	0.0	2.992063492063492	0.20793650793650795	0.5682539682539682	2.4317460317460315	0.13968253968253969	0.9507936507936507	1.2428571428571429	0.44285714285714284	3.3174603174603177	0.3396825396825397	0.19206349206349208	0.7111111111111111	0.0	0.0	1.6952380952380952
863496	0.0	0.0	0.7401360544217687	1.0639455782312925	0.0	0.0	0.0	0.0	0.36054421768707484	0.4108843537414966	0.0	0.0	0.0	0.0	1.5673469387755101	0.0	1.1591836734693877	0.4095238095238095	0.0	0.8217687074829932	0.817687074829932	1.2272108843537415	0.9659863945578231	0.4095238095238095	0.0	1.1972789115646258	0.3292517006802721	2.8639455782312924	1.4299319727891155
