key	WAM_ALR	WAM_CCR	WAM_IPI	WAM_MAR	WAM_MYS	WAM_PBL	WAM_PJN	WAM_PPR	WAM_PST	WAM_ROL	WAM_SCR	WAM_SGN	WAM_SIS	WAM_TWN	WAR_ALR	WAR_CCR	WAR_IPI	WAR_MAR	WAR_MYS	WAR_PBL	WAR_PJN	WAR_PPR	WAR_PSK	WAR_PST	WAR_RNW	WAR_ROL	WAR_SCR	WAR_SGL	WAR_SIS
87749	1.2756132756132756	2.1385281385281387	0.023088023088023088	3.3953823953823954	2.318903318903319	6.809523809523809	1.9134199134199135	2.5396825396825395	4.2727272727272725	0.0	3.4473304473304474	0.8701298701298701	0.0	0.5786435786435786	0.3593073593073593	1.5757575757575757	0.0	0.0	0.30447330447330445	0.9451659451659452	0.2178932178932179	3.324675324675325	0.3059163059163059	1.5281385281385282	0.0	0.0	4.5685425685425685	0.0	0.0
112321	0.29205607476635514	2.044392523364486	0.0	4.478971962616822	2.6121495327102804	5.517133956386293	0.5506230529595015	0.4696261682242991	2.795171339563863	0.0	1.9742990654205608	0.7040498442367601	0.4696261682242991	0.43457943925233644	0.16510903426791276	3.0576323987538943	0.0	0.235202492211838	0.940809968847352	0.9937694704049844	0.25934579439252337	1.6549844236760125	0.37694704049844235	1.2655763239875388	0.4937694704049844	0.0	5.626947040498442	0.27258566978193144	0.0
1632110	0.4863123993558776	0.15780998389694043	0.0	2.357487922705314	1.3607085346215781	2.4428341384863126	0.9742351046698873	1.4025764895330113	2.0402576489533013	0.0	1.671497584541063	0.48148148148148145	0.0	0.0	0.0	1.5169082125603865	0.0	0.30434782608695654	0.48470209339774556	0.31239935587761675	0.43156199677938806	1.0048309178743962	0.0	0.0	0.35426731078904994	0.0	6.631239935587762	0.0	0.0
1580563	0.6679127725856698	1.3364485981308412	0.373208722741433	2.514018691588785	1.6006230529595016	2.7713395638629286	0.9514018691588785	0.4747663551401869	1.50404984423676	0.0	2.8093457943925233	0.6348909657320873	0.14890965732087227	0.0	0.4392523364485981	0.7993769470404984	0.0	0.36261682242990656	0.5501557632398754	0.9339563862928348	0.3763239875389408	2.0996884735202492	0.3750778816199377	0.18629283489096574	0.75202492211838	0.1881619937694704	7.041121495327102	0.28161993769470406	0.0
71369	0.3282399547255235	0.9524617996604414	0.7628749292586304	3.2082625919637806	1.202037351443124	4.951329937747595	1.2241086587436332	1.4572722127900397	2.374080362195812	0.0	1.671194114318053	0.17091114883984154	0.0	0.4244482173174873	0.17034521788341822	1.1392190152801358	0.0	0.2744765138653084	0.7028862478777589	0.3938879456706282	0.32144878324844367	2.1426146010186757	0.17091114883984154	0.9541595925297114	0.9269949066213922	0.0	4.5461233729485	0.3418222976796831	0.05602716468590832
359601	0.0	0.5164835164835165	2.2124542124542126	0.7765567765567766	1.6153846153846154	2.2637362637362637	1.8278388278388278	1.663003663003663	1.0915750915750915	0.0	2.578754578754579	0.0	0.0	0.0	0.0	1.3113553113553114	0.0	0.0	0.5494505494505495	1.1355311355311355	0.9377289377289377	4.157509157509158	0.0	0.0	0.0	0.0	5.516483516483516	1.1062271062271063	0.0
1409793	0.3046875	1.3489583333333333	0.0	2.0390625	0.015625	2.5286458333333335	0.921875	0.0	1.2864583333333333	0.0	2.5729166666666665	1.0911458333333333	0.0	1.1536458333333333	0.6848958333333334	0.7864583333333334	0.0	0.6744791666666666	1.5182291666666667	0.0	0.0	4.619791666666667	0.14583333333333334	1.1822916666666667	0.0	0.0	3.8489583333333335	0.7994791666666666	0.0
1409794	0.0	1.2032520325203253	0.0	2.6178861788617884	1.3794037940379404	6.582655826558265	2.214092140921409	0.8184281842818428	2.035230352303523	0.0	2.5907859078590785	1.3712737127371273	0.0	0.0	0.0	0.4092140921409214	0.0	0.0	0.0	1.5555555555555556	0.0	1.5176151761517616	0.0	2.4065040650406506	0.0	0.0	9.934959349593496	0.0	0.0
1409797	1.65695067264574	0.8505231689088192	0.4476831091180867	2.6307922272047835	1.34304932735426	2.514947683109118	1.1860986547085202	1.1218236173393124	2.07847533632287	0.0	1.4865470852017937	0.22047832585949179	0.0	0.45067264573991034	0.0	0.672645739910314	0.0	0.0	0.0	0.2914798206278027	0.0	1.7458893871449925	0.6965620328849028	1.788490284005979	0.0	0.0	7.03288490284006	0.6502242152466368	0.18535127055306427
1409802	1.5344202898550725	2.1865942028985508	0.0	2.739130434782609	2.1666666666666665	5.672101449275362	1.641304347826087	0.0	3.346014492753623	0.0	1.0869565217391304	0.0	0.07789855072463768	0.0	0.38768115942028986	1.6956521739130435	0.0	0.0	0.2717391304347826	0.1322463768115942	0.0	2.4057971014492754	0.0	0.391304347826087	0.286231884057971	0.0	3.6557971014492754	0.0	0.0
1409803	0.2656641604010025	1.3533834586466165	0.0	4.2180451127819545	1.0726817042606516	4.6265664160401005	2.2857142857142856	0.7994987468671679	4.3734335839598995	0.0	0.040100250626566414	0.7518796992481203	0.5989974937343359	0.0	0.17293233082706766	0.42857142857142855	0.0	0.0	1.4837092731829573	0.0	0.0	0.8922305764411027	0.6616541353383458	0.7593984962406015	0.0	0.0	4.350877192982456	0.0	0.0
1409807	0.5528455284552846	0.4010840108401084	0.7696476964769647	3.5880758807588076	1.7588075880758807	7.490514905149052	0.8075880758807588	0.8130081300813008	1.829268292682927	0.0	1.6639566395663956	1.880758807588076	0.0	0.0	0.0	1.8644986449864498	0.0	0.0	0.14092140921409213	0.37669376693766937	0.0	1.3495934959349594	0.0	0.8184281842818428	0.0	0.0	7.569105691056911	0.7479674796747967	0.0
1409808	1.1185185185185185	2.137037037037037	0.025925925925925925	1.1851851851851851	0.5592592592592592	4.911111111111111	0.7481481481481481	2.448148148148148	3.8074074074074074	0.0	0.07777777777777778	1.1222222222222222	0.0	0.0	0.0	0.0	0.0	0.2074074074074074	0.7703703703703704	0.5666666666666667	0.0	5.025925925925926	0.0	0.0	1.674074074074074	0.0	3.085185185185185	0.0	0.0
1409809	0.0	1.1904761904761905	0.7047619047619048	7.5476190476190474	2.780952380952381	2.3476190476190477	4.123809523809523	4.838095238095238	1.1952380952380952	0.0	1.0714285714285714	0.5666666666666667	0.0	0.14285714285714285	0.0	0.0	0.0	0.49523809523809526	0.0	0.6428571428571429	0.0	3.9952380952380953	2.1523809523809523	0.0	0.6476190476190476	0.29523809523809524	7.052380952380952	0.0	0.0
1409810	1.3900709219858156	1.7659574468085106	0.35697399527186763	4.9763593380614655	0.3380614657210402	2.7257683215130024	0.30969267139479906	1.4940898345153664	3.5390070921985815	0.0	1.75177304964539	0.7115839243498818	0.0	1.5626477541371158	0.0	1.0425531914893618	0.0	0.0	0.0	0.0	1.0236406619385343	1.5697399527186762	0.35933806146572106	0.8014184397163121	0.7257683215130024	0.5768321513002365	5.536643026004728	0.0	0.0
1409812	0.42857142857142855	1.0827067669172932	0.45614035087719296	0.02506265664160401	2.5413533834586466	3.5488721804511276	1.5037593984962405	0.6541353383458647	1.8245614035087718	0.0	1.4511278195488722	0.0	0.0	0.3107769423558897	0.0	1.5839598997493733	0.0	0.41854636591478694	1.137844611528822	0.7543859649122807	0.0	2.531328320802005	0.0	0.9122807017543859	0.6541353383458647	0.017543859649122806	6.200501253132832	0.0	0.0
1409813	0.8695652173913043	0.5652173913043478	0.0	1.7427536231884058	4.278985507246377	0.7210144927536232	0.0	0.0	0.9492753623188406	0.0	1.7681159420289856	0.0	0.0	0.47101449275362317	0.0	1.5289855072463767	0.0	0.32608695652173914	0.2717391304347826	0.15217391304347827	0.0	0.8840579710144928	0.0	2.141304347826087	0.0	1.431159420289855	6.503623188405797	1.0724637681159421	0.0
1409815	1.0578231292517006	0.23469387755102042	0.0	3.5952380952380953	2.061224489795918	7.241496598639456	0.9693877551020408	1.0612244897959184	3.3537414965986394	0.0	0.0	0.0	0.0	0.0	0.0	0.8945578231292517	0.0	1.9523809523809523	0.5102040816326531	1.7448979591836735	1.0272108843537415	2.67687074829932	1.0272108843537415	0.935374149659864	0.0	0.0	4.789115646258503	0.0	1.4387755102040816
1409816	1.1626794258373205	1.0063795853269537	0.4800637958532695	4.62200956937799	1.9792663476874004	5.76555023923445	2.328548644338118	0.9314194577352473	1.7799043062200957	0.0	1.8803827751196172	0.0	0.0	0.3939393939393939	0.0	0.5167464114832536	0.0	0.03349282296650718	0.7017543859649122	1.4641148325358853	0.4800637958532695	0.9649122807017544	0.4704944178628389	0.0	0.3572567783094099	0.0	7.548644338118022	0.0	0.7001594896331739
1409817	0.8634920634920635	2.1031746031746033	1.434920634920635	2.295238095238095	0.7285714285714285	3.46984126984127	0.7714285714285715	1.2857142857142858	2.1476190476190475	0.0	1.83015873015873	0.0	0.0	0.2746031746031746	0.0	0.24444444444444444	0.0	0.0	0.10158730158730159	0.9380952380952381	0.7317460317460317	2.3333333333333335	0.011111111111111112	1.4317460317460318	0.25873015873015875	0.33650793650793653	6.434920634920635	0.0	0.24285714285714285
1409820	0.9829059829059829	3.198717948717949	0.4594017094017094	3.7542735042735043	0.0	3.9551282051282053	1.5769230769230769	2.213675213675214	3.856837606837607	0.0	1.7820512820512822	0.0	0.19658119658119658	0.0	0.0	0.8717948717948718	0.0	0.33547008547008544	0.8311965811965812	1.0940170940170941	0.0	2.1303418803418803	0.4230769230769231	0.0	0.5064102564102564	0.0	7.254273504273504	0.0	0.6431623931623932
1409821	0.31216931216931215	0.32275132275132273	2.1746031746031744	1.8042328042328042	1.619047619047619	5.296296296296297	0.373015873015873	0.8042328042328042	1.6507936507936507	0.0	1.5952380952380953	0.0	0.0	0.0	0.0	0.798941798941799	0.0	0.0	0.9894179894179894	0.25925925925925924	0.0	1.6851851851851851	0.0	0.0	0.0	0.0	3.417989417989418	0.0	0.0
267073	1.0674242424242424	2.8356060606060605	0.0	2.0946969696969697	2.449242424242424	5.11060606060606	0.8136363636363636	0.8787878787878788	3.2742424242424244	0.0	1.25	0.5318181818181819	0.021212121212121213	0.7106060606060606	0.0	0.6636363636363637	0.0	0.45681818181818185	0.4348484848484849	0.6863636363636364	0.5507575757575758	2.978787878787879	0.0	0.17803030303030304	1.0962121212121212	0.2287878787878788	5.307575757575758	0.22727272727272727	0.0
1447332	0.168141592920354	0.5132743362831859	0.3864306784660767	2.1533923303834808	1.1946902654867257	5.899705014749262	0.0	0.0	1.87905604719764	0.0	1.224188790560472	0.0	0.0	0.0	0.0	1.6194690265486726	0.0	0.0	0.0	0.2182890855457227	0.06784660766961652	0.06489675516224189	0.0	0.10029498525073746	0.0	0.0	6.348082595870206	0.0	0.0
701704	1.6363636363636365	0.851010101010101	0.1717171717171717	3.835858585858586	4.154040404040404	4.9267676767676765	3.426767676767677	0.8459595959595959	0.7070707070707071	0.0	3.265151515151515	0.0	0.0	0.0	0.0	0.9166666666666666	0.0	0.0	0.0	0.0	0.0	1.4722222222222223	0.0	1.7424242424242424	0.0	0.0	7.588383838383838	1.1414141414141414	0.0
359642	0.10185185185185185	0.7341269841269841	0.3994708994708995	2.621693121693122	1.1944444444444444	2.9801587301587302	0.5992063492063492	1.6296296296296295	3.0277777777777777	0.0	1.347883597883598	0.5396825396825397	0.0	0.0	0.0	0.671957671957672	0.17857142857142858	0.0	0.18783068783068782	0.335978835978836	0.0	1.2380952380952381	0.0	0.3968253968253968	0.0	0.0	7.006613756613756	0.0	0.0
1368262	0.9776286353467561	1.6756152125279642	1.505592841163311	2.131991051454139	1.592841163310962	6.4049217002237135	0.0	1.2818791946308725	1.8008948545861299	0.0	2.3422818791946307	0.9955257270693513	0.0	0.3378076062639821	0.0	2.378076062639821	0.0	0.5592841163310962	0.0	1.3512304250559284	0.0	0.6465324384787472	0.0	0.4854586129753915	0.3378076062639821	0.0	7.901565995525727	0.4742729306487696	0.0
1368263	0.7364341085271318	0.58656330749354	0.6046511627906976	3.214470284237726	3.943152454780362	7.571059431524548	0.8423772609819121	0.00516795865633075	2.449612403100775	0.0	3.558139534883721	0.7751937984496124	0.0	0.0	0.0	2.1214470284237725	0.0	0.7131782945736435	0.0	0.7312661498708011	0.0	0.43669250645994834	0.0	0.7131782945736435	0.0	0.0	4.37984496124031	0.0	0.39018087855297157
1368264	1.1761723700887199	1.29404309252218	0.38276299112801015	3.8200253485424587	0.6248415716096325	3.362484157160963	1.2420785804816223	0.38149556400506973	2.3726235741444865	0.0	1.8010139416983524	0.9239543726235742	0.0	0.0	0.0	1.0722433460076046	0.0	0.7515842839036755	0.3282636248415716	0.38149556400506973	0.0	0.4828897338403042	0.38276299112801015	1.9049429657794676	0.38276299112801015	0.0	6.504435994930292	0.0	0.19011406844106463
672617	0.25945017182130586	0.0	0.5189003436426117	2.506872852233677	0.9828178694158075	2.716494845360825	0.6666666666666666	2.2852233676975944	1.5446735395189004	0.5120274914089347	0.936426116838488	1.640893470790378	0.0	0.7783505154639175	0.0	1.0378006872852235	0.0	0.7835051546391752	0.6907216494845361	1.7731958762886597	0.0	1.8917525773195876	0.037800687285223365	0.5154639175257731	0.4329896907216495	0.0	9.474226804123711	0.436426116838488	0.18556701030927836
250703	0.2839506172839506	1.0268700072621642	0.4364560639070443	2.0537400145243283	0.485838779956427	2.8061002178649237	0.364560639070443	0.2178649237472767	3.112563543936093	0.0	1.607116920842411	0.008714596949891068	0.0	0.4364560639070443	0.0	0.673202614379085	0.0	0.08569353667392883	0.6572258533042846	0.21931735657225854	0.0	1.327523602033406	0.0	0.4386347131445171	0.420479302832244	0.21931735657225854	5.40159767610748	0.0	0.06390704429920116
1273170	0.36151079136690645	1.1522781774580335	0.1804556354916067	2.462230215827338	0.9304556354916067	3.5689448441247	0.9670263788968825	1.1324940047961631	2.300359712230216	0.17985611510791366	1.6918465227817745	0.18105515587529977	0.0	0.36211031175059955	0.0	0.8201438848920863	0.0	0.4064748201438849	0.0	0.644484412470024	0.40047961630695444	2.920863309352518	0.08992805755395683	0.6960431654676259	0.1804556354916067	0.1804556354916067	7.350719424460432	0.15227817745803357	0.0
