key	WAM_ALR	WAM_CCR	WAM_IPI	WAM_MAR	WAM_MYS	WAM_PBL	WAM_PJN	WAM_PPR	WAM_PST	WAM_ROL	WAM_SCR	WAM_SGN	WAM_SIS	WAM_TWN	WAR_ALR	WAR_CCR	WAR_IPI	WAR_MAR	WAR_MYS	WAR_PBL	WAR_PJN	WAR_PPR	WAR_PSK	WAR_PST	WAR_RNW	WAR_ROL	WAR_SCR	WAR_SGL	WAR_SIS
464440	1.2518518518518518	2.174074074074074	0.0	8.64074074074074	6.618518518518519	9.233333333333333	2.3222222222222224	2.551851851851852	5.622222222222222	0.9777777777777777	6.425925925925926	1.3592592592592592	0.45555555555555555	6.044444444444444	0.0	0.6074074074074074	0.0	0.0	0.0	1.1185185185185185	1.211111111111111	2.3296296296296295	0.44074074074074077	0.9444444444444444	1.511111111111111	0.0	4.407407407407407	0.9	0.0
771699	0.5385329619312906	0.9637883008356546	0.0	5.519962859795729	1.6146703806870937	2.512534818941504	1.2395543175487465	1.5487465181058495	2.0984215413184772	0.0	0.9377901578458682	1.1188486536675952	0.0	2.8746518105849583	0.0	1.1188486536675952	0.4206128133704735	0.8467966573816156	0.0	0.841225626740947	0.0	0.4670380687093779	0.0	1.0584958217270195	0.25719591457753016	0.0	3.030640668523677	0.28040854224698236	0.0
321355	0.2470978441127695	0.49917081260364843	0.5008291873963516	3.2222222222222223	0.5406301824212272	0.5422885572139303	0.5157545605306799	0.4975124378109453	0.04145936981757877	0.0	0.0	0.49917081260364843	0.0	1.0	0.0	0.0	0.0	1.3532338308457712	0.5008291873963516	0.5008291873963516	0.0	0.0	0.24875621890547264	0.0	0.5008291873963516	0.0	1.3101160862354893	0.49917081260364843	0.0
930654	0.0	1.257191201353638	0.0	2.9272419627749575	1.1150592216582065	1.5769881556683587	0.7495769881556683	0.505922165820643	0.9120135363790186	0.0	1.1641285956006768	0.8392554991539763	0.0	0.5482233502538071	0.0	0.0	0.0	0.5093062605752962	0.0	0.0	0.2707275803722504	0.0	0.0	0.0	0.06598984771573604	0.0	1.6159052453468696	0.0	0.0
397341	0.0	0.0	0.0	0.7412935323383084	1.3333333333333333	0.8059701492537313	0.0	1.4776119402985075	0.0	0.0	0.6218905472636815	0.0	0.0	1.2039800995024876	0.0	0.0	0.0	0.0	0.0	0.0	0.0	0.0	0.0	0.0	0.0	0.0	0.0	0.0	0.0
1532225	0.6251298026998962	1.2481827622014539	0.6261682242990654	6.026998961578401	2.6500519210799585	4.311526479750778	0.5991692627206646	6.235721703011422	2.3572170301142266	1.0944963655244029	3.391484942886812	0.9314641744548287	0.31360332294911736	6.257528556593977	0.0	0.30218068535825543	0.0	0.3115264797507788	0.0	0.3125649013499481	0.0	0.3125649013499481	0.0	0.6251298026998962	0.6251298026998962	0.0	2.2679127725856696	0.54932502596054	0.1557632398753894
79944	0.0	2.483539094650206	0.0	3.95679012345679	0.7325102880658436	2.9444444444444446	0.4403292181069959	4.54320987654321	3.154320987654321	0.0	2.9753086419753085	0.6193415637860082	0.6193415637860082	3.8415637860082303	0.0	1.2098765432098766	0.29835390946502055	0.0	0.0	0.6193415637860082	0.0	0.11316872427983539	0.0	0.25102880658436216	0.0	0.0	0.0	0.0	0.0
1592952	0.0	0.0	0.0	2.0279898218829517	3.4656488549618323	0.7251908396946565	0.15267175572519084	0.0	1.2748091603053435	0.0	0.22137404580152673	0.7684478371501272	0.0	0.6513994910941476	0.0	0.0	0.0	0.7531806615776081	0.7582697201017812	0.0	0.0	0.0	0.0	0.7684478371501272	0.0	0.0	0.7684478371501272	0.7201017811704835	0.0
1592953	0.0	0.798941798941799	0.0	1.597883597883598	0.91005291005291	1.9576719576719577	0.0	0.5661375661375662	1.3015873015873016	0.0	0.544973544973545	0.5978835978835979	0.0	0.828042328042328	0.0	0.0	0.0	1.2619047619047619	0.0	0.19576719576719576	0.0	0.3941798941798942	0.0	0.0	0.0	0.0	0.3994708994708995	0.021164021164021163	0.0
1592955	0.5337787676317743	0.0	0.22345953971789162	4.108389012620639	1.6688938381588716	1.4276169265033407	0.4484038604305865	0.8040089086859689	0.9435783221974758	0.24647364513734224	0.512249443207127	0.5478841870824054	0.0	2.0965107646622125	0.0	0.0	0.0	0.33556050482553823	0.29769858945805494	0.44543429844098	0.29547141796585	0.11878247958426132	0.22420193021529325	0.6703786191536748	0.44691907943578324	0.0	1.3711952487008165	0.22271714922049	0.0
