key	WAM_ALR	WAM_CCR	WAM_IPI	WAM_MAR	WAM_MYS	WAM_PBL	WAM_PJN	WAM_PPR	WAM_PST	WAM_ROL	WAM_SCR	WAM_SGN	WAM_SIS	WAM_TWN	WAR_ALR	WAR_CCR	WAR_IPI	WAR_MAR	WAR_MYS	WAR_PBL	WAR_PJN	WAR_PPR	WAR_PSK	WAR_PST	WAR_RNW	WAR_ROL	WAR_SCR	WAR_SGL	WAR_SIS
1424972	1.2926356589147288	0.0	0.5872093023255814	0.4166666666666667	0.0	0.563953488372093	0.0	0.0	0.6841085271317829	0.2441860465116279	0.5251937984496124	0.0	0.0	0.0	1.2751937984496124	1.0271317829457365	1.065891472868217	0.5833333333333334	0.5852713178294574	2.108527131782946	1.3972868217054264	2.5290697674418605	0.8197674418604651	0.5852713178294574	0.877906976744186	0.874031007751938	1.9903100775193798	1.2693798449612403	0.8333333333333334
636348	0.4539969834087481	0.9788838612368024	0.3650075414781297	0.4555052790346908	0.0	0.0	0.4193061840120664	0.45248868778280543	0.3076923076923077	0.7858220211161387	0.16440422322775264	0.2081447963800905	0.0	0.0	0.40874811463046756	1.7571644042232277	1.3619909502262444	0.06033182503770739	1.3182503770739065	1.2805429864253393	0.4555052790346908	0.2895927601809955	1.2639517345399698	1.641025641025641	1.9351432880844646	0.9879336349924586	0.11613876319758673	1.38763197586727	0.6802413273001509
751581	0.6937573616018846	0.3545347467608952	0.13074204946996468	0.3551236749116608	0.0	0.0	0.532979976442874	0.1696113074204947	0.3027090694935218	0.1772673733804476	0.4882214369846879	0.29093050647820967	0.2850412249705536	0.17785630153121318	0.2049469964664311	0.5906949352179034	0.35571260306242636	0.7108362779740872	0.9487632508833922	0.765017667844523	1.0312131919905771	1.2697290930506477	0.4793875147232038	0.8786808009422851	0.1896348645465253	0.3551236749116608	0.5736160188457008	1.4646643109540636	0.4458186101295642
751582	0.31666666666666665	0.0	0.8388888888888889	0.39305555555555555	0.0	0.0	0.4152777777777778	0.0	0.1527777777777778	0.8916666666666667	0.0	0.0	0.0	0.0	0.0	1.4430555555555555	0.5625	1.6694444444444445	0.18472222222222223	1.0597222222222222	0.4263888888888889	0.21388888888888888	1.25	1.35	1.2402777777777778	0.8388888888888889	1.1236111111111111	1.6736111111111112	0.15
1651251	0.5992063492063492	1.0595238095238095	0.5793650793650794	0.0	1.0158730158730158	0.0	1.3452380952380953	0.0	0.0	0.0	0.5873015873015873	0.5952380952380952	0.0	0.0	0.0	1.1825396825396826	1.1507936507936507	0.0	1.130952380952381	0.0	0.4880952380952381	0.0	0.3888888888888889	4.464285714285714	0.5952380952380952	0.8809523809523809	0.14285714285714285	1.0793650793650793	1.7857142857142858
258405	0.572139303482587	0.0	0.42686567164179107	0.42786069651741293	0.8039800995024876	0.3054726368159204	1.8328358208955224	0.5950248756218905	0.1681592039800995	0.29950248756218906	0.3004975124378109	1.2	0.0	0.0	0.8189054726368159	1.7771144278606965	1.2766169154228855	2.5104477611940297	0.5990049751243781	1.1074626865671642	1.7691542288557214	2.8358208955223883	0.8288557213930349	0.7960199004975125	0.9174129353233831	1.4825870646766168	0.0	1.0706467661691543	2.1940298507462686
1090908	0.6541666666666667	0.3145833333333333	0.3458333333333333	0.0	0.6291666666666667	0.0	1.2583333333333333	0.0	0.0	0.16458333333333333	0.6291666666666667	2.4541666666666666	0.6270833333333333	0.0	0.0	1.35	0.2520833333333333	2.0	0.825	0.6020833333333333	1.5729166666666667	0.725	0.3333333333333333	0.6291666666666667	1.6333333333333333	0.0	0.88125	0.35	0.6229166666666667
180357	0.2	0.0	0.0	1.0833333333333333	0.0	0.5033333333333333	0.9533333333333334	0.0	2.55	0.0	1.37	0.0	0.0	0.0	0.0	1.5	0.016666666666666666	2.1466666666666665	0.17333333333333334	1.1966666666666668	3.3533333333333335	0.7666666666666667	0.0	0.0	0.6266666666666667	2.2733333333333334	0.78	0.31666666666666665	0.9133333333333333
891786	0.17708333333333334	0.0	0.3402777777777778	0.5243055555555556	0.0	0.0	0.9774305555555556	0.0	0.0	0.0	0.0	0.1684027777777778	0.0	0.0	0.4392361111111111	0.96875	0.0	0.7899305555555556	0.0	1.6458333333333333	0.5138888888888888	0.4131944444444444	0.0	0.3784722222222222	1.8385416666666667	0.4756944444444444	0.0	0.0	0.7864583333333334
567815	0.8766859344894027	0.0	0.02119460500963391	1.8747591522157996	0.0	0.0	0.5761078998073218	0.0	0.7707129094412332	0.0	0.371868978805395	0.558766859344894	0.0	0.0	0.45857418111753373	1.3314065510597302	1.7341040462427746	0.6551059730250481	0.5780346820809249	1.1290944123314066	0.0	1.6088631984585742	0.48747591522157996	0.8574181117533719	1.1290944123314066	1.094412331406551	1.8940269749518304	1.653179190751445	1.9113680154142583
567817	0.3932291666666667	0.0	0.578125	0.11197916666666667	0.3307291666666667	0.7447916666666666	0.0	0.0	0.0	1.2161458333333333	0.17447916666666666	0.0	0.0	0.0	0.796875	0.8880208333333334	0.0	0.06770833333333333	0.0	2.3125	1.1796875	1.2109375	0.0	1.6848958333333333	2.0833333333333335	2.1354166666666665	0.4557291666666667	1.2421875	0.3802083333333333
1681525	0.0	0.7532467532467533	0.6515151515151515	0.12337662337662338	0.6536796536796536	0.06060606060606061	0.36363636363636365	0.0	0.6493506493506493	0.0	0.6471861471861472	0.3246753246753247	0.0	0.0	0.29004329004329005	1.3225108225108224	1.2619047619047619	0.2077922077922078	1.0108225108225108	0.9415584415584416	0.6515151515151515	1.7705627705627707	0.0	1.300865800865801	1.2532467532467533	0.29653679653679654	1.9025974025974026	0.0	0.46320346320346323
706359	0.4325581395348837	0.4124031007751938	0.09612403100775194	0.0	0.7829457364341085	0.0	0.8821705426356589	0.0	1.1689922480620154	0.46511627906976744	0.0	0.46511627906976744	0.0	0.4682170542635659	0.6294573643410852	0.9333333333333333	0.4666666666666667	0.5565891472868217	0.4682170542635659	2.303875968992248	1.9426356589147287	1.1689922480620154	0.46511627906976744	1.441860465116279	0.9193798449612403	1.2294573643410853	0.9131782945736434	0.462015503875969	1.4294573643410853
545511	0.7934782608695652	0.0	0.0	0.2726449275362319	0.5443840579710145	0.5452898550724637	1.6259057971014492	0.2726449275362319	1.0588768115942029	0.48007246376811596	0.1358695652173913	0.27355072463768115	0.0	0.0	1.0389492753623188	1.6603260869565217	0.5461956521739131	0.7952898550724637	0.0	1.4746376811594204	0.27355072463768115	2.0208333333333335	0.5498188405797102	1.6141304347826086	0.2726449275362319	0.7690217391304348	0.2726449275362319	0.5679347826086957	1.171195652173913
526692	0.0	0.0	0.09523809523809523	0.6149659863945578	0.8163265306122449	0.3782312925170068	0.3020408163265306	0.4108843537414966	0.24081632653061225	0.5374149659863946	0.09387755102040816	1.089795918367347	0.0	0.0	0.5020408163265306	1.1918367346938776	1.1333333333333333	1.3673469387755102	0.8517006802721089	2.291156462585034	1.9006802721088436	0.9537414965986395	0.4095238095238095	1.8421768707482993	0.2054421768707483	1.235374149659864	0.3673469387755102	1.0857142857142856	2.3659863945578232
727939	0.0	0.04	0.30133333333333334	0.656	0.384	0.0	0.512	0.0	1.56	0.0	1.1226666666666667	0.624	0.0	0.0	0.0	2.328	0.8026666666666666	2.7653333333333334	0.368	1.392	3.1653333333333333	2.7786666666666666	1.2053333333333334	0.38666666666666666	0.56	0.2986666666666667	1.2853333333333334	1.8586666666666667	0.0
727940	0.2829736211031175	0.6834532374100719	1.0023980815347722	0.1342925659472422	0.7122302158273381	0.0	0.2589928057553957	0.5467625899280576	0.047961630695443645	0.7170263788968825	0.0	1.4388489208633093	0.36211031175059955	0.0	0.41247002398081534	2.3741007194244603	1.65947242206235	2.20863309352518	0.3597122302158273	0.3597122302158273	2.3141486810551557	3.2326139088729016	0.0	1.920863309352518	1.4292565947242206	0.7218225419664268	2.5707434052757794	1.7386091127098322	0.1750599520383693
853020	0.4994192799070848	0.7677119628339141	0.8286875725900116	0.6120789779326364	0.0	0.34843205574912894	0.7514518002322881	0.0	0.7990708478513356	0.0	0.38095238095238093	0.17479674796747968	0.16550522648083624	0.0	0.6289198606271778	0.6399535423925667	0.7247386759581882	0.983739837398374	0.1753774680603949	1.7195121951219512	0.7735191637630662	1.170731707317073	1.2229965156794425	0.5249709639953543	1.184088269454123	0.962253193960511	1.3513356562137049	1.2799070847851335	0.429732868757259
856258	0.0	0.24378109452736318	0.3582089552238806	0.7512437810945274	0.5024875621890548	0.6194029850746269	0.0	0.0	0.0	0.0	0.7487562189054726	0.7487562189054726	0.0	0.0	0.0	0.0	0.0	0.0	0.3756218905472637	0.0	0.0	0.19900497512437812	0.0	0.0	0.0	0.0	0.7512437810945274	0.0	0.0
1228560	0.9966996699669967	0.0	0.1485148514851485	1.2376237623762376	0.4389438943894389	0.570957095709571	0.6303630363036303	0.0	0.0	0.49834983498349833	0.0	0.5247524752475248	0.9933993399339934	0.0	0.43564356435643564	3.887788778877888	0.0	0.9570957095709571	0.019801980198019802	2.0066006600660065	0.46864686468646866	1.4917491749174918	0.5445544554455446	1.00990099009901	2.174917491749175	0.066006600660066	2.603960396039604	0.8910891089108911	2.0792079207920793
1228561	0.648068669527897	0.4291845493562232	0.43204577968526464	0.572961373390558	0.2532188841201717	0.0	0.2646638054363376	0.21387696709585122	0.24105865522174535	0.0	0.21602288984263232	0.0	0.2989985693848355	0.0	0.34120171673819744	0.7997138769670958	0.6459227467811158	0.5758226037195995	0.6337625178826896	1.103719599427754	1.7703862660944205	0.6459227467811158	0.43061516452074394	0.3133047210300429	0.8619456366237482	0.8090128755364807	0.9921316165951359	0.6258941344778255	1.21173104434907
250334	0.0	0.3031674208144796	0.19457013574660634	0.3031674208144796	0.3951734539969834	0.0	0.3212669683257919	0.0	1.2895927601809956	0.31221719457013575	0.14328808446455504	0.0	0.1085972850678733	0.0	0.0	1.526395173453997	0.277526395173454	0.7858220211161387	0.5444947209653092	0.9095022624434389	0.5822021116138764	0.6847662141779789	0.3650075414781297	0.3755656108597285	0.4720965309200603	1.239819004524887	0.14479638009049775	0.8491704374057315	0.8310708898944194
1069117	1.4501718213058419	3.9518900343642613	0.0	0.9450171821305842	0.5945017182130584	0.0	0.0	1.034364261168385	1.2233676975945018	1.1993127147766323	1.4089347079037802	0.5189003436426117	0.0	0.0	0.5945017182130584	2.47766323024055	0.0	3.189003436426117	0.9587628865979382	1.4742268041237114	2.127147766323024	4.982817869415808	0.5154639175257731	1.3986254295532645	0.8109965635738832	1.0996563573883162	1.8109965635738832	1.4914089347079038	1.443298969072165
226751	0.5685279187817259	0.2470389170896785	1.2554991539763114	0.8629441624365483	0.4957698815566836	0.25549915397631134	0.7495769881556683	0.5109983079526227	0.3790186125211506	0.0	0.0	0.0	0.3790186125211506	0.0	1.5313028764805414	1.1979695431472082	0.15736040609137056	1.4585448392554992	0.0	0.649746192893401	0.988155668358714	1.3214890016920473	1.4890016920473774	2.1641285956006766	0.5093062605752962	0.011844331641285956	1.2351945854483926	1.0203045685279188	1.0592216582064298
1713174	0.0	0.7821522309711286	0.5118110236220472	0.0	0.7874015748031497	0.2677165354330709	2.6876640419947506	0.0	0.32545931758530183	0.0	0.0	0.6929133858267716	0.0	0.0	1.141732283464567	1.1837270341207349	1.4461942257217848	1.1732283464566928	0.7795275590551181	2.863517060367454	1.2493438320209973	2.4855643044619424	0.5039370078740157	0.42782152230971127	0.0	0.0	1.8923884514435696	1.0026246719160106	3.0656167979002626
561948	0.043478260869565216	0.0	0.8804347826086957	0.7028985507246377	0.0	1.0942028985507246	0.0	0.06159420289855073	0.4782608695652174	0.0	1.2028985507246377	0.5398550724637681	0.0	0.0	2.7318840579710146	2.2065217391304346	1.6630434782608696	1.7028985507246377	0.5652173913043478	0.6014492753623188	0.11594202898550725	0.5615942028985508	0.0	0.927536231884058	1.1014492753623188	0.0	1.894927536231884	0.0	1.6594202898550725
561949	0.6388888888888888	0.0	0.3	0.8666666666666667	0.0	0.0	0.0	0.35833333333333334	0.0	0.0	0.0	0.0	0.0	0.0	0.0	1.0305555555555554	1.5	0.8222222222222222	0.2861111111111111	0.6694444444444444	2.7805555555555554	2.111111111111111	0.0	1.4166666666666667	0.5694444444444444	0.8333333333333334	2.577777777777778	0.41944444444444445	2.786111111111111
561950	0.0	0.0	0.8091397849462365	2.25	0.0	0.0	0.8118279569892473	0.010752688172043012	0.24193548387096775	0.8064516129032258	0.40591397849462363	0.40591397849462363	0.0	0.0	0.0	0.5268817204301075	0.0	0.7258064516129032	0.0	1.3279569892473118	1.0698924731182795	1.946236559139785	0.0	0.8118279569892473	0.0	0.3064516129032258	0.6102150537634409	0.40591397849462363	0.8118279569892473
561947	0.0	0.0	0.0	0.16666666666666666	0.0	0.0	0.0	0.6822916666666666	0.09375	0.0	1.8541666666666667	1.2447916666666667	0.0	0.0	1.46875	1.265625	1.1875	0.8958333333333334	2.3229166666666665	1.3697916666666667	1.2447916666666667	2.7604166666666665	0.0	0.515625	2.8333333333333335	0.0	1.3072916666666667	0.0	3.078125
49454	0.6579520697167756	1.1154684095860568	0.11546840958605664	2.4923747276688455	0.5359477124183006	0.0	1.9150326797385622	0.0	0.3660130718954248	0.0	0.5860566448801743	0.6535947712418301	0.0	0.0	0.6535947712418301	2.5620915032679736	0.6971677559912854	0.5599128540305011	0.5206971677559913	1.5359477124183007	1.4662309368191722	1.9455337690631809	0.6383442265795207	1.6906318082788672	0.3289760348583878	0.0	2.0413943355119826	2.9411764705882355	1.9302832244008714
1720907	0.0	0.0	0.0	0.24691358024691357	0.0	0.0	0.0	0.0	0.0	0.0	0.0	0.0	0.0	0.0	0.0	2.123456790123457	0.0	0.02880658436213992	0.0	0.0	0.9135802469135802	1.037037037037037	0.0	0.0	0.6172839506172839	1.0041152263374487	0.0	0.0	0.0
1387144	0.9347826086956522	0.22153209109730848	0.9368530020703933	0.6014492753623188	0.3105590062111801	0.6231884057971014	0.9368530020703933	0.31262939958592134	0.0	0.3105590062111801	0.0	0.31262939958592134	0.0	0.0	0.0	1.0559006211180124	0.15320910973084886	0.7960662525879917	0.8643892339544513	0.7681159420289855	0.9347826086956522	1.9834368530020703	0.9347826086956522	0.4440993788819876	0.9544513457556936	1.489648033126294	0.6573498964803313	0.0	0.8488612836438924
84984	0.0	0.0	0.6919540229885057	0.0	0.0	0.0	0.6160919540229886	0.0	0.0	0.0	0.022988505747126436	0.6942528735632184	0.0	0.0	0.6873563218390805	0.9494252873563218	0.5310344827586206	1.4183908045977012	0.0	0.3471264367816092	0.6367816091954023	0.029885057471264367	0.6896551724137931	0.0	0.0	0.0	0.32413793103448274	0.6896551724137931	0.6919540229885057
84985	0.0	0.13812154696132597	0.6629834254143646	0.0	0.5543278084714549	0.0	0.6169429097605893	0.0	0.5543278084714549	0.0	1.12707182320442	0.27808471454880296	0.0	0.0	0.7992633517495396	2.578268876611418	2.32780847145488	1.598526703499079	0.0	2.802946593001842	1.570902394106814	3.3664825046040514	1.4585635359116023	2.2467771639042358	1.2007366482504604	0.5911602209944752	1.9834254143646408	0.5561694290976059	0.8913443830570903
84986	0.0	0.5564102564102564	1.358974358974359	0.3871794871794872	0.0	1.5384615384615385	1.1615384615384616	0.14615384615384616	0.7743589743589744	0.0	1.582051282051282	0.3871794871794872	0.0	0.0	1.1256410256410256	1.158974358974359	0.0	0.0	0.0	0.3076923076923077	0.8743589743589744	3.966666666666667	0.258974358974359	2.1205128205128205	1.5666666666666667	0.6717948717948717	2.151282051282051	1.0256410256410255	3.5
265117	1.0346666666666666	0.4026666666666667	0.0	1.2053333333333334	0.0	0.0	0.0	0.037333333333333336	0.8053333333333333	0.0	0.4	0.0	0.4026666666666667	0.0	0.4026666666666667	1.9466666666666668	1.2213333333333334	0.368	0.0	0.0	0.864	0.0	0.024	1.9866666666666666	0.0	1.512	0.0	0.0	0.16266666666666665
486084	0.40421052631578946	0.12982456140350876	0.3775438596491228	0.16280701754385965	0.0	0.0	0.592280701754386	0.0	0.2112280701754386	0.2007017543859649	0.3487719298245614	0.18105263157894738	0.0	0.0	0.8273684210526315	1.6764912280701754	1.4701754385964911	1.2259649122807017	1.1578947368421053	1.3691228070175439	1.0526315789473684	0.8063157894736842	0.7964912280701755	0.88	0.616140350877193	1.0821052631578947	0.2119298245614035	0.8470175438596491	1.2596491228070175
305070	1.0133333333333334	0.0	0.0	0.6	1.3511111111111112	0.0	0.0	0.11555555555555555	2.6444444444444444	0.1111111111111111	1.2977777777777777	0.4577777777777778	0.0	0.0	0.0	2.24	0.5022222222222222	0.9822222222222222	0.0	1.3955555555555557	3.2888888888888888	1.4088888888888889	2.008888888888889	0.6444444444444445	0.0	0.3111111111111111	0.84	0.31555555555555553	0.56
305072	0.3394308943089431	0.0	0.0	0.5447154471544715	0.0	0.6097560975609756	0.0	0.0	1.2134146341463414	0.42276422764227645	0.11788617886178862	0.0	0.0	0.0	0.6788617886178862	1.4735772357723578	0.0	2.3109756097560976	0.0	0.7113821138211383	0.733739837398374	0.2865853658536585	0.8170731707317073	0.258130081300813	0.30691056910569103	0.34959349593495936	1.3658536585365855	0.7296747967479674	0.3475609756097561
392365	0.6510067114093959	0.0	0.03355704697986577	0.0	1.0469798657718121	0.0	0.639821029082774	0.0	0.0	0.6756152125279642	1.4921700223713648	0.0	0.0	0.6756152125279642	0.5682326621923938	0.48769574944071586	0.43400447427293065	3.9843400447427295	0.07606263982102908	0.0	1.9686800894854586	0.5369127516778524	1.3467561521252795	1.3467561521252795	0.6174496644295302	0.5659955257270693	0.0	0.03131991051454139	0.6129753914988815
1587295	0.25036390101892286	0.0	0.4395924308588064	0.2561863173216885	0.0	0.0	1.4439592430858808	0.0	0.0	0.0	0.438136826783115	0.4774381368267831	0.0	0.0	0.8471615720524017	1.487627365356623	0.0	0.43522561863173215	0.0	2.3697234352256187	0.4017467248908297	0.0	0.0	1.1863173216885008	0.0	0.8253275109170306	1.0014556040756915	1.6754002911208152	0.7933042212518195
141610	0.6633825944170771	0.0	0.49589490968801314	1.1576354679802956	0.9064039408866995	0.4942528735632184	0.49261083743842365	0.0	0.555008210180624	0.6272577996715928	0.21018062397372742	0.5041050903119869	0.4548440065681445	0.0	0.5960591133004927	1.4006568144499179	0.6650246305418719	1.5155993431855501	0.0	1.1395730706075533	0.6798029556650246	2.1986863711001643	0.24630541871921183	1.6617405582922824	0.6633825944170771	0.8095238095238095	2.141215106732348	0.6666666666666666	1.1724137931034482
1360718	0.7543859649122807	0.02894736842105263	0.2649122807017544	0.2631578947368421	0.15350877192982457	0.2649122807017544	1.0578947368421052	0.26403508771929823	0.2649122807017544	0.8850877192982456	0.0	0.6026315789473684	0.0	0.0	0.5912280701754385	0.5131578947368421	0.2649122807017544	1.0719298245614035	0.0	0.40614035087719297	1.8903508771929824	0.8780701754385964	0.39824561403508774	1.4640350877192982	0.0	2.455263157894737	0.8342105263157895	2.1219298245614033	0.9149122807017543
687740	0.21340887629839472	0.13408876298394712	0.7587346553352219	0.6378659112370161	0.13220018885741266	0.14258734655335223	0.2847025495750708	0.0	0.7006610009442871	0.6364494806421152	0.6898016997167139	0.21529745042492918	0.0	0.0	0.5694050991501416	2.0297450424929178	0.9239848914069877	0.5769593956562795	0.42162417374881966	1.19452313503305	0.5897072710103871	0.7119924457034938	0.9069877242681775	0.5741265344664778	0.7644003777148253	0.4442870632672332	0.9008498583569405	0.4003777148253069	0.9480642115203022
957362	0.45057471264367815	1.5011494252873563	0.3471264367816092	0.3471264367816092	0.21379310344827587	0.0	1.9333333333333333	0.0	0.6942528735632184	0.8413793103448276	0.4367816091954023	0.0	0.0	0.639080459770115	0.3425287356321839	1.0022988505747126	1.1632183908045977	1.160919540229885	1.3839080459770114	2.6252873563218393	1.903448275862069	3.193103448275862	2.420689655172414	1.27816091954023	0.0	0.42298850574712643	0.0	2.3471264367816094	1.2436781609195402
957363	0.5617283950617284	1.1440329218106995	0.6213991769547325	0.0	1.0493827160493827	0.0	0.6522633744855967	0.6193415637860082	0.0	0.3065843621399177	0.23251028806584362	0.01440329218106996	0.0	0.04938271604938271	1.51440329218107	3.9300411522633745	0.8209876543209876	2.088477366255144	0.0	1.874485596707819	1.757201646090535	2.742798353909465	1.6666666666666667	1.9650205761316872	2.1213991769547325	0.4691358024691358	2.1213991769547325	1.2016460905349795	0.7551440329218106
957361	1.054263565891473	0.0	0.7170542635658915	0.437984496124031	0.0	0.0	3.193798449612403	0.0	0.0	2.7868217054263567	0.0	0.813953488372093	0.0	0.0	0.0	1.1046511627906976	1.2364341085271318	3.193798449612403	0.3178294573643411	1.6124031007751938	1.9689922480620154	1.0	0.37209302325581395	0.2596899224806202	0.0	0.0	0.8914728682170543	2.182170542635659	2.127906976744186
544377	0.6983471074380165	0.0	0.8292011019283747	1.037190082644628	0.1184573002754821	0.41460055096418735	0.8305785123966942	0.41460055096418735	0.3278236914600551	0.13911845730027547	0.0	0.41460055096418735	0.23415977961432508	0.0	0.0	1.4724517906336088	0.4972451790633609	0.7548209366391184	0.20798898071625344	1.1294765840220387	1.5909090909090908	1.0977961432506886	0.41460055096418735	1.1556473829201102	1.128099173553719	0.9352617079889807	2.068870523415978	0.0	0.1184573002754821
1361910	0.0	0.0	0.0	1.7261904761904763	0.0	0.0	0.0	0.0	0.0	0.0	0.49603174603174605	0.0	0.0	0.0	0.0	0.6666666666666666	0.0	0.0	0.0	0.5555555555555556	0.0	1.4166666666666667	0.0	0.0	1.7738095238095237	0.0	0.7698412698412699	0.0	0.0
1275641	0.1825951825951826	0.23465423465423466	0.0	0.0	0.4677544677544678	0.0	0.001554001554001554	0.2338772338772339	0.5866355866355867	0.0	0.4677544677544678	0.3947163947163947	0.0	0.0	0.44755244755244755	1.4724164724164723	0.6565656565656566	0.6021756021756022	0.0	1.0885780885780887	0.7125097125097125	0.7086247086247086	0.8360528360528361	0.5835275835275835	0.31934731934731936	0.6418026418026418	0.5229215229215229	0.6301476301476302	0.32245532245532244
1602688	1.5789473684210527	0.8713450292397661	0.0	0.5730994152046783	0.0	0.0	1.0760233918128654	0.0	0.8362573099415205	1.5380116959064327	0.8187134502923976	0.04093567251461988	0.0	0.0	0.0	1.4502923976608186	0.0	1.4619883040935673	1.1812865497076024	2.3157894736842106	0.0	0.0	0.0	1.087719298245614	2.497076023391813	1.3157894736842106	0.08187134502923976	1.2163742690058479	2.257309941520468
1602687	0.5508771929824562	0.5298245614035088	0.0	0.6280701754385964	0.0	0.0	0.4842105263157895	0.0	0.7228070175438597	0.03508771929824561	1.3824561403508773	0.7017543859649122	0.0	0.0	0.0	3.9017543859649124	0.3929824561403509	3.354385964912281	1.543859649122807	1.9087719298245613	0.0	0.21052631578947367	0.0	0.7859649122807018	1.5403508771929824	0.6491228070175439	0.6	1.4210526315789473	1.0596491228070175
856275	0.0	1.6054054054054054	1.5873873873873874	0.0	0.0	0.5423423423423424	0.5405405405405406	0.0	0.0	0.0	0.0	0.0	0.0	0.0	0.0	0.03063063063063063	0.0	0.009009009009009009	0.5027027027027027	0.9567567567567568	1.4900900900900902	1.0468468468468468	0.0	1.0666666666666667	0.0	0.0	0.5423423423423424	1.5837837837837838	0.4648648648648649
