gene_callers_id	source	gene_name	gene_hmm_id	WAM_ALR	WAM_CCR	WAM_IPI	WAM_MAR	WAM_MYS	WAM_PBL	WAM_PJN	WAM_PPR	WAM_PST	WAM_ROL	WAM_SCR	WAM_SGN	WAM_SIS	WAM_TWN	WAR_ALR	WAR_CCR	WAR_IPI	WAR_MAR	WAR_MYS	WAR_PBL	WAR_PJN	WAR_PPR	WAR_PSK	WAR_PST	WAR_RNW	WAR_ROL	WAR_SCR	WAR_SGL	WAR_SIS
1059067	Bacteria_71	Ribosomal_L1	PF00687.21	0.850980392156863	0	0	0.392156862745098	0.831372549019608	0	0.913725490196078	0.168627450980392	0	0	0	0.854901960784314	0	0.980392156862745	0.596078431372549	0	0	0	0	0	0	0.592156862745098	0	0.674509803921569	0.580392156862745	0	0	0.0784313725490196	0.592156862745098
1116483	Bacteria_71	Ribosomal_S2	PF00318.20	0	0.412811387900356	0.259786476868327	0.550415183867141	0.723606168446026	0.252669039145907	0.362989323843416	0.3570581257414	0	0	0.386714116251483	0.569395017793594	0.3570581257414	0.95017793594306	0	0.268090154211151	0.333333333333333	0.162514827995255	0.359430604982206	0.64650059311981	0.00237247924080664	0.455516014234875	0.492289442467378	0.179122182680902	0.520759193357058	0.3570581257414	0.721233689205219	0.766310794780546	0.122182680901542
1116484	Bacteria_71	Ribosomal_S9	PF00380.19	0	0.563307493540052	0.968992248062015	0.961240310077519	0.462532299741602	0.92764857881137	0.834625322997416	0.881136950904393	0	0	0	0.878552971576227	0	1	0.578811369509044	0	0	0.958656330749354	0.235142118863049	0.733850129198966	0.333333333333333	0	0	0.537467700258398	0.144702842377261	0	0.850129198966408	0.645994832041344	0
1116485	Bacteria_71	Ribosomal_L13	PF00572.18	0	0.0733333333333333	0.642222222222222	0.675555555555556	0.695555555555556	1	0.371111111111111	0.924444444444444	0	0	0.315555555555556	0	0	1	0.56	0.0466666666666667	0.517777777777778	1	0	1	0	0	0	0.384444444444444	0.984444444444444	0	0.144444444444444	1	0
1205994	Bacteria_71	PGK	PF00162.19	0.314524555903866	0	0.315569487983281	0.520376175548589	0.389759665621735	0.458725182863114	0.574712643678161	0.71264367816092	0.0344827586206896	0	0	0.155694879832811	0	0.989550679205852	0	0	0	0.689655172413793	0.313479623824451	0.619644723092999	0	0.313479623824451	0.154649947753396	0	0.574712643678161	0.315569487983281	0.436781609195402	0.326018808777429	0
252353	Bacteria_71	SecG	PF03840.14	0	0	0	0.375816993464052	0.254901960784314	0.156862745098039	0.493464052287582	0	0	0	0	0.42156862745098	0	0.803921568627451	0	0.748366013071895	0.493464052287582	0.781045751633987	0	0.202614379084967	0	0.0620915032679739	0.568627450980392	0	0.405228758169935	0	0.800653594771242	0.490196078431373	0.754901960784314
341189	Bacteria_71	Ribosomal_S7	PF00177.21	0	0.539906103286385	0	0.901408450704225	0.985915492957746	0	0	0.725352112676056	0	0	0	0.384976525821596	0	0.539906103286385	0	0	0	0.354460093896714	0.251173708920188	0.230046948356808	0.673708920187793	0	0.678403755868545	0.145539906103286	0.157276995305164	0	0.366197183098592	0.788732394366197	0
591313	Bacteria_71	Ribosomal_S11	PF00411.19	0	0	0.387596899224806	0.770025839793282	0.529715762273902	0.470284237726098	0.00258397932816537	1	0	0	0	0	0	0.888888888888889	0	0	0.51421188630491	0.496124031007752	0.229974160206718	0.832041343669251	0.542635658914729	0.697674418604651	0.0542635658914729	0.186046511627907	0.614987080103359	0	0.741602067183463	0.744186046511628	0
591314	Bacteria_71	Ribosomal_S13	PF00416.22	0	0.180327868852459	0	1	0.560109289617486	0.459016393442623	0.469945355191257	0.352459016393443	0.327868852459016	0	0	0	0	1	0	0	0	0.92896174863388	0	0.87431693989071	0.923497267759563	0.950819672131148	0.355191256830601	0.229508196721311	1	0.046448087431694	0.950819672131148	0.994535519125683	0
591316	Bacteria_71	eIF-1a	PF01176.19	0	0.438356164383562	0	0.611872146118721	0	1	0.328767123287671	0.525114155251142	0.0319634703196347	0	0	0.593607305936073	0	0.799086757990868	0	0.808219178082192	0	0.264840182648402	0	0	0.324200913242009	0.378995433789954	0	0.611872146118721	0.292237442922374	0.315068493150685	0.794520547945205	1	0
3272	Bacteria_71	Ribosomal_L6	PF00347.23	0	0.710648148148148	0.576388888888889	0.731481481481482	0.310185185185185	0.75462962962963	0	0.405092592592593	0.641203703703704	0	0	0.402777777777778	0	0.918981481481482	0	0.486111111111111	0.699074074074074	0.168981481481481	0.694444444444444	0.532407407407407	0.699074074074074	0	0	0.831018518518518	0.712962962962963	0	0.6875	0.675925925925926	0
3273	Bacteria_71	Ribosomal_L18p	PF00861.22	0	0.994444444444444	0.419444444444444	0.177777777777778	0	0.419444444444444	0	0.75	0.0944444444444444	0	0	0.275	0	1	0	0.4	0.419444444444444	0.944444444444444	0	0.841666666666667	0.683333333333333	0	0	0.155555555555556	0.886111111111111	0.744444444444444	0.744444444444444	0.177777777777778	0.855555555555556
1416578	Bacteria_71	Ribosomal_S10	PF00338.22	0	0.951456310679612	0.514563106796116	0.6957928802589	0.462783171521036	0.336569579288026	0.255663430420712	0	0	0	0	0	0	0.996763754045308	0	0	0	0.996763754045308	0	1	0.563106796116505	0	0	0.964401294498382	0.996763754045308	0	0.980582524271845	0.805825242718447	0
1416579	Bacteria_71	Ribosomal_L3	PF00297.22	0	0.977777777777778	0.455555555555556	0.547619047619048	0.942857142857143	0.944444444444444	0.615873015873016	0.144444444444444	0.447619047619048	0.476190476190476	0	0	0	1	0	0.719047619047619	0	0.573015873015873	0.479365079365079	0.657142857142857	0.331746031746032	0.415873015873016	0.238095238095238	0.771428571428571	0.76984126984127	0	0.757142857142857	0.719047619047619	0
1416580	Bacteria_71	Ribosomal_L4	PF00573.22	0	0.271535580524345	0	0.552434456928839	0.323970037453184	0.533707865168539	0.642322097378277	0.735955056179775	0	0	0	0	0	0.702247191011236	0	0.692883895131086	0	0.928838951310862	0.279026217228464	0.949438202247191	0	0.0674157303370786	0	0.558052434456929	0.466292134831461	0	0.685393258426966	0.462546816479401	0
1638532	Bacteria_71	EF_TS	PF00889.19	0	0.920289855072464	0.27536231884058	0.519323671497585	0.155797101449275	0.641304347826087	0.669082125603865	0.608695652173913	0.455314009661836	0.229468599033816	0	0	0	0.934782608695652	0	0.609903381642512	0	0.919082125603865	0.0664251207729469	0.452898550724638	0.443236714975845	0.428743961352657	0.106280193236715	0.559178743961353	0.989130434782609	0.615942028985507	0.594202898550725	0.619565217391304	0.41304347826087
1638533	Bacteria_71	Ribosomal_S2	PF00318.20	0	0.138461538461538	0	0.466666666666667	0	0.384615384615385	0.515384615384615	0.664102564102564	0.548717948717949	0	0	0	0	0.743589743589744	0	0	0	0	0	0.71025641025641	0.0769230769230769	0.702564102564103	0	0.592307692307692	0	0	0.764102564102564	0.987179487179487	0
1016972	Bacteria_71	ATP-synt	PF00231.19	0.611111111111111	0.189964157706093	0.270609318996416	0.541218637992832	0	0	0.268817204301075	0.740143369175627	0.28673835125448	0	0	0	0	0.652329749103943	0	0.804659498207885	0.503584229390681	0	0	0.586021505376344	0	0	0.528673835125448	0.028673835125448	0.132616487455197	0	0.197132616487455	0	0
1052598	Bacteria_71	Ribosomal_S3_C	PF00189.20	0	0.428368794326241	0.212765957446809	0.595744680851064	0.194326241134752	0.615602836879433	0.482269503546099	0.775886524822695	0.45531914893617	0.00283687943262411	0	0.500709219858156	0	1	0.426950354609929	0.148936170212766	0.426950354609929	0.767375886524823	0.299290780141844	0.337588652482269	0	0.401418439716312	0	0.821276595744681	0.906382978723404	0	0	0.632624113475177	0
1052599	Bacteria_71	Ribosomal_L22	PF00237.19	0	0	0.235588972431078	0.441102756892231	0.406015037593985	0.2531328320802	0.401002506265664	0.421052631578947	0.739348370927318	0.754385964912281	0	0.699248120300752	0	1	0	0.746867167919799	0	0.719298245614035	0	1	0.756892230576441	0.982456140350877	0.137844611528822	0.857142857142857	0.681704260651629	0	0.827067669172932	0.969924812030075	0.012531328320802
1052600	Bacteria_71	Ribosomal_S19	PF00203.21	0	0	0.127659574468085	0.964539007092198	0	0.624113475177305	0.535460992907801	0.627659574468085	0	0	0	0.670212765957447	0	0.822695035460993	0	0.460992907801418	0.535460992907801	0.840425531914894	0.531914893617021	0.574468085106383	0	0.531914893617021	0.308510638297872	0.854609929078014	0.929078014184397	0	0.851063829787234	1	0.854609929078014
747404	Bacteria_71	Ribosomal_L1	PF00687.21	0	0.668231611893584	0	0.715179968701095	0.471048513302034	0.708920187793427	0.877934272300469	0.826291079812207	0.347417840375587	0	0.236306729264476	0.807511737089202	0.0641627543035994	0.949921752738654	0	0.651017214397496	0	0.449139280125196	0.710485133020344	0.561815336463224	0.516431924882629	0.453834115805947	0.347417840375587	0.674491392801252	0.796557120500782	0.466353677621283	0.646322378716745	1	0
482305	Bacteria_71	eIF-1a	PF01176.19	0	0	0	0	0	0.771689497716895	0.10958904109589	0.406392694063927	0	0	0	0	0	1	0	0	0	0.447488584474886	0.397260273972603	0.680365296803653	0.187214611872146	0	0	0	0.808219178082192	0	0	0	0
482307	Bacteria_71	SecY	PF00344.20	0.269911504424779	0.166666666666667	0.123893805309735	0.615044247787611	0.220501474926254	0.615781710914454	0.480088495575221	0.463126843657817	0.250737463126844	0	0.176991150442478	0.509587020648968	0	0.867994100294985	0	0.00294985250737463	0.158554572271386	0.663716814159292	0.427728613569322	0.827433628318584	0.525811209439528	0.421828908554572	0.24188790560472	0.812684365781711	0.640855457227139	0	0.494100294985251	0.907079646017699	0.292035398230089
482308	Bacteria_71	Ribosomal_L27A	PF00828.19	0	0.335555555555556	0.173333333333333	0.988888888888889	0	0.924444444444444	0.442222222222222	0.926666666666667	0	0	0	0.335555555555556	0	1	0	0.931111111111111	0	0.511111111111111	0.671111111111111	0.215555555555556	0.557777777777778	0	0.471111111111111	0.46	1	0	0.637777777777778	0.957777777777778	0.335555555555556
1398506	Bacteria_71	RNA_pol_L	PF01193.24	0.212765957446809	0.30354609929078	0	0.672340425531915	0	0.856737588652482	0.470921985815603	0.391489361702128	0	0	0.50354609929078	0	0	0.619858156028369	0	0.365957446808511	0	0.595744680851064	0	0.720567375886525	0.512056737588652	0.646808510638298	0	0.763120567375887	0.595744680851064	0	0.716312056737589	0.756028368794326	0
1398507	Bacteria_71	RNA_pol_L	PF01193.24	0	0.73015873015873	0	1	0	1	1	0.404761904761905	0.650793650793651	0	0	0.162698412698413	0	1	0	0	0	1	0.599206349206349	0.873015873015873	0	0.476190476190476	0	1	0.94047619047619	0	0.71031746031746	0.833333333333333	0
1398509	Bacteria_71	Ribosomal_S11	PF00411.19	0	0.48792270531401	0	0	0.671497584541063	0	0.115942028985507	0	0	0	0	0	0	0.763285024154589	0	0	0.101449275362319	0.671497584541063	0	0.719806763285024	0.391304347826087	0	0	0	0	0.826086956521739	0.579710144927536	0.289855072463768	0
