gene_callers_id	source	gene_name	gene_hmm_id	WAM_ALR	WAM_CCR	WAM_IPI	WAM_MAR	WAM_MYS	WAM_PBL	WAM_PJN	WAM_PPR	WAM_PST	WAM_ROL	WAM_SCR	WAM_SGN	WAM_SIS	WAM_TWN	WAR_ALR	WAR_CCR	WAR_IPI	WAR_MAR	WAR_MYS	WAR_PBL	WAR_PJN	WAR_PPR	WAR_PSK	WAR_PST	WAR_RNW	WAR_ROL	WAR_SCR	WAR_SGL	WAR_SIS
1137519	Bacteria_71	Chorismate_synt	PF01264.21	0	0	0.622535211267606	0.819718309859155	0.975586854460094	0.55962441314554	1	0.414084507042254	0.366197183098592	0.72206572769953	1	0.193427230046948	1	0	0	0.419718309859155	0	0.140845070422535	0.537089201877934	0	0.905164319248826	0.471361502347418	0	0	0	0	0.928638497652582	0	0
1137557	Bacteria_71	TsaE	PF02367.17	0	0.178921568627451	0.071078431372549	0.848039215686274	0.882352941176471	0.536764705882353	0.919117647058824	0.678921568627451	0.17156862745098	0.367647058823529	1	0	1	0	0	0.647058823529412	0	0	0	0	0.75	0	0	0	0	0	0.524509803921569	0	0
176232	Bacteria_71	Adenylsucc_synt	PF00709.21	0	0.979559748427673	0.669025157232704	0.989779874213836	0.935534591194968	0.936320754716981	1	1	0.511792452830189	0.764150943396226	1	0.367138364779874	1	0.412735849056604	0	0.487421383647799	0	0	0.797955974842767	0.178459119496855	0.742138364779874	0.492138364779874	0.147798742138365	0.0864779874213836	0.118710691823899	0	0.988993710691824	0	0
176243	Bacteria_71	RuvX	PF03652.15	0	0.935672514619883	0.146198830409357	0.883040935672515	0.94541910331384	0.208576998050682	1	1	0.385964912280702	0.912280701754386	1	0	1	0.311890838206628	0	0.803118908382066	0	0.0838206627680312	0.563352826510721	0.294346978557505	0.647173489278752	0.756335282651072	0	0.128654970760234	0	0	1	0.294346978557505	0
176271	Bacteria_71	Ribosomal_L28	PF00830.19	0	0.696581196581197	0.700854700854701	0.641025641025641	0.696581196581197	0.782051282051282	1	0.88034188034188	0.41025641025641	1	1	0	1	0	0	0.5	0	0	0.282051282051282	0	0.918803418803419	0	0	0	0	0	0.790598290598291	0	0
176305	Bacteria_71	Ribosomal_L1	PF00687.21	0	0.653623188405797	0.8	0.995652173913044	0.885507246376812	0.752173913043478	1	0.807246376811594	0.997101449275362	0.636231884057971	1	0.330434782608696	1	0	0	0.466666666666667	0	0.214492753623188	0.591304347826087	0	0.669565217391304	0.547826086956522	0	0	0	0	0.959420289855072	0	0
254212	Bacteria_71	RsfS	PF02410.15	0	0.946236559139785	0.440860215053763	0	0.943548387096774	0	0.922043010752688	0.96236559139785	0.604838709677419	0.137096774193548	1	0	1	0	0	0.287634408602151	0	0	0.602150537634409	0	1	0	0	0	0.400537634408602	0	1	0	0
623467	Bacteria_71	tRNA-synt_1d	PF00750.19	0.171444631815627	0.572793704328274	0.470489038785835	0.811129848229342	0.993254637436762	0.491287240022485	1	0.774592467678471	0.441259134345138	0.969083754918494	1	0.247892074198988	1	0.0882518268690275	0.0848791455874087	0.198988195615514	0.139404159640247	0.152894884766723	0.821810005621135	0.0230466554243957	0.833052276559865	0.362001124227094	0.169758291174817	0.359752670039348	0.0826306913996627	0	0.653175941540191	0	0
623473	Bacteria_71	Ribosomal_L17	PF01196.19	0	0.772256728778468	0.850931677018634	0.830227743271222	0.72463768115942	0.194616977225673	1	0.374741200828157	0.331262939958592	0.674948240165631	1	0.766045548654244	1	0.625258799171843	0	0	0	0	0.581780538302277	0	0.884057971014493	0.666666666666667	0	0	0	0	0.84472049689441	0	0
623474	Bacteria_71	RNA_pol_L	PF01193.24	0.18932527693857	0.439073514602215	0.0986908358509567	0.758308157099698	0.91742195367573	0	1	0.753272910372608	0.731117824773414	0.813695871097684	1	0.665659617321249	1	0	0	0.564954682779456	0	0.151057401812689	0.717019133937563	0.304128902316213	0.886203423967774	0.272910372608258	0	0.10171198388721	0	0	0.84491440080564	0	0
623476	Bacteria_71	Ribosomal_S11	PF00411.19	0.768229166666667	1	0.2421875	1	1	0.786458333333333	1	0.760416666666667	0	0.783854166666667	1	0.713541666666667	1	0	0	0	0	0	0.471354166666667	0	0.71875	0	0	0	0.739583333333333	0	0.947916666666667	0.372395833333333	0
623477	Bacteria_71	Ribosomal_S13	PF00416.22	0	0.538666666666667	0	0.944	0.933333333333333	0.650666666666667	1	0.738666666666667	1	0.850666666666667	1	0.0613333333333333	1	0.768	0	0.544	0	0	0.76	0	0.373333333333333	0	0	0	0.00266666666666666	0	0.845333333333333	0	0
623478	Bacteria_71	eIF-1a	PF01176.19	0	0.143518518518519	0.37962962962963	0.5	1	0.958333333333333	1	0.814814814814815	0.111111111111111	1	1	0.726851851851852	1	0	0	0	0	0	0	0	0.921296296296296	0	0	0	0	0	0.768518518518518	0	0.689814814814815
623479	Bacteria_71	SecY	PF00344.20	0.0724316334072432	0.720620842572062	0.742054693274205	0.869918699186992	1	0.779009608277901	0.985957132298596	0.828529194382853	0.573540280857354	0.518847006651885	1	0.539541759053954	1	0.114560236511456	0	0.317812269031781	0	0	0.848484848484849	0	0.293422025129342	0.471544715447154	0	0.31559497413156	0.19290465631929	0	0.912786400591279	0.049519586104952	0.040650406504065
623480	Bacteria_71	Ribosomal_L27A	PF00828.19	0.607064017660044	0.810154525386313	0.867549668874172	0.944812362030905	1	1	1	1	0.944812362030905	0.487858719646799	1	0	1	0.584988962472406	0	0.503311258278146	0	0	0.580573951434879	0	0	0.33112582781457	0	0.657836644591612	0	0	0.622516556291391	0.803532008830022	0
623483	Bacteria_71	Ribosomal_L18p	PF00861.22	0.389830508474576	1	0.878531073446328	1	1	0.426553672316384	0.954802259887006	0.285310734463277	0	0.268361581920904	1	0.652542372881356	1	0.378531073446328	0	0.403954802259887	0	0	0	0	0.822033898305085	0.598870056497175	0	0	0	0	0.977401129943503	0	0
623484	Bacteria_71	Ribosomal_L6	PF00347.23	0	0.41804788213628	0.900552486187845	0.998158379373849	1	0.167587476979742	1	0.950276243093923	0.4548802946593	0.651933701657459	1	0.447513812154696	1	0	0.0423572744014733	0.917127071823204	0	0	0.322283609576427	0	1	0.819521178637201	0	0	0	0	0.222836095764273	0	0
623485	Bacteria_71	Ribosomal_S8	PF00410.19	0	0.825870646766169	0.898009950248756	0.995024875621891	0.599502487562189	0	1	0.562189054726368	0.699004975124378	0.587064676616915	1	0.497512437810945	1	0	0.385572139303483	0.502487562189055	0	0	0.609452736318408	0	0.485074626865672	0.0199004975124378	0	0	0	0	0.922885572139303	0.462686567164179	0
623487	Bacteria_71	Ribosomal_L5	PF00281.19	0	0.271739130434783	0.956521739130435	1	1	0.786231884057971	0.989130434782609	0.960144927536232	0.846014492753623	0.653985507246377	1	0.478260869565217	1	0	0	0.494565217391304	0	0	0.925724637681159	0.0652173913043478	0.860507246376812	0.273550724637681	0	0.231884057971014	0	0	0.869565217391304	0.0996376811594203	0
623488	Bacteria_71	ribosomal_L24	PF17136.4	0	0	1	1	0.91025641025641	0.91025641025641	1	0.987179487179487	0.490384615384615	0.67948717948718	1	0.746794871794872	1	0	0	0.541666666666667	0	0	0.634615384615385	0.730769230769231	0.980769230769231	0	0	0	0	0	0.653846153846154	0	0
623489	Bacteria_71	Ribosomal_L14	PF00238.19	0	0.780487804878049	0.902439024390244	1	0.907859078590786	0.897018970189702	0.831978319783198	1	0.70189701897019	0.861788617886179	1	0.336043360433604	1	0	0	0.517615176151762	0	0	0.631436314363144	0	0.905149051490515	0	0	0	0	0	1	0.111111111111111	0
623490	Bacteria_71	Ribosomal_S17	PF00366.20	0	0.62015503875969	0.655038759689923	0.577519379844961	0.949612403100775	0.391472868217054	1	1	0.662790697674419	0.868217054263566	1	1	1	0.542635658914729	0	0	0.271317829457364	0	0.143410852713178	0	0.275193798449612	0	0	0	0	0	1	0.984496124031008	0
623491	Bacteria_71	Ribosomal_L29	PF00831.23	0	0.435897435897436	0.605128205128205	0.830769230769231	1	0.682051282051282	1	0.569230769230769	0.815384615384615	0.743589743589744	1	1	1	0	0	0	0.815384615384615	0	1	0	0.394871794871795	0.533333333333333	0	0.774358974358974	0	0	1	0.00512820512820512	0
623492	Bacteria_71	Ribosomal_L16	PF00252.18	0	0.533333333333333	0.24047619047619	0.664285714285714	0.44047619047619	0.883333333333333	0.533333333333333	0.545238095238095	0.221428571428571	0.0952380952380952	0.866666666666667	0	0.888095238095238	0	0	0.24047619047619	0.135714285714286	0	0.592857142857143	0.00714285714285714	0	0.766666666666667	0	0	0	0.0166666666666667	1	0.147619047619048	0
623493	Bacteria_71	Ribosomal_S3_C	PF00189.20	0.42296918767507	0.687675070028011	0	0.105042016806723	0.585434173669468	0	0.42296918767507	1	0	0.42296918767507	0.96358543417367	0.413165266106443	0	0	0	0.638655462184874	0.11624649859944	0	0	0.397759103641457	0	0.620448179271709	0	0	0	0.408963585434174	0.939775910364146	0.392156862745098	0
623494	Bacteria_71	Ribosomal_L22	PF00237.19	0.320987654320988	0.609876543209876	0	0	0.997530864197531	0	0.720987654320988	0.735802469135802	0.37283950617284	0	0.962962962962963	0	0.646913580246914	0	0.644444444444444	0.0345679012345679	0.906172839506173	0	0	0	0	1	0	0	0	0	0.795061728395062	0.479012345679012	0
623495	Bacteria_71	Ribosomal_S19	PF00203.21	0.817204301075269	0.17921146953405	0	0.731182795698925	0.681003584229391	0	0.648745519713262	0.645161290322581	0.537634408602151	0	1	0	0.125448028673835	0	0.519713261648746	0.573476702508961	0.39426523297491	0	0	0	0	0.971326164874552	0.129032258064516	0	0	0	0.297491039426523	0.505376344086022	0
623496	Bacteria_71	Ribosomal_L2	PF00181.23	0.183030303030303	0.345454545454545	0	0.464242424242424	0.494545454545455	0.299393939393939	0.153939393939394	0.786666666666667	0.168484848484848	0.175757575757576	0.882424242424242	0	0.797575757575758	0	0.534545454545455	0.220606060606061	0.0424242424242424	0	0.330909090909091	0.282424242424242	0	0.619393939393939	0.883636363636364	0.364848484848485	0	0	0.552727272727273	0.293333333333333	0
650551	Bacteria_71	Ribosomal_S16	PF00886.19	0	0.888333333333333	0.97	0.658333333333333	1	0.555	1	1	0.383333333333333	0.731666666666667	1	0.403333333333333	1	0.538333333333333	0	0.411666666666667	0	0.228333333333333	0.948333333333333	0.431666666666667	0.78	0.32	0	0.178333333333333	0	0	1	0	0
9101	Bacteria_71	Ribosomal_S20p	PF01649.18	0	0.777777777777778	0.563492063492063	1	1	0.0833333333333333	1	0.988095238095238	1	0.218253968253968	1	0.686507936507937	1	0	0	0.126984126984127	0	0	1	0	1	0.206349206349206	0	0.523809523809524	0	0	0.46031746031746	0	0
30769	Bacteria_71	GrpE	PF01025.19	0	0	0.510989010989011	0.943223443223443	0.86996336996337	0.133699633699634	1	0.836996336996337	0	0.512820512820513	1	0	1	0.47985347985348	0	0.139194139194139	0	0	0.223443223443223	0	1	0.69047619047619	0	0	0	0	0.91025641025641	0.320512820512821	0
30805	Bacteria_71	YajC	PF02699.15	1	0	0	0.849462365591398	1	0.630824372759857	1	0.602150537634409	0.867383512544803	0.910394265232975	1	0.917562724014337	1	0	0	0.931899641577061	0	0.344086021505376	0	0	0.401433691756272	0	0	0	0	0.397849462365591	0.874551971326165	0	0
69510	Bacteria_71	Ribosomal_L9_C	PF03948.14	0.0397350993377483	0.98233995584989	0.682119205298013	0.960264900662252	0.95364238410596	0	1	0.984547461368654	0.384105960264901	0.624724061810154	1	0.247240618101545	1	0.320088300220751	0	0.527593818984547	0	0	0.152317880794702	0	0.902869757174393	0.578366445916115	0	0	0.684326710816777	0	0.397350993377483	0	0
69512	Bacteria_71	Ribosomal_S6	PF01250.17	0	0.423188405797101	0.0492753623188406	1	1	0	0.907246376811594	1	0.91304347826087	0.52463768115942	1	0	1	0.452173913043478	0	0.16231884057971	0	0	0.478260869565217	0	0.910144927536232	0.495652173913044	0	0	0.188405797101449	0	0.342028985507246	0	0
69517	Bacteria_71	Ham1p_like	PF01725.16	0	0.514529914529914	0.482051282051282	0.598290598290598	0.933333333333333	0.642735042735043	1	0.786324786324786	0.629059829059829	0.627350427350427	1	0.355555555555556	1	0	0	0	0.699145299145299	0	0.302564102564103	0	0.948717948717949	0	0	0.452991452991453	0	0	0.483760683760684	0	0.271794871794872
89970	Bacteria_71	Pept_tRNA_hydro	PF01195.19	0	0.223832528180354	0.347826086956522	0.808373590982287	1	0	1	0.77133655394525	0.473429951690821	0.77938808373591	1	0.0805152979066023	1	0.233494363929147	0.0257648953301127	0.484702093397746	0	0	0.739130434782609	0	0.782608695652174	0	0	0.193236714975845	0	0.132045088566828	0.72463768115942	0	0
90992	Bacteria_71	RRF	PF01765.19	0	0.140540540540541	0.542342342342342	0.884684684684685	0.792792792792793	0.805405405405405	1	1	0.827027027027027	0.962162162162162	1	0.198198198198198	1	0.277477477477477	0	0.855855855855856	0	0.272072072072072	0.545945945945946	0	0.61981981981982	0	0	0.661261261261261	0	0	0.965765765765766	0.145945945945946	0
1497924	Bacteria_71	Ribosomal_L32p	PF01783.23	0	0	0.439393939393939	0.656565656565657	1	0	0.606060606060606	0.398989898989899	0	1	0.772727272727273	0	1	0	0	0	0	0	0	0	0.0909090909090909	0	0	0	0	0	0	0	0
1731157	Bacteria_71	Ribosom_S12_S23	PF00164.25	0.493333333333333	0.72	0	0.893333333333333	0.738666666666667	0.949333333333333	0.882666666666667	0.997333333333333	0.581333333333333	1	1	0.944	1	0	0	0.322666666666667	0	0	0.706666666666667	0	0.784	0.290666666666667	0.402666666666667	0.0586666666666667	0.554666666666667	0	0.989333333333333	0.501333333333333	0
1731158	Bacteria_71	Ribosomal_S7	PF00177.21	0	0.167714884696017	0	0.672955974842767	0.922431865828092	0.916142557651992	1	0.679245283018868	0.991614255765199	0.522012578616352	1	0.291404612159329	1	0	0	0	0	0	0.777777777777778	0.178197064989518	0.851153039832285	0.631027253668763	0	0.882599580712788	0.186582809224319	0	0.853249475890985	0.494758909853249	0
1731160	Bacteria_71	Ribosomal_S10	PF00338.22	0	0.983660130718954	0	0.777777777777778	0.666666666666667	0.53921568627451	1	0	0.0424836601307189	0	1	0.601307189542484	1	0	0.493464052287582	0.287581699346405	0	0	0	0	0.519607843137255	0.38562091503268	0	0.777777777777778	0	0	1	0	0
1731161	Bacteria_71	Ribosomal_L3	PF00297.22	0.406148867313916	0.985436893203884	0.681229773462783	0.951456310679612	0.97411003236246	0.697411003236246	1	0.687702265372168	0.799352750809062	0.34789644012945	1	0.737864077669903	1	0.567961165048544	0	0.699029126213592	0	0.375404530744337	0.355987055016181	0	0.949838187702265	0.203883495145631	0	0.226537216828479	0	0	0.990291262135922	0	0
1731162	Bacteria_71	Ribosomal_L4	PF00573.22	0.0442338072669826	0.265402843601896	0.624012638230648	0.879936808846761	1	0.0789889415481833	1	0.382306477093207	0.428120063191153	0.584518167456556	1	0.363349131121643	1	0.342812006319115	0	0.88783570300158	0	0	0.339652448657188	0	0.804107424960506	0	0	0	0	0	0.737756714060032	0	0
1731163	Bacteria_71	Ribosomal_L23	PF00276.20	0.924398625429553	1	0.982817869415808	0.81786941580756	1	0	1	1	0.243986254295533	0.783505154639175	1	0	1	0	0	0.436426116838488	0.36426116838488	0	0.941580756013746	0	0.402061855670103	0	0	0	0	0	1	0	0
909422	Bacteria_71	ADK	PF00406.22	0.448516579406632	0.99650959860384	0.504363001745201	0.448516579406632	0.895287958115183	0.336823734729494	1	0.746945898778359	0	0.195462478184991	1	0.0261780104712042	1	0	0	0.263525305410122	0.280977312390925	0	0.755671902268761	0	0.87260034904014	0.553228621291449	0	0	0	0.485165794066318	0.801047120418848	0	0
909468	Bacteria_71	Ribosomal_S15	PF00312.22	0	0.496296296296296	0.459259259259259	1	1	0.985185185185185	0.97037037037037	0	0.755555555555556	0.566666666666667	1	0.522222222222222	1	0.451851851851852	0	0	0	0	0	0	0.888888888888889	0.52962962962963	0	0	0	0	1	0.559259259259259	0
911485	Bacteria_71	AICARFT_IMPCHas	PF01808.18	0.129557291666667	0.287760416666667	0.282552083333333	0.897135416666667	0.989583333333333	0.594401041666667	0.975260416666667	0.58984375	0.659505208333333	0.847005208333333	1	0.294921875	1	0	0.1171875	0.42578125	0	0	0.52734375	0	0.703776041666667	0.04296875	0.244791666666667	0	0	0	0.656901041666667	0.359375	0
911494	Bacteria_71	SecG	PF03840.14	0	0.0194444444444444	0.75	0.977777777777778	1	0.341666666666667	1	1	0	0.863888888888889	1	0	1	0	0	0.075	0	0	0	0	0.413888888888889	0.172222222222222	0	0	0	0	0.986111111111111	0	0
920643	Bacteria_71	RecO_C	PF02565.15	0	0.955555555555556	0.906944444444444	1	0.95	0.593055555555556	1	0.8375	0.840277777777778	0	1	0.0486111111111111	1	0	0	0.673611111111111	0	0	0.301388888888889	0.172222222222222	0.931944444444444	0.3625	0	0	0	0	0.836111111111111	0	0
990922	Bacteria_71	Ribosomal_L20	PF00453.18	0.43768115942029	0.895652173913044	0.817391304347826	1	1	0.628985507246377	1	0.663768115942029	0	0.715942028985507	1	0	1	0	0	1	0	0.379710144927536	0.481159420289855	0.536231884057971	0.811594202898551	0.197101449275362	0	0	0.626086956521739	0	0.684057971014493	0	0
990923	Bacteria_71	Ribosomal_L35p	PF01632.19	0.645502645502645	1	0	1	1	0.354497354497354	0.989417989417989	0.968253968253968	0	0	1	0.560846560846561	1	1	0	0	0	0	0.486772486772487	0	0.64021164021164	0	0	0	0.82010582010582	0	0	0	0
990929	Bacteria_71	Ribosomal_L19	PF01245.20	0	0.418803418803419	0.43019943019943	0.586894586894587	0.977207977207977	0	1	0.341880341880342	1	0.43019943019943	1	0	1	0	0	0.376068376068376	0	0	0.547008547008547	0	0.102564102564103	0.717948717948718	0	0	0	0.0512820512820513	0.418803418803419	0	0
990931	Bacteria_71	tRNA_m1G_MT	PF01746.21	0	0.363877822045153	0.407702523240372	0.840637450199203	1	0.049136786188579	1	0.832669322709163	0.952191235059761	0.924302788844622	1	0.243027888446215	1	0.293492695883134	0	0.185922974767596	0	0	0	0	0.970783532536521	0.863213811420983	0	0.715803452855246	0	0	0.604249667994688	0	0
990948	Bacteria_71	RNA_pol_Rpb6	PF01192.22	0	1	0.906542056074766	1	1	0.485981308411215	1	1	1	0.448598130841121	1	0	1	0.470404984423676	0	0	0	0	0.88785046728972	0	0.897196261682243	0	0	0	0	0.869158878504673	0.834890965732087	0	0
1000774	Bacteria_71	IPPT	PF01715.17	0	0.461368653421634	0.401766004415011	0.722958057395144	0.915011037527594	0.891832229580574	1	0.917218543046358	0.240618101545254	0.998896247240618	1	0.447019867549669	1	0.292494481236203	0	0	0	0.163355408388521	0.273730684326711	0	0.530905077262693	0.169977924944812	0	0.552980132450331	0	0.333333333333333	0.664459161147903	0.388520971302428	0
1000783	Bacteria_71	SmpB	PF01668.18	0	0.728237791932059	0	0.564755838641189	1	0.481953290870488	1	1	0.855626326963907	0.738853503184713	1	0	1	0	0	0	0	0	0	0.159235668789809	0.0912951167728238	0	0.507430997876858	0	0	0	0.477707006369427	0	0
1052005	Bacteria_71	Ribosomal_L2	PF00181.23	0.0882352941176471	0.647058823529412	0.740196078431373	0.715686274509804	0.892156862745098	0.406862745098039	0.958333333333333	0.881127450980392	0.53921568627451	0.504901960784314	1	0	0.997549019607843	0	0	0.551470588235294	0	0.185049019607843	0.439950980392157	0.166666666666667	0.922794117647059	0	0	0.0612745098039216	0	0	0.917892156862745	0.458333333333333	0
1052006	Bacteria_71	Ribosomal_S19	PF00203.21	0.154121863799283	0.666666666666667	0	1	0.594982078853047	0.498207885304659	1	1	0	0.960573476702509	1	0	1	0	0	0.279569892473118	0	0	0.89247311827957	0.275985663082437	1	0	0	0.516129032258065	0	0.272401433691756	0.913978494623656	0.376344086021505	0
1052007	Bacteria_71	Ribosomal_L22	PF00237.19	0.387654320987654	0.291358024691358	0.723456790123457	1	0.718518518518519	0.325925925925926	1	1	0.125925925925926	0.538271604938272	1	0	1	0.716049382716049	0	0.367901234567901	0	0.0419753086419753	0.535802469135802	0.190123456790123	0.948148148148148	0	0	0	0	0.348148148148148	1	0	0
1052008	Bacteria_71	Ribosomal_S3_C	PF00189.20	0	0.582984658298466	0.153417015341702	0.894002789400279	0.920502092050209	0.234309623430962	1	0.697350069735007	0.532775453277545	0.691771269177127	1	0	1	0.383542538354254	0	0.651324965132496	0	0.287308228730823	0.606694560669456	0	0.96792189679219	0	0	0	0	0	1	0	0
1052009	Bacteria_71	Ribosomal_L16	PF00252.18	0.478571428571429	0.342857142857143	0.304761904761905	0.766666666666667	0.90952380952381	0.0761904761904762	1	0.661904761904762	0.816666666666667	0.916666666666667	0.947619047619048	0.447619047619048	1	0	0	0	0	0	0.616666666666667	0	0.869047619047619	0	0	0.688095238095238	0	0	1	0	0
729493	Bacteria_71	SecE	PF00584.20	0	0.676767676767677	0	0	0.994949494949495	0	0	0	0.797979797979798	0	0.737373737373737	0.383838383838384	0.0353535353535354	0	0	0	0	0	0	0	0	0	0	0	0	0	0	0	0
747979	Bacteria_71	EF_TS	PF00889.19	0	0.678832116788321	0.361313868613139	1	0.928223844282238	0	1	0.790754257907543	0.234793187347932	0.660583941605839	1	0.665450121654501	1	0.36374695863747	0	0.555961070559611	0	0	0.531630170316302	0	0.294403892944039	0.367396593673966	0	0.602189781021898	0	0	0.834549878345499	0	0.3661800486618
747980	Bacteria_71	Ribosomal_S2	PF00318.20	0.335722819593787	0.229390681003584	0.702508960573477	0.778972520908005	0.990442054958184	0.592592592592593	1	0.996415770609319	0.734767025089606	0.750298685782557	1	0.261648745519713	1	0	0	0.359617682198327	0	0	0.266427718040621	0	0.948626045400239	0.261648745519713	0	0	0	0	0.891278375149343	0	0
747981	Bacteria_71	Ribosomal_S9	PF00380.19	0.297157622739018	0.736434108527132	0.832041343669251	1	1	0.953488372093023	1	1	0.51937984496124	0.516795865633075	1	0.651162790697674	1	0	0	0.842377260981912	0	0	0.0103359173126615	0	0	0	0	0.467700258397933	0.395348837209302	0	1	0.645994832041344	0
747982	Bacteria_71	Ribosomal_L13	PF00572.18	0	0.614035087719298	0.260964912280702	1	1	1	1	0.975877192982456	0.447368421052632	0.405701754385965	1	0.574561403508772	1	0	0	0.552631578947368	0	0	1	0	0.793859649122807	0.815789473684211	0	0.265350877192982	0.175438596491228	0	1	0.133771929824561	0
747995	Bacteria_71	Ribosomal_L27	PF01016.19	0.524904214559387	0.593869731800766	0	0.816091954022989	1	0	1	0.0498084291187739	0.793103448275862	0.854406130268199	1	0.800766283524904	1	0	0	0.0229885057471264	0	0	0	0	0.885057471264368	0.118773946360153	1	0	0	0	0.996168582375479	0.0229885057471264	0
747996	Bacteria_71	Ribosomal_L21p	PF00829.21	0	0.414312617702448	0	0.843691148775895	1	0.83804143126177	1	0	0.574387947269303	0.308851224105461	1	0.907721280602637	1	0	0	0	0	0	0.489642184557439	0	1	0.983050847457627	0	0	0	0	0.555555555555556	0	0
474712	Bacteria_71	RBFA	PF02033.18	0	0.933842239185751	0.918575063613232	1	0.956743002544529	0.384223918575064	1	0.972010178117048	0.208651399491094	0.21882951653944	1	0	1	0	0	0	0	0.312977099236641	0.460559796437659	0	0.758269720101781	0	0	0.231552162849873	0	0	0.997455470737914	0	0
474726	Bacteria_71	Ribonuclease_P	PF00825.18	0.658666666666667	1	0.413333333333333	1	1	0.541333333333333	1	0.837333333333333	0.810666666666667	0.901333333333333	1	0.0746666666666667	1	0	0	0.0106666666666667	0	0	0.186666666666667	0	0.813333333333333	0.626666666666667	0	0	0	0	0.792	0	0
474736	Bacteria_71	UPF0054	PF02130.17	0	0.737654320987654	1	1	1	0.858024691358025	1	1	0.932098765432099	0.972222222222222	1	0	1	0	0	0.435185185185185	0	0	0.827160493827161	0	0.765432098765432	0.222222222222222	0	0.435185185185185	0	0	1	0	0
474740	Bacteria_71	PGK	PF00162.19	0.326599326599327	0.747474747474748	0.796296296296296	0.88973063973064	0.971380471380471	0.451178451178451	1	0.805555555555556	0.691919191919192	0.547138047138047	1	0.281986531986532	1	0.250841750841751	0	0.776936026936027	0	0	0.585016835016835	0.191077441077441	0.915824915824916	0.393097643097643	0.0824915824915825	0	0.234848484848485	0	0.931818181818182	0	0
474760	Bacteria_71	ATP-synt_A	PF00119.20	0.207207207207207	0.690990990990991	0.476576576576577	0.97027027027027	0.920720720720721	0.681981981981982	1	0.857657657657658	0.320720720720721	0.936036036036036	1	0.506306306306306	1	0.203603603603604	0.0711711711711712	0.467567567567568	0	0	0.620720720720721	0	0.730630630630631	0.141441441441441	0	0	0.217117117117117	0	0.747747747747748	0	0
474763	Bacteria_71	OSCP	PF00213.18	0.48816029143898	0.46448087431694	0.522768670309654	0.744990892531876	0.987249544626594	0.519125683060109	1	0.783242258652095	0.790528233151184	0.765027322404372	1	0	1	0.304189435336976	0	0	0	0	0.998178506375228	0	0.990892531876138	0.892531876138434	0	0	0	0	0.619307832422586	0	0
474765	Bacteria_71	ATP-synt	PF00231.19	0	0.87995337995338	0.703962703962704	0.986013986013986	1	0.258741258741259	1	0.58041958041958	0.476689976689977	0.426573426573427	1	0.495337995337995	1	0	0.277389277389277	0.400932400932401	0	0	0.491841491841492	0.388111888111888	0.692307692307692	0.300699300699301	0	0	0	0.335664335664336	0.954545454545455	0	0
