gene_callers_id	source	gene_name	gene_hmm_id	WAM_ALR	WAM_CCR	WAM_IPI	WAM_MAR	WAM_MYS	WAM_PBL	WAM_PJN	WAM_PPR	WAM_PST	WAM_ROL	WAM_SCR	WAM_SGN	WAM_SIS	WAM_TWN	WAR_ALR	WAR_CCR	WAR_IPI	WAR_MAR	WAR_MYS	WAR_PBL	WAR_PJN	WAR_PPR	WAR_PSK	WAR_PST	WAR_RNW	WAR_ROL	WAR_SCR	WAR_SGL	WAR_SIS
1072221	Bacteria_71	ATP-synt_A	PF00119.20	0	0.39344262295082	0.716939890710383	0.473224043715847	0	0.087431693989071	0.53551912568306	0.630601092896175	0.493989071038251	0.683060109289617	0.579234972677596	0.817486338797814	0.299453551912568	0	0.733333333333333	0.801092896174863	0.900546448087432	0.701639344262295	0.181420765027322	0.959562841530055	0.687431693989071	0.367213114754098	0.753005464480874	0.469945355191257	0.904918032786885	0.343169398907104	0.770491803278688	0.454644808743169	0.555191256830601
1072224	Bacteria_71	OSCP	PF00213.18	1	0.471766848816029	0.726775956284153	0	0	0.612021857923497	0.599271402550091	0	0.313296903460838	0.236794171220401	0.367941712204007	0.577413479052823	0.26775956284153	0	0.275045537340619	0.571948998178506	0.714025500910747	0.673952641165756	0.145719489981785	0.515482695810565	0.672131147540984	0.61384335154827	1	0.73224043715847	0.790528233151184	0.533697632058288	0.919854280510018	1	0.994535519125683
1072226	Bacteria_71	ATP-synt	PF00231.19	0.124274099883856	0.306620209059233	0.605110336817654	0.469221835075494	0.35075493612079	0	0.751451800232288	0.527293844367015	0.75725900116144	0.35075493612079	0.00580720092915214	0.228803716608595	0	0	0.193960511033682	0.954703832752613	0.355400696864112	0.62137049941928	0.317073170731707	0.806039488966318	0.700348432055749	0.413472706155633	0.749128919860627	0.536585365853659	0.529616724738676	0.694541231126597	0.356562137049942	0.83739837398374	0.779326364692218
1101138	Bacteria_71	GrpE	PF01025.19	0.111111111111111	0.524904214559387	0.149425287356322	0.273946360153257	0.645593869731801	0.0229885057471264	0.618773946360153	0.812260536398467	0.434865900383142	0	0.568965517241379	0.425287356321839	0.134099616858238	0	0.406130268199234	0.459770114942529	0.867816091954023	0.793103448275862	0.325670498084291	0.67816091954023	0.708812260536398	0.683908045977011	0.245210727969349	0.632183908045977	0.406130268199234	0	1	0.295019157088123	0.515325670498084
1106703	Bacteria_71	AICARFT_IMPCHas	PF01808.18	0.454485920104781	0.897838899803536	0.284872298624754	0.576948264571054	0	0.358873608382449	0.605762933857236	0.757694826457105	0.877537655533726	0.229862475442043	0.787819253438114	0.482645710543549	0	0.325474787164375	0.508185985592665	0.897184020956123	0.727570399476097	0.725605762933857	0.759004584151932	0.922069417157826	0.377865094957433	0.97969875573019	0.50098231827112	0.690897184020956	0.844793713163065	0.527832351015062	0.956123117223314	0.929927963326784	0.512770137524558
1114139	Bacteria_71	Ribosomal_L13	PF00572.18	0.695175438596491	0	0.495614035087719	0.179824561403509	0.835526315789474	0.0394736842105263	0.855263157894737	0	0.675438596491228	0	0	0.328947368421053	0	0.592105263157895	0.600877192982456	0.440789473684211	0.631578947368421	0.331140350877193	0.407894736842105	1	0.743421052631579	0.956140350877193	0.899122807017544	0.453947368421053	0.725877192982456	0.405701754385965	1	1	0.56359649122807
1114140	Bacteria_71	Ribosomal_S9	PF00380.19	0.0645994832041344	0	0	0.472868217054264	0.0490956072351421	0	0.191214470284238	0	0.731266149870801	0	0	0.739018087855297	0.325581395348837	0	0.465116279069767	0.390180878552972	0.103359173126615	0.963824289405685	0.839793281653747	1	1	0.82687338501292	1	0.839793281653747	0.710594315245478	0.958656330749354	1	1	0.671834625322997
1114141	Bacteria_71	Ribosomal_S2	PF00318.20	0.626543209876543	0.582304526748971	0.994855967078189	0.308641975308642	0	0	0.254115226337449	0.493827160493827	0.342592592592593	0.253086419753086	0	0.82201646090535	0.403292181069959	0.277777777777778	0.670781893004115	0.559670781893004	0.716049382716049	0.876543209876543	0.474279835390946	0.588477366255144	0.87037037037037	0.730452674897119	0.6440329218107	0.800411522633745	0.11522633744856	0.893004115226337	1	0.695473251028807	0.369341563786008
1114142	Bacteria_71	EF_TS	PF00889.19	0.295757575757576	0	0.789090909090909	0.492121212121212	0	0.420606060606061	0.704242424242424	0	0.275151515151515	0.158787878787879	0	0	0.335757575757576	0	0.951515151515152	0.333333333333333	0.76969696969697	0.876363636363636	0.592727272727273	0.775757575757576	0.258181818181818	0.92969696969697	0.682424242424242	0.749090909090909	0.665454545454545	0.827878787878788	0.866666666666667	1	0.601212121212121
1114144	Bacteria_71	RRF	PF01765.19	0.302536231884058	0	0.791666666666667	0.0398550724637681	0.240942028985507	0	0.764492753623188	0.536231884057971	0.751811594202899	0	0.516304347826087	0	0	0	0.98731884057971	0.166666666666667	0.467391304347826	0.393115942028986	1	0.983695652173913	0.425724637681159	0.907608695652174	0.932971014492754	0.125	0.16304347826087	0.438405797101449	0.630434782608696	0.916666666666667	0.346014492753623
1120683	Bacteria_71	Ribosomal_S20p	PF01649.18	0.699074074074074	0	0	0.50462962962963	0	0	1	0.967592592592593	0	0	0.643518518518518	0.75	0	0.703703703703704	0.37037037037037	0	0.685185185185185	0.990740740740741	0	0.50462962962963	0	0	0.736111111111111	0	0.564814814814815	0.37037037037037	0.800925925925926	0	0.699074074074074
268097	Bacteria_71	Pept_tRNA_hydro	PF01195.19	0	0	0.246732026143791	0.601307189542484	0	0.0964052287581699	0.393790849673203	0.51797385620915	0.44281045751634	0	0.0898692810457516	0.998366013071895	0	0.076797385620915	0.97875816993464	0.883986928104575	0.619281045751634	0.722222222222222	0.531045751633987	0.882352941176471	1	0.893790849673203	0.769607843137255	0.676470588235294	0.67156862745098	0.339869281045752	0.660130718954248	0.490196078431373	0.954248366013072
346726	Bacteria_71	Ribosomal_L35p	PF01632.19	0.656565656565657	1	0	1	0	0.323232323232323	1	0	0.742424242424242	0	1	0.96969696969697	0	0	0	1	1	0.914141414141414	0	0	0	1	0	0	0.863636363636364	0	1	0.863636363636364	0.691919191919192
346727	Bacteria_71	Ribosomal_L20	PF00453.18	0.301449275362319	0.907246376811594	0.701449275362319	0	0.211594202898551	1	0.927536231884058	0.333333333333333	0.559420289855072	0	0.684057971014493	0.0463768115942029	0	0	0.489855072463768	1	0.504347826086956	0.742028985507246	0.808695652173913	0.695652173913043	0.539130434782609	1	0	0	0.408695652173913	0	0.469565217391304	1	0.72463768115942
601559	Bacteria_71	Ribosomal_S6	PF01250.17	0	0	0.0512820512820513	0.121794871794872	0	0.0384615384615385	0.0384615384615385	0.391025641025641	1	0.0512820512820513	0	0.826923076923077	0	0	0	0.698717948717949	0	0.557692307692308	0	0.121794871794872	0	0	0	0.884615384615385	0.826923076923077	0	0.0384615384615385	0.57051282051282	0
601561	Bacteria_71	Ribosomal_L9_C	PF03948.14	0	0.461873638344227	0.111111111111111	0.494553376906318	0	0.901960784313726	0.869281045751634	0	0.89760348583878	0.73202614379085	0.416122004357298	0.577342047930283	0.516339869281046	0	0.583877995642701	0.849673202614379	0.690631808278867	0.9760348583878	0.148148148148148	0.12636165577342	0.705882352941177	0.392156862745098	0.433551198257081	0.847494553376906	0.309368191721133	0.729847494553377	1	0.496732026143791	0
664148	Bacteria_71	Ham1p_like	PF01725.16	0	0	0	0	0	0	0	0	0	0	0	0	0	0	0	0	0.354761904761905	0	0.502380952380952	0	1	0	0	0.604761904761905	0.542857142857143	0	0	0	0
5629	Bacteria_71	ADK	PF00406.22	0.0729166666666667	0.300347222222222	0.3125	0.765625	0.178819444444444	0.737847222222222	0.475694444444444	0.442708333333333	0.472222222222222	0.803819444444444	0.473958333333333	0	0.355902777777778	0	0.809027777777778	0.932291666666667	0.678819444444444	0.944444444444444	0.262152777777778	0.288194444444444	0	0.907986111111111	0.715277777777778	0.760416666666667	0.977430555555556	0.651041666666667	1	0.706597222222222	0.864583333333333
25368	Bacteria_71	Ribosomal_L13	PF00572.18	0.173245614035088	0.782894736842105	0.146929824561404	0.399122807017544	0.635964912280702	0	0.600877192982456	0	0.331140350877193	0.146929824561404	0.464912280701754	0.671052631578947	0.114035087719298	0	0.745614035087719	0.953947368421053	0.809210526315789	0.741228070175439	0.625	0.620614035087719	0.980263157894737	0.967105263157895	0.660087719298246	0.903508771929825	0.875	0.635964912280702	0.87719298245614	0.815789473684211	0.708333333333333
25369	Bacteria_71	Ribosomal_S9	PF00380.19	0.679586563307494	1	0.723514211886305	0.503875968992248	0.0284237726098191	0.431524547803618	0.387596899224806	0.377260981912145	0.387596899224806	0	0.51421188630491	0.524547803617571	1	0	0.147286821705426	0.790697674418605	0	0.702842377260982	0.134366925064599	1	0.865633074935401	0.643410852713178	0.509043927648579	1	0.808785529715762	0.953488372093023	0.992248062015504	1	0.700258397932817
25370	Bacteria_71	Ribosomal_S2	PF00318.20	0	0.78544061302682	0.323754789272031	0.289272030651341	0	0.373563218390805	0.475095785440613	0.337164750957854	0.81992337164751	0.526819923371648	0.664750957854406	0.153256704980843	0	0	0	1	0.367816091954023	0.906130268199234	0.191570881226054	0.863984674329502	0.616858237547893	0.756704980842912	0.289272030651341	0.379310344827586	0.5727969348659	0.528735632183908	1	0.318007662835249	0.291187739463602
161469	Bacteria_71	RecO_C	PF02565.15	0.451388888888889	0.445833333333333	0.225	0.473611111111111	0.634722222222222	0.808333333333333	0.952777777777778	0.902777777777778	0.956944444444444	0.681944444444444	0.397222222222222	0.109722222222222	0.418055555555556	0.148611111111111	0.705555555555556	0.977777777777778	0.984722222222222	0.5	0.793055555555556	0.895833333333333	0.836111111111111	0.859722222222222	0.734722222222222	0.966666666666667	0.319444444444444	0.520833333333333	0.888888888888889	1	0.727777777777778
1453398	Bacteria_71	PGK	PF00162.19	0.5	0.579124579124579	0.89983164983165	0.698653198653199	0.483164983164983	0.713804713804714	0.672558922558923	0.776936026936027	0.578282828282828	0.682659932659933	0.714646464646465	0.481481481481481	0.406565656565657	0.053030303030303	0.846801346801347	0.895622895622896	0.812289562289562	0.916666666666667	0.648148148148148	0.857744107744108	0.942760942760943	0.82996632996633	0.978956228956229	0.961279461279461	0.560606060606061	0.748316498316498	0.984006734006734	0.851010101010101	0.673400673400673
1552610	Bacteria_71	RNA_pol_Rpb6	PF01192.22	0.428134556574923	0.954128440366972	0.596330275229358	0.81651376146789	1	0.813455657492355	0.486238532110092	0.636085626911315	0.103975535168196	0	0.996941896024465	0.464831804281346	0	0.431192660550459	0.406727828746177	0.785932721712538	0.599388379204893	0.391437308868502	0	0.174311926605505	0.379204892966361	1	0.81039755351682	0.996941896024465	0.46177370030581	0.428134556574923	0.914373088685015	0.938837920489297	0.960244648318043
1716818	Bacteria_71	Ribosomal_L21p	PF00829.21	0	0	0.498168498168498	0.694139194139194	0.47985347985348	0.54029304029304	0	0.877289377289377	0.89010989010989	0.380952380952381	0.886446886446886	0.864468864468865	0.525641025641026	0.00183150183150183	0	0.974358974358974	0.551282051282051	0.871794871794872	0.968864468864469	0.397435897435897	0.826007326007326	0.842490842490842	0.217948717948718	0.542124542124542	0.967032967032967	0.448717948717949	1	0.593406593406593	0.326007326007326
1716819	Bacteria_71	Ribosomal_L27	PF01016.19	0.282945736434109	0.511627906976744	0.282945736434109	0.957364341085271	0	0.957364341085271	0.251937984496124	0.682170542635659	1	0.310077519379845	1	0.538759689922481	0	0.755813953488372	0	0.829457364341085	0.906976744186046	0.763565891472868	0.965116279069768	0.821705426356589	0.375968992248062	0.779069767441861	0.585271317829457	0	0.0930232558139535	0.596899224806202	0.996124031007752	1	0.37984496124031
881712	Bacteria_71	Ribosomal_L17	PF01196.19	0.0630630630630631	0.996996996996997	0.518018018018018	0.057057057057057	0	0.78978978978979	0.129129129129129	0	0.255255255255255	0	0.984984984984985	0.006006006006006	0	0	0.0780780780780781	0.917417417417417	0.656156156156156	0.444444444444444	0.363363363363363	0.84984984984985	0.103603603603604	0.737237237237237	0.282282282282282	1	0.426426426426426	0.606606606606607	0.95045045045045	0.214714714714715	0.484984984984985
881713	Bacteria_71	RNA_pol_L	PF01193.24	0	0.387713997985901	0.295065458207452	0.761329305135952	0	0.040281973816717	0.526686807653575	0.663645518630413	0.454179254783484	0.18932527693857	0.458207452165156	0.119838872104733	0	0	0.617321248741188	0.887210473313192	0.498489425981873	0.564954682779456	0.262839879154079	0.982880161127895	0.682779456193353	0.895266868076536	0.676737160120846	0.701913393756294	0.695871097683787	0.775427995971803	1	0.955689828801611	0.216515609264854
881715	Bacteria_71	Ribosomal_S11	PF00411.19	0.684895833333333	0	0.5625	0.427083333333333	0	0.231770833333333	0.138020833333333	0.203125	0.7421875	0.46875	0.8125	0.502604166666667	0	0.203125	0.291666666666667	0.911458333333333	0.505208333333333	1	0.239583333333333	0.669270833333333	0.6484375	0.572916666666667	0.833333333333333	0.291666666666667	0	0.9453125	1	0.4453125	0.546875
881716	Bacteria_71	Ribosomal_S13	PF00416.22	0	0.533333333333333	0	0.424	0.661333333333333	0.797333333333333	1	0.4	0.941333333333333	0	0.76	0.938666666666667	0	0.669333333333333	1	0.810666666666667	1	0.666666666666667	0.754666666666667	0.808	0.776	0.917333333333333	0.493333333333333	0.994666666666667	0.624	1	0.968	0.976	0
881717	Bacteria_71	eIF-1a	PF01176.19	0.5	0.722222222222222	0	0.0462962962962963	0	0.467592592592593	0.643518518518518	0.782407407407407	0.398148148148148	0	0.486111111111111	0.62037037037037	0.356481481481481	0.541666666666667	0	1	1	0.166666666666667	0.699074074074074	1	1	0.62037037037037	0.25	0.851851851851852	0	0.986111111111111	1	1	0.884259259259259
881718	Bacteria_71	SecY	PF00344.20	0.570684523809524	0.831845238095238	0.601190476190476	0.588541666666667	0.223958333333333	0.645833333333333	0.510416666666667	0.761160714285714	0.802083333333333	0.336309523809524	0.248511904761905	0.546130952380952	0.273809523809524	0	0.222470238095238	0.677083333333333	0.369047619047619	0.462797619047619	0.37797619047619	0.793154761904762	0.671875	0.91889880952381	0.281994047619048	0.719494047619048	0.425595238095238	0.662202380952381	0.953125	0.697916666666667	0.246279761904762
881719	Bacteria_71	Ribosomal_L27A	PF00828.19	0	0.613686534216336	0.421633554083885	0	0.333333333333333	0.485651214128035	0.772626931567329	0.245033112582781	0.796909492273731	1	0.362030905077263	0.818984547461369	0.11037527593819	0	0.501103752759382	0.803532008830022	0.622516556291391	0.887417218543046	0.66887417218543	0.43046357615894	0.69757174392936	0.922737306843267	0	0.757174392935982	0.485651214128035	0.584988962472406	1	0.772626931567329	0.490066225165563
881722	Bacteria_71	Ribosomal_L18p	PF00861.22	0.330532212885154	0.187675070028011	0.829131652661064	0.473389355742297	0	0.333333333333333	0.728291316526611	0.84593837535014	0.722689075630252	0.647058823529412	0.69187675070028	0.789915966386555	0	0	0.450980392156863	0.943977591036414	0.857142857142857	0.0196078431372549	0.42296918767507	0.957983193277311	0.602240896358543	0	0	1	0.747899159663866	0.974789915966386	0.473389355742297	0.820728291316527	0.859943977591036
881723	Bacteria_71	Ribosomal_L6	PF00347.23	0.510128913443831	0.946593001841621	0	0.38121546961326	0	0.390423572744015	0.187845303867403	0.635359116022099	0.98158379373849	0.110497237569061	0.462246777163904	0.00184162062615101	0.751381215469613	0	0	1	0.990791896869245	1	0.511970534069982	0.775322283609576	0	0.725598526703499	0	1	0.554327808471455	0.408839779005525	0.710865561694291	0.294659300184162	0.497237569060773
881724	Bacteria_71	Ribosomal_S8	PF00410.19	0.56140350877193	0.761904761904762	0	0.731829573934837	0.726817042606516	0	0.882205513784461	0.654135338345865	0.31077694235589	0.786967418546366	0.481203007518797	0.654135338345865	0.847117794486215	0.43609022556391	0.258145363408521	0.709273182957393	0.74937343358396	0.967418546365915	0.408521303258145	0.335839598997494	0	0.839598997493734	0.68671679197995	0.441102756892231	0.729323308270677	0.335839598997494	0.859649122807018	0.676691729323308	0.353383458646617
881726	Bacteria_71	Ribosomal_L5	PF00281.19	0.269230769230769	0.278388278388278	0.470695970695971	0.0970695970695971	0.395604395604396	0.551282051282051	0.620879120879121	0.902930402930403	0.210622710622711	0.3003663003663	0.463369963369963	0.785714285714286	0.492673992673993	0.857142857142857	0.135531135531136	0.604395604395604	0.985347985347985	0.783882783882784	0.13003663003663	0.908424908424908	0.271062271062271	0	0	0.915750915750916	0.996336996336996	0.721611721611722	0.58974358974359	0.882783882783883	0.847985347985348
881727	Bacteria_71	ribosomal_L24	PF17136.4	0.653846153846154	0.596153846153846	0.80448717948718	1	0.701923076923077	0.384615384615385	0.102564102564103	0.432692307692308	0.326923076923077	0.0576923076923077	0.69551282051282	1	0	0.692307692307692	0.522435897435897	0.519230769230769	0.240384615384615	0.983974358974359	0	0.509615384615385	0.782051282051282	0.862179487179487	0	0.939102564102564	0.647435897435897	0.243589743589744	1	1	0.551282051282051
881728	Bacteria_71	Ribosomal_L14	PF00238.19	0.62059620596206	0.815718157181572	0	0.447154471544715	0	0	0	0	1	0.409214092140921	0	0.829268292682927	0	0.132791327913279	0.585365853658537	1	0.672086720867209	1	0.533875338753388	0	0.693766937669377	1	0.932249322493225	0.742547425474255	0.894308943089431	0.970189701897019	1	1	0.880758807588076
881729	Bacteria_71	Ribosomal_S17	PF00366.20	0	0.65891472868217	0	0.813953488372093	0	0	0.945736434108527	0.63953488372093	1	0	0.701550387596899	1	0.143410852713178	0.806201550387597	0.872093023255814	0.98062015503876	0.87984496124031	0.910852713178294	0.992248062015504	0.670542635658915	1	0.441860465116279	0.693798449612403	1	1	1	1	1	0.810077519379845
881730	Bacteria_71	Ribosomal_L29	PF00831.23	0.960199004975124	0.791044776119403	0.935323383084577	0.980099502487562	0	0	1	0.407960199004975	0.850746268656716	0	1	0.0845771144278607	0.890547263681592	0.701492537313433	0.990049751243781	1	0.845771144278607	0.880597014925373	0.90547263681592	0.990049751243781	1	0.880597014925373	0.522388059701492	1	0.0845771144278607	0.0298507462686567	1	0.845771144278607	0
881731	Bacteria_71	Ribosomal_L16	PF00252.18	0.30952380952381	0	0.811904761904762	1	0	0	0.169047619047619	0.492857142857143	0.3	0	0.316666666666667	0.352380952380952	0	0	0.95952380952381	0.738095238095238	0.404761904761905	0.9	0	0.642857142857143	0.123809523809524	0.802380952380952	0.680952380952381	0.916666666666667	0.695238095238095	0	1	0	0.404761904761905
881732	Bacteria_71	Ribosomal_S3_C	PF00189.20	0.356944444444444	0.795833333333333	0.3625	0.495833333333333	0	0.366666666666667	0.309722222222222	0.216666666666667	0.581944444444444	0.475	0.501388888888889	0.376388888888889	0	0	0.119444444444444	1	0.725	0.922222222222222	0.208333333333333	0.908333333333333	0.809722222222222	0.723611111111111	0.809722222222222	0.640277777777778	0.725	0.658333333333333	0.986111111111111	0.6625	0.175
881733	Bacteria_71	Ribosomal_L22	PF00237.19	0.54656862745098	0.651960784313726	0	0.813725490196078	0	0.620098039215686	0.732843137254902	0.470588235294118	0.727941176470588	0.428921568627451	0.980392156862745	0	0	0	0.372549019607843	1	0.825980392156863	0.784313725490196	1	0.740196078431373	0.938725490196078	0.904411764705882	0.659313725490196	0.781862745098039	0.737745098039216	1	1	0.897058823529412	0.772058823529412
881734	Bacteria_71	Ribosomal_S19	PF00203.21	0.78494623655914	1	0.806451612903226	0.921146953405018	0.584229390681004	0.910394265232975	0.684587813620072	0.956989247311828	0.942652329749104	0.763440860215054	0.473118279569892	0.666666666666667	0	0	0.888888888888889	0.659498207885305	1	1	0.67741935483871	0.444444444444444	1	1	0.627240143369176	1	0.881720430107527	0.365591397849462	1	1	0.74910394265233
881735	Bacteria_71	Ribosomal_L2	PF00181.23	0.24969696969697	0.687272727272727	0.278787878787879	0.357575757575758	0.635151515151515	0.722424242424242	0.875151515151515	0.543030303030303	0.486060606060606	0.755151515151515	0.56	0.673939393939394	0.602424242424242	0.19030303030303	0.831515151515152	0.915151515151515	0.612121212121212	1	0.796363636363636	0.850909090909091	1	0.975757575757576	0.963636363636364	0.936969696969697	0.532121212121212	0.67030303030303	0.892121212121212	0.888484848484848	0.701818181818182
881736	Bacteria_71	Ribosomal_L23	PF00276.20	0	0.962199312714777	0.45360824742268	0.247422680412371	0	0.371134020618557	0.701030927835051	0	0	0.484536082474227	0.467353951890034	0.525773195876289	0	0	0.625429553264605	0.628865979381443	0.731958762886598	0.890034364261168	0.907216494845361	0.560137457044674	1	1	0.123711340206186	0.883161512027491	0	0.893470790378007	0.900343642611684	1	0.879725085910653
881737	Bacteria_71	Ribosomal_L4	PF00573.22	0	0	0.346607669616519	0.0899705014749263	0	0	0.511799410029499	0	0	0.578171091445428	0.868731563421829	0	0.623893805309734	0.443952802359882	0.371681415929204	0.749262536873156	0.57669616519174	0.106194690265487	0.426253687315634	0.0973451327433628	0.572271386430678	0.482300884955752	0.441002949852507	0.895280235988201	0.629793510324484	0.787610619469027	0.648967551622419	0.955752212389381	0.542772861356932
881738	Bacteria_71	Ribosomal_L3	PF00297.22	0.00647249190938511	0.127831715210356	0.532362459546926	0	0	0.355987055016181	0.783171521035599	0.485436893203884	0	0.737864077669903	0.244336569579288	0.244336569579288	0.656957928802589	0.402912621359223	0.226537216828479	0.158576051779935	0.736245954692557	0.13915857605178	0.365695792880259	0.925566343042071	0.624595469255663	0.590614886731392	0.0275080906148867	0.477346278317152	0.927184466019418	0.453074433656958	1	0.98705501618123	0.707119741100324
881739	Bacteria_71	Ribosomal_S10	PF00338.22	0.519607843137255	0.111111111111111	0	0.150326797385621	0	0	0	0.11437908496732	0.627450980392157	0.892156862745098	0	0.493464052287582	0	0	0.542483660130719	0.545751633986928	0.366013071895425	0.797385620915033	0.758169934640523	0.977124183006536	0	0.343137254901961	0.493464052287582	0.712418300653595	0.980392156862745	1	0.133986928104575	1	0
894961	Bacteria_71	YajC	PF02699.15	0.564625850340136	0.5	0.880952380952381	0.462585034013605	0	0.612244897959184	0.680272108843537	0.394557823129252	0	0	0.0748299319727891	0	0.108843537414966	0	0.551020408163265	1	0	0.965986394557823	0.486394557823129	0.700680272108844	0	0.741496598639456	0.860544217687075	1	0.207482993197279	0.486394557823129	1	0.880952380952381	0.942176870748299
898205	Bacteria_71	tRNA-synt_1d	PF00750.19	0.240427927927928	0.826576576576577	0.177364864864865	0.612612612612613	0.150900900900901	0.102477477477477	0.923423423423423	0.269144144144144	0.52759009009009	0.497747747747748	0.591216216216216	0.498310810810811	0.263513513513513	0.170045045045045	0.223536036036036	0.837837837837838	0.483108108108108	0.626689189189189	0.671734234234234	0.990990990990991	0.737612612612613	0.903716216216216	0.613175675675676	0.368243243243243	0.815315315315315	0.289977477477477	0.904279279279279	0.453265765765766	0.603040540540541
923581	Bacteria_71	Chorismate_synt	PF01264.21	0.258747697974217	0.543278084714549	0.635359116022099	0.184162062615101	0.23572744014733	0.701657458563536	0.698895027624309	0.437384898710866	0.160220994475138	0	0.517495395948435	0.65377532228361	0.430939226519337	0.146408839779006	0.261510128913444	0.89963167587477	0.533149171270718	0.453038674033149	0.448434622467772	0.857274401473296	0.757826887661142	0.446593001841621	0.338858195211786	0.773480662983425	0.579189686924494	0.335174953959484	0.959484346224678	0.709944751381215	0.494475138121547
941897	Bacteria_71	Ribosomal_S15	PF00312.22	0	0.666666666666667	0.459259259259259	0.559259259259259	0	1	0.459259259259259	0.97037037037037	0.825925925925926	0	0.166666666666667	0.637037037037037	0	0	0.885185185185185	1	0.603703703703704	0.774074074074074	0.755555555555556	1	0.974074074074074	1	0.666666666666667	0.2	0.959259259259259	0.9	0.774074074074074	0.911111111111111	0.992592592592593
949122	Bacteria_71	Ribosomal_L1	PF00687.21	0.46231884057971	0.502898550724638	0.347826086956522	0.223188405797101	0.315942028985507	0.102898550724638	0.576811594202899	0.427536231884058	0.447826086956522	0.0376811594202899	0.149275362318841	0.502898550724638	0.547826086956522	0.455072463768116	0.768115942028985	0.760869565217391	0.42463768115942	0.404347826086957	0.594202898550725	0.785507246376812	0.868115942028985	0.672463768115942	0.6	0.53768115942029	0.749275362318841	0.46231884057971	0.826086956521739	0.902898550724638	0.628985507246377
718243	Bacteria_71	Ribosomal_L32p	PF01783.23	0	0.502564102564103	0	0.615384615384615	0	0	0.646153846153846	0.605128205128205	0.0307692307692308	0	0.6	0	0	0	0.574358974358974	0.882051282051282	0.6	1	0.164102564102564	1	0.307692307692308	1	1	1	0.507692307692308	0.625641025641026	1	1	0.57948717948718
748160	Bacteria_71	SmpB	PF01668.18	0.719806763285024	0.63768115942029	0.690821256038647	0.917874396135266	0	0	1	0.0483091787439614	0.734299516908213	0.922705314009662	0	0.922705314009662	0	0	0	0.729468599033816	0.864734299516908	0.63768115942029	0	0.342995169082126	0.801932367149758	0.845410628019324	0.729468599033816	0.729468599033816	0.251207729468599	0.516908212560386	0.980676328502416	1	0.8743961352657
757707	Bacteria_71	tRNA_m1G_MT	PF01746.21	0.175595238095238	0.651785714285714	0.766369047619048	0.610119047619048	0	0	0.598214285714286	0.324404761904762	0.311011904761905	0.671130952380952	0.6875	0.651785714285714	0.311011904761905	0.745535714285714	0.805059523809524	0.950892857142857	0.290178571428571	0.864583333333333	0.217261904761905	0.867559523809524	0.273809523809524	0.760416666666667	0.665178571428571	0.919642857142857	0.907738095238095	0.404761904761905	0.946428571428571	0.961309523809524	0.19047619047619
790433	Bacteria_71	RBFA	PF02033.18	0.180555555555556	0.702777777777778	0.827777777777778	1	0	0	1	0.0916666666666667	0.419444444444444	0.725	0.702777777777778	0	0	0.572222222222222	0.419444444444444	0.933333333333333	0.847222222222222	0.986111111111111	0.419444444444444	1	1	0.730555555555556	1	0.677777777777778	0.9	0.988888888888889	1	1	0.522222222222222
391384	Bacteria_71	RuvX	PF03652.15	0.492957746478873	0.967136150234742	0.354460093896714	0.788732394366197	0.354460093896714	0	0	0.582159624413146	0.349765258215962	0	0	0	0.352112676056338	0.384976525821596	0	1	0.809859154929577	0.60093896713615	0	0.276995305164319	0.530516431924883	0.964788732394366	0	0.784037558685446	0.514084507042254	0.0868544600938967	1	0.97887323943662	0.852112676056338
391395	Bacteria_71	Adenylsucc_synt	PF00709.21	0.409411764705882	0.442352941176471	0	0.503529411764706	0	0.470588235294118	0.538039215686275	0.627450980392157	0.764705882352941	0.138039215686275	0.594509803921569	0.513725490196078	0	0.434509803921569	0.445490196078431	0.976470588235294	0.351372549019608	0.793725490196078	0.461960784313726	0.453333333333333	0.477647058823529	0.71843137254902	0.300392156862745	0.712156862745098	0.693333333333333	0.564705882352941	0.749803921568627	0.619607843137255	0
478517	Bacteria_71	RsfS	PF02410.15	0	0.273712737127371	0.490514905149051	0.303523035230352	0	0.788617886178862	0.818428184281843	0	1	0.869918699186992	0.644986449864499	0.509485094850949	0.59349593495935	0	0.867208672086721	0.7289972899729	0.902439024390244	0.628726287262873	0.330623306233062	0.457994579945799	0.173441734417344	0	0.430894308943089	0.986449864498645	0.823848238482385	0.40650406504065	1	0.886178861788618	0.661246612466125
1247102	Bacteria_71	Ribosomal_S16	PF00886.19	0.472613458528951	0.482003129890454	0.220657276995305	0.888888888888889	0.0156494522691706	0.286384976525822	0.757433489827856	0.316118935837246	0.802816901408451	0	0.489827856025039	0.00625978090766823	0	0	0.474178403755869	0.762128325508607	0.704225352112676	0.474178403755869	0.741784037558685	0.582159624413146	0.543035993740219	0.719874804381847	0.294209702660407	0.779342723004695	0.47887323943662	0.928012519561815	0.851330203442879	0.676056338028169	0.25508607198748
1304056	Bacteria_71	SecG	PF03840.14	0.775862068965517	1	0.591954022988506	0	0.701149425287356	0.614942528735632	0.431034482758621	0.781609195402299	0.847701149425287	0.433908045977011	1	0.195402298850575	0.0316091954022988	0	0.316091954022989	1	0.109195402298851	1	0.905172413793103	0.589080459770115	0.956896551724138	1	0.798850574712644	0.612068965517241	0.589080459770115	0.902298850574713	0.100574712643678	0.399425287356322	1
