gene_callers_id	source	gene_name	gene_hmm_id	WAM_ALR	WAM_CCR	WAM_IPI	WAM_MAR	WAM_MYS	WAM_PBL	WAM_PJN	WAM_PPR	WAM_PST	WAM_ROL	WAM_SCR	WAM_SGN	WAM_SIS	WAM_TWN	WAR_ALR	WAR_CCR	WAR_IPI	WAR_MAR	WAR_MYS	WAR_PBL	WAR_PJN	WAR_PPR	WAR_PSK	WAR_PST	WAR_RNW	WAR_ROL	WAR_SCR	WAR_SGL	WAR_SIS
1069902	Bacteria_71	Ribosomal_L19	PF01245.20	0.836158192090395	0.742937853107345	0.418079096045198	0.771186440677966	0.508474576271186	0.782485875706215	0.700564971751412	0.833333333333333	0.771186440677966	1	0.703389830508475	0.968926553672316	0.254237288135593	0	0.587570621468927	1	0.793785310734463	1	0.745762711864407	1	1	1	0.621468926553672	1	0.898305084745763	1	1	0.954802259887006	0.932203389830508
1125730	Bacteria_71	ATP-synt_A	PF00119.20	0.752008032128514	0.847389558232932	0.238955823293173	0.741967871485944	0.632530120481928	0.344377510040161	1	0.293172690763052	0.461847389558233	0	0.810240963855422	0.432730923694779	0.125502008032129	0.330321285140562	0.458835341365462	0.950803212851406	0.353413654618474	1	0.896586345381526	0.806224899598394	0.894578313253012	1	0.919678714859438	0.877510040160643	0.81425702811245	0.643574297188755	1	0.872489959839357	0.442771084337349
1125733	Bacteria_71	OSCP	PF00213.18	0	0.742592592592593	0.738888888888889	0.183333333333333	0	0.162962962962963	0.324074074074074	0	0.45	0.396296296296296	0.564814814814815	0.272222222222222	0.325925925925926	0	0.468518518518519	0.874074074074074	0.138888888888889	0.862962962962963	0.35	0.662962962962963	0.724074074074074	1	0.192592592592593	0.409259259259259	0.905555555555556	0.653703703703704	0.844444444444444	0.874074074074074	0.574074074074074
1125735	Bacteria_71	ATP-synt	PF00231.19	0.270175438596491	0.301754385964912	0.981286549707602	0.290058479532164	0.63859649122807	0.245614035087719	0.825730994152047	0.269005847953216	0.198830409356725	0.138011695906433	0.614035087719298	0.632748538011696	0	0	0.647953216374269	1	0.369590643274854	1	0.254970760233918	0.698245614035088	0.878362573099415	0.87953216374269	0.473684210526316	0.91812865497076	0.708771929824561	0.329824561403509	0.949707602339181	0.721637426900585	0.729824561403509
1141536	Bacteria_71	RNA_pol_Rpb6	PF01192.22	0.889908256880734	0.513761467889908	0.792048929663609	0.226299694189602	0.660550458715596	0	0.834862385321101	0.712538226299694	0.920489296636086	0.284403669724771	0.972477064220184	0.99388379204893	0.345565749235474	0	0.296636085626911	1	0.938837920489297	1	1	0.920489296636086	0.82262996941896	1	0.844036697247706	0.688073394495413	0.859327217125382	0.54434250764526	1	0	0.856269113149847
1143062	Bacteria_71	Pept_tRNA_hydro	PF01195.19	0.431899641577061	0.734767025089606	0.521505376344086	0.648745519713262	0.655913978494624	0	0.862007168458781	0.238351254480287	0.541218637992832	0.541218637992832	0.507168458781362	0.182795698924731	0.259856630824373	0	0.295698924731183	1	1	0.659498207885305	0.483870967741935	0.849462365591398	0.93010752688172	1	0.469534050179211	0.681003584229391	0.621863799283154	0.10573476702509	1	0.890681003584229	0
1168601	Bacteria_71	eIF-1a	PF01176.19	0.759259259259259	1	0	0.634259259259259	0.888888888888889	0.453703703703704	0.930555555555556	0.740740740740741	0.115740740740741	0.675925925925926	1	0.930555555555556	1	0	0.930555555555556	1	0.875	0.810185185185185	0.814814814814815	1	0.546296296296296	1	0.847222222222222	1	1	0.541666666666667	1	0.25462962962963	0.138888888888889
1168602	Bacteria_71	SecY	PF00344.20	0.430983847283407	0.968428781204112	0.57488986784141	0.625550660792952	0.23201174743025	0.469162995594714	0.783406754772394	0.856828193832599	0.693098384728341	0.423641703377386	0.948604992657856	0.86417033773862	0.199706314243759	0.220264317180617	0.283406754772394	1	0.783406754772394	0.455212922173275	0.883259911894273	0.590308370044053	0.673274596182085	1	0.550660792951542	0.720264317180617	0.718795888399413	0.718061674008811	0.914831130690162	0.746696035242291	0.804698972099853
1168603	Bacteria_71	Ribosomal_L27A	PF00828.19	0	0.320088300220751	0.399558498896247	0.260485651214128	0	0	0.701986754966887	0.785871964679912	0.339955849889625	0.0618101545253863	0.666666666666667	0.337748344370861	0.607064017660044	0	0	0.93598233995585	0.883002207505519	0.637969094922737	0.443708609271523	0.810154525386313	0	0.991169977924945	0.362030905077263	0.536423841059603	0.571743929359823	0.664459161147903	0.865342163355408	0.673289183222958	0.995584988962472
1168606	Bacteria_71	Ribosomal_L18p	PF00861.22	0.442577030812325	1	0.417366946778712	0	0.862745098039216	0.369747899159664	0.666666666666667	0.585434173669468	0	0.0868347338935574	0.65546218487395	0	0.336134453781513	0	0.120448179271709	0.627450980392157	0.557422969187675	0.915966386554622	0.182072829131653	0.0812324929971989	0.607843137254902	1	0.76750700280112	0.747899159663866	0.789915966386555	0.873949579831933	1	0.784313725490196	0.697478991596639
1168607	Bacteria_71	Ribosomal_L6	PF00347.23	0	0.810810810810811	0.68018018018018	0	0.301801801801802	0	0.594594594594595	0	0	0	0.27027027027027	0	0	0	0	0.761261261261261	0.657657657657658	0	0	0	0.954954954954955	0.77027027027027	0.981981981981982	0.198198198198198	0.68018018018018	0.346846846846847	0.743243243243243	0.90990990990991	0.198198198198198
328114	Bacteria_71	TsaE	PF02367.17	0.471014492753623	0	0	0	0	0	0	0	0.434782608695652	0	0.241545893719807	0	0.260869565217391	0	0.57487922705314	1	0.132850241545894	0.565217391304348	0.429951690821256	0	0.120772946859903	1	0	0	0.270531400966184	0	0.306763285024155	0.734299516908213	0.101449275362319
532503	Bacteria_71	ADK	PF00406.22	0.468421052631579	0.998245614035088	0.787719298245614	0.721052631578947	0.531578947368421	0.491228070175439	0.912280701754386	0.247368421052632	0.682456140350877	0.698245614035088	0.735087719298246	0.842105263157895	1	0.119298245614035	0.950877192982456	1	0.985964912280702	0.745614035087719	1	0.694736842105263	0.917543859649123	1	0.956140350877193	1	0.875438596491228	1	1	1	0.654385964912281
532505	Bacteria_71	GrpE	PF01025.19	1	1	0.666666666666667	0.685071574642127	0.470347648261759	0.496932515337423	0.466257668711656	0.977505112474438	0.879345603271984	0.738241308793456	1	0.539877300613497	0.595092024539877	0	1	1	1	1	0.576687116564417	1	0.795501022494888	1	0.703476482617587	1	0.69120654396728	0.862985685071575	0.838445807770961	0.912065439672802	0.85480572597137
538361	Bacteria_71	Ribosomal_L32p	PF01783.23	0.713541666666667	0	0.395833333333333	0	0.260416666666667	1	1	0	1	1	1	0.921875	1	0	0	1	0.802083333333333	1	0.338541666666667	0.802083333333333	1	1	1	1	1	0.729166666666667	1	1	0.390625
562127	Bacteria_71	RsfS	PF02410.15	0.8	0.832	0.056	0.533333333333333	0	0	0.797333333333333	0	0.794666666666667	0.813333333333333	0.394666666666667	0.570666666666667	0.437333333333333	0	0	1	0.808	1	0.730666666666667	0.770666666666667	0.229333333333333	0.877333333333333	0.978666666666667	0.717333333333333	0.44	0.872	0.890666666666667	0.773333333333333	0
569724	Bacteria_71	Ham1p_like	PF01725.16	0.383680555555556	0.822916666666667	0.796875	0.739583333333333	0.289930555555556	0.722222222222222	0.736111111111111	0	0.684027777777778	0.423611111111111	0.881944444444444	0.407986111111111	0.829861111111111	0	0.217013888888889	1	0.171875	0.907986111111111	0.456597222222222	0.399305555555556	0.184027777777778	0.907986111111111	0.809027777777778	0.8125	0.472222222222222	0.920138888888889	0.788194444444444	0.96875	0.520833333333333
585041	Bacteria_71	Ribosomal_L9_C	PF03948.14	0.834920634920635	0.592063492063492	0	0	0.520634920634921	0.4	0.96031746031746	0.29047619047619	0.274603174603175	0	1	0.423809523809524	0.53015873015873	0	0.376190476190476	1	0.544444444444444	1	0.66031746031746	1	0.89047619047619	1	0.695238095238095	0.93015873015873	0.509523809523809	0.787301587301587	0.966666666666667	1	0.850793650793651
585043	Bacteria_71	Ribosomal_S6	PF01250.17	0.581196581196581	1	0.512820512820513	0	0.638176638176638	0.535612535612536	0.843304843304843	0.56980056980057	0.413105413105413	0	0.712250712250712	0	0.584045584045584	0	0	1	1	0.846153846153846	1	0.809116809116809	1	1	0.849002849002849	1	1	0.222222222222222	1	0.789173789173789	0.703703703703704
6615	Bacteria_71	RuvX	PF03652.15	0.561904761904762	1	0.371428571428571	0.419047619047619	0	0	0	0.676190476190476	0	0	0.961904761904762	0	1	0.476190476190476	0	1	0.342857142857143	1	0.580952380952381	0.857142857142857	0.780952380952381	1	1	0.876190476190476	0.495238095238095	0.780952380952381	0.866666666666667	1	0.60952380952381
1484933	Bacteria_71	Ribosomal_S10	PF00338.22	0.990196078431373	1	1	0.996732026143791	0.663398692810457	0.84640522875817	0.866013071895425	0.866013071895425	1	0.339869281045752	0.859477124183007	0.493464052287582	0.643790849673203	0	0.627450980392157	1	0.879084967320261	1	0.745098039215686	0.699346405228758	0.918300653594771	1	0.764705882352941	1	0	1	1	0.764705882352941	1
1484935	Bacteria_71	Ribosomal_S7	PF00177.21	0.0363247863247863	0.717948717948718	1	0.884615384615385	0	0	0.581196581196581	0.773504273504274	0.831196581196581	0	1	0.423076923076923	0.433760683760684	0	0.181623931623932	1	0.884615384615385	0.88034188034188	0.769230769230769	0.912393162393162	0.794871794871795	1	1	0.145299145299145	0.912393162393162	0.858974358974359	1	1	0.224358974358974
1484936	Bacteria_71	Ribosom_S12_S23	PF00164.25	0.73753280839895	0.879265091863517	0.850393700787402	1	1	0.671916010498688	0.606299212598425	0	0	0	1	0.464566929133858	0.695538057742782	0	0.808398950131234	1	1	1	0.658792650918635	1	0.645669291338583	1	0.485564304461942	0.952755905511811	0.955380577427822	0.826771653543307	1	1	0.73753280839895
1499862	Bacteria_71	RRF	PF01765.19	0.625272331154684	0.9760348583878	0.703703703703704	0.782135076252723	0.59041394335512	0	0.701525054466231	1	0.777777777777778	0.32244008714597	0.925925925925926	0.278867102396514	0.00217864923747276	0	0.496732026143791	1	0.788671023965142	0.880174291938998	0.997821350762527	0.631808278867102	1	0.982570806100218	0.92156862745098	0.762527233115468	0.681917211328976	0.928104575163399	0.978213507625272	0.61437908496732	0.982570806100218
1516157	Bacteria_71	Adenylsucc_synt	PF00709.21	0.282111899133176	0.601260835303388	0.655634357762017	0.533490937746257	0	0.710795902285264	0.921985815602837	0.442080378250591	0.61859732072498	0.149724192277384	0.866036249014972	0.523246650906225	0.585500394011032	0	0.575256107171001	1	0.428684003152088	0.991331757289204	0.829787234042553	0.844759653270292	0.717100078802206	0.970055161544523	0.293144208037825	0.605988967691095	0.886524822695035	0.918045705279748	1	0.847123719464145	0.674546887312845
1557954	Bacteria_71	Ribosomal_L3	PF00297.22	0.477093206951027	0.778830963665087	0.672985781990521	0.477093206951027	0	0.259083728278041	0.829383886255924	0.576619273301738	0.868878357030016	0.652448657187994	0.706161137440758	0.46129541864139	0	0.306477093206951	0.454976303317536	0.977883096366509	1	1	0.65086887835703	1	0.859399684044234	0.988941548183254	0.475513428120063	0.34913112164297	0.706161137440758	0.562401263823065	1	0.753554502369668	0.500789889415482
1557955	Bacteria_71	Ribosomal_L4	PF00573.22	0.212121212121212	0.977671451355662	0.542264752791069	0.562998405103668	0	0	0.368421052631579	0.288676236044657	0.596491228070175	0.240829346092504	0.901116427432217	0.896331738437002	0.48006379585327	0.499202551834131	0.188197767145136	0.885167464114832	0.735247208931419	0.917065390749601	0.696969696969697	0.913875598086124	0.381180223285486	1	0.896331738437002	0.732057416267943	1	0.22488038277512	1	0.499202551834131	0.840510366826156
1557956	Bacteria_71	Ribosomal_L23	PF00276.20	0.881944444444444	1	0.826388888888889	0.0729166666666667	0	0.847222222222222	0.993055555555556	0.75	0.854166666666667	0.986111111111111	0.833333333333333	0.524305555555556	0	0	1	1	1	0.732638888888889	0.909722222222222	0.944444444444444	0.274305555555556	1	1	0.819444444444444	0.947916666666667	0.496527777777778	1	0.600694444444444	0.517361111111111
1557957	Bacteria_71	Ribosomal_L2	PF00181.23	0.967032967032967	0.808302808302808	0.388278388278388	0.986568986568987	0	0.321123321123321	0.611721611721612	0.858363858363858	0.804639804639805	0.495726495726496	1	0.997557997557998	0.443223443223443	0	0.879120879120879	1	1	1	0.89010989010989	0.927960927960928	1	1	0.763125763125763	0.702075702075702	0.923076923076923	1	1	1	0.887667887667888
1557958	Bacteria_71	Ribosomal_S19	PF00203.21	0.933333333333333	1	1	0.625925925925926	0	0.833333333333333	0.914814814814815	0.596296296296296	0.562962962962963	1	0.937037037037037	0.625925925925926	0.418518518518519	0.792592592592593	0.781481481481481	1	1	0.988888888888889	1	1	1	1	0.948148148148148	0.992592592592593	0.481481481481481	0.718518518518519	1	1	0.437037037037037
1557959	Bacteria_71	Ribosomal_L22	PF00237.19	0.650666666666667	0.914666666666667	0.808	1	0.901333333333333	0.965333333333333	1	0.981333333333333	0.901333333333333	0.674666666666667	0.981333333333333	1	0.712	0.752	0.797333333333333	1	1	0.981333333333333	1	0.765333333333333	1	1	1	1	0.954666666666667	0.328	1	1	0.850666666666667
1580536	Bacteria_71	Ribosomal_L17	PF01196.19	0.5625	0.96969696969697	1	1	0.464015151515151	0.403409090909091	1	0.854166666666667	0.625	0.75	0.731060606060606	0.75	0.458333333333333	0	0.685606060606061	1	0.988636363636364	1	1	0.975378787878788	0.895833333333333	1	1	0.888257575757576	0.871212121212121	0.873106060606061	1	0.683712121212121	0.975378787878788
1580537	Bacteria_71	RNA_pol_L	PF01193.24	0.897119341563786	0.627572016460905	0.88477366255144	0.39917695473251	0.837448559670782	0.806584362139918	0.925925925925926	0.905349794238683	0.316872427983539	0.0555555555555556	1	0.88477366255144	0.888888888888889	0.532921810699588	0.273662551440329	0.94238683127572	0.88477366255144	0.919753086419753	0.930041152263374	1	0.650205761316872	1	0.5	0.94238683127572	0.925925925925926	0.940329218106996	0.874485596707819	1	0.919753086419753
1594188	Bacteria_71	SecG	PF03840.14	0.624649859943978	0.843137254901961	0.184873949579832	0.778711484593838	0	0	0.554621848739496	0.736694677871149	0.151260504201681	0.294117647058824	0.901960784313726	0.504201680672269	0.198879551820728	0	0.677871148459384	0.966386554621849	0.929971988795518	0.980392156862745	0.840336134453782	0.882352941176471	0.843137254901961	0.96078431372549	0.882352941176471	0.722689075630252	0.563025210084034	0.568627450980392	1	0.876750700280112	0.994397759103642
1594199	Bacteria_71	Ribosomal_L35p	PF01632.19	0.698412698412698	0.894179894179894	0.740740740740741	1	0	1	0	0	0.904761904761905	0.746031746031746	0.835978835978836	0.724867724867725	0.0317460317460317	0	0.783068783068783	1	0.238095238095238	0.862433862433862	0.195767195767196	1	0.968253968253968	1	0.439153439153439	0.275132275132275	0.587301587301587	0.322751322751323	0.740740740740741	0.724867724867725	0.0211640211640212
1594200	Bacteria_71	Ribosomal_L20	PF00453.18	0.359420289855072	1	0.623188405797101	0.423188405797101	0.431884057971014	0	0	0	0.805797101449275	0.8	0.594202898550725	0.76231884057971	0.828985507246377	0	0	1	0.695652173913043	1	0.634782608695652	0.971014492753623	0.579710144927536	1	1	0.634782608695652	0.878260869565217	0.860869565217391	0.718840579710145	0.197101449275362	0.420289855072464
1594268	Bacteria_71	Chorismate_synt	PF01264.21	0.435393258426966	0.926966292134832	0.913857677902622	0.867977528089888	0.530898876404494	0.637640449438202	0.723782771535581	0.508426966292135	0.690074906367041	0.458801498127341	0.852996254681648	0.887640449438202	0.313670411985019	0	0.573033707865168	1	0.976591760299626	0.913857677902622	0.962546816479401	0.586142322097378	0.931647940074906	0.946629213483146	0.665730337078652	0.601123595505618	0.728464419475655	0.48501872659176	0.902621722846442	0.98689138576779	0.848314606741573
1612190	Bacteria_71	AICARFT_IMPCHas	PF01808.18	0.48692152917505	0.7719651240778	0.381623071763917	0.64989939637827	0.543259557344064	0.106639839034205	0.824279007377599	0.327967806841046	0.640509725016767	0.558014755197854	0.970489604292421	0.527162977867203	0.44131455399061	0	0.751173708920188	0.992622401073105	0.625754527162978	0.993293091884641	0.565392354124749	0.854460093896714	0.778672032193159	0.960429242119383	0.520456069751844	0.741784037558685	0.693494299128102	0.778672032193159	1	0.560697518443997	0.619718309859155
1612198	Bacteria_71	RecO_C	PF02565.15	0.360482654600302	0.708898944193062	0.464555052790347	0.351432880844646	0.235294117647059	0.1236802413273	0.155354449472097	0.369532428355958	0.0784313725490196	0.431372549019608	0.891402714932127	0.583710407239819	0.800904977375566	0	0	0.627450980392157	0.532428355957768	0.799396681749623	0.318250377073906	0.641025641025641	0.524886877828054	1	0.446455505279035	0.393665158371041	0.782805429864253	0.689291101055807	1	0.437405731523379	0.126696832579186
1630765	Bacteria_71	PGK	PF00162.19	0.125104953820319	0	0.486985726280437	0.452560873215785	0.140218303946264	0.358522250209908	0.473551637279597	0.28127623845508	0	0.314861460957179	0.520570948782536	0.219143576826196	0.293870696893367	0	0.412258606213266	0.977329974811083	0.800167926112511	0.575146935348447	0.581024349286314	0.415617128463476	0.424013434089001	0.533165407220823	0	0.415617128463476	0.415617128463476	0.497900923593619	0.753148614609572	0.678421494542401	0.285474391267842
1635698	Bacteria_71	EF_TS	PF00889.19	0.900836320191159	0.751493428912784	0.812425328554361	0.903225806451613	0.33452807646356	0.0800477897252091	1	0.95221027479092	0.954599761051374	0.885304659498208	0.818399044205496	0.961768219832736	0.547192353643967	0.792114695340502	0.741935483870968	1	1	1	1	0.648745519713262	0.983273596176822	1	0.941457586618877	0.937873357228196	0.953405017921147	0.354838709677419	1	1	0.548387096774194
1635699	Bacteria_71	Ribosomal_S2	PF00318.20	0.781649245063879	1	0.953542392566783	0.753774680603949	0.479674796747967	0.500580720092915	0.879210220673635	0.887340301974448	0.717770034843206	0.686411149825784	1	0.900116144018583	0.692218350754936	0	0.416957026713124	0.990708478513356	1	0.78513356562137	0.934959349593496	0.786295005807201	0.849012775842044	1	0.817653890824623	1	0.980255516840883	0.968641114982578	1	0.995354239256678	0.609756097560976
1635700	Bacteria_71	Ribosomal_S9	PF00380.19	0	0.400516795865633	0.992248062015504	0.452196382428941	0	1	0.912144702842377	0.651162790697674	0	0.467700258397933	1	1	0.387596899224806	0.147286821705426	1	0.979328165374677	1	0.68733850129199	0.847545219638243	1	0.664082687338501	1	0.961240310077519	1	0.20671834625323	0.855297157622739	1	1	0.679586563307494
1635701	Bacteria_71	Ribosomal_L13	PF00572.18	0	0.36241610738255	0.823266219239374	0.993288590604027	0.827740492170022	0.711409395973154	0.760626398210291	0.668903803131991	0	0.577181208053691	0.975391498881432	1	0.791946308724832	0.539149888143177	0.832214765100671	1	0.966442953020134	0.852348993288591	0.993288590604027	1	1	1	1	1	0.950782997762864	0.624161073825503	1	0.939597315436242	0.503355704697987
1635713	Bacteria_71	Ribosomal_S20p	PF01649.18	0.231372549019608	0.870588235294118	0.294117647058824	0	0	0.647058823529412	0.643137254901961	0.168627450980392	0.56078431372549	1	1	0.807843137254902	0	0.568627450980392	1	1	0	0.870588235294118	1	0.945098039215686	1	0.423529411764706	0.32156862745098	1	0.63921568627451	0.227450980392157	0.858823529411765	0.258823529411765	0.341176470588235
1639435	Bacteria_71	SmpB	PF01668.18	0	0.345167652859961	0.652859960552268	0.297830374753452	0.29585798816568	0	0.715976331360947	0.416173570019724	0.861932938856016	0.493096646942801	0.816568047337278	0.193293885601578	0.422090729783037	0.199211045364892	0.422090729783037	0.712031558185404	0.353057199211045	0.455621301775148	0.2465483234714	0.656804733727811	0.422090729783037	0.731755424063116	0.808678500986193	0.735700197238659	0.489151873767258	0.449704142011834	1	0.68836291913215	0.374753451676529
746703	Bacteria_71	Ribosomal_S3_C	PF00189.20	0.657894736842105	0.866228070175439	0.557017543859649	0.68859649122807	0	0.633771929824561	0.559210526315789	0.513157894736842	0.719298245614035	0.451754385964912	0.984649122807018	0.692982456140351	0.00219298245614035	0	0.723684210526316	0.993421052631579	0.546052631578947	0.868421052631579	0.666666666666667	0.975877192982456	0.655701754385965	0.99780701754386	0.846491228070175	0.916666666666667	0.831140350877193	0.412280701754386	0.903508771929825	0.861842105263158	0.614035087719298
746704	Bacteria_71	Ribosomal_L16	PF00252.18	0.673809523809524	1	1	1	0.342857142857143	0.414285714285714	1	1	0.669047619047619	0.571428571428571	0.997619047619048	1	0.497619047619048	0	0.119047619047619	1	0.992857142857143	1	1	0.983333333333333	1	1	0.9	0.933333333333333	1	0.928571428571429	0.933333333333333	1	0.99047619047619
746705	Bacteria_71	Ribosomal_L29	PF00831.23	0.373737373737374	1	1	1	0	1	1	1	0	0	0.803030303030303	1	0.0808080808080808	0	0.848484848484849	1	1	1	1	0.737373737373737	1	1	0.146464646464646	1	1	1	1	1	0.580808080808081
746706	Bacteria_71	Ribosomal_S17	PF00366.20	1	1	0.72156862745098	0.576470588235294	0.733333333333333	0.858823529411765	1	1	0.870588235294118	0	1	0.917647058823529	1	0	0.156862745098039	1	1	0.886274509803922	0.901960784313726	1	1	1	0	1	0.698039215686274	0.909803921568627	1	1	0.650980392156863
746707	Bacteria_71	Ribosomal_L14	PF00238.19	0.800595238095238	1	1	0	0.327380952380952	0.723214285714286	0.99702380952381	0.958333333333333	0.988095238095238	0	0.863095238095238	0.282738095238095	0.482142857142857	0	0.821428571428571	1	1	0.824404761904762	0.791666666666667	1	1	1	0.901785714285714	1	0.901785714285714	0.961309523809524	1	1	0.732142857142857
746708	Bacteria_71	ribosomal_L24	PF17136.4	0.39047619047619	0.850793650793651	1	0.479365079365079	0.0412698412698413	1	0.241269841269841	0.415873015873016	0.644444444444444	0.479365079365079	1	0	0.0285714285714286	0	0.0285714285714286	1	0.901587301587302	1	0.59047619047619	0.86031746031746	0.33015873015873	1	0.301587301587302	0.926984126984127	1	0.565079365079365	0.888888888888889	0.828571428571429	1
746709	Bacteria_71	Ribosomal_L5	PF00281.19	0.967391304347826	0.84963768115942	0.989130434782609	0.755434782608696	0.547101449275362	0.436594202898551	1	0.347826086956522	0	0.34963768115942	1	0.617753623188406	0.52536231884058	0.253623188405797	0.657608695652174	1	0.155797101449275	0.920289855072464	1	1	0.911231884057971	1	0.992753623188406	0.942028985507246	1	0.769927536231884	1	0.884057971014493	0.860507246376812
746711	Bacteria_71	Ribosomal_S8	PF00410.19	0.721804511278195	0.784461152882206	0.508771929824561	0.887218045112782	0	0.205513784461153	1	0.897243107769424	0.601503759398496	0.18796992481203	1	0.994987468671679	0.225563909774436	0	0.81453634085213	1	0.804511278195489	1	0.972431077694236	0.882205513784461	0.944862155388471	1	0.583959899749373	1	0.827067669172932	0.636591478696742	0.949874686716792	0.781954887218045	0.75187969924812
746712	Bacteria_71	Ribosomal_L6	PF00347.23	1	0.891304347826087	1	1	0.501811594202899	0.800724637681159	1	0.291666666666667	0.896739130434783	0	1	0.293478260869565	0.367753623188406	0	0.942028985507246	1	0.407608695652174	1	0.449275362318841	1	0.742753623188406	1	1	1	0.985507246376812	0.710144927536232	0.996376811594203	0.972826086956522	0.922101449275362
746713	Bacteria_71	Ribosomal_L18p	PF00861.22	0.608465608465608	0	0.354497354497354	0.814814814814815	0	0	0.804232804232804	0	0.867724867724868	0.338624338624339	1	0	0	0	0.788359788359788	0.936507936507936	0.830687830687831	0.492063492063492	0.846560846560847	0.788359788359788	0.185185185185185	0.82010582010582	0.936507936507936	0.841269841269841	0.91005291005291	1	1	0.62962962962963	0
761320	Bacteria_71	Ribosomal_L27	PF01016.19	0.0852713178294574	1	0.48062015503876	0.434108527131783	0	0.391472868217054	0.577519379844961	0.577519379844961	0	0	1	0.643410852713178	0.457364341085271	0.782945736434108	0.996124031007752	1	1	1	1	1	0	1	0.562015503875969	1	0	0.581395348837209	1	1	0.406976744186047
761321	Bacteria_71	Ribosomal_L21p	PF00829.21	0.624595469255663	0.0129449838187702	0.398058252427184	0.210355987055016	0	0.608414239482201	0.3042071197411	0	0	0	1	0.627831715210356	1	0.00323624595469255	0.0355987055016181	1	0.239482200647249	0.970873786407767	0.55663430420712	0.961165048543689	0.43042071197411	0.676375404530744	0.993527508090615	1	0.877022653721683	0.15210355987055	1	0.349514563106796	0.818770226537217
812298	Bacteria_71	Ribosomal_S16	PF00886.19	0.914691943127962	0.990521327014218	0.897314375987362	0.85781990521327	0.477093206951027	0.824644549763033	0.805687203791469	0.748815165876777	0.881516587677725	0.456556082148499	0.802527646129542	0.676145339652449	0.363349131121643	0.53870458135861	0.614533965244866	1	0.737756714060032	0.974723538704581	0.965244865718799	0.829383886255924	0.723538704581359	1	0.906793048973144	0.744075829383886	0.835703001579779	0.838862559241706	0.892575039494471	0.812006319115324	0.939968404423381
814940	Bacteria_71	Ribosomal_S11	PF00411.19	0.953846153846154	0.817948717948718	0.861538461538462	1	0.0282051282051282	0.971794871794872	1	1	0.848717948717949	0.446153846153846	1	0.771794871794872	0.192307692307692	0.387179487179487	0.607692307692308	0.930769230769231	1	1	0.807692307692308	0.828205128205128	0.915384615384615	1	1	0.923076923076923	0.482051282051282	1	1	1	1
814941	Bacteria_71	Ribosomal_S13	PF00416.22	0.981333333333333	0.736	0.397333333333333	0.976	0.629333333333333	0.274666666666667	1	0.986666666666667	0.845333333333333	0.922666666666667	1	0.656	0	0	0	0.722666666666667	0.824	1	0.165333333333333	0.517333333333333	0.946666666666667	1	0.912	1	0.832	0.746666666666667	1	1	0.952
814942	Bacteria_71	eIF-1a	PF01176.19	0.575342465753425	0.794520547945205	1	0.648401826484018	1	0.799086757990868	1	1	0.926940639269406	0.821917808219178	1	0.648401826484018	0.401826484018265	0	0.502283105022831	1	1	0.958904109589041	1	1	1	1	1	1	1	1	1	1	0.981735159817352
814943	Bacteria_71	SecY	PF00344.20	0.996632996632997	0.855218855218855	0.976430976430976	0.910213243546577	0.546576879910213	0.916947250280584	0.968574635241302	1	0.79685746352413	0.768799102132436	1	0.826038159371493	0.887766554433221	0	0.892255892255892	0.960718294051627	0.872053872053872	0.868686868686869	0.795735129068462	0.988776655443322	0.939393939393939	1	0.823793490460157	0.948372615039282	0.911335578002245	0.895622895622896	0.964085297418631	0.791245791245791	0.950617283950617
822006	Bacteria_71	RBFA	PF02033.18	0.913888888888889	1	0.983333333333333	0.375	0.530555555555556	0.85	1	0.738888888888889	0.727777777777778	0	1	0.894444444444444	0.325	0.194444444444444	0.997222222222222	0.883333333333333	1	0.95	0.808333333333333	1	1	1	0.472222222222222	1	0.972222222222222	0.752777777777778	1	0.708333333333333	0.95
1237762	Bacteria_71	tRNA-synt_1d	PF00750.19	0.42237061769616	0.661658319421258	0.448525319977741	0.819699499165276	0.492487479131887	0.569838619922092	0.50361713967724	0.569282136894825	0.143016138007791	0.653311074012243	0.715080690038954	0.51307735114079	0.35559265442404	0	0.460211463550362	1	0.753478018920423	0.465776293823038	0.666666666666667	0.855870895937674	0.68725653867557	0.967723984418475	0.601558152476349	0.679465776293823	0.714524207011686	0.65164162493044	0.989983305509182	0.890929326655537	0.317195325542571
1251389	Bacteria_71	YajC	PF02699.15	1	1	1	0.795138888888889	0.607638888888889	0.90625	1	0.864583333333333	0	0.847222222222222	1	1	0	0	1	1	0.989583333333333	0.947916666666667	1	1	1	1	1	1	0.715277777777778	1	1	1	1
1304039	Bacteria_71	Ribosomal_S15	PF00312.22	0.83695652173913	0.452898550724638	0.894927536231884	0.452898550724638	0.438405797101449	0	1	0.420289855072464	0.739130434782609	0.735507246376812	0.467391304347826	0.144927536231884	0	0.177536231884058	0.72463768115942	0.702898550724638	0.945652173913044	1	0.891304347826087	0.757246376811594	1	1	0.858695652173913	0.989130434782609	0.634057971014493	0.601449275362319	1	1	0.746376811594203
1351356	Bacteria_71	Ribosomal_L1	PF00687.21	0.433908045977011	0.636494252873563	0.604885057471264	0.905172413793103	0.227011494252874	0.69683908045977	0.584770114942529	0.433908045977011	0.781609195402299	0.78448275862069	0.919540229885058	0.541666666666667	0.396551724137931	0.487068965517241	0.955459770114942	1	0.0632183908045977	0.96551724137931	1	1	1	1	0.916666666666667	0.956896551724138	1	0.675287356321839	0.998563218390805	1	0.762931034482759
