gene_callers_id	source	gene_name	gene_hmm_id	WAM_ALR	WAM_CCR	WAM_IPI	WAM_MAR	WAM_MYS	WAM_PBL	WAM_PJN	WAM_PPR	WAM_PST	WAM_ROL	WAM_SCR	WAM_SGN	WAM_SIS	WAM_TWN	WAR_ALR	WAR_CCR	WAR_IPI	WAR_MAR	WAR_MYS	WAR_PBL	WAR_PJN	WAR_PPR	WAR_PSK	WAR_PST	WAR_RNW	WAR_ROL	WAR_SCR	WAR_SGL	WAR_SIS
1075248	Bacteria_71	tRNA-synt_1d	PF00750.19	0.375	0.177230046948357	0	0.171948356807512	0.306924882629108	0.137910798122066	0.463615023474178	0.0211267605633803	0.0950704225352113	0.602112676056338	0.169014084507042	0.085093896713615	0.13849765258216	0.116197183098592	0.647300469483568	0	0.571009389671362	0.423708920187793	0.154929577464789	0.191901408450704	0.413145539906103	0.154929577464789	0.177230046948357	0.712441314553991	0.167253521126761	0.484154929577465	0.132629107981221	0.495305164319249	0.773474178403756
1126128	Bacteria_71	SecY	PF00344.20	0.54679802955665	0	0	0	0	0	0.266009852216749	0	0	0.428571428571429	0	0	0	0.402298850574713	0.467980295566503	0	0.367816091954023	0.471264367816092	0	0.246305418719212	0.0574712643678161	0	0.446633825944171	0.466338259441708	0	0.609195402298851	0	0.397372742200328	0.635467980295567
1126129	Bacteria_71	Ribosomal_L27A	PF00828.19	0.0444444444444444	0.450505050505051	0	0	0	0	0.446464646464646	0	0.634343434343434	0	0	0	0.0222222222222222	0.305050505050505	0.438383838383838	0	0.412121212121212	0.22020202020202	0	0.771717171717172	0.868686868686869	0.349494949494949	0.511111111111111	1	0.266666666666667	0.909090909090909	0.424242424242424	0.58989898989899	0.816161616161616
1126131	Bacteria_71	Ribosomal_L18p	PF00861.22	0.432795698924731	0	0	0	0	0.134408602150538	0.841397849462366	0	0	0.311827956989247	0	0.244623655913978	0.0134408602150538	0	0.00806451612903225	0.766129032258065	0	0.854838709677419	0.435483870967742	0.424731182795699	0	0	0.134408602150538	1	0.0967741935483871	0.96236559139785	0	0	0.516129032258065
1126132	Bacteria_71	Ribosomal_L6	PF00347.23	0.813780260707635	0	0	0	0.357541899441341	0	0.188081936685289	0	0.409683426443203	0.659217877094972	0	0	0.314711359404097	0	0.97951582867784	0.165735567970205	0.774674115456238	0.636871508379888	0.562383612662942	0.849162011173184	0.346368715083799	0	0.82122905027933	0.189944134078212	0.333333333333333	0.705772811918063	0	0.726256983240223	0.62756052141527
1126133	Bacteria_71	Ribosomal_S8	PF00410.19	0.424479166666667	0	0.255208333333333	0	0	0	0.572916666666667	0	0	0.325520833333333	0	0	0	0	0.739583333333333	0	0.765625	0.200520833333333	0	0	0.7421875	0	0	0.283854166666667	0	0.755208333333333	0	0.171875	0
1126135	Bacteria_71	Ribosomal_L5	PF00281.19	0.0681399631675875	0.554327808471455	0.0128913443830571	0.130755064456722	0.475138121546961	0	0.697974217311234	0	0.699815837937385	0	0	0.583793738489871	0	0	1	0	0.395948434622468	0.537753222836096	0.570902394106814	0	0.830570902394107	0	0.265193370165746	0.924493554327808	0.659300184162063	0.486187845303867	0.10865561694291	0.556169429097606	0.933701657458564
1126137	Bacteria_71	Ribosomal_L14	PF00238.19	0.02710027100271	0.563685636856369	0.149051490514905	0	0.631436314363144	0	0.850948509485095	0	0.35230352303523	0.401084010840108	0.0758807588075881	0.552845528455285	0	0	0.804878048780488	0	0.21680216802168	0.915989159891599	0	0.311653116531165	0	0	0.780487804878049	0.970189701897019	0	0.376693766937669	0	0.504065040650406	0.409214092140921
1126138	Bacteria_71	Ribosomal_S17	PF00366.20	0	0.593023255813954	0.910852713178294	0	0.565891472868217	0	0.585271317829457	0.910852713178294	0.709302325581395	0.426356589147287	0.976744186046512	0.24031007751938	0	0	0.810077519379845	0	0	0.251937984496124	0	0	0.51937984496124	0	0.406976744186047	1	0	0.674418604651163	0.313953488372093	0.624031007751938	0.65891472868217
1126139	Bacteria_71	Ribosomal_L29	PF00831.23	0	0.612745098039216	0.950980392156863	0	0	0	0	0.147058823529412	1	0.294117647058824	0	0	0	0	0.475490196078431	0	0.357843137254902	0.308823529411765	0.382352941176471	0.181372549019608	0	0	0.607843137254902	1	0.431372549019608	0.612745098039216	0.294117647058824	0	0.0686274509803922
1126140	Bacteria_71	Ribosomal_L16	PF00252.18	0.318734793187348	0.131386861313869	0.153284671532847	0	0	0	0.364963503649635	0	0.141119221411192	0.411192214111922	0	0	0	0	0.523114355231144	0	0.554744525547445	0.420924574209246	0.535279805352798	0.941605839416058	0.367396593673966	0.321167883211679	0	0.257907542579075	0.442822384428224	1	0	0	0.895377128953771
1126141	Bacteria_71	Ribosomal_S3_C	PF00189.20	0.519174041297935	0.24188790560472	0.00294985250737463	0	0.650442477876106	0	0.443952802359882	0	0.412979351032448	0.222713864306785	0	0.24188790560472	0	0	0.436578171091445	0	0.570796460176991	0.15929203539823	0.436578171091445	0.446902654867257	0.533923303834808	0.445427728613569	0.634218289085546	0.305309734513274	0	1	0	0.418879056047198	0.927728613569322
1126142	Bacteria_71	Ribosomal_L22	PF00237.19	0.194274028629857	0.576687116564417	0.437627811860941	0	0.752556237218814	0.881390593047035	0.531697341513292	0	0.519427402862986	0.768916155419223	0.415132924335378	0	0	0	1	0	0.110429447852761	0.372188139059305	0.192229038854806	0.333333333333333	0.613496932515337	0	0.570552147239264	1	0	0.701431492842536	0.016359918200409	0	0.834355828220859
1126143	Bacteria_71	Ribosomal_S19	PF00203.21	0.734767025089606	0	0.835125448028674	0	0	0	0	0	0.616487455197133	0.483870967741935	0	0	0	0	1	0	0	0	0	0	0.602150537634409	0	1	1	0	1	0.67741935483871	0	1
1126144	Bacteria_71	Ribosomal_L2	PF00181.23	0.824137931034483	0.173563218390805	0.711494252873563	0.293103448275862	0	0	0.422988505747126	0	0.0137931034482759	0.520689655172414	0	0.339080459770115	0.508045977011494	0.344827586206897	0.794252873563218	0.32183908045977	0.786206896551724	0	0	0.185057471264368	0.5	0.27816091954023	0.88735632183908	0.76551724137931	0.273563218390805	0.905747126436782	0	0.322988505747126	0.53448275862069
1126145	Bacteria_71	Ribosomal_L23	PF00276.20	0.956386292834891	0.470404984423676	0	0.0996884735202492	0	0	0.246105919003115	0.246105919003115	0.838006230529595	0	0	0	0.467289719626168	0	1	0	0.32398753894081	0	0	0	0.775700934579439	0	0.43613707165109	0	0	1	0	0.517133956386293	0.666666666666667
1126146	Bacteria_71	Ribosomal_L4	PF00573.22	0.731437598736177	0	0	0.477093206951027	0	0	0.262243285939968	0.306477093206951	0.292259083728278	0	0	0	0.477093206951027	0	0.767772511848341	0	0.954186413902054	0.639810426540284	0.541864139020537	0	0.611374407582938	0.475513428120063	0.60347551342812	0.758293838862559	0.660347551342812	0.987361769352291	0	0	0.946287519747235
1126147	Bacteria_71	Ribosomal_L3	PF00297.22	0.362519201228879	0	0.32258064516129	0	0	0	0.551459293394777	0	0.231950844854071	0.365591397849462	0	0	0	0	0	0	0.112135176651306	0	0	0.241167434715822	0.00921658986175115	0.178187403993856	0	0.705069124423963	0.288786482334869	0.682027649769585	0	0.485407066052227	0.0706605222734255
1126148	Bacteria_71	Ribosomal_S10	PF00338.22	0	0	0.501587301587302	0	0	0	0.911111111111111	0	0	0.33968253968254	0	0	0	0	0.580952380952381	0	0	0	0	0.203174603174603	0.888888888888889	0.574603174603175	0.688888888888889	0.380952380952381	0.342857142857143	0.0984126984126984	0	0	0.0984126984126984
1126151	Bacteria_71	Ribosomal_S7	PF00177.21	0.967391304347826	0	0	0	0	0	0.677536231884058	0.380434782608696	0.543478260869565	0.206521739130435	0	0.543478260869565	0.282608695652174	0	0.608695652173913	0	0.576086956521739	0.365942028985507	0	0.108695652173913	0.677536231884058	0.420289855072464	0.264492753623188	0.547101449275362	0.445652173913043	0.329710144927536	0.561594202898551	0.221014492753623	0.547101449275362
1126152	Bacteria_71	Ribosom_S12_S23	PF00164.25	1	0	0	0	0	0	0	0	0.578125	0.2109375	0	0	0	0	0.901041666666667	0	0.427083333333333	0.450520833333333	0.752604166666667	0	0	0	0	0.755208333333333	0	0.802083333333333	0	0.5	0.763020833333333
1151458	Bacteria_71	Exonuc_VII_L	PF02601.15	0.326825741142444	0.393347794649313	0.238611713665944	0.0896601590744758	0.109182935647144	0	0.2176428054953	0.202458423716558	0	0.503253796095445	0.399855386840202	0.158351409978308	0.302241503976862	0	0.66232827187274	0	0.594360086767896	0	0.135213304410701	0.433116413593637	0.449746926970354	0	0.404193781634129	0.527838033261027	0.265365148228489	0.812725958062184	0	0.109906001446132	0.531453362255965
253735	Bacteria_71	RRF	PF01765.19	0.388571428571429	0.415238095238095	0.773333333333333	0	0	0	0.893333333333333	0	0.782857142857143	0	0	0.297142857142857	0.0704761904761905	0	0.443809523809524	0.192380952380952	0.342857142857143	0	0.422857142857143	0	0	0	0.731428571428571	0.988571428571428	0.468571428571429	0.822857142857143	0.377142857142857	0	1
254479	Bacteria_71	Adenylsucc_synt	PF00709.21	0.55297157622739	0	0	0.311369509043928	0.178294573643411	0	0.317829457364341	0	0.335917312661499	0.53359173126615	0	0.147286821705426	0.782945736434108	0	0.739018087855297	0.390180878552972	0.390180878552972	0.224806201550388	0.308785529715762	0.0478036175710594	0.55297157622739	0	0.111111111111111	0.390180878552972	0.374677002583979	0.435400516795866	0.272609819121447	0	0.366925064599483
294338	Bacteria_71	Ribosomal_L28	PF00830.19	1	0	0	0	0.693486590038314	0	0	0	0.574712643678161	0.754789272030651	0	0	0	0	0.919540229885058	0	0.996168582375479	0.402298850574713	0	0.842911877394636	1	0	0	0.632183908045977	0	0.655172413793103	0	0.383141762452107	0.340996168582375
294339	Bacteria_71	SmpB	PF01668.18	0.521645021645022	0	0.502164502164502	0	0	0	0.614718614718615	0	0.324675324675325	0.593073593073593	0	0	0.0670995670995671	0.227272727272727	0.673160173160173	0	0	0.326839826839827	0.528138528138528	0.296536796536797	0.69047619047619	0	0	0.32034632034632	0	0.841991341991342	0.521645021645022	0.424242424242424	0
347844	Bacteria_71	ADK	PF00406.22	0	0	0.066334991708126	0.494195688225539	0.354892205638474	0	0.0978441127694859	0	0.912106135986733	0.248756218905473	0	0.0464344941956882	0.265339966832504	0	0.764510779436153	0	0.271973466003317	0.0895522388059701	0.500829187396352	0	0.734660033167496	0.250414593698176	0.248756218905473	0.678275290215589	0	0.85240464344942	0	0.364842454394693	0.379767827529021
563221	Bacteria_71	UPF0054	PF02130.17	0	0	0	0	0	0	0	0	0.315942028985507	0	0	0	0.0347826086956522	0	0.565217391304348	0	0.826086956521739	0.927536231884058	0.43768115942029	0.339130434782609	0.515942028985507	0.707246376811594	0	0	0	0.944927536231884	0	0	0.67536231884058
577281	Bacteria_71	SecE	PF00584.20	0	0.337899543378995	0.616438356164384	0	0	0	0	0.212328767123288	0.515981735159817	0.0958904109589041	0	0	0.089041095890411	0.125570776255708	0.353881278538813	0	1	0.438356164383562	0.315068493150685	0	0.118721461187215	0.404109589041096	0.312785388127854	0.984018264840183	0.212328767123288	0.721461187214612	0	0	0.520547945205479
577284	Bacteria_71	Ribosomal_L1	PF00687.21	0.43019943019943	0.415954415954416	0	0.0698005698005698	0	0	0.858974358974359	0	0.225071225071225	0.0484330484330484	0	0	0	0	0.807692307692308	0	0.834757834757835	0.411680911680912	0.299145299145299	0.0156695156695157	0.202279202279202	0	0.215099715099715	0.383190883190883	0	0.883190883190883	0.319088319088319	0	0
646072	Bacteria_71	Ribosomal_L9_C	PF03948.14	0	0	0.539961013645224	0.389863547758285	0.686159844054581	0	0.844054580896686	0	0	0.42495126705653	0	0.45224171539961	0	0	0.844054580896686	0	0.606237816764133	0	0.52046783625731	0	0.157894736842105	0	0.709551656920078	0.684210526315789	0	0.929824561403509	0.729044834307992	0.499025341130604	0.155945419103314
1178	Bacteria_71	RsfS	PF02410.15	0.810734463276836	0	0.822033898305085	0	0	0	0.0423728813559322	0	0.426553672316384	1	0.468926553672316	0	0	0.0169491525423729	0.497175141242938	0	0.192090395480226	0.61864406779661	0.703389830508475	0	0.53954802259887	0.646892655367232	0.15819209039548	0.977401129943503	0.720338983050847	0.813559322033898	1	0.799435028248588	1
31451	Bacteria_71	PGK	PF00162.19	0.0825545171339564	0	0	0	0.68380062305296	0	0.233644859813084	0	0	0.401869158878505	0	0	0	0.233644859813084	0.588785046728972	0	0.714953271028037	0.330218068535826	0.356697819314642	0	0.559190031152648	0.655763239875389	0.467289719626168	0.361370716510903	0	0.507788161993769	0.255451713395639	0.423676012461059	0.848909657320872
31452	Bacteria_71	PGK	PF00162.19	0.170854271356784	0	0.695142378559464	0.222780569514238	0.100502512562814	0	0.604690117252931	0	0.680067001675042	0	0	0.696817420435511	0	0	0.795644891122278	0.336683417085427	0.587939698492462	0	0	0.375209380234506	0.375209380234506	0.472361809045226	0.591289782244556	0.78894472361809	0.499162479061977	0.581239530988275	0	0.360134003350084	0.470686767169179
31454	Bacteria_71	SecG	PF03840.14	0.793028322440087	0.0980392156862745	0	0	0.647058823529412	0	0	0.0479302832244009	0	0.466230936819172	0	0	0	0	0.925925925925926	0.191721132897603	0.708061002178649	0	0.16557734204793	0.431372549019608	0.450980392156863	0	0	0.869281045751634	0	0.516339869281046	0.254901960784314	0.762527233115468	0.830065359477124
32991	Bacteria_71	RecO_C	PF02565.15	0.115805946791862	0	0	0	0.217527386541471	0.383411580594679	0.30829420970266	0	0.123630672926448	0.287949921752739	0	0.176838810641628	0	0	0.555555555555556	0	0.42566510172144	0	0	0.208137715179969	0.741784037558685	0	0.63849765258216	0.830985915492958	0.07981220657277	0.514866979655712	0	0.342723004694836	0.741784037558685
32992	Bacteria_71	UPF0054	PF02130.17	0.341954022988506	0	0	0	0.491379310344828	0	0	0	0.620689655172414	0.836206896551724	0	0.0689655172413793	0	0	0.735632183908046	0	0.71551724137931	0	0	0.272988505747126	0.304597701149425	0	0	0.718390804597701	0.744252873563218	0.974137931034483	0	0	0.339080459770115
56448	Bacteria_71	YajC	PF02699.15	0	0	0	0	0.0772357723577236	0	0	0	0	0.40650406504065	0	0	0	0	0.601626016260163	0	0	0.33739837398374	0.211382113821138	0.0203252032520325	0.422764227642277	0	0.296747967479675	0	0.609756097560976	1	0	0	0.304878048780488
71239	Bacteria_71	Ribosomal_L21p	PF00829.21	0.879365079365079	0	0.558730158730159	0	0.86984126984127	0	0.495238095238095	0.806349206349206	0.838095238095238	0.0317460317460317	0	0	0	0	1	0	0.228571428571429	0.561904761904762	0	0.0857142857142857	0.803174603174603	0.479365079365079	0	0.520634920634921	0.476190476190476	0.0317460317460317	0	0	0.679365079365079
71240	Bacteria_71	Ribosomal_L27	PF01016.19	0.632958801498127	0	0.0187265917602996	0	0	0.640449438202247	0	0.786516853932584	0.456928838951311	0	0	0	0	0	0.951310861423221	0.348314606741573	0	0.895131086142322	0	1	0.426966292134831	0.565543071161049	0	0	0	0.50936329588015	0	0	0.951310861423221
74302	Bacteria_71	Ribosomal_L13	PF00572.18	0.298924731182796	0	0.204301075268817	0.324731182795699	0	0	0.647311827956989	0	0.649462365591398	0.262365591397849	0	0	0	0	0.974193548387097	0	0	0.673118279569892	0.397849462365591	0.537634408602151	0.425806451612903	0	0.643010752688172	0.223655913978495	0	0.021505376344086	0.324731182795699	0.352688172043011	0.823655913978495
74303	Bacteria_71	Ribosomal_S9	PF00380.19	0	0	0.506172839506173	0	0	0	0.195061728395062	0	0.192592592592593	1	0.538271604938272	0	0.496296296296296	0	1	0	0	0.891358024691358	0.390123456790123	0.62962962962963	0.395061728395062	0	0.281481481481481	0.575308641975309	0	0.135802469135802	0.37283950617284	0.720987654320988	0.8
94217	Bacteria_71	Ribosomal_S15	PF00312.22	0.540229885057471	0	0	0.578544061302682	0	0	0.854406130268199	0.229885057471264	0.632183908045977	0	0	0	0	0.0421455938697318	0.383141762452107	1	0.521072796934866	0.344827586206897	0	0.827586206896552	0	0	0	1	0	0.81992337164751	0.578544061302682	0	0.628352490421456
138824	Bacteria_71	Ribosomal_L20	PF00453.18	0.751366120218579	0	0	0	0	0	0.595628415300546	0	0.412568306010929	0.672131147540984	0	0	0	0	0.907103825136612	0	0.855191256830601	0.683060109289617	0.73224043715847	0.377049180327869	0.890710382513661	0.778688524590164	0	0.885245901639344	0	0.26775956284153	0	0.770491803278688	1
138825	Bacteria_71	Ribosomal_L35p	PF01632.19	0.704225352112676	0.713615023474178	0	0.131455399061033	0.671361502347418	0	0.666666666666667	0	0.704225352112676	0.704225352112676	0	0	0	0	0.84037558685446	0	1	0.483568075117371	0	0.971830985915493	0.474178403755869	0	0.272300469483568	0.145539906103286	0	0.751173708920188	0	0.746478873239437	0.976525821596244
1475921	Bacteria_71	Adenylsucc_synt	PF00709.21	0.735202492211838	0	0.0342679127725857	0	0	0.283489096573209	0.395638629283489	0	0.635514018691589	0	0	0	0	0	0.940809968847352	0	0.470404984423676	0	0	0.26791277258567	0.361370716510903	0.0498442367601246	0.330218068535826	0.420560747663551	0	0	0	0	0.67601246105919
1542829	Bacteria_71	Chorismate_synt	PF01264.21	0.330054644808743	0	0.308196721311475	0	0	0	0.182513661202186	0	0.67431693989071	0	0	0	0	0	0.618579234972678	0	0.574863387978142	0.234972677595628	0.32896174863388	0	0.530054644808743	0.134426229508197	0.359562841530055	0.0896174863387978	0	0.769398907103825	0.165027322404372	0.32896174863388	0.370491803278689
1553197	Bacteria_71	Ribonuclease_P	PF00825.18	0.91131498470948	0	0	0	0	0.428134556574923	0.036697247706422	0.458715596330275	0.669724770642202	0	0	0	0	0	1	0.201834862385321	0.892966360856269	0.45565749235474	0	0.46177370030581	0	0	0.629969418960245	0.602446483180428	0.415902140672783	0.617737003058104	0	0	0.62691131498471
1706516	Bacteria_71	eIF-1a	PF01176.19	0.684931506849315	0	0	0	0	0	0	0	0.442922374429224	1	0	0	0	0	0.71689497716895	0	0.945205479452055	0	0	0.904109589041096	0.388127853881279	0	0	0.726027397260274	0	0.82648401826484	0	1	0.242009132420091
953198	Bacteria_71	RBFA	PF02033.18	1	0.781420765027322	0	0	0	0.322404371584699	0.628415300546448	0	0.39344262295082	0.199453551912568	0	0.00546448087431694	0.412568306010929	0	0.890710382513661	0.412568306010929	0.133879781420765	0.147540983606557	0.721311475409836	0	0.702185792349727	0	0.483606557377049	0.592896174863388	0	0.581967213114754	0.781420765027322	0.478142076502732	0.560109289617486
988246	Bacteria_71	GrpE	PF01025.19	0.649940262843489	0	0.59378733572282	0.237753882915173	0	0	0.445639187574671	0	0.678614097968937	0.563918757467145	0	0.256869772998805	0	0	0.201911589008363	0.270011947431302	0.787335722819594	0.444444444444444	0.359617682198327	0	0.550776583034648	0	0	0.623655913978495	0.31063321385902	0.915173237753883	0.535244922341697	0.626045400238949	0.765830346475508
994802	Bacteria_71	Ribosomal_S13	PF00416.22	0	0	0.283582089552239	0	0	0	0.746268656716418	0	0	0	0	0	0	0	0.517412935323383	0	0.208955223880597	0.174129353233831	0	0	0.611940298507463	0	0	0.527363184079602	0.228855721393035	0.537313432835821	0	0	0
994803	Bacteria_71	Ribosomal_S11	PF00411.19	0.43127147766323	0	0.756013745704467	0	0	0	0.72680412371134	0	0.383161512027491	0.609965635738832	0	0	0	0	0.47766323024055	0	0.556701030927835	0.513745704467354	0	0.15979381443299	0.451890034364261	0	0	0.927835051546392	0.262886597938144	0.766323024054983	0	0.443298969072165	0.582474226804124
994805	Bacteria_71	RNA_pol_L	PF01193.24	0.686813186813187	0.188644688644689	0	0	0	0	0.772893772893773	0	0.108058608058608	0.441391941391941	0	0.276556776556777	0	0	0.693223443223443	0.137362637362637	0.276556776556777	0.416666666666667	0.201465201465201	0.436813186813187	0.216117216117216	0.242673992673993	0.380952380952381	0.90018315018315	0	0.863553113553114	0	0	0.710622710622711
994806	Bacteria_71	Ribosomal_L17	PF01196.19	0.786435786435786	0	0	0	0	0	0.626262626262626	0	0.126984126984127	0	0	0	0	0	0.682539682539683	0.215007215007215	0.519480519480519	0.304473304473304	0.95959595959596	0.53968253968254	0.786435786435786	0	0.362193362193362	0.962481962481962	0.54978354978355	0.572871572871573	0.217893217893218	0	0.398268398268398
1006414	Bacteria_71	RuvX	PF03652.15	0.339080459770115	0	0.335249042145594	0	0	0	0	0	0.191570881226054	0	0	0	0	0	0	0	0	0	0	0	0	0.28735632183908	0	0.747126436781609	0	0.331417624521073	0	0	0.902298850574713
1039560	Bacteria_71	GrpE	PF01025.19	0.42156862745098	0	0	0	0.0669934640522876	0	0.388888888888889	0	0.246732026143791	0.55718954248366	0	0	0	0	0.625816993464052	0	0.246732026143791	0	0.428104575163399	0.271241830065359	0.0980392156862745	0	0.42483660130719	0.689542483660131	0	0.892156862745098	0	0	0.454248366013072
406645	Bacteria_71	Ribosomal_L1	PF00687.21	0	0	0	0.515555555555556	0	0	0	0	0.455555555555556	0.546666666666667	0	0	0.175555555555556	0	0.471111111111111	0	0	0.333333333333333	0.424444444444444	0	0	0.333333333333333	0.331111111111111	0.564444444444444	0	0.6	0	0	0
446371	Bacteria_71	Pept_tRNA_hydro	PF01195.19	0.72520325203252	0.708943089430894	0.489430894308943	0.247154471544715	0	0	0.178861788617886	0	0	0	0.245528455284553	0	0	0	0.671544715447154	0	0.746341463414634	0.24390243902439	0.666666666666667	0	0.645528455284553	0.489430894308943	0.24390243902439	0.741463414634146	0	0.853658536585366	0	0.117073170731707	0.826016260162602
446372	Bacteria_71	Ribosomal_S6	PF01250.17	0	0.05	0	0	0	0.726666666666667	0.313333333333333	0	0.72	0	0.5	0.83	0	0	0.95	0	0.86	0	0.626666666666667	0	0.59	0	0.503333333333333	0.81	0	0.606666666666667	0	0.183333333333333	1
451966	Bacteria_71	RuvX	PF03652.15	0	0	0.365079365079365	0	0	0	0	0	0	0	0	0.335978835978836	0	0	0.399470899470899	0.658730158730159	0.259259259259259	0	0.399470899470899	0	0.611111111111111	0	0.716931216931217	0.658730158730159	0	0	0	0	0.563492063492063
479380	Bacteria_71	IPPT	PF01715.17	0	0	0.647392290249433	0	0.436507936507937	0	0	0	0.488662131519274	0.337868480725624	0	0.303854875283447	0	0.342403628117914	0.704081632653061	0	0.417233560090703	0	0	0.283446712018141	0.260770975056689	0.580498866213152	0.266439909297052	0.44671201814059	0	0.646258503401361	0.526077097505669	0	0.246031746031746
1233295	Bacteria_71	TsaE	PF02367.17	0.898345153664303	0	0.465721040189125	0	0	0	0	0.356973995271868	0.356973995271868	0.163120567375887	0	0	0.352245862884161	0	0.971631205673759	0.0732860520094563	0.224586288416076	0.42789598108747	0	0	0.475177304964539	0.588652482269504	0	0.58628841607565	0	0.75177304964539	0	0	0.319148936170213
1363654	Bacteria_71	ATP-synt	PF00231.19	0.88361581920904	0.299435028248588	0.413559322033898	0.341242937853107	0.224858757062147	0	0.657627118644068	0	0.67909604519774	0.541242937853107	0	0	0.60225988700565	0	0.937853107344633	0	0.611299435028249	0.379661016949153	0.514124293785311	0.431638418079096	0.572881355932203	0	0.340112994350282	0.810169491525424	0	0.440677966101695	0.410169491525424	0.258757062146893	0.619209039548023
