gene_callers_id	source	gene_name	gene_hmm_id	WAM_ALR	WAM_CCR	WAM_IPI	WAM_MAR	WAM_MYS	WAM_PBL	WAM_PJN	WAM_PPR	WAM_PST	WAM_ROL	WAM_SCR	WAM_SGN	WAM_SIS	WAM_TWN	WAR_ALR	WAR_CCR	WAR_IPI	WAR_MAR	WAR_MYS	WAR_PBL	WAR_PJN	WAR_PPR	WAR_PSK	WAR_PST	WAR_RNW	WAR_ROL	WAR_SCR	WAR_SGL	WAR_SIS
1085002	Bacteria_71	Ribosomal_L5	PF00281.19	0	1	0	0	0.351515151515152	0	0	0.775757575757576	0.63030303030303	0	1	1	0	0	1	1	0	0	0	0	0.2	1	0	1	0	0	1	0	0
1090577	Bacteria_71	ADK	PF00406.22	0	0.663056558363418	0.462093862815884	0	0.383874849578821	0.102286401925391	0.528279181708785	0.628158844765343	0.444043321299639	0	1	0	0	0.21179302045728	0.181708784596871	1	0	0.265944645006017	0.262334536702768	0.778580024067389	0	1	0	0	0.188929001203369	0	0.927797833935018	0	0
1100433	Bacteria_71	Ribosomal_S10	PF00338.22	0	0.786786786786787	0.0660660660660661	0	0.927927927927928	0.60960960960961	0	0.954954954954955	0.252252252252252	0	1	0.306306306306306	0	0.483483483483483	0	1	0	0.237237237237237	0.66966966966967	0.780780780780781	0	1	0	0.801801801801802	0.366366366366366	0	0.915915915915916	0.528528528528528	0
1136317	Bacteria_71	Ribosomal_L27A	PF00828.19	0	0.96969696969697	0	0	0.404040404040404	0.386363636363636	0	0.702020202020202	0	0	1	0.669191919191919	0	0	0	1	0	0.878787878787879	0	0.454545454545455	0	1	0	0.46969696969697	0.441919191919192	0	0.916666666666667	0	0
1140655	Bacteria_71	ribosomal_L24	PF17136.4	0	1	0	0.783854166666667	0	0	0	0.309895833333333	0	0	1	0.8203125	0	0	0	1	0	0	0	0	0.268229166666667	1	0	0.4140625	0	0	1	0	0.0859375
1158603	Bacteria_71	Ribosomal_L21p	PF00829.21	0	0.397286821705426	0	0.784883720930233	0.579457364341085	0	0	0.0116279069767442	0	0	0.445736434108527	0.451550387596899	0	0	0	0.959302325581395	0	0.248062015503876	0	0.184108527131783	0	1	0	0.383720930232558	0.583333333333333	0	0.949612403100775	0	0
1166901	Bacteria_71	SecY	PF00344.20	0	1	0.500897666068223	0.42130460801915	0.44524236983842	0.189108318372232	0	0.317773788150808	0.286056253740275	0	0.887492519449432	0.698384201077199	0	0	0	1	0	0.301615798922801	0.18491921005386	0	0	1	0	0.106523040095751	0.174147217235189	0	1	0	0
1178478	Bacteria_71	Ribosomal_L2	PF00181.23	0	0.941798941798942	0	0.276014109347443	0	0.2663139329806	0.1331569664903	0.594356261022928	0.361552028218695	0	0.58994708994709	0.283950617283951	0	0.0167548500881834	0.264550264550265	1	0.132275132275132	0.229276895943563	0.541446208112875	0.2663139329806	0	1	0	0.265432098765432	0.396825396825397	0.265432098765432	0.785714285714286	0	0
1178540	Bacteria_71	Ham1p_like	PF01725.16	0	0.739197530864197	0	0.231481481481481	0	0	0	0.429012345679012	0.317901234567901	0	0.373456790123457	0	0	0	0	0.983024691358025	0	0	0	0.175925925925926	0	0.99537037037037	0	0	0	0	0.765432098765432	0	0.316358024691358
1188299	Bacteria_71	Ribosomal_S2	PF00318.20	0.341269841269841	0.585034013605442	0.470521541950113	0.650793650793651	0.527210884353742	0.344671201814059	0	0.448979591836735	0.170068027210884	0	1	0.578231292517007	0	0.171201814058957	0	1	0	0.206349206349206	0.6859410430839	0.527210884353742	0	1	0	0.300453514739229	0.365079365079365	0	0.978458049886621	0.341269841269841	0
1202716	Bacteria_71	Ribosomal_S17	PF00366.20	0	0.930666666666667	0.584	0.402666666666667	0.821333333333333	0	0	0.402666666666667	0	0	1	0.482666666666667	0	0.453333333333333	0	1	0	0.402666666666667	0.309333333333333	0	0	1	0	0.322666666666667	0	0	1	0.349333333333333	0
1221993	Bacteria_71	Ribosomal_L22	PF00237.19	0	0.918478260869565	0.869565217391304	0.367753623188406	0	0	0	0.960144927536232	0.384057971014493	0	1	0.271739130434783	0	0	0	1	0	0	0.219202898550725	0	0	1	0	0.509057971014493	0.389492753623188	0	1	0	0
198294	Bacteria_71	EF_TS	PF00889.19	0	0.59537037037037	0	0.449074074074074	0.225	0.37037037037037	0	0.605555555555556	0.632407407407407	0	0.931481481481482	0.357407407407407	0.171296296296296	0	0.19537037037037	1	0	0.0694444444444444	0.490740740740741	0.389814814814815	0	1	0.14537037037037	0.460185185185185	0.27037037037037	0	0.953703703703704	0	0
209572	Bacteria_71	TsaE	PF02367.17	0	0.568421052631579	0	0	0	0	0.375438596491228	0.42280701754386	0	0	0.733333333333333	0.528070175438596	0	0	0	0.819298245614035	0	0.503508771929825	0	0.324561403508772	0.447368421052632	0.987719298245614	0	0.463157894736842	0.421052631578947	0	0.731578947368421	0	0
218456	Bacteria_71	SecE	PF00584.20	0	0	0.965367965367965	0	0.558441558441558	0	0	0.692640692640693	0	0	0.818181818181818	0.757575757575758	0	0	0	0.965367965367965	0	0	0	0	0	1	0	0	0	0	0	0	0
229666	Bacteria_71	tRNA_m1G_MT	PF01746.21	0	0.861572535991141	0	0.968992248062015	0.510520487264673	0	0.471760797342193	0.784053156146179	0.501661129568106	0.333333333333333	0.856035437430786	0	0	0.334440753045404	0	1	0.00664451827242524	0.428571428571429	0	0.0863787375415282	0	1	0	0.16500553709856	0.333333333333333	0	0.951273532668882	0	0
231154	Bacteria_71	Ribosomal_S20p	PF01649.18	0.206827309236948	0.959839357429719	0.528112449799197	0.293172690763052	0	0	0	0.522088353413655	0	0	0.572289156626506	0.44578313253012	0	0.55421686746988	0	1	0.255020080321285	0.532128514056225	0	0.746987951807229	0	0.971887550200803	0	0	0	0	1	0	0
237368	Bacteria_71	Ribosomal_L4	PF00573.22	0.325953259532595	0.616236162361624	0.340713407134071	0	0.118081180811808	0.370233702337023	0	0.43050430504305	0.353013530135301	0	0.696186961869619	0	0	0.252152521525215	0.293972939729397	0.8769987699877	0	0.263222632226322	0	0.490774907749078	0	0.863468634686347	0	0.389913899138991	0.247232472324723	0	0.939729397293973	0.185731857318573	0
242336	Bacteria_71	Ribosomal_S6	PF01250.17	0	0.699453551912568	0	0.885245901639344	0	0.480874316939891	0	0	0	0	0.825136612021858	0.530054644808743	0	0	0	1	0	0.158469945355191	0	0	0	0.939890710382514	0	0	0.453551912568306	0.120218579234973	1	0	0
276965	Bacteria_71	UPF0054	PF02130.17	0	0.902192242833052	0	0.408094435075885	0.192804946599213	0	0	0.357504215851602	0.227655986509275	0	0.560427206295672	0.625632377740304	0	0.175941540191119	0	1	0	0.164699269252389	0.181562675660483	0.0775716694772344	0	1	0	0.671163575042159	0.388420460933109	0	0.865654862282181	0.168071950534008	0
290314	Bacteria_71	Ribosomal_L1	PF00687.21	0	1	0.186567164179104	0.554726368159204	0.282338308457711	0.0907960199004975	0.514925373134328	0.356965174129353	0	0	0.902985074626866	0.243781094527363	0	0	0	1	0	0	0	0.374378109452736	0	1	0	0.609452736318408	0.233830845771144	0	1	0.217661691542289	0
292435	Bacteria_71	Ribosomal_L13	PF00572.18	0	0.726415094339623	0.237421383647799	0.336477987421384	0.232704402515723	0.00786163522012578	0	0.816037735849057	0.234276729559748	0	0.616352201257862	0.237421383647799	0	0	0	1	0	0.473270440251572	0	0.317610062893082	0	1	0	0.877358490566038	0.0125786163522012	0	0.968553459119497	0	0
303651	Bacteria_71	RuvX	PF03652.15	0	0.458064516129032	0.0752688172043011	0.462365591397849	0	0.296774193548387	0	0	0.0408602150537634	0	0.733333333333333	0	0	0	0	0.995698924731183	0	0.324731182795699	0.156989247311828	0.324731182795699	0	0.582795698924731	0	0	0	0	0.729032258064516	0	0
304889	Bacteria_71	Ribosomal_S7	PF00177.21	0	1	0.981818181818182	0.664646464646465	0.684848484848485	0.305050505050505	0	0.612121212121212	0.614141414141414	0	0.678787878787879	0	0	0	0.521212121212121	1	0	0	0	0.484848484848485	0.608080808080808	1	0	0.898989898989899	0.4	0	0.854545454545454	0	0
304891	Bacteria_71	Ham1p_like	PF01725.16	0	0.766666666666667	0.158585858585859	0.18989898989899	0	0.604040404040404	0.866666666666667	0.671717171717172	0.173737373737374	0.228282828282828	0.941414141414141	0.098989898989899	0	0.54040404040404	0.119191919191919	1	0	0	0	0.555555555555556	0	1	0	0	0.176767676767677	0	0.981818181818182	0	0
317699	Bacteria_71	RRF	PF01765.19	0	0.55421686746988	0	0	0.833333333333333	0	0	0.767068273092369	0.528112449799197	0	0.981927710843374	0.210843373493976	0	0	0	1	0	0.479919678714859	0	0.196787148594378	0.604417670682731	1	0	0.27710843373494	0	0	0.594377510040161	0	0
339339	Bacteria_71	Ribosomal_S10	PF00338.22	0	0.475124378109453	0.713930348258706	0	0	0	0	0.517412935323383	0.554726368159204	0	0.937810945273632	1	0	0	0	1	0	0	0.0572139303482587	0.68407960199005	0	1	0.333333333333333	0.559701492537313	0	0	0.915422885572139	0	0
345118	Bacteria_71	Ribosomal_L28	PF00830.19	0	1	0.398989898989899	0.0378787878787879	0.318181818181818	0.664141414141414	0	0.555555555555556	0	0	1	0.679292929292929	0	0	0	1	0	0.601010101010101	0.401515151515151	0	0.328282828282828	1	0.651515151515151	0.494949494949495	0.573232323232323	0	0.936868686868687	0.0555555555555556	0
565512	Bacteria_71	Ribosomal_S6	PF01250.17	0.309178743961353	0.826086956521739	0	0	0	0	0	0.888888888888889	0	0	0.352657004830918	0	0	0	0	1	0	0.0241545893719807	0.280193236714976	0	0	0.995169082125604	0	0	0.111111111111111	0	0.492753623188406	0	0
571267	Bacteria_71	Ribosomal_S9	PF00380.19	0	0.923280423280423	0	0	0	0.367724867724868	0.484126984126984	0.328042328042328	0.12962962962963	0.399470899470899	1	0.391534391534392	0	0	0	1	0	0.502645502645503	0.388888888888889	0.0846560846560847	0	1	0	0	0.555555555555556	0	1	0	0
589253	Bacteria_71	Ribosomal_L35p	PF01632.19	0	0.61598440545809	0	0.146198830409357	0	0	0	0.543859649122807	0.292397660818713	0	0.586744639376218	0.247563352826511	0	0.499025341130604	0	1	0	0.192982456140351	0	0	0	1	0	0	0.243664717348928	0	0.306042884990253	0.165692007797271	0
591667	Bacteria_71	Ribosomal_L17	PF01196.19	0	0.870056497175141	0.324858757062147	0.918079096045198	0.853107344632768	0.0903954802259887	0	0.757062146892655	0	0	1	0.731638418079096	0	0	0	1	0.426553672316384	0	0.0508474576271186	0.771186440677966	0	1	0	0	0	0	0.951977401129944	0	0
611401	Bacteria_71	ADK	PF00406.22	0	0.689922480620155	0.306201550387597	0.498708010335917	0	0	0	0.733850129198966	0.354005167958656	0	1	0	0	0	0.36046511627907	1	0	0.0258397932816537	0.388888888888889	0.344961240310078	0	1	0	0.0762273901808786	0.195090439276486	0	0.72609819121447	0	0
612131	Bacteria_71	IPPT	PF01715.17	0	0.993710691823899	0.392033542976939	0.487071977638015	0	0.190775681341719	0.211041229909154	0.232704402515723	0.19706498951782	0	0.897973445143256	0.187281621243885	0	0.104122990915444	0	1	0	0.120894479385045	0	0.53529000698812	0.209643605870021	1	0.209643605870021	0.424877707896576	0.185185185185185	0	0.89937106918239	0	0
618240	Bacteria_71	Pept_tRNA_hydro	PF01195.19	0	0.638694638694639	0	0	0.350815850815851	0.241258741258741	0	0.72027972027972	0	0	0.648018648018648	0.462703962703963	0	0	0	1	0	0.247086247086247	0	0	0	0.975524475524476	0	0.529137529137529	0.333333333333333	0	0.991841491841492	0	0
650269	Bacteria_71	ATP-synt	PF00231.19	0	1	0.425287356321839	0.238244514106583	0.407523510971787	0	0	0.732497387669801	0.410658307210031	0	1	0.306165099268548	0.157784743991641	0.314524555903866	0.25914315569488	1	0	0.530825496342738	0.429467084639498	0.156739811912226	0.476489028213166	1	0	0.716823406478579	0.315569487983281	0	1	0	0
678699	Bacteria_71	ADK	PF00406.22	0	0.699186991869919	0.270325203252033	0	0	0.306910569105691	0.305894308943089	0.725609756097561	0.160569105691057	0	0.794715447154472	0.223577235772358	0	0	0	1	0	0.396341463414634	0	0.384146341463415	0	1	0	0.395325203252033	0.732723577235772	0	0.893292682926829	0.29369918699187	0.305894308943089
90143	Bacteria_71	Ribosomal_L19	PF01245.20	0	0.374331550802139	0.0320855614973262	0.828877005347594	0	0.36541889483066	0	0.146167557932264	0.253119429590018	0	0.839572192513369	0	0	0	0	1	0	0.349376114081996	0	0.142602495543672	0	0.96969696969697	0	0.203208556149733	0	0	0.896613190730838	0	0
104658	Bacteria_71	Ribosomal_L19	PF01245.20	0	0.958333333333333	0.58	0.503333333333333	0	0.66	0	0.635	0.0933333333333333	0	0.73	0	0	0	0	1	0.0566666666666667	0	0	0.655	0.25	1	0	0.96	0.231666666666667	0	1	0	0
118347	Bacteria_71	AICARFT_IMPCHas	PF01808.18	0	0.991960420531849	0	0.199752628324057	0.132343846629561	0.244279529993816	0.153370439084725	0.647495361781076	0.322820037105751	0	0.950525664811379	0.628942486085343	0.101422387136673	0.341372912801484	0	1	0.113790970933828	0.121212121212121	0.338280766852195	0.212121212121212	0	1	0	0.332096474953618	0.0878169449598021	0	0.990105132962276	0	0.186765615337044
139379	Bacteria_71	IPPT	PF01715.17	0	0.873348873348873	0.201243201243201	0.533022533022533	0.209013209013209	0	0.0396270396270396	0.756798756798757	0.287490287490287	0	0.955710955710956	0.618492618492618	0.117327117327117	0.10955710955711	0	1	0	0.128982128982129	0.43045843045843	0.506604506604507	0	0.944832944832945	0.233100233100233	0.464646464646465	0.198135198135198	0	0.994560994560995	0.226884226884227	0
1429816	Bacteria_71	Ribosomal_L22	PF00237.19	0	0.705014749262537	0.485250737463127	0.31858407079646	0.443952802359882	0.327433628318584	0	0	0.336283185840708	0	0.622418879056047	0.443952802359882	0	0	0	1	0	0.221238938053097	0.284660766961652	0.420353982300885	0	0.918879056047198	0	0	0.445427728613569	0	0.912979351032448	0	0
1443693	Bacteria_71	tRNA-synt_1d	PF00750.19	0	0.831978319783198	0.157859078590786	0.381436314363144	0.331978319783198	0.348915989159892	0.30420054200542	0.390243902439024	0.685636856368564	0	0.613821138211382	0.455284552845528	0	0.204607046070461	0	1	0	0.0670731707317073	0.531165311653117	0.267615176151762	0.218157181571816	1	0	0.314363143631436	0	0.111788617886179	0.853658536585366	0	0
1443695	Bacteria_71	tRNA-synt_1d	PF00750.19	0	0.984722222222222	0	0.318055555555556	0.1625	0.4125	0	0.513888888888889	0.451388888888889	0	0.818055555555556	0.577777777777778	0	0	0	1	0	0.631944444444444	0.2375	0	0.323611111111111	1	0.220833333333333	0	0	0	1	0	0
1459029	Bacteria_71	Ribosomal_S9	PF00380.19	0	0.763565891472868	0	0.55297157622739	0	0	0	0.518087855297158	0.257105943152455	0	0.952196382428941	0.422480620155039	0	0	0	1	0	0.236434108527132	0	0.431524547803618	0	0.988372093023256	0	0.785529715762274	0.507751937984496	0	0.689922480620155	0	0
1468301	Bacteria_71	Ribosomal_L14	PF00238.19	0	1	0.313008130081301	0.776422764227642	0.467479674796748	0	0	1	0	0	1	0.845528455284553	0	0	0.540650406504065	1	0	0	0	0.548780487804878	0	1	0	0.939024390243902	0.573170731707317	0	1	0	0
1469482	Bacteria_71	Ribosomal_S13	PF00416.22	0	0.929539295392954	0.615176151761518	0	0.21680216802168	0	0	0.682926829268293	0.745257452574526	0	0.924119241192412	0.563685636856369	0	0	0	1	0.501355013550135	0	0.558265582655827	0.813008130081301	0	1	0	0.501355013550135	0.474254742547426	0	1	0.544715447154472	0
1534457	Bacteria_71	Ribosomal_S13	PF00416.22	0	1	0.981609195402299	0.806896551724138	0.839080459770115	0.464367816091954	0	0.606896551724138	0.942528735632184	0	1	0.811494252873563	0	0	0	1	0.0206896551724138	0.457471264367816	0.436781609195402	0	0.691954022988506	1	0	0.381609195402299	0	0	1	0	0
1556702	Bacteria_71	RBFA	PF02033.18	0	0.661458333333333	0.33203125	0.779947916666667	0.484375	0.229166666666667	0.388020833333333	0.774739583333333	0.666666666666667	0	0.833333333333333	0.536458333333333	0	0	0	1	0	0.220052083333333	0	0.296875	0	1	0	0.78125	0	0	1	0	0.313802083333333
1556761	Bacteria_71	Ribosomal_L6	PF00347.23	0	0.828125	0.260416666666667	0.465277777777778	0.701388888888889	0	0.409722222222222	0.715277777777778	0.734375	0.267361111111111	0.829861111111111	1	0	0	0	0.935763888888889	0	0	0.0954861111111111	0.258680555555556	0	1	0.376736111111111	0	0	0	1	0	0
1566106	Bacteria_71	Ribosomal_S6	PF01250.17	0	1	0.688644688644689	1	0	0	0	0.981684981684982	0.622710622710623	0	1	0	0	0	0	1	0	0	0	0	0	1	0	0.904761904761905	0	0	1	0	0
1573150	Bacteria_71	Ribonuclease_P	PF00825.18	0	0.92018779342723	0	0.0211267605633803	0	0.338028169014085	0	0.213615023474178	0.154929577464789	0	1	0	0	0	0	1	0	0.523474178403756	0	0.495305164319249	0.330985915492958	1	0.220657276995305	0.225352112676056	0.352112676056338	0	1	0	0
1579964	Bacteria_71	Ribosomal_L18p	PF00861.22	0	0.750841750841751	0.208754208754209	0	0.148148148148148	0.252525252525253	0.577441077441077	0.782828282828283	0.36026936026936	0	1	0.106060606060606	0	0.106060606060606	0	1	0.547138047138047	0	0	0	0	1	0	0.32996632996633	0	0	0.944444444444444	0	0
1600032	Bacteria_71	Adenylsucc_synt	PF00709.21	0	0.952267303102625	0.804295942720764	0.674622116149562	0.295147175815434	0.00477326968973747	0.237072394590294	0.692124105011933	0.167859984089101	0.120127287191726	0.974542561654734	0.298329355608592	0	0.0437549721559268	0	1	0	0.254574383452665	0.280031821797932	0.227525855210819	0	1	0	0.33969769291965	0.363564041368337	0	0.940334128878282	0.109785202863962	0.45266507557677
1606610	Bacteria_71	GrpE	PF01025.19	0	0.883977900552486	0.278084714548803	0.703499079189687	0.49171270718232	0	0	0.747697974217311	0.278084714548803	0	1	0.707182320441989	0	0	0	0.987108655616943	0.535911602209945	0.340699815837937	0.241252302025783	0.464088397790055	0	1	0	0	0.779005524861878	0	1	0	0
1622290	Bacteria_71	Chorismate_synt	PF01264.21	0	0.843347639484979	0.0686695278969957	0.354792560801145	0.232474964234621	0.214592274678112	0	0.686695278969957	0.438483547925608	0	0.818311874105865	0.989985693848355	0	0.030758226037196	0	1	0	0.260371959942775	0.216022889842632	0.0829756795422032	0	1	0	0.482832618025751	0.319027181688126	0	0.963519313304721	0	0.215307582260372
1627334	Bacteria_71	Ribosomal_S15	PF00312.22	0	0.74910394265233	0.274193548387097	0	0	0.349462365591398	0	0.747311827956989	0.372759856630824	0	0.991039426523298	0.57168458781362	0	0	0	0.951612903225806	0	0	0.8584229390681	0.268817204301075	0	1	0	0.240143369175627	0.308243727598566	0.028673835125448	0.872759856630824	0	0
1660674	Bacteria_71	Ribosomal_L28	PF00830.19	0	0.524752475247525	0.94059405940594	0.617161716171617	0.0198019801980198	0.848184818481848	0	0.844884488448845	0	0	1	0	0	0	0	1	0	0	0.68976897689769	0.201320132013201	0.382838283828383	1	0	0	0	0	1	0	0.498349834983498
1660695	Bacteria_71	Ham1p_like	PF01725.16	0	0.962516733601071	0.0254350736278447	0.423025435073628	0.409638554216867	0.202141900937082	0	0	0.676037483266399	0	0.950468540829987	0.393574297188755	0	0	0	1	0	0	0.00803212851405622	0.650602409638554	0.313253012048193	1	0	0	0.164658634538153	0	1	0.236947791164659	0
1692562	Bacteria_71	Ribosomal_L20	PF00453.18	0	1	0.86374695863747	0.355231143552311	0.357664233576642	0.428223844282238	0	0.912408759124088	0	0	1	0.0145985401459854	0	0	0	1	0	0	0	0.732360097323601	0	1	0	0	0.776155717761557	0	1	0	0
1693898	Bacteria_71	Ribosomal_L27	PF01016.19	0.207591933570581	0.889679715302491	0	0.442467378410439	0.358244365361803	0.298932384341637	0	0.701067615658363	0.358244365361803	0	0.886120996441281	0.345195729537367	0	0.0166073546856465	0	1	0.3570581257414	0.297746144721234	0.0213523131672598	0.209964412811388	0	0.912218268090154	0	0.200474495848161	0.257413997627521	0	0.981020166073547	0.417556346381969	0
1701783	Bacteria_71	GrpE	PF01025.19	0	0.832752613240418	0	0	0.35075493612079	0	0	0.154471544715447	0.152148664343786	0	0.645760743321719	0.439024390243902	0	0	0	1	0	0.379790940766551	0.454123112659698	0.0836236933797909	0	0.99883855981417	0	0.48548199767712	0.35191637630662	0	0.994192799070848	0	0
1701792	Bacteria_71	Ribosomal_S3_C	PF00189.20	0	1	0	0	1	0	0	0	0.415873015873016	0	0.99047619047619	0.0158730158730159	0	0	0.4	1	0	0	0	0	0	1	0	0.565079365079365	0	0	1	0	0
1708234	Bacteria_71	Ribosomal_S16	PF00886.19	0	0.92283950617284	0	0	0.919753086419753	0	0	1	0.466049382716049	0	1	0.580246913580247	0	0.820987654320988	0.938271604938272	1	0	0.358024691358025	1	0.648148148148148	0.679012345679012	1	0	0.466049382716049	0.691358024691358	0	1	0	0
1726653	Bacteria_71	SecY	PF00344.20	0.301639344262295	0.805464480874317	0	0	0	0.32896174863388	0.32896174863388	0.633879781420765	0.233879781420765	0	0.888524590163934	0.559562841530055	0	0	0	1	0	0.0306010928961749	0.184699453551913	0.304918032786885	0.144262295081967	1	0	0.180327868852459	0.183606557377049	0.298360655737705	0.995628415300546	0	0
1726654	Bacteria_71	SecY	PF00344.20	0	0.586834733893557	0.546218487394958	0.211484593837535	0	0.23249299719888	0	0.626050420168067	0.375350140056022	0	1	0.0420168067226891	0	0	0	1	0	0.327731092436975	0	0.42436974789916	0	1	0	0.210084033613445	0	0	0.953781512605042	0	0
1739881	Bacteria_71	OSCP	PF00213.18	0	0.601010101010101	0.414141414141414	0	0	0	0	0.904040404040404	0.0126262626262626	0	1	0.391414141414141	0	0	0.189393939393939	1	0	0	0	0.633838383838384	0	1	0.547979797979798	0.0606060606060606	0.547979797979798	0	0.686868686868687	0.613636363636364	0
885945	Bacteria_71	ATP-synt	PF00231.19	0	0.994192799070848	0.430894308943089	0.27061556329849	0.436701509872242	0	0.314750290360046	1	0.596980255516841	0	1	0.476190476190476	0	0.240418118466899	0	1	0	0.520325203252033	0.349593495934959	0.80952380952381	0.349593495934959	1	0	0.306620209059233	0.101045296167247	0	0.991869918699187	0	0
911252	Bacteria_71	tRNA_m1G_MT	PF01746.21	0	0.779535864978903	0	0	0.45464135021097	0	0.158227848101266	0.561181434599156	0.612869198312236	0	0.927742616033755	0.276898734177215	0	0	0	1	0	0.0880801687763713	0	0.586497890295359	0.0828059071729958	1	0	0.396097046413502	0.286919831223629	0	0.949894514767932	0	0.089662447257384
925983	Bacteria_71	Ribosomal_L22	PF00237.19	0	0.818181818181818	0	0	0	0	0.663636363636364	0.736363636363636	0.0757575757575758	0	1	0.527272727272727	0	0.357575757575758	0	1	0	0	0.539393939393939	0	0	1	0	0	0	0	0.478787878787879	0.00606060606060606	0
941509	Bacteria_71	Ribosomal_L6	PF00347.23	0	0.928735632183908	0.889655172413793	0.452873563218391	0	0	0	0.88735632183908	0	0	0.91264367816092	0.347126436781609	0	0	0	1	0	0	0	0	0	1	0	0.422988505747126	0	0	1	0	0
969228	Bacteria_71	RsfS	PF02410.15	0	0.822416302765648	0.347161572052402	0.580786026200873	0.579330422125182	0	0	0.519650655021834	0	0	0.975982532751092	0.612809315866084	0	0	0	1	0.0997088791848617	0.192867540029112	0	0.243813682678311	0.392285298398836	1	0.170305676855895	0.300582241630277	0	0.199417758369723	1	0.219796215429403	0.106986899563319
978925	Bacteria_71	Ribosomal_L4	PF00573.22	0	1	0	0.427350427350427	0.321937321937322	0	0	0.643874643874644	0.122507122507123	0	0.735042735042735	0	0	0	0	1	0	0.737891737891738	0.663817663817664	0	0	1	0	0	0	0	1	0	0
981381	Bacteria_71	Ribosomal_L13	PF00572.18	0	0.802816901408451	0.236306729264476	0.433489827856025	0.0438184663536776	0.226917057902973	0	0.510172143974961	0.405320813771518	0	1	0.732394366197183	0	0	0	1	0	0.251956181533646	0.560250391236307	0.621283255086072	0.41471048513302	1	0	0.477308294209703	0.236306729264476	0.312989045383412	1	0	0
1013044	Bacteria_71	eIF-1a	PF01176.19	0	1	0.351981351981352	0.811188811188811	0.219114219114219	0	0	0.836829836829837	0	0	1	0.664335664335664	0	0	0	1	0	0.184149184149184	0	0	0.356643356643357	1	0	0.703962703962704	0.944055944055944	0	0.794871794871795	0	0
1021539	Bacteria_71	Ribosomal_L1	PF00687.21	0	0.683264177040111	0.189488243430152	0.413554633471646	0	0.0760719225449516	0	0.340248962655602	0.420470262793914	0	1	0.182572614107884	0	0	0	1	0.338865836791148	0	0.405255878284924	0.632088520055325	0	1	0	0.142461964038728	0	0	0.951590594744122	0	0
1028706	Bacteria_71	PGK	PF00162.19	0.219317356572259	0.912127814088598	0.460421205519245	0.721859114015977	0.218591140159768	0.297022512708787	0	0.639796659404503	0.266521423384169	0	0.871459694989107	0.578794480755265	0	0	0	1	0	0.0588235294117647	0.366739288307916	0.151053013798112	0.295570079883805	1	0	0.478576615831518	0.286855482933914	0	1	0	0
707373	Bacteria_71	Ribosomal_L13	PF00572.18	0	0.797916666666667	0	0.16875	0.314583333333333	0	0	0.545833333333333	0.8375	0	1	0	0.627083333333333	0	0	1	0	0	0.64375	0.647916666666667	0.3875	1	0	0.758333333333333	0.814583333333333	0	1	0	0
718947	Bacteria_71	Ribosomal_L1	PF00687.21	0	1	0	0.351270553064275	0.45440956651719	0	0	0.804185351270553	0.466367713004484	0	0.997010463378176	0.823617339312407	0	0	0	1	0	0.418535127055306	0.448430493273543	0.533632286995516	0.509715994020927	1	0	0.279521674140508	0.224215246636771	0	1	0	0
724775	Bacteria_71	Ribosomal_L23	PF00276.20	0	1	0.164874551971326	0.609318996415771	0.369175627240143	0	0	0.476702508960573	0.541218637992832	0	1	0	0.021505376344086	0	0	1	0	0.161290322580645	0.537634408602151	0.422939068100358	0	1	0	0.612903225806452	0.408602150537634	0	1	0	0
782575	Bacteria_71	Ribosomal_L29	PF00831.23	0	0.886021505376344	0	0.806451612903226	0	0.610752688172043	0	0	0	0	0.76989247311828	0	0	0.202150537634409	0	1	0	0	0.324731182795699	0.344086021505376	0	1	0	0	0.402150537634409	0	1	0.275268817204301	0.647311827956989
808057	Bacteria_71	Ribosomal_L4	PF00573.22	0	0.861111111111111	0	0.471064814814815	0.408564814814815	0.193287037037037	0.233796296296296	0.349537037037037	0.74537037037037	0	0.696759259259259	0.52662037037037	0.171296296296296	0	0	0.927083333333333	0	0	0	0.121527777777778	0.34837962962963	0.99537037037037	0.349537037037037	0.478009259259259	0.295138888888889	0	0.972222222222222	0.314814814814815	0
826803	Bacteria_71	OSCP	PF00213.18	0	0.751082251082251	0	0	0.521645021645022	0.329004329004329	0	0.324675324675325	0.41991341991342	0	1	0.300865800865801	0.29004329004329	0	0	1	0	0.151515151515152	0	0.515151515151515	0	1	0	0.482683982683983	0	0	1	0	0
854020	Bacteria_71	Ribosomal_L23	PF00276.20	0	0.745614035087719	0	0	0	0	0	1	0	0	0.745614035087719	0.441520467836257	0	0	0	0.660818713450292	0	0	0.701754385964912	1	0	0.953216374269006	0	0	0	0.654970760233918	0.970760233918129	0	0
397581	Bacteria_71	Ham1p_like	PF01725.16	0	0.506872852233677	0.786941580756014	0.395189003436426	0.257731958762887	0.379725085910653	0	0.506872852233677	0	0	1	0.479381443298969	0	0.235395189003436	0	1	0	0.565292096219931	0	0.391752577319588	0	1	0	0	0.678694158075601	0	0.93298969072165	0	0
410622	Bacteria_71	Ribosomal_L32p	PF01783.23	0	0.657952069716776	0.339869281045752	0	0	0	0	0	0	0	0.55119825708061	0	0	0	0	1	0	0.298474945533769	0	0.145969498910675	0	0.925925925925926	0	0.572984749455338	0	0	1	0	0
413989	Bacteria_71	Ribosomal_L27A	PF00828.19	0	1	0	0.217592592592593	0.398148148148148	0.164351851851852	0	0.967592592592593	0.699074074074074	0	1	0.231481481481481	0	0	0	1	0	0	0	0	0	1	0	0.62962962962963	0	0.694444444444444	1	0.532407407407407	0
416332	Bacteria_71	Ribosomal_L16	PF00252.18	0	0.785714285714286	0.532967032967033	0	0.646520146520147	0.547619047619048	0	0.743589743589744	0.655677655677656	0	0.97985347985348	0.723443223443223	0	0.021978021978022	0	1	0	0.0347985347985348	0.445054945054945	0.467032967032967	0	1	0	0	0.382783882783883	0	1	0	0
439938	Bacteria_71	RsfS	PF02410.15	0	1	0.575757575757576	0.114718614718615	0.571428571428571	0	0	0.727272727272727	0	0	1	0.867965367965368	0	0.387445887445887	0.467532467532468	1	0	0	0.261904761904762	0.651515151515151	0	1	0	0	0	0	0.898268398268398	0	0
439940	Bacteria_71	Ribosomal_S15	PF00312.22	0	0.917948717948718	0.666666666666667	0.794871794871795	0	0	0	0.948717948717949	1	0	1	0	0	0	0	1	0	0	0	0.876923076923077	1	1	0	0	0.492307692307692	0	1	0	0
443465	Bacteria_71	ADK	PF00406.22	0	0.94300518134715	0	0.471502590673575	0	0.518134715025907	0	0.66839378238342	0	0	1	0.754749568221071	0.00345423143350604	0.0725388601036269	0	1	0.134715025906736	0.170984455958549	0	0.0466321243523316	0	1	0	0.518134715025907	0.544041450777202	0	1	0	0
443591	Bacteria_71	RRF	PF01765.19	0	0.919831223628692	0.212376933895921	0.506329113924051	0	0.308016877637131	0	0.423347398030942	0	0	1	0	0	0	0.371308016877637	1	0	0	0	0	0.310829817158931	1	0.659634317862166	0.555555555555556	0	0	1	0	0.119549929676512
451581	Bacteria_71	Ribosomal_S15	PF00312.22	0	1	0	0.567493112947658	0.173553719008264	0.465564738292011	0	0.0275482093663912	0	0	1	0.460055096418733	0	0	0	1	0	0	0	0.955922865013774	0	1	0	0	0.663911845730028	0	0.823691460055096	0.09366391184573	0
461170	Bacteria_71	Ribosomal_S19	PF00203.21	0.451612903225806	1	0	0	0	0.324731182795699	0.559139784946237	0	0	0	0.952688172043011	0	0	0	0.434408602150538	1	0	0.208602150537634	0.283870967741935	0.324731182795699	0	1	0	0	0.139784946236559	0	1	0	0
461176	Bacteria_71	Ribosomal_L1	PF00687.21	0	0.93948717948718	0	0	0	0	0	0.946666666666667	0.325128205128205	0	0.929230769230769	0	0	0.274871794871795	0	1	0	0.387692307692308	0.531282051282051	0.293333333333333	0.203076923076923	1	0	0.364102564102564	0	0	0.863589743589744	0	0
473486	Bacteria_71	Ribosomal_L27	PF01016.19	0	0.866666666666667	0.0708333333333333	0.3	0.314583333333333	0.622916666666667	0	0	0.547916666666667	0	1	0	0	0	0	1	0	0.3125	0	0.625	0	1	0	0	0.0416666666666667	0	0.7625	0	0
475706	Bacteria_71	ribosomal_L24	PF17136.4	0	1	0	0.380530973451327	0	0	0	0.353982300884956	0	0	0.784660766961652	0	0	0	0	1	0	0	0	0.410029498525074	0	1	0	0.368731563421829	0	0	0.979351032448378	0	0
501571	Bacteria_71	Ribosomal_L3	PF00297.22	0.302208835341365	0.930722891566265	0.152610441767068	0.16566265060241	0.3714859437751	0.46285140562249	0.225903614457831	0.719879518072289	0.252008032128514	0	0.867469879518072	0.320281124497992	0	0	0	1	0	0	0.421686746987952	0.557228915662651	0	1	0	0.117469879518072	0	0	0.906626506024096	0	0
1230064	Bacteria_71	ADK	PF00406.22	0.556169429097606	0.935543278084715	0	0.583793738489871	0.329650092081031	0.480662983425414	0	0.983425414364641	0.5451197053407	0	1	0	0	0	0	1	0	0.430939226519337	0	0.208103130755064	0	1	0	0	0.482504604051565	0	1	0	0
1238134	Bacteria_71	Ribosomal_L3	PF00297.22	0	0.808027923211169	0	0.380453752181501	0.0837696335078534	0.0541012216404887	0	0.141361256544503	0.179755671902269	0	0.909249563699826	0.382198952879581	0	0	0	1	0	0.527050610820244	0	0	0	1	0	0.347294938917976	0	0	0.841186736474695	0	0
1238146	Bacteria_71	Ribosomal_L9_C	PF03948.14	0	0.944444444444444	0	0.393939393939394	0	0.348484848484849	0	0.0984848484848485	0	0	1	0	0	0	0.353535353535354	1	0	0.631313131313131	0	0	0	1	0	0	0	0.426767676767677	0.795454545454545	0	0
1285336	Bacteria_71	Ribosomal_L21p	PF00829.21	0.475513428120063	0.985781990521327	0.394944707740916	0.208530805687204	0	0	0.221169036334913	0.042654028436019	0	0	0.608214849921011	0.151658767772512	0	0	0	1	0	0	0	0.290679304897314	0.341232227488152	1	0	0.181674565560821	0	0.475513428120063	0.979462875197472	0	0
1298653	Bacteria_71	Ribosomal_L3	PF00297.22	0.0576576576576577	0.881981981981982	0.271171171171171	0.376576576576577	0.377477477477477	0.0153153153153153	0.135135135135135	0.937837837837838	0.197297297297297	0	1	0.356756756756757	0	0.271171171171171	0	1	0	0.373873873873874	0	0.212612612612613	0	1	0.158558558558559	0.75045045045045	0.663963963963964	0.198198198198198	1	0.135135135135135	0.264864864864865
1315518	Bacteria_71	RNA_pol_L	PF01193.24	0	1	1	0.883495145631068	0	0	0	0	0	0	0.86084142394822	0.346278317152104	0	0	0	1	0	0	0	0.899676375404531	0	1	0	0.485436893203884	0.59546925566343	0.281553398058252	1	0	0
1322614	Bacteria_71	RBFA	PF02033.18	0	0.826241134751773	0.296099290780142	0.418439716312057	0	0	0.363475177304965	0.0638297872340425	0.544326241134752	0	0.627659574468085	0.267730496453901	0	0.111702127659574	0	1	0	0.111702127659574	0.0354609929078014	0.148936170212766	0.234042553191489	0.867021276595745	0.535460992907801	0.179078014184397	0	0	0.953900709219858	0	0
1322615	Bacteria_71	RNA_pol_L	PF01193.24	0	0.517060367454068	0	0	0	0	0.26421697287839	0.132108486439195	0.516185476815398	0	0.833770778652668	0.670166229221347	0.396325459317585	0.099737532808399	0	1	0	0.342957130358705	0.146106736657918	0.176727909011374	0	0.960629921259842	0	0.593175853018373	0	0	0.783027121609799	0	0
1358851	Bacteria_71	Ribosomal_S17	PF00366.20	0	0.720430107526882	0	0.623655913978495	0.647849462365591	0.0994623655913978	0	0.68010752688172	0	0	0.852150537634409	0	0	0	0	1	0	0	0	0.833333333333333	0.0188172043010753	1	0	0.586021505376344	0.110215053763441	0	1	0	0
1375799	Bacteria_71	PGK	PF00162.19	0.170977011494253	0.894396551724138	0.226293103448276	0.694683908045977	0.489224137931034	0.433189655172414	0.140086206896552	0.564655172413793	0	0	0.941810344827586	0	0	0.216235632183908	0	1	0	0.567528735632184	0.380747126436782	0.34985632183908	0.216954022988506	1	0	0.247126436781609	0.433908045977011	0	0.987068965517241	0	0
1381850	Bacteria_71	RNA_pol_Rpb6	PF01192.22	0	1	0.593103448275862	0.147126436781609	0	0.188505747126437	0	1	0.517241379310345	0	0.960919540229885	0.0206896551724138	0	0	0	1	0	0	0.344827586206897	0.72183908045977	0	1	0	0	0	0.347126436781609	1	0	0.144827586206897
