gene_callers_id	source	gene_name	gene_hmm_id	WAM_ALR	WAM_CCR	WAM_IPI	WAM_MAR	WAM_MYS	WAM_PBL	WAM_PJN	WAM_PPR	WAM_PST	WAM_ROL	WAM_SCR	WAM_SGN	WAM_SIS	WAM_TWN	WAR_ALR	WAR_CCR	WAR_IPI	WAR_MAR	WAR_MYS	WAR_PBL	WAR_PJN	WAR_PPR	WAR_PSK	WAR_PST	WAR_RNW	WAR_ROL	WAR_SCR	WAR_SGL	WAR_SIS
1064233	Bacteria_71	Ribosomal_L27A	PF00828.19	1	1	0.980952380952381	0.935714285714286	0.811904761904762	0.942857142857143	1	0.864285714285714	0.976190476190476	0	0.935714285714286	0.954761904761905	0.735714285714286	0.569047619047619	0.954761904761905	1	0.864285714285714	1	0.980952380952381	0.926190476190476	0.964285714285714	0.954761904761905	0.964285714285714	0.926190476190476	0.942857142857143	0.954761904761905	0.992857142857143	0.95952380952381	0.823809523809524
1064234	Bacteria_71	Ribosomal_L13	PF00572.18	0.865461847389558	1	1	0.92570281124498	0.504016064257028	0.72289156626506	1	0.0622489959839357	0.957831325301205	0	0.771084337349398	0.837349397590361	0.120481927710843	0.602409638554217	0.817269076305221	1	0.967871485943775	1	0.63855421686747	1	0.642570281124498	1	0.893574297188755	0.943775100401606	1	0.542168674698795	1	0.746987951807229	0.44578313253012
1064235	Bacteria_71	Ribosomal_S9	PF00380.19	0.483796296296296	1	0.5	1	0.775462962962963	0.407407407407407	0.875	0.993055555555556	0.476851851851852	0.201388888888889	1	1	0	0.761574074074074	0.729166666666667	1	0.877314814814815	1	0.541666666666667	1	0.861111111111111	1	0.895833333333333	1	1	0.756944444444444	1	0.821759259259259	0.689814814814815
1199808	Bacteria_71	Ribosomal_L16	PF00252.18	0.931481481481482	0.764814814814815	0.837037037037037	1	0.590740740740741	1	0.818518518518519	0.766666666666667	0.848148148148148	0	0.97962962962963	0.418518518518519	0.0740740740740741	0	0.901851851851852	1	0.824074074074074	1	0.835185185185185	1	0.927777777777778	1	1	0.924074074074074	0.914814814814815	0.277777777777778	1	0.781481481481481	0.527777777777778
238755	Bacteria_71	tRNA-synt_1d	PF00750.19	0.606575963718821	0.861111111111111	0.810090702947846	0.717120181405896	0.365079365079365	0.746031746031746	0.929138321995465	0.491496598639456	0.763605442176871	0.331632653061224	0.947278911564626	0.844104308390023	0.282879818594104	0.340702947845805	0.854875283446712	1	0.937641723356009	0.912698412698413	0.963718820861678	1	0.983560090702948	1	0.708049886621315	0.897959183673469	0.817460317460317	0.761904761904762	1	0.699546485260771	0.88265306122449
245875	Bacteria_71	AICARFT_IMPCHas	PF01808.18	0.815356489945155	0.648994515539305	0.838513101767215	0.875076173065204	0.486288848263254	0.675198049969531	0.977452772699573	0.729433272394881	0.838513101767215	0.251675807434491	0.836684948202316	0.961608775137112	0.209018890920171	0.264472882388787	0.428397318708105	1	0.8878732480195	1	0.856185252894576	0.993906154783668	0.845825716026813	1	0.74283973187081	0.815965874466789	0.830591102985984	0.926264472882389	1	1	0.984156002437538
598255	Bacteria_71	RNA_pol_Rpb6	PF01192.22	0.571428571428571	0.678571428571429	1	0.706349206349206	0.916666666666667	1	1	0	0.305555555555556	0.158730158730159	1	1	0	0.595238095238095	0	1	0.305555555555556	0.857142857142857	0.492063492063492	0.996031746031746	1	1	0	0.849206349206349	1	0.412698412698413	1	1	0.265873015873016
88229	Bacteria_71	Ham1p_like	PF01725.16	0.926756352765321	0.962630792227205	0.00448430493273542	0.452914798206278	0.944693572496263	0.402092675635277	0.890881913303438	0.693572496263079	0.533632286995516	0.322869955156951	0.890881913303438	0.923766816143498	0.152466367713004	0	0.442451420029895	1	0.985052316890882	1	1	1	1	1	1	0.844544095665172	1	0.944693572496263	1	1	0.439461883408072
139186	Bacteria_71	Ribosomal_S15	PF00312.22	0.405228758169935	1	1	0.973856209150327	0.610021786492375	0.915032679738562	1	0.514161220043573	0.997821350762527	0.326797385620915	0.61437908496732	0.69281045751634	0.115468409586057	0.599128540305011	0.984749455337691	1	1	1	0.128540305010893	0.710239651416122	0.871459694989107	1	0.540305010893246	0.446623093681917	1	0.736383442265795	1	1	0.61437908496732
139200	Bacteria_71	ADK	PF00406.22	0.649122807017544	0.730462519936204	0.899521531100478	0.961722488038278	0.263157894736842	0.127591706539075	0.953748006379585	0	0.799043062200957	0.481658692185008	0.767145135566188	0.77511961722488	0	0	0.709728867623604	1	1	0.968102073365231	0.968102073365231	1	0.725677830940989	1	0.475279106858054	1	0.641148325358852	0.669856459330144	1	0.944178628389155	0.4688995215311
1418174	Bacteria_71	Ribosomal_L3	PF00297.22	0.693137254901961	1	0.708823529411765	0.53921568627451	0.742156862745098	0.641176470588235	0.919607843137255	0.653921568627451	0.448039215686275	0.604901960784314	1	0.61078431372549	0.208823529411765	0	0.442156862745098	1	0.836274509803922	1	0.556862745098039	0.990196078431373	1	1	0.21078431372549	0.937254901960784	0.947058823529412	0.91078431372549	1	0.979411764705882	0.734313725490196
1418176	Bacteria_71	Ribosomal_L4	PF00573.22	0.0160919540229885	0.160919540229885	0.905747126436782	0.622988505747126	0.747126436781609	0.0827586206896552	1	0.896551724137931	0.659770114942529	0.347126436781609	0.845977011494253	1	0.344827586206897	0	1	1	0.91264367816092	1	0.72183908045977	0.988505747126437	0.96551724137931	1	0.928735632183908	0.6	0.641379310344828	1	1	0.873563218390805	0.703448275862069
1418177	Bacteria_71	Ribosomal_L23	PF00276.20	1	1	1	1	1	1	1	1	1	0	0.972868217054264	1	0.170542635658915	0	0.837209302325581	1	1	1	1	1	0.98062015503876	1	1	1	1	0.968992248062015	1	1	0.926356589147287
1418178	Bacteria_71	Ribosomal_L2	PF00181.23	0.520223152022315	0.98047419804742	0.878661087866109	0.96234309623431	0.633193863319386	0.659693165969317	0.96652719665272	0.779637377963738	1	0.747559274755927	0.866108786610879	0.825662482566248	0.131101813110181	0.0292887029288703	0.562064156206416	1	0.99860529986053	0.942817294281729	0.906555090655509	1	0.769874476987448	1	0.850767085076709	0.732217573221757	0.898186889818689	0.97629009762901	1	0.845188284518828	0.654114365411437
1418179	Bacteria_71	Ribosomal_S19	PF00203.21	0.899795501022495	0.940695296523517	1	1	0.834355828220859	0.824130879345603	0.658486707566462	0.501022494887526	0.905930470347648	0.50920245398773	0.560327198364008	0.856850715746421	0	0.449897750511247	0.785276073619632	1	0.695296523517382	0.809815950920245	0.922290388548057	1	0.253578732106339	1	0.867075664621677	0.957055214723926	0.983640081799591	0.764826175869121	1	1	1
1418180	Bacteria_71	Ribosomal_L22	PF00237.19	1	1	0.874371859296482	1	1	0.981574539363484	0.963149078726968	1	0.757118927973199	0.659966499162479	1	0.882747068676717	0	0	0.738693467336683	1	0.782244556113903	1	0.964824120603015	1	0.333333333333333	1	1	1	0.934673366834171	0.800670016750419	1	0.696817420435511	1
1418181	Bacteria_71	Ribosomal_S3_C	PF00189.20	0.759090909090909	1	0.93030303030303	0.840909090909091	0.68030303030303	0.621212121212121	0.793939393939394	0.845454545454545	0.410606060606061	0.457575757575758	1	0.439393939393939	0.0696969696969697	0.228787878787879	0.996969696969697	1	0.863636363636364	0.978787878787879	0.863636363636364	1	0.945454545454545	0.996969696969697	0.984848484848485	1	0.884848484848485	0.560606060606061	1	0.907575757575758	0.448484848484848
1418182	Bacteria_71	Ribosomal_L29	PF00831.23	0.651515151515151	1	1	0.888888888888889	1	0.732323232323232	0.191919191919192	0.00505050505050505	0.994949494949495	0.873737373737374	0.676767676767677	0.712121212121212	1	0.762626262626263	0.44949494949495	1	1	0.792929292929293	1	1	1	1	1	1	1	1	1	0.954545454545455	0.48989898989899
1418185	Bacteria_71	Ribosomal_S17	PF00366.20	0.586309523809524	1	0.758928571428571	1	1	0.967261904761905	0.946428571428571	0.327380952380952	0.9375	0	0.961309523809524	0.99702380952381	0.482142857142857	0.755952380952381	0.74702380952381	1	0.782738095238095	1	0.666666666666667	1	0.833333333333333	1	0.922619047619048	0.62202380952381	1	1	1	1	0.857142857142857
1418186	Bacteria_71	Ribosomal_L14	PF00238.19	0.81453634085213	1	0.899749373433584	1	0.644110275689223	1	1	0.378446115288221	1	0	1	0.927318295739348	0.343358395989975	0.664160401002506	0.929824561403509	1	0.789473684210526	1	1	1	0.541353383458647	1	1	1	1	0.992481203007519	1	0.604010025062657	0.706766917293233
1418189	Bacteria_71	Ribosomal_L5	PF00281.19	0.897727272727273	0.566287878787879	0.90719696969697	0.706439393939394	1	0.284090909090909	1	0.785984848484849	0.857954545454545	0.558712121212121	1	0.897727272727273	0	0	0.458333333333333	1	1	0.90719696969697	1	1	0.871212121212121	1	0.910984848484848	0.84280303030303	0.829545454545455	0.738636363636364	1	1	0.482954545454545
1418190	Bacteria_71	Ribosomal_S8	PF00410.19	0.433333333333333	0.969230769230769	1	1	0.674358974358974	0.748717948717949	0.841025641025641	0.830769230769231	0.487179487179487	0.0358974358974359	0.746153846153846	0.712820512820513	0.153846153846154	0	0.941025641025641	1	1	1	1	1	0.997435897435897	1	0.405128205128205	0.720512820512821	1	0.817948717948718	1	0.9	0.743589743589744
1418191	Bacteria_71	Ribosomal_L6	PF00347.23	0.640883977900553	0.961325966850829	0.813996316758748	0.930018416206262	0.729281767955801	0.843462246777164	0.974217311233886	0.594843462246777	0.734806629834254	0.917127071823204	1	0.985267034990792	0.274401473296501	0.69060773480663	0.720073664825046	1	1	1	0.401473296500921	1	0.832412523020258	1	0.775322283609576	0.639042357274402	1	0.887661141804788	1	0.990791896869245	1
1418197	Bacteria_71	Ribosomal_L27A	PF00828.19	0.878787878787879	1	1	0.867132867132867	0.752913752913753	0.666666666666667	0.503496503496504	1	1	0.351981351981352	0.988344988344988	1	0	0.284382284382284	0.675990675990676	1	0.853146853146853	0.948717948717949	0.766899766899767	1	0.89044289044289	1	0.648018648018648	0.902097902097902	0.592074592074592	1	1	0.857808857808858	1
1418198	Bacteria_71	SecY	PF00344.20	0.628364389233954	0.836438923395445	0.695652173913043	0.815217391304348	0.594202898550725	0.726708074534162	0.872670807453416	0.683229813664596	0.767080745341615	0	0.860248447204969	0.750517598343685	0	0.569875776397516	0.688923395445135	1	0.846273291925466	0.987577639751553	0.701863354037267	0.949275362318841	0.778985507246377	1	0.798136645962733	0.818840579710145	0.959109730848861	0.831780538302277	1	0.947722567287785	0.285714285714286
1461729	Bacteria_71	Ribosom_S12_S23	PF00164.25	0.8125	0.638888888888889	0.537037037037037	0.854166666666667	0.636574074074074	0.430555555555556	0.365740740740741	0.872685185185185	0.175925925925926	0	0.939814814814815	0.525462962962963	0.412037037037037	0	0.798611111111111	1	0	1	0.423611111111111	1	0.9375	1	0.715277777777778	0.777777777777778	0.875	0.435185185185185	1	0.916666666666667	0.37037037037037
1461730	Bacteria_71	Ribosomal_S7	PF00177.21	1	0.939837398373984	0.817886178861789	0.351219512195122	0.658536585365854	1	0.790243902439024	0.783739837398374	0.790243902439024	0	0.434146341463415	0.983739837398374	0.224390243902439	0	1	1	0.36260162601626	1	0.972357723577236	1	0.899186991869919	1	0.632520325203252	1	1	0.785365853658537	1	0.730081300813008	0.788617886178862
1613639	Bacteria_71	PGK	PF00162.19	0.815165876777251	0.924960505529226	0.805687203791469	0.811216429699842	0.498420221169036	0.669036334913112	0.703001579778831	0.678515007898894	0.84044233807267	0.127962085308057	0.95260663507109	0.992101105845182	0.237756714060032	0	0.539494470774092	0.9826224328594	0.725908372827804	0.894154818325434	0.815165876777251	0.998420221169036	0.975513428120063	0.983412322274882	0.537914691943128	0.936018957345972	0.912322274881517	0.505529225908373	0.998420221169036	0.988151658767773	0.675355450236967
1702575	Bacteria_71	Ribosomal_S2	PF00318.20	0.644549763033175	0.963665086887836	0.554502369668246	0.84044233807267	0.439178515007899	0.475513428120063	0.654028436018957	0.902053712480253	0.646129541864139	0.606635071090047	0.87519747235387	0.437598736176935	0	0.428120063191153	0.638230647709321	1	0.830963665086888	0.66824644549763	0.832543443917852	0.638230647709321	1	1	0.906793048973144	0.998420221169036	0.93522906793049	0.23696682464455	1	0.733017377567141	0.399684044233807
986138	Bacteria_71	Ribosomal_S13	PF00416.22	0.301282051282051	0.598290598290598	0.677350427350427	0.544871794871795	0.643162393162393	1	0.942307692307692	0.69017094017094	0.961538461538462	0.147435897435897	1	1	0	0.602564102564103	0.655982905982906	1	0.675213675213675	0.786324786324786	0.807692307692308	1	0.320512820512821	1	0.824786324786325	0.878205128205128	0.767094017094017	0.517094017094017	1	0.782051282051282	0.925213675213675
986140	Bacteria_71	Ribosomal_S11	PF00411.19	1	0.630208333333333	0.986979166666667	0.895833333333333	0.864583333333333	1	1	0.739583333333333	1	0.3203125	1	0.880208333333333	0.390625	1	1	1	1	1	0.6015625	0.984375	0.981770833333333	1	1	1	1	0.989583333333333	1	0.911458333333333	1
986141	Bacteria_71	RNA_pol_L	PF01193.24	0.506329113924051	0.970464135021097	0.978902953586498	0.374472573839662	0.770042194092827	0.564345991561181	0.9957805907173	0.680379746835443	0.85126582278481	0.658227848101266	0.971518987341772	0.875527426160338	0	0.270042194092827	0.858649789029536	1	0.887130801687764	1	0.857594936708861	1	0.95253164556962	1	0.575949367088608	0.938818565400844	0.910337552742616	0.986286919831224	1	0.828059071729958	0.957805907172996
