gene_callers_id	source	gene_name	gene_hmm_id	WAM_ALR	WAM_CCR	WAM_IPI	WAM_MAR	WAM_MYS	WAM_PBL	WAM_PJN	WAM_PPR	WAM_PST	WAM_ROL	WAM_SCR	WAM_SGN	WAM_SIS	WAM_TWN	WAR_ALR	WAR_CCR	WAR_IPI	WAR_MAR	WAR_MYS	WAR_PBL	WAR_PJN	WAR_PPR	WAR_PSK	WAR_PST	WAR_RNW	WAR_ROL	WAR_SCR	WAR_SGL	WAR_SIS
1098872	Bacteria_71	Exonuc_VII_L	PF02601.15	0	0.380701754385965	0	0	0	0	0	0	0	0	0.245614035087719	0	0	0	0	0.471929824561404	0	0	0.736842105263158	0	0	0.256140350877193	0	0	0	0	0.949122807017544	0.3	0.37719298245614
1122017	Bacteria_71	Ribosomal_L19	PF01245.20	0.173669467787115	0	0.901960784313726	0	0	0	0	0	0	0	0	0	0	0	0	0.207282913165266	0	0	0	0	0	1	0	0	0	0	0.504201680672269	0	0
1122018	Bacteria_71	tRNA_m1G_MT	PF01746.21	0	0	0	0	0	0	0	0	0	0	0	0	0	0	0	0.888888888888889	0	0	0	0	0	1	0.746913580246914	0	0	0	0	0	0
1199136	Bacteria_71	tRNA_m1G_MT	PF01746.21	0	0	0	0	0	0	0	0	0	0	0	0	0	0	0	0.602794411177645	0.197604790419162	0	0	0	0	0.826347305389222	0.920159680638723	0	0	0	0.984031936127744	0	0.307385229540918
1211914	Bacteria_71	PGK	PF00162.19	0.254008438818565	0.162025316455696	0	0	0	0	0	0	0	0	0.308016877637131	0	0	0	0	0.109704641350211	0	0.251476793248945	0.254852320675105	0	0	0.978059071729958	0	0	0.216877637130802	0	0.70379746835443	0.146835443037975	0
1212118	Bacteria_71	Ribosomal_S20p	PF01649.18	0	0	0	0	0	0	0	0	0	0	0.643137254901961	0	0	0	0	0.996078431372549	0	0	0	0	0	0.803921568627451	0.317647058823529	0	0	0	0.737254901960784	0	0
319551	Bacteria_71	Adenylsucc_synt	PF00709.21	0	0.169003115264797	0.394859813084112	0	0.126168224299065	0	0	0.27803738317757	0	0	0.437694704049844	0	0	0	0.164330218068536	0.539719626168224	0.213395638629283	0	0	0	0	0.553738317757009	0.39018691588785	0	0.341121495327103	0	0.936915887850467	0	0.323208722741433
327765	Bacteria_71	RsfS	PF02410.15	0	0	0.277777777777778	0	0	0	0	0	0	0	0	0	0	0	0	0.526455026455027	0	0	0	0	0	1	0	0	0	0.275132275132275	0.171957671957672	0	0
615270	Bacteria_71	AICARFT_IMPCHas	PF01808.18	0	0.517182130584192	0.335051546391753	0	0	0	0	0.517182130584192	0	0	0.189003436426117	0	0	0	0	0.161512027491409	0	0.264604810996564	0.474226804123711	0	0	0.828178694158076	0	0	0	0	0.93127147766323	0	0
630981	Bacteria_71	UPF0054	PF02130.17	0	0.0571428571428571	0	0.430952380952381	0	0	0	0	0	0	0.616666666666667	0	0	0	0	0.271428571428571	0	0	0	0	0	0.126190476190476	0.3	0	0	0	0.992857142857143	0.25	0
639533	Bacteria_71	ATP-synt	PF00231.19	0	0.209328782707622	0.0136518771331058	0	0	0	0	0.093287827076223	0	0	0	0	0	0	0	0.928327645051195	0.333333333333333	0	0.448236632536974	0.343572241183163	0	0.507394766780432	0.318543799772469	0	0	0	0.862343572241183	0.127417519908987	0.340159271899886
639535	Bacteria_71	OSCP	PF00213.18	0	0.872759856630824	0	0	0	0	0.0627240143369176	0.109318996415771	0	0	0	0	0	0	0	0.0681003584229391	0.0340501792114695	0	0	0	0	1	0	0.369175627240143	0	0	0.915770609318996	0	0.351254480286738
639538	Bacteria_71	ATP-synt_A	PF00119.20	0	0.249113475177305	0	0	0	0	0	0	0	0	0.221631205673759	0	0	0	0	0.975177304964539	0	0	0.352836879432624	0.522163120567376	0	0.634751773049645	0	0	0	0.211879432624113	0.734929078014184	0	0
72475	Bacteria_71	Ribosom_S12_S23	PF00164.25	0	0	0	0	0	0	0	0	0	0.26984126984127	0	0	0	0	0	0.973544973544974	0	0.0264550264550265	0.100529100529101	0	0	1	0	0	0	0	0.761904761904762	0.492063492063492	0.645502645502645
72476	Bacteria_71	Ribosomal_S7	PF00177.21	0	0	0	0.314102564102564	0	0	0	0	0	0	0	0	0	0	0	0	0	0.596153846153846	0.358974358974359	0	0.58974358974359	0.77991452991453	0	0	0	0	0.985042735042735	0	0.452991452991453
113825	Bacteria_71	TsaE	PF02367.17	0	0.224489795918367	0.315192743764172	0	0.444444444444444	0	0	0	0	0	0.444444444444444	0	0	0	0	0	0.267573696145125	0	0.0793650793650794	0	0	1	0.299319727891156	0	0	0	0.732426303854875	0	0.55328798185941
119680	Bacteria_71	Ribosomal_S2	PF00318.20	0	0.367396593673966	0.138686131386861	0	0.367396593673966	0	0	0	0	0	0.360097323600973	0	0	0	0.288321167883212	0.772506082725061	0	0	0	0.173965936739659	0	0.708029197080292	0.0413625304136253	0	0	0	0.829683698296837	0.110705596107056	0.367396593673966
119681	Bacteria_71	EF_TS	PF00889.19	0	0.190821256038647	0.745169082125604	0	0	0	0	0	0	0	0.471014492753623	0.356280193236715	0	0	0	0.776570048309179	0	0	0	0	0	0.741545893719807	0.289855072463768	0	0	0	0.951690821256039	0.190821256038647	0.181159420289855
119683	Bacteria_71	RRF	PF01765.19	0.221631205673759	0.209219858156028	0	0	0	0.533687943262411	0	0	0	0	0.320921985815603	0	0	0	0	0.331560283687943	0	0	0	0	0	0.984042553191489	0	0	0	0	0.817375886524823	0.347517730496454	0
120104	Bacteria_71	YajC	PF02699.15	0	0.8	0	0	0	0	0	0	0	0.755555555555556	0	0	0	0	0	0.549206349206349	0.6	0	0	0	0	0.628571428571429	0.517460317460318	0	0	0	0.0603174603174603	0	0
138287	Bacteria_71	IPPT	PF01715.17	0	0.245257452574526	0.200542005420054	0	0	0	0	0	0	0	0	0	0	0	0	0.611111111111111	0	0.203252032520325	0	0	0	0.459349593495935	0	0	0	0.245257452574526	0.822493224932249	0	0
1424879	Bacteria_71	eIF-1a	PF01176.19	0	1	0	0	0	0	0	0	0	0	0.355855855855856	0	0	0	0	0.603603603603604	0	0	0	0	0	0.369369369369369	0	0	0	0.689189189189189	0.59009009009009	0	0
1424881	Bacteria_71	Ribosomal_S13	PF00416.22	0	0.576923076923077	0	0	0	0	0	0	0	0	0.712820512820513	0	0	0	0	0.725641025641026	0.361538461538462	0	0	0	0	0.982051282051282	0	0	0	0.376923076923077	0.658974358974359	0	0
1424882	Bacteria_71	Ribosomal_S11	PF00411.19	0	0.484375	0	0	0	0	0	0	0	0	0	0	0	0	0	1	0	0	0	0.40625	0	0.71875	0	0	0	0.244791666666667	0.541666666666667	0	0
1528043	Bacteria_71	Ribosomal_L27A	PF00828.19	0	0.712121212121212	0	0	0	0	0	0	0.38961038961039	0	0	0	0	0	0	0.458874458874459	0	0	0	0	0	0.510822510822511	0	0	0	0.0151515151515152	0.891774891774892	0	0
1528044	Bacteria_71	SecY	PF00344.20	0	0.199430199430199	0	0	0	0	0	0	0.358974358974359	0	0	0	0	0	0	0.427350427350427	0	0	0	0	0	0.56980056980057	0.740740740740741	0	0	0	0.951566951566952	0	0.47008547008547
1633613	Bacteria_71	Ribosomal_L21p	PF00829.21	0	0	0	0	0	0	0	0	0	0	0	0	0	0	0	0.67719298245614	0	0	0	0	0	1	0	0	0	0	0.133333333333333	0	0
1717138	Bacteria_71	RecO_C	PF02565.15	0.4149377593361	0	0	0	0.417704011065007	0	0	0	0.0442600276625173	0	0.298755186721992	0	0	0	0.168741355463347	0.87551867219917	0	0	0.193637621023513	0	0	1	0	0	0	0.312586445366528	0.952973720608575	0	0.185338865836791
1717788	Bacteria_71	RNA_pol_Rpb6	PF01192.22	0	0	0	0.395280235988201	0	0	0	0	0	0	0	0	0	0	0	0.941002949852507	0	0	0	0	0	0.982300884955752	0.657817109144543	0	0	0	1	0	0.112094395280236
954395	Bacteria_71	Ribosomal_L18p	PF00861.22	0	0.484276729559748	0.490566037735849	0	0	0	0	0	0	0	0	0	0	0	0	0.694968553459119	0.694968553459119	0	0	0.311320754716981	0	0.468553459119497	0	0	0	0	0.738993710691824	0.437106918238994	0
954396	Bacteria_71	Ribosomal_L6	PF00347.23	0	0.460144927536232	0.132246376811594	0	0	0	0	0.273550724637681	0	0	0.563405797101449	0	0	0	0	0.317028985507246	0.132246376811594	0	0.449275362318841	0.132246376811594	0	0.480072463768116	0	0	0	0.11231884057971	0.894927536231884	0	0
954397	Bacteria_71	Ribosomal_S8	PF00410.19	0	0.56140350877193	0	0	0.378446115288221	0	0	0.448621553884712	0	0	0.215538847117794	0	0	0	0	0.614035087719298	0	0	0.170426065162907	0	0	0.298245614035088	0	0	0.170426065162907	0	1	0.426065162907268	0
963749	Bacteria_71	Ribosomal_L28	PF00830.19	0	0.138095238095238	0.414285714285714	0	0	0	0	0	0	0	0.504761904761905	0.433333333333333	0	0	0	0.719047619047619	0	0	0	0	0.395238095238095	0.780952380952381	0.89047619047619	0	0	0.647619047619048	0.957142857142857	0	0
1022980	Bacteria_71	Chorismate_synt	PF01264.21	0.218264840182648	0.157990867579909	0	0	0	0	0	0	0	0	0	0	0	0	0.120547945205479	0.558904109589041	0.219178082191781	0	0.214611872146119	0	0	0.759817351598174	0.255707762557078	0	0	0.274885844748858	0.854794520547945	0.54337899543379	0.186301369863014
766300	Bacteria_71	Ribosomal_L4	PF00573.22	0	0.236044657097289	0.12280701754386	0	0	0	0	0.446570972886762	0.221690590111643	0	0.154704944178628	0	0	0	0	0.633173843700159	0.240829346092504	0	0	0	0	0.516746411483254	0.427432216905901	0	0	0.087719298245614	0.854864433811802	0.239234449760766	0
766301	Bacteria_71	Ribosomal_L3	PF00297.22	0	0.222222222222222	0.153968253968254	0	0	0	0	0.196825396825397	0	0	0.320634920634921	0	0	0	0	1	0.23968253968254	0	0.622222222222222	0	0	0.423809523809524	0	0	0	0.203174603174603	0.696825396825397	0	0
781887	Bacteria_71	Pept_tRNA_hydro	PF01195.19	0	0.521505376344086	0	0	0	0	0	0	0	0	0.424731182795699	0	0	0	0	0.397849462365591	0	0	0	0	0	1	0.507168458781362	0	0	0	0.528673835125448	0.164874551971326	0
786713	Bacteria_71	Ribosomal_L9_C	PF03948.14	0	0.349726775956284	0	0	0	0	0	0	0	0	0	0	0	0	0	0	0	0	0	0	0	0.040983606557377	0	0	0	0	0.37431693989071	0.5	0.765027322404372
800648	Bacteria_71	Ribosomal_S15	PF00312.22	0	0	0	0	0	0	0	0	0	0	0.923076923076923	0	0	0	0	0.769230769230769	0	0	0	0.531135531135531	0	0.454212454212454	0	0	0	0	1	0	0
802190	Bacteria_71	tRNA-synt_1d	PF00750.19	0	0.16359918200409	0	0	0	0	0	0.116564417177914	0	0	0	0	0	0	0	0.749829584185412	0	0	0	0	0	0.840490797546012	0	0	0.178595773687798	0.0906612133605999	0.681663258350375	0	0.354464894342195
871391	Bacteria_71	Ham1p_like	PF01725.16	0	0.634085213032581	0.0964912280701754	0.18922305764411	0	0	0	0	0	0	0	0	0	0	0	0.115288220551378	0	0	0	0	0.37719298245614	0.661654135338346	0	0	0	0	0.642857142857143	0.144110275689223	0
1231917	Bacteria_71	Exonuc_VII_L	PF02601.15	0	0.688988095238095	0.108630952380952	0	0	0	0	0	0	0	0.241071428571429	0	0	0	0	0.555059523809524	0	0	0	0	0	0.139880952380952	0	0	0	0	0.915178571428571	0	0
1305751	Bacteria_71	Ribosomal_S19	PF00203.21	0	0	0	0	0	0	0	0	0	0	0	0	0	0	0	1	0	0	0	0	0	0	0	0.15625	0	0	0	0	0
1305752	Bacteria_71	Ribosomal_L22	PF00237.19	0	0.523809523809524	0	0	0	0	0	0.378446115288221	0	0	0.37593984962406	0	0	0	0	0.959899749373434	0	0	0	0	0	0.754385964912281	0	0.669172932330827	0	0	0.959899749373434	0	0
1305753	Bacteria_71	Ribosomal_S3_C	PF00189.20	0	0.156862745098039	0.189075630252101	0	0.378151260504202	0	0	0.547619047619048	0	0	0.211484593837535	0	0	0	0	0.375350140056022	0.42156862745098	0	0	0	0	0.390756302521008	0.752100840336134	0	0	0	0.955182072829132	0.352941176470588	0
1305754	Bacteria_71	Ribosomal_L16	PF00252.18	0	0	0.323809523809524	0	0	0	0	0.35952380952381	0.354761904761905	0.65	0	0	0	0.35952380952381	0	0.697619047619048	0	0	0.154761904761905	0	0	0.804761904761905	0.638095238095238	0	0	0	1	0	0.673809523809524
1305755	Bacteria_71	Ribosomal_L29	PF00831.23	0.861904761904762	0.485714285714286	0	0	0	0	0	0	0	0	0	0	0	0	0	1	0	0.923809523809524	0.561904761904762	0	0.657142857142857	0	0.304761904761905	0	0	0	1	0	0
1305756	Bacteria_71	Ribosomal_S17	PF00366.20	0.314814814814815	0.455555555555556	0	0	0	0	0	0	0	0	0	0	0	0	0	1	0	0.27037037037037	0.585185185185185	0	0	0.718518518518519	0.314814814814815	0	0	0	1	0	0
1305757	Bacteria_71	Ribosomal_L14	PF00238.19	0	0.745257452574526	0	0	0	0	0	0	0	0	0	0	0	0	0	0.872628726287263	0	0	0	0	0	0.978319783197832	0	0	0	0.40650406504065	0.794037940379404	0	0
1305758	Bacteria_71	ribosomal_L24	PF17136.4	0	0.492211838006231	0.433021806853583	0	0	0	0	0	0	0	0.56386292834891	0	0	0	0	0.311526479750779	0	0	0	0	0	0.258566978193146	0.61993769470405	0	0	0.467289719626168	1	0	0.0342679127725857
1305759	Bacteria_71	Ribosomal_L5	PF00281.19	0	0	0.5	0	0	0	0	0	0	0	0	0	0	0	0	0.29	0	0	0	0	0	0.453333333333333	0.333333333333333	0	0	0	0.836666666666667	0	0.96
1313100	Bacteria_71	ADK	PF00406.22	0	0	0	0	0	0	0	0	0	0	0	0	0	0	0	0.915151515151515	0	0	0	0	0	0.975757575757576	0	0	0	0	1	0	0
