gene_callers_id	source	gene_name	gene_hmm_id	WAM_ALR	WAM_CCR	WAM_IPI	WAM_MAR	WAM_MYS	WAM_PBL	WAM_PJN	WAM_PPR	WAM_PST	WAM_ROL	WAM_SCR	WAM_SGN	WAM_SIS	WAM_TWN	WAR_ALR	WAR_CCR	WAR_IPI	WAR_MAR	WAR_MYS	WAR_PBL	WAR_PJN	WAR_PPR	WAR_PSK	WAR_PST	WAR_RNW	WAR_ROL	WAR_SCR	WAR_SGL	WAR_SIS
1196606	Bacteria_71	RNA_pol_Rpb6	PF01192.22	0	0.705882352941177	0	0.0392156862745098	0	0.501960784313725	1	0.588235294117647	0	0.501960784313725	0.96078431372549	0.658823529411765	0	0	0.403921568627451	1	0	1	0	1	1	1	0.988235294117647	1	1	0	1	0.992156862745098	0
194873	Bacteria_71	Ribosomal_S2	PF00318.20	0.433333333333333	0.84	0.663333333333333	0.58	0.456666666666667	0.693333333333333	0.456666666666667	0.263333333333333	0.255	0	1	0.413333333333333	0	0	0	1	0	1	0.448333333333333	1	1	1	0	0.46	0.866666666666667	0	0.875	0.933333333333333	0
210398	Bacteria_71	GrpE	PF01025.19	0	0.741811175337187	0.423892100192678	0	0	0	0.0366088631984586	0.144508670520231	0	0	0.190751445086705	0	0	0	0	1	0	0.76878612716763	0	0.421965317919075	0	0.776493256262042	0	0.404624277456647	0.699421965317919	0	0.930635838150289	0	0
271452	Bacteria_71	tRNA-synt_1d	PF00750.19	0	0.691324200913242	0	0.220091324200913	0	0.647488584474886	0.385388127853881	0.190867579908676	0.470319634703196	0	1	0.719634703196347	0	0	0	0.991780821917808	0	0.731506849315068	0.28675799086758	0.804566210045662	0.473972602739726	0.999086757990868	0	0.710502283105023	0.813698630136986	0	0.985388127853881	0.499543378995434	0
275078	Bacteria_71	Exonuc_VII_L	PF02601.15	0.205442176870748	0.404081632653061	0	0.699319727891156	0	0.239455782312925	0.648979591836735	0	0.204081632653061	0	0.970068027210884	0.382312925170068	0	0	0	1	0	0.873469387755102	0	0.862585034013605	0.906122448979592	0.869387755102041	0	0.8	0.851700680272109	0	0.965986394557823	0.715646258503401	0.397278911564626
278488	Bacteria_71	Ribosomal_L3	PF00297.22	0.156739811912226	0.536050156739812	0	0.686520376175549	0.157784743991641	0.313479623824451	0.380355276907001	0	0.6760710553814	0	0.907001044932079	0.44932079414838	0	0	0	0.971786833855799	0	0.912225705329154	0.204806687565308	0.846394984326019	0.371995820271682	1	0.157784743991641	0.746081504702194	0.93521421107628	0.242424242424242	0.998955067920585	0.998955067920585	0.157784743991641
290380	Bacteria_71	Ribosomal_S10	PF00338.22	0	0.851515151515152	0	1	0.339393939393939	0.690909090909091	0.993939393939394	0.7	1	0	1	0.627272727272727	0	0	0	1	0	1	0	1	1	1	0	0.439393939393939	1	0.415151515151515	1	0.781818181818182	0.457575757575758
559040	Bacteria_71	tRNA-synt_1d	PF00750.19	0	0.814814814814815	0.432539682539683	0.44973544973545	0	0.284391534391534	0.662698412698413	0.666666666666667	0.376984126984127	0	0.966931216931217	0.367724867724868	0	0	0	0.964285714285714	0	0.921957671957672	0.396825396825397	0.944444444444444	0.73015873015873	0.96957671957672	0	0.652116402116402	0.863756613756614	0	1	0.398148148148148	0.351851851851852
587755	Bacteria_71	GrpE	PF01025.19	0	0.288759689922481	0.232558139534884	0.430232558139535	0	0.393410852713178	0.0833333333333333	0	0	0	0.344961240310078	0	0	0	0	1	0	0.883720930232558	0	0.831395348837209	0.821705426356589	0.951550387596899	0	0.593023255813954	0.825581395348837	0	0.313953488372093	0.593023255813954	0
593943	Bacteria_71	Chorismate_synt	PF01264.21	0	0.353535353535354	0.2	0.835353535353535	0	0.36969696969697	0.787878787878788	0.302020202020202	0.368686868686869	0	0.744444444444444	0.739393939393939	0	0	0	1	0	0.754545454545455	0.00606060606060606	0.996969696969697	0.815151515151515	0.952525252525253	0	0.864646464646465	0.898989898989899	0.239393939393939	1	0.605050505050505	0.304040404040404
43119	Bacteria_71	eIF-1a	PF01176.19	0	0.591954022988506	0.28735632183908	0.85823754789272	0.293103448275862	0.507662835249042	0.917624521072797	0.132183908045977	0.64176245210728	0	1	0.14176245210728	0	0	0	1	0.459770114942529	0.984674329501916	0.203065134099617	0.934865900383142	0.365900383141762	1	0.224137931034483	0.775862068965517	1	0	1	0.122605363984674	0.28735632183908
77999	Bacteria_71	Ribosomal_L16	PF00252.18	0	0.333333333333333	0.17037037037037	0.975925925925926	0	0.42037037037037	0.218518518518519	0.368518518518519	0.559259259259259	0	1	0.542592592592593	0	0	0	1	0.461111111111111	0.877777777777778	0.314814814814815	0.668518518518519	0.633333333333333	1	0	0.288888888888889	1	0	1	0.983333333333333	0
1588743	Bacteria_71	Adenylsucc_synt	PF00709.21	0.00699300699300699	0.813519813519814	0.117327117327117	0.595182595182595	0.406371406371406	0.773892773892774	0.307692307692308	0.512820512820513	0.479409479409479	0	0.954933954933955	0.785547785547786	0	0	0	1	0.233877233877234	0.98989898989899	0.141414141414141	0.87024087024087	0.861693861693862	1	0.234654234654235	1	0.911421911421911	0	1	0.604506604506605	0
1639641	Bacteria_71	PGK	PF00162.19	0.22	0.86	0	0.579047619047619	0	0.385714285714286	0.657142857142857	0	0.480952380952381	0	0.856190476190476	0.601904761904762	0	0	0	1	0	0.84952380952381	0.37047619047619	1	0.96	1	0	0.501904761904762	0.892380952380952	0.287619047619048	0.977142857142857	0.743809523809524	0
903753	Bacteria_71	SecE	PF00584.20	0	1	0.722846441947566	1	0	1	0.558052434456929	0.50187265917603	0.955056179775281	0	1	1	0	0	0	1	0	1	0	0.887640449438202	1	1	0	0.445692883895131	1	0.423220973782772	1	1	0
918946	Bacteria_71	AICARFT_IMPCHas	PF01808.18	0	0.839802834257548	0.37399876771411	0.884165126309304	0	0.432532347504621	0.674060382008626	0.577942082563155	0.577942082563155	0.18607516943931	0.984596426370918	0.894023413431916	0	0.101047443006778	0	1	0.0425138632162662	0.917436845348121	0.0277264325323475	0.99815157116451	0.844115834873691	1	0.330252618607517	0.820086260012323	0.995070856438694	0	1	0.707948243992606	0.18052988293284
1003841	Bacteria_71	Ham1p_like	PF01725.16	0	0.869767441860465	0	0.916279069767442	0.17984496124031	0.669767441860465	0.469767441860465	0.232558139534884	0.812403100775194	0.257364341085271	0.865116279069767	0.835658914728682	0	0	0.310077519379845	1	0	1	0.156589147286822	1	1	1	0	1	0.934883720930232	0	1	0.232558139534884	0
1035473	Bacteria_71	Ribosomal_L1	PF00687.21	0	0.747663551401869	0	0.241433021806854	0	0.507788161993769	0.842679127725857	0.834890965732087	0	0	0.778816199376947	0.543613707165109	0	0	0.202492211838006	0.933021806853583	0.2398753894081	0.789719626168224	0.401869158878505	0.791277258566978	0.686915887850467	0.845794392523365	0	0.763239875389408	0.967289719626168	0	0.90809968847352	0.317757009345794	0
740954	Bacteria_71	Ribosomal_L27A	PF00828.19	0.674863387978142	0.748633879781421	0.666666666666667	0.385245901639344	0	0.882513661202186	0.989071038251366	0.90983606557377	0.948087431693989	0	1	0.734972677595628	0	0.734972677595628	0.401639344262295	1	0.715846994535519	1	0	1	1	1	1	1	1	0	1	1	0.975409836065574
740955	Bacteria_71	Ribosomal_L13	PF00572.18	0	0.897750511247444	0	0.593047034764826	0	0.867075664621677	0.914110429447853	0.251533742331288	1	0.433537832310838	0.899795501022495	0.830265848670757	0	0	0.47239263803681	1	0	0.871165644171779	0	1	0.748466257668712	1	0.668711656441718	0.96319018404908	0.993865030674847	0.0081799591002045	1	0.957055214723926	0.533742331288344
740956	Bacteria_71	Ribosomal_S9	PF00380.19	0	1	0	0	0.485057471264368	0.908045977011494	0.744827586206897	0.577011494252874	0.724137931034483	0.160919540229885	1	1	0	0	0.648275862068965	1	0	0.924137931034483	0	1	0.882758620689655	1	0	1	1	0.317241379310345	1	0.855172413793103	0.0919540229885058
810149	Bacteria_71	RNA_pol_L	PF01193.24	0	0.651564185544768	0.0366774541531823	0.882416396979504	0.0226537216828479	0.519956850053937	0.921251348435814	0.196332254584682	0.919093851132686	0	1	0.733549083063646	0	0	0	1	0	1	0.135922330097087	1	0.650485436893204	1	0.323624595469256	0.943905070118662	1	0	0.993527508090615	0.791801510248112	0.196332254584682
810150	Bacteria_71	Ribosomal_S11	PF00411.19	0	0.786458333333333	0.6484375	0.6953125	0.5	0.739583333333333	0.729166666666667	0	0	0	1	0.364583333333333	0	0	0.5078125	1	0	0.544270833333333	0	1	0.526041666666667	1	0	0.666666666666667	1	0.7265625	1	0.8515625	0
810152	Bacteria_71	Ribosomal_S13	PF00416.22	0	1	0	0.887445887445887	0.298701298701299	0.997835497835498	0.0108225108225108	0	0.798701298701299	0	1	0.768398268398268	0	0	0.536796536796537	1	0.0562770562770563	1	0.547619047619048	1	0.958874458874459	1	0	1	1	0	1	0.887445887445887	0.326839826839827
362556	Bacteria_71	Ribosomal_S15	PF00312.22	0	0.694989106753813	0.0522875816993464	0.79520697167756	0	0.773420479302832	0.860566448801743	0.0413943355119826	0.838779956427015	0	1	0.718954248366013	0	0	0.16557734204793	1	0	0.984749455337691	0	0.679738562091503	0.812636165577342	1	0	1	0.973856209150327	0	0.919389978213508	0.871459694989107	0
398862	Bacteria_71	Ribosomal_L5	PF00281.19	0	0.890151515151515	0.46780303030303	0.0681818181818182	0	0.285984848484849	0.84469696969697	0.458333333333333	0.28030303030303	0	0.00189393939393939	0.816287878787879	0	0	0	1	0	1	0	1	0.873106060606061	1	0	1	1	0	0.848484848484849	0.78030303030303	0
398863	Bacteria_71	Ribosomal_S8	PF00410.19	0	1	0.297435897435897	0	0	1	0.194871794871795	0.387179487179487	0.466666666666667	0	1	0.966666666666667	0	0	0.5	1	0	1	0	0.823076923076923	0.879487179487179	1	0.571794871794872	0.707692307692308	1	0	1	1	0.743589743589744
398864	Bacteria_71	Ribosomal_L6	PF00347.23	0	0.707407407407407	0	0.631481481481482	0	0.82037037037037	1	0.277777777777778	0.987037037037037	0	0.966666666666667	0.509259259259259	0	0	0	1	0	1	0	0.87037037037037	0.987037037037037	1	0.559259259259259	0.298148148148148	0.438888888888889	0	0.931481481481482	0.718518518518519	0
398870	Bacteria_71	Ribosomal_L27A	PF00828.19	0	0.503649635036496	0.469586374695864	0.401459854014599	0	0.184914841849148	0.369829683698297	0.141119221411192	0.545012165450122	0	1	0.953771289537713	0	0	0	1	0	1	0.277372262773723	1	0.834549878345499	1	0	0.669099756690998	0.569343065693431	0	1	0.532846715328467	0
398871	Bacteria_71	SecY	PF00344.20	0	0.694189602446483	0.188583078491335	0.660550458715596	0.153924566768603	0.597859327217125	0.761977573904179	0.375127420998981	0.625891946992864	0	0.920489296636086	0.841488277268094	0	0.0575942915392457	0	1	0	0.994393476044852	0.432721712538226	0.917940876656473	0.982670744138634	1	0.618756371049949	0.980122324159022	0.959225280326198	0	1	0.803261977573904	0
484174	Bacteria_71	ADK	PF00406.22	0	0.818325434439178	0.530805687203792	0.458135860979463	0	0.635071090047393	0.597156398104265	0.0979462875197472	0.139020537124803	0	0.872037914691943	0.859399684044234	0	0	0	1	0	0.958925750394945	0	1	1	1	0	0.911532385466035	0.981042654028436	0	1	0.548183254344392	0.0173775671406003
526670	Bacteria_71	Ribosom_S12_S23	PF00164.25	0	0.27039627039627	0	0.911421911421911	0	0.468531468531469	0.020979020979021	0	0	0	0.743589743589744	0	0	0	0	1	0.393939393939394	1	0.34965034965035	0.846153846153846	0.694638694638695	1	0	0.755244755244755	0.412587412587413	0	0.951048951048951	0.482517482517482	0
526671	Bacteria_71	Ribosomal_S7	PF00177.21	0	0.406698564593301	0	0.735247208931419	0	0.818181818181818	0.901116427432217	0	0.437001594896332	0	1	0.240829346092504	0	0	0	1	0	0.862838915470494	0.767145135566188	0.998405103668262	0.787878787878788	1	0	0.832535885167464	0.717703349282297	0	1	0.245614035087719	0
