gene_callers_id	source	gene_name	gene_hmm_id	WAM_ALR	WAM_CCR	WAM_IPI	WAM_MAR	WAM_MYS	WAM_PBL	WAM_PJN	WAM_PPR	WAM_PST	WAM_ROL	WAM_SCR	WAM_SGN	WAM_SIS	WAM_TWN	WAR_ALR	WAR_CCR	WAR_IPI	WAR_MAR	WAR_MYS	WAR_PBL	WAR_PJN	WAR_PPR	WAR_PSK	WAR_PST	WAR_RNW	WAR_ROL	WAR_SCR	WAR_SGL	WAR_SIS
1130515	Bacteria_71	Ham1p_like	PF01725.16	0	0	0.367697594501718	0.0326460481099656	0	0	0	0.347079037800687	0.326460481099656	0	0.353951890034364	0.575601374570447	0	0	0	1	0.517182130584192	0.0326460481099656	0.505154639175258	0.381443298969072	0.443298969072165	0.75085910652921	0	0.747422680412371	0.403780068728522	0.118556701030928	0.632302405498282	0	0.388316151202749
1130517	Bacteria_71	SmpB	PF01668.18	0.318471337579618	0.193205944798301	0	0	0	0.195329087048832	0.231422505307856	0	0	0	0.365180467091295	0	0	0	0.634819532908705	0.532908704883227	0	0.394904458598726	0	0.639065817409766	0.59447983014862	0.764331210191083	0	0.876857749469214	0.768577494692144	0	0	0.282377919320594	0
179227	Bacteria_71	TsaE	PF02367.17	0.605870020964361	0	0.530398322851153	0.465408805031447	0	0.316561844863732	0.618448637316562	0.633123689727463	0.459119496855346	0	0.895178197064989	0	0	0	0.150943396226415	0.926624737945493	0	0.454926624737945	0	0.331236897274633	1	1	0.408805031446541	1	0	0	0.658280922431866	0	0.264150943396226
189335	Bacteria_71	ATP-synt	PF00231.19	0	0.317307692307692	0	0.210470085470085	0	0.273504273504274	0.217948717948718	0	0.770299145299145	0	0.177350427350427	0.298076923076923	0	0.322649572649573	0.322649572649573	0.485042735042735	0	0.602564102564103	0.319444444444444	0.461538461538462	0.777777777777778	0.922008547008547	0	0.867521367521368	0.211538461538462	0.106837606837607	0	0.495726495726496	0.192307692307692
189337	Bacteria_71	OSCP	PF00213.18	0	0.450094161958569	0	0	0	0.506591337099812	0.551789077212806	0	0.175141242937853	0	0.31638418079096	0.340866290018832	0	0	0.314500941619586	0.809792843691149	0	0.644067796610169	0	0.813559322033898	0	1	0.538606403013183	0.608286252354049	0.502824858757062	0	0.532956685499058	0.175141242937853	0
189340	Bacteria_71	ATP-synt_A	PF00119.20	0.08203125	0.819010416666667	0.0911458333333333	0.79296875	0	0.296875	0.44921875	0.279947916666667	0.850260416666667	0	0.440104166666667	0.6171875	0	0.303385416666667	0.516927083333333	0.37890625	0	0.955729166666667	0.772135416666667	0.328125	0.33984375	0.966145833333333	0.393229166666667	0.661458333333333	0.697916666666667	0	0.166666666666667	0.376302083333333	0
67053	Bacteria_71	Ribosomal_L9_C	PF03948.14	0	0.137777777777778	0	0.335555555555556	0	0	0.366666666666667	0.311111111111111	1	0	0	0	0.131111111111111	0	0.335555555555556	0	0	0.913333333333333	0.686666666666667	0.6	0.624444444444444	0.962222222222222	0	1	0	0.66	0.442222222222222	0	0
67056	Bacteria_71	Ribosomal_S6	PF01250.17	0	0.185507246376812	0.301449275362319	0.43768115942029	0	0	0.530434782608696	0	0.142028985507246	0	0.330434782608696	0.423188405797101	0	0	0.507246376811594	1	0	0.846376811594203	0	0.831884057971015	0.292753623188406	0.953623188405797	0	1	0.657971014492754	0	0.228985507246377	0	0
77930	Bacteria_71	Chorismate_synt	PF01264.21	0	0.825581395348837	0.151162790697674	0.304263565891473	0	0.37015503875969	0.317829457364341	0	0.618217054263566	0.182170542635659	0.622093023255814	0.292635658914729	0.0833333333333333	0	0.862403100775194	0.618217054263566	0	0.329457364341085	0	0	0.905038759689922	0.751937984496124	0	0.924418604651163	0	0	0.703488372093023	0	0
77931	Bacteria_71	Chorismate_synt	PF01264.21	0	0.803819444444444	0	0.262152777777778	0.335069444444444	0	0.331597222222222	0.333333333333333	0.529513888888889	0.213541666666667	0	0.21875	0	0	0	0.378472222222222	0	0.402777777777778	0.779513888888889	0.107638888888889	0.552083333333333	0.260416666666667	0	0.831597222222222	0.59375	0	0.380208333333333	0.251736111111111	0
152285	Bacteria_71	AICARFT_IMPCHas	PF01808.18	0.497017892644135	0.62624254473161	0.455268389662028	0.648774022531478	0.200132538104705	0.222001325381047	0.361166335321405	0.37375745526839	0.840291583830351	0	0.596421471172962	0.360503644797879	0	0	0.640821736249172	0.96752816434725	0.0868124585818423	0.518886679920477	0.110006626905235	0.579191517561299	0.885354539430086	0.87143803843605	0.296222664015905	0.889993373094765	0.731610337972167	0.185553346587144	0.753479125248509	0	0.0437375745526839
1448149	Bacteria_71	Ribosomal_L20	PF00453.18	0.326388888888889	0.355902777777778	0	0.0295138888888889	0	0.0295138888888889	0	0	0.682291666666667	0	0.456597222222222	0.59375	0	0.0503472222222222	0.722222222222222	0.760416666666667	0	0.890625	0	0.401041666666667	0.123263888888889	0.585069444444444	0.430555555555556	0.951388888888889	0.470486111111111	0	0.475694444444444	0	0
1448150	Bacteria_71	Ribosomal_L35p	PF01632.19	0	0	0	0.974358974358974	0	0.702564102564103	0	0	0.0307692307692308	0	0.0769230769230769	0.61025641025641	0	0	0.887179487179487	0.830769230769231	0	1	0	0.774358974358974	0.517948717948718	0.641025641025641	0	0.897435897435897	0	0	0	0	0
1448165	Bacteria_71	RNA_pol_Rpb6	PF01192.22	0	0.521367521367521	0.43019943019943	0.857549857549858	0	0	0.492877492877493	0	0.823361823361823	0	0	0.398860398860399	0.444444444444444	0	0.461538461538462	0.797720797720798	0	1	0	1	0.373219373219373	1	0.478632478632479	0.928774928774929	0	0	0.256410256410256	0	0
1448186	Bacteria_71	RuvX	PF03652.15	0.140350877192982	0	0.265350877192982	0.037280701754386	0	0	0.921052631578947	0	0.607456140350877	0.449561403508772	0	0	0	0	0.427631578947368	0.888157894736842	0	0.782894736842105	0	0.925438596491228	0.421052631578947	0.756578947368421	0.480263157894737	0.611842105263158	0	0.25	0.0175438596491228	0	0.245614035087719
1464814	Bacteria_71	Ribosomal_S15	PF00312.22	0	0.596296296296296	0	0	0.381481481481481	0	0	0	0.440740740740741	0	0	0.925925925925926	0	0	0	1	0	0	0	0.981481481481482	0.774074074074074	1	0.581481481481481	1	0	0	0.774074074074074	0.688888888888889	0
1464820	Bacteria_71	RBFA	PF02033.18	0	0	0	0	0	0.177248677248677	0.526455026455027	0	0	0.28042328042328	0.0105820105820106	0.497354497354497	0	0	0.44973544973545	1	0.0687830687830688	0.592592592592593	0	0.735449735449735	0.484126984126984	0.806878306878307	0.812169312169312	0.939153439153439	0.335978835978836	0	0.150793650793651	0.37037037037037	0
1464828	Bacteria_71	RRF	PF01765.19	0	0.137992831541219	0.541218637992832	0.405017921146953	0.442652329749104	0.765232974910394	0.498207885304659	0	0.686379928315412	0	0.455197132616487	0	0	0	0	0.272401433691756	0	0.259856630824373	0.0555555555555556	0.512544802867383	1	0.474910394265233	0	0.885304659498208	0.021505376344086	0	0.734767025089606	0	0
1464830	Bacteria_71	EF_TS	PF00889.19	0	0.0593434343434343	0	0.318181818181818	0	0.358585858585859	0.554292929292929	0	0.410353535353535	0	0.272727272727273	0.782828282828283	0.00757575757575757	0.0656565656565657	0.455808080808081	1	0	0.946969696969697	0	0.410353535353535	0.973484848484848	0.763888888888889	0.189393939393939	1	0.777777777777778	0.190656565656566	0.333333333333333	0.00126262626262626	0.612373737373737
1464831	Bacteria_71	Ribosomal_S2	PF00318.20	0	0	0	0.394977168949772	0	0.310502283105023	0.276255707762557	0	0.668949771689498	0	0.478310502283105	0.172374429223744	0	0	0.313926940639269	1	0	0.488584474885845	0	0.334474885844749	0.382420091324201	1	0.517123287671233	0.75	0.416666666666667	0.131278538812785	0.648401826484018	0.339041095890411	0.513698630136986
1464834	Bacteria_71	Ribosomal_L19	PF01245.20	0	0.60632183908046	0.362068965517241	0.692528735632184	0	0	0.390804597701149	0.028735632183908	1	0	0.42816091954023	0	0	0	0.683908045977011	0.873563218390805	0	0	0	1	0.339080459770115	0.505747126436782	0	0.859195402298851	0	0.816091954022989	0	0	0
1464835	Bacteria_71	tRNA_m1G_MT	PF01746.21	0	0.396433470507545	0.185185185185185	0.493827160493827	0	0.330589849108368	0.259259259259259	0	0.300411522633745	0	0.297668038408779	0.414266117969822	0	0	0.555555555555556	0.609053497942387	0	0.122085048010974	0.296296296296296	0.744855967078189	0.401920438957476	0.790123456790123	0.301783264746228	0.921810699588477	0.127572016460905	0.288065843621399	0.655692729766804	0	0.596707818930041
1464838	Bacteria_71	Ribosomal_S16	PF00886.19	0	0.5	0.375621890547264	0.840796019900497	0	0	0	0.375621890547264	0.0124378109452736	0	0.73134328358209	0	0	0	0	0.830845771144279	0	0.477611940298507	0	0.534825870646766	0.415422885572139	0.368159203980099	0	0.858208955223881	0.375621890547264	0	0.674129353233831	0.353233830845771	0
1464855	Bacteria_71	Ribosomal_L28	PF00830.19	0	0	0	0.425641025641026	0	0	0.302564102564103	0	0	0	0	0	0.615384615384615	0	0.712820512820513	0.984615384615385	0.887179487179487	0.348717948717949	0	0.861538461538462	0	1	0	0.994871794871795	0	0	0.774358974358974	0	0
1466877	Bacteria_71	SecE	PF00584.20	0	0.505050505050505	0.154882154882155	0.569023569023569	0.390572390572391	0.572390572390572	0.771043771043771	0.97979797979798	0.7003367003367	0	0.528619528619529	0.0134680134680135	0	0.37037037037037	0	0.888888888888889	0	0.855218855218855	0.740740740740741	0.707070707070707	0.865319865319865	1	0.323232323232323	1	0	0	1	0.511784511784512	0
1466880	Bacteria_71	Ribosomal_L1	PF00687.21	0	0.597701149425287	0	0.882183908045977	0	0.114942528735632	0.530172413793103	0.214080459770115	0.745689655172414	0.244252873563218	0.369252873563218	0.147988505747126	0	0	0.402298850574713	0.847701149425287	0	0.870689655172414	0.406609195402299	0.586206896551724	1	0.846264367816092	0.281609195402299	0.780172413793103	0.836206896551724	0	0.117816091954023	0.193965517241379	0.433908045977011
1466885	Bacteria_71	Ribosom_S12_S23	PF00164.25	0.470430107526882	0	0.010752688172043	0.349462365591398	0	0.190860215053763	0.241935483870968	0	0.666666666666667	0	0.973118279569892	0	0	0	0	1	0	0.981182795698925	0	0.793010752688172	0.623655913978495	1	0.553763440860215	1	0.220430107526882	0	0.887096774193548	0	0.763440860215054
1466886	Bacteria_71	Ribosomal_S7	PF00177.21	0	0	0	0.656050955414013	0	0.203821656050955	0	0	0.639065817409766	0	0.929936305732484	0.13588110403397	0	0	0.498938428874735	0.522292993630573	0	0.670912951167728	0.607218683651805	1	0.851380042462845	0.48619957537155	0	0.806794055201699	0.454352441613588	0.426751592356688	0.386411889596603	0.484076433121019	0.473460721868365
1466889	Bacteria_71	Ribosomal_S10	PF00338.22	0	1	0.517133956386293	0	0	0	0.850467289719626	0	0.878504672897196	0	0	0	0	0	0.404984423676013	1	0	0	0	0.922118380062305	0.813084112149533	1	0.14018691588785	1	0.401869158878505	0	0.866043613707165	0.610591900311526	0
1466892	Bacteria_71	Ribosomal_L3	PF00297.22	0	0.560250391236307	0.081377151799687	0.236306729264476	0	0	0.322378716744914	0	0.94679186228482	0	0.640062597809077	0.170579029733959	0	0	0	0.898278560250391	0	0.528951486697966	0	0.497652582159624	0.793427230046948	1	0	1	0.538341158059468	0.464788732394366	0.309859154929577	0	0
1466893	Bacteria_71	Ribosomal_L4	PF00573.22	0.212698412698413	0.371428571428571	0	0.711111111111111	0	0.288888888888889	0	0	0.506349206349206	0	0.414285714285714	0.133333333333333	0	0	0.546031746031746	0.903174603174603	0.336507936507937	0.234920634920635	0	1	0.495238095238095	1	0.319047619047619	1	0.328571428571429	0	0.542857142857143	0	0.36984126984127
1466894	Bacteria_71	Ribosomal_L23	PF00276.20	0.59106529209622	0.938144329896907	0	0	0	0	0.604810996563574	0	0.735395189003436	0	0	0.852233676975945	0	0	0.498281786941581	0.738831615120275	0	0	0	1	0.457044673539519	0.831615120274914	0.347079037800687	0.975945017182131	0	0	0.865979381443299	0	0
1466895	Bacteria_71	Ribosomal_L2	PF00181.23	0.216248506571087	0.642771804062127	0	0	0	0	0.29868578255675	0	0.683393070489845	0	0.444444444444444	0.280764635603345	0	0	0.446833930704898	0.89247311827957	0.313022700119474	0.626045400238949	0	0.413381123058542	0.70131421744325	0.563918757467145	0.193548387096774	0.845878136200717	0.80884109916368	0	0.77299880525687	0.16726403823178	0
1466896	Bacteria_71	Ribosomal_S19	PF00203.21	0	0.164874551971326	0	0.275985663082437	0	0	0	0	0.537634408602151	0	0.025089605734767	1	0.469534050179211	0	0.129032258064516	1	0.10752688172043	1	0	0.777777777777778	0.519713261648746	1	0.480286738351254	1	0.878136200716846	0.956989247311828	0.666666666666667	0	0
1466897	Bacteria_71	Ribosomal_L22	PF00237.19	0.592216582064298	0.38917089678511	0	0.433164128595601	0.0355329949238579	0.253807106598985	0.201353637901861	0	0.813874788494078	0	0.835871404399323	0.519458544839255	0.077834179357022	0	0	0.554991539763113	0	0.566835871404399	0.140439932318105	0.920473773265651	0.321489001692047	0.991539763113367	0	0.785109983079526	0.685279187817259	0.0592216582064298	0.434856175972927	0	0
1466898	Bacteria_71	Ribosomal_S3_C	PF00189.20	0.40146750524109	0	0.515723270440252	0.559748427672956	0.174004192872117	0.175052410901468	0.40356394129979	0.158280922431866	0.484276729559748	0.316561844863732	0.59958071278826	0.462264150943396	0	0	0.315513626834382	0.79979035639413	0	0.679245283018868	0.462264150943396	0.762054507337526	0.744234800838574	0.756813417190776	0.261006289308176	1	0.556603773584906	0	0.816561844863732	0.169811320754717	0
1466899	Bacteria_71	Ribosomal_L16	PF00252.18	0	0.265206812652068	0	0	0	0	0	0	0.474452554744526	0	1	0.301703163017032	0	0	0	0.914841849148418	0.328467153284672	0.717761557177616	0	0.357664233576642	0	0.902676399026764	0.111922141119221	0.995133819951338	0.0948905109489051	0	0.985401459854015	0.846715328467153	0
1466900	Bacteria_71	Ribosomal_L29	PF00831.23	0	1	0	0	0	0.316239316239316	0.773504273504274	0	0.444444444444444	0	0.256410256410256	0.448717948717949	0	0	0	1	0	0.585470085470085	0	0	0	0.568376068376068	0	0.752136752136752	1	0	1	0	0
1466901	Bacteria_71	Ribosomal_S17	PF00366.20	0	1	0	0	0	0.444444444444444	0.498207885304659	0	0.336917562724014	0	0	0.541218637992832	0	0	0.415770609318996	1	0	0.806451612903226	0	0.78494623655914	0.577060931899642	1	0.537634408602151	0.537634408602151	0.0824372759856631	0	0.978494623655914	0	0
1466902	Bacteria_71	Ribosomal_L14	PF00238.19	0	1	0	0	0	0	0.772357723577236	0	0	0	0.826558265582656	0.401084010840108	0	0	0	0.829268292682927	0	1	0	0.794037940379404	0.685636856368564	1	0.40650406504065	0.40650406504065	0	0.344173441734417	0.680216802168022	0	0
1466903	Bacteria_71	ribosomal_L24	PF17136.4	0.733333333333333	1	0.441269841269841	0	0	0	0.0444444444444444	0	0.422222222222222	0.311111111111111	1	0	0	0	0.901587301587302	0.812698412698413	0	1	0	1	0	0.984126984126984	0	0	0	0.158730158730159	0.682539682539683	0	0
1466904	Bacteria_71	Ribosomal_L5	PF00281.19	0.0789473684210526	0.878947368421053	0.775438596491228	0.0964912280701754	0	0	0.710526315789474	0	0.743859649122807	0	0.505263157894737	0	0	0	0.0350877192982456	0.798245614035088	0	0.214035087719298	0	0.185964912280702	0.0964912280701754	1	0	0.754385964912281	0.666666666666667	0	0.166666666666667	0.0298245614035088	0.649122807017544
1466906	Bacteria_71	Ribosomal_S8	PF00410.19	0	0	0.380246913580247	0	0	0.397530864197531	0	0	0.851851851851852	0	0.323456790123457	0.222222222222222	0	0	0.624691358024691	1	0	0.790123456790123	0	0.97037037037037	0.654320987654321	0.975308641975309	0	0.97283950617284	0	0	0.874074074074074	0.175308641975309	0
1466907	Bacteria_71	Ribosomal_L6	PF00347.23	0	1	0	0.85	0	0.951851851851852	0.453703703703704	0	0.757407407407407	0	0.17962962962963	0.372222222222222	0.431481481481481	0	0.616666666666667	0.816666666666667	0.333333333333333	0.101851851851852	0.498148148148148	0.451851851851852	0.27962962962963	0.47037037037037	0	0.940740740740741	0	0.0722222222222222	0.774074074074074	0.403703703703704	0.2
1466908	Bacteria_71	Ribosomal_L18p	PF00861.22	0	0.738292011019284	0.851239669421488	0.961432506887052	0	0.297520661157025	0	0	0.584022038567493	0	0.752066115702479	0	0.0606060606060606	0.509641873278237	0.597796143250689	0.9366391184573	0	0.619834710743802	0.192837465564738	1	0.415977961432507	1	0.176308539944904	0.837465564738292	0	0.87603305785124	0	0	0.796143250688705
1518894	Bacteria_71	Pept_tRNA_hydro	PF01195.19	0	0.527777777777778	0	0.694444444444444	0	0.246732026143791	0.777777777777778	0	0.222222222222222	0	0.0310457516339869	0.305555555555556	0	0	0	0.795751633986928	0	0.550653594771242	0.246732026143791	0.954248366013072	0	0.51797385620915	0	1	0.42156862745098	0	0	0.246732026143791	0.632352941176471
1525742	Bacteria_71	UPF0054	PF02130.17	0.315891472868217	0.422480620155039	0	0.116279069767442	0	0	0	0	0.945736434108527	0	0.288759689922481	0.782945736434108	0	0	0.885658914728682	0.89922480620155	0	0.544573643410853	0.263565891472868	0.333333333333333	0.0949612403100775	1	0	0.703488372093023	0.296511627906977	0	0.232558139534884	0.583333333333333	0
1525746	Bacteria_71	RecO_C	PF02565.15	0	0.0291666666666667	0	0.533333333333333	0	0	0	0	0.215277777777778	0	0.591666666666667	0.322222222222222	0	0	0.458333333333333	0.893055555555556	0	0.454166666666667	0	0.3875	0.191666666666667	0.852777777777778	0	0.0777777777777778	0.0694444444444444	0	0	0.634722222222222	0
1572521	Bacteria_71	IPPT	PF01715.17	0	0.325732899022801	0.390879478827362	0	0	0	0.46471226927253	0	0.402823018458198	0.326818675352877	0	0.223669923995657	0.159609120521173	0	0.998914223669924	0.176981541802389	0	0.963083604777416	0	0.496199782844734	0.504885993485342	0.931596091205212	0	0.59500542888165	0.43213897937025	0.230184581976113	0.565689467969598	0.183496199782845	0.266015200868621
1621797	Bacteria_71	Exonuc_VII_L	PF02601.15	0	0.223015873015873	0.238095238095238	0.184920634920635	0.242063492063492	0.171428571428571	0.16031746031746	0	0.347619047619048	0.21984126984127	0	0.561111111111111	0	0	0.236507936507937	0.530952380952381	0	0.621428571428571	0	0.686507936507937	0.580952380952381	0.737301587301587	0.230952380952381	0.89047619047619	0.271428571428571	0.177777777777778	0.223809523809524	0.23968253968254	0.316666666666667
1638839	Bacteria_71	tRNA-synt_1d	PF00750.19	0.183424741011578	0.511273613650213	0.165143205362584	0.144424131627057	0	0.614259597806216	0.631322364411944	0	0.406459475929311	0	0.213893967093236	0.29981718464351	0	0.276051188299817	0.182205971968312	0.923217550274223	0	0.60146252285192	0	0.633150517976843	0.42169408897014	0.97867154174284	0	0.861669713589275	0.183424741011578	0.0786106032906764	0.624619134673979	0.206581352833638	0
738913	Bacteria_71	Ribosomal_L27	PF01016.19	0	0	0.30952380952381	0.805555555555556	0	0	0	0	0.674603174603175	0	0	0	0	0	0	0.226190476190476	0	0.761904761904762	0	0	0.234126984126984	0.956349206349206	0	0.265873015873016	0.849206349206349	0	0	0.698412698412698	0
738914	Bacteria_71	Ribosomal_L21p	PF00829.21	0	0	0.223300970873786	0.488673139158576	0	0.362459546925566	0	0	1	0	0	0	0	0	0	1	0	0.132686084142395	0	0.488673139158576	0	1	0	0.938511326860841	0.737864077669903	0	0	0	0.844660194174757
801219	Bacteria_71	Adenylsucc_synt	PF00709.21	0.297067901234568	0.373456790123457	0	0.182098765432099	0	0.172839506172839	0.385030864197531	0	0.645061728395062	0	0.761574074074074	0.604166666666667	0	0.321759259259259	0	0.424382716049383	0.23070987654321	0.493827160493827	0	0.968364197530864	0.320216049382716	1	0	0.744598765432099	0.624228395061728	0	0.597222222222222	0.520061728395062	0.194444444444444
801222	Bacteria_71	GrpE	PF01025.19	0	0.772811918063315	0	0	0.309124767225326	0	0.378026070763501	0	0.741154562383613	0	0.709497206703911	0.284916201117318	0	0	0.461824953445065	0.919925512104283	0	0.223463687150838	0	0.623836126629423	0.575418994413408	0.787709497206704	0	1	0.538175046554935	0.432029795158287	1	0.512104283054004	0.31657355679702
828545	Bacteria_71	RsfS	PF02410.15	0	0.737913486005089	0	0.465648854961832	0.600508905852417	0	0.826972010178117	0	0.826972010178117	0.44529262086514	0.628498727735369	0	0	0	0	0.83969465648855	0	0.923664122137405	0	0.872773536895674	0.913486005089058	1	0	0.755725190839695	0.582697201017812	0	0.0483460559796438	0.862595419847328	0
352382	Bacteria_71	Ribosomal_S9	PF00380.19	0.0927318295739348	0.568922305764411	0.74937343358396	0.523809523809524	0	0	0.974937343358396	0.170426065162907	0.80952380952381	0.0175438596491228	0.170426065162907	0	0	0	0.218045112781955	0.761904761904762	0	1	0	0.167919799498747	0.912280701754386	1	0.268170426065163	1	0.546365914786967	0.223057644110276	0.619047619047619	0	0
352383	Bacteria_71	Ribosomal_L13	PF00572.18	0.203090507726269	0.333333333333333	0	0.768211920529801	0	0.0309050772626932	0.123620309050773	0.766004415011038	0	0.532008830022075	0.626931567328918	0	0	0	0.172185430463576	1	0	1	0.333333333333333	0.730684326710817	0.955849889624724	1	0.492273730684327	0.947019867549669	0.490066225165563	0	1	0	0
352385	Bacteria_71	Ribosomal_L17	PF01196.19	0	0	0.265536723163842	0.392655367231638	0.666666666666667	0	0	0	1	0	0.282485875706215	0.265536723163842	0	0	0	0.468926553672316	0	0.0847457627118644	0.209039548022599	0.830508474576271	0.194915254237288	1	0	0.728813559322034	0.830508474576271	0.0903954802259887	0.898305084745763	0.720338983050847	0
352386	Bacteria_71	RNA_pol_L	PF01193.24	0	0.575371549893843	0.424628450106157	0.13588110403397	0.277070063694268	0	0.428874734607219	0.187898089171975	0.868365180467091	0	0.876857749469214	0.195329087048832	0	0	0.318471337579618	1	0.303609341825902	0.48619957537155	0.0987261146496815	0.914012738853503	0.822717622080679	1	0.201698513800425	0.601910828025478	0.526539278131635	0	0.0414012738853503	0.102972399150743	0
352388	Bacteria_71	Ribosomal_S11	PF00411.19	0	0	0.511278195488722	0.345864661654135	0	0	0.308270676691729	0	1	0	0.736842105263158	0.553884711779449	0	0	0.453634085213033	0.756892230576441	0.609022556390977	1	0.521303258145363	1	0.919799498746867	0.862155388471178	0	1	0	0	0.819548872180451	0	0
352389	Bacteria_71	Ribosomal_S13	PF00416.22	0	0	0.291005291005291	0.674603174603175	0	0.743386243386243	0.457671957671958	0	0.825396825396825	0	0	0.899470899470899	0	0	0.314814814814815	1	0	0.597883597883598	0.251322751322751	0.801587301587302	0.986772486772487	1	0	0.941798941798942	0	0	0	0.695767195767196	0
352390	Bacteria_71	eIF-1a	PF01176.19	0.57948717948718	0	0	0.4	0	0	0.661538461538462	0	0.81025641025641	0	0	0.8	0	0	1	1	0	0.405128205128205	0	1	1	1	0	1	0	0	0.646153846153846	0	0.466666666666667
352391	Bacteria_71	ADK	PF00406.22	0.424543946932007	0.112769485903814	0	0.565505804311774	0	0.890547263681592	0.825870646766169	0	0.358208955223881	0	0.706467661691542	0	0	0.78441127694859	0.15257048092869	1	0.414593698175788	1	0.177446102819237	0.553897180762852	0.479270315091211	0.621890547263682	0.358208955223881	1	0.606965174129353	0.462686567164179	0.658374792703151	0	0.316749585406302
352392	Bacteria_71	SecY	PF00344.20	0.309309309309309	0.658408408408408	0.428678678678679	0.499249249249249	0.226726726726727	0.328828828828829	0.34009009009009	0	0.823573573573574	0	0.622372372372372	0.224474474474474	0.440690690690691	0.113363363363363	0.0773273273273273	0.879129129129129	0.273273273273273	0.412162162162162	0.104354354354354	0.913663663663664	0.676426426426426	0.855105105105105	0.226726726726727	0.988738738738739	0.225975975975976	0.157657657657658	0.382132132132132	0.301051051051051	0.226726726726727
352393	Bacteria_71	Ribosomal_L27A	PF00828.19	0	0.810699588477366	0.00823045267489712	0	0	0	0.960905349794239	0	0.94238683127572	0	0.574074074074074	0.283950617283951	0	0.347736625514403	0.294238683127572	1	0.55761316872428	0.407407407407407	0	0.888888888888889	0.798353909465021	0.748971193415638	0	1	0.555555555555556	0	0.732510288065844	0.294238683127572	0
352937	Bacteria_71	YajC	PF02699.15	0	0	0	0	0	0	0.673333333333333	0	0.496666666666667	0	0.193333333333333	0	0	0	0.526666666666667	0.91	0	0.78	0	1	0	0.406666666666667	0.816666666666667	1	0	0	0	0.773333333333333	0.88
492233	Bacteria_71	SecG	PF03840.14	0	0.524444444444444	0	0.631111111111111	0	0	0.888888888888889	0	0.955555555555556	0	0.88	0.0311111111111111	0	0	0	0.911111111111111	0	0.964444444444444	0	0	0.8	1	0	0.973333333333333	0	0.902222222222222	0.662222222222222	0.0622222222222222	0
492236	Bacteria_71	PGK	PF00162.19	0.265777777777778	0.268444444444444	0.0871111111111111	0.438222222222222	0	0	0	0	0.268444444444444	0	0.349333333333333	0	0	0	0.224888888888889	0.424888888888889	0	0.176888888888889	0	0.135111111111111	0.663111111111111	0.952888888888889	0	0.872	0.246222222222222	0.00355555555555555	0.256	0	0.267555555555556
