gene_callers_id	source	gene_name	gene_hmm_id	WAM_ALR	WAM_CCR	WAM_IPI	WAM_MAR	WAM_MYS	WAM_PBL	WAM_PJN	WAM_PPR	WAM_PST	WAM_ROL	WAM_SCR	WAM_SGN	WAM_SIS	WAM_TWN	WAR_ALR	WAR_CCR	WAR_IPI	WAR_MAR	WAR_MYS	WAR_PBL	WAR_PJN	WAR_PPR	WAR_PSK	WAR_PST	WAR_RNW	WAR_ROL	WAR_SCR	WAR_SGL	WAR_SIS
1060707	Bacteria_71	Ribosomal_S15	PF00312.22	1	0.492592592592593	0.774074074074074	1	0.581481481481481	0	1	0.6	1	1	1	1	1	1	1	1	1	1	1	1	1	1	1	1	0.866666666666667	1	1	1	1
177352	Bacteria_71	PGK	PF00162.19	0.893854748603352	1	0.783985102420857	0.681564245810056	0.836126629422719	0.992551210428305	1	0.983240223463687	0.964618249534451	0.914338919925512	0.953445065176909	1	0.713221601489758	0.739292364990689	0.84171322160149	0.986964618249534	1	0.977653631284916	0.964618249534451	1	1	1	0.93854748603352	0.832402234636871	0.823091247672253	0.936685288640596	0.93854748603352	0.847299813780261	1
196636	Bacteria_71	Ribosomal_L17	PF01196.19	0.541218637992832	1	0.731182795698925	1	0.508960573476703	0.283154121863799	0.731182795698925	1	1	1	0.541218637992832	0.845878136200717	0	0.412186379928315	0.727598566308244	0.878136200716846	0.508960573476703	0.903225806451613	0.989247311827957	0.695340501792115	0.473118279569892	1	0.598566308243728	1	0.695340501792115	0.903225806451613	1	0.967741935483871	0.433691756272401
262289	Bacteria_71	Pept_tRNA_hydro	PF01195.19	0.820289855072464	0.763768115942029	0.879710144927536	0.730434782608696	0.771014492753623	0.773913043478261	0.733333333333333	0.636231884057971	1	0.757971014492754	0.694202898550725	0.739130434782609	0.753623188405797	0.310144927536232	0.917391304347826	1	0.217391304347826	0.950724637681159	0.471014492753623	0.963768115942029	0.892753623188406	1	0.611594202898551	0.827536231884058	0.7	0.723188405797101	0.991304347826087	1	0.921739130434783
265458	Bacteria_71	PGK	PF00162.19	0.968553459119497	0.943396226415094	0.661635220125786	0.986163522012579	0.618867924528302	0.918238993710692	0.683018867924528	0.957232704402516	0.29937106918239	0.944654088050314	0.944654088050314	0.914465408805032	0.69559748427673	0.675471698113208	0.962264150943396	0.818867924528302	0.925786163522013	0.884276729559748	0.822641509433962	0.822641509433962	0.491823899371069	0.99874213836478	0.908176100628931	0.90062893081761	0.963522012578616	0.870440251572327	1	0.90062893081761	0.974842767295598
324734	Bacteria_71	RuvX	PF03652.15	1	0.817409766454352	0.779193205944798	1	0.980891719745223	1	1	1	0.847133757961783	0.987261146496815	0.959660297239915	0.719745222929936	0.641188959660297	0.700636942675159	0.800424628450106	0.910828025477707	1	0.700636942675159	0.980891719745223	1	1	1	1	1	0.876857749469214	1	1	0.978768577494692	0.970276008492569
556577	Bacteria_71	Ribosomal_L28	PF00830.19	1	1	1	1	0.6	1	0.989473684210526	1	1	1	1	1	0.726315789473684	0.649122807017544	1	1	0.771929824561403	1	0.842105263157895	1	1	1	1	1	1	0.982456140350877	1	1	1
558848	Bacteria_71	Ribosomal_S3_C	PF00189.20	0.992673992673993	0.893772893772894	0.703296703296703	0.498168498168498	0.791208791208791	0.703296703296703	0.992673992673993	0.967032967032967	0.413919413919414	1	0.901098901098901	0.791208791208791	0	0.783882783882784	0.864468864468865	0.490842490842491	1	0.813186813186813	0.695970695970696	0.901098901098901	0.391941391941392	0.772893772893773	0.992673992673993	0.772893772893773	0.772893772893773	0.666666666666667	1	0.992673992673993	0.743589743589744
558849	Bacteria_71	Ribosomal_L16	PF00252.18	0.997584541062802	1	0.789855072463768	1	1	0.93719806763285	1	1	1	1	1	1	0.727053140096618	0.705314009661836	1	0.973429951690821	0.975845410628019	0.971014492753623	1	1	0.917874396135266	1	1	0.705314009661836	0.763285024154589	0.903381642512077	1	1	0.939613526570048
558851	Bacteria_71	Ribosomal_L29	PF00831.23	1	1	1	1	1	1	1	1	1	1	1	1	0.909090909090909	1	0.757575757575758	1	1	1	0.97979797979798	1	1	1	1	1	1	1	1	1	1
558852	Bacteria_71	Ribosomal_S17	PF00366.20	1	1	1	1	1	1	1	1	0.935064935064935	1	1	1	1	0.783549783549784	1	1	0.532467532467532	1	0.445887445887446	0.96969696969697	1	1	1	1	1	1	1	1	1
558853	Bacteria_71	Ribosomal_L14	PF00238.19	0.737127371273713	1	0.861788617886179	0.631436314363144	0.330623306233062	0.834688346883469	1	1	0.951219512195122	0.474254742547426	1	1	0.856368563685637	0.859078590785908	1	0.680216802168022	1	1	0.913279132791328	1	1	1	0.951219512195122	1	1	1	1	1	0.937669376693767
558854	Bacteria_71	ribosomal_L24	PF17136.4	0.939102564102564	0.740384615384615	0.958333333333333	0.926282051282051	1	1	1	0.967948717948718	0.282051282051282	0	1	1	0.599358974358974	0.304487179487179	1	1	0.397435897435897	1	0.323717948717949	1	0.634615384615385	0.948717948717949	1	0.637820512820513	1	0.967948717948718	0.977564102564102	1	1
569410	Bacteria_71	Ribosomal_S6	PF01250.17	1	1	0.972677595628415	1	0.956284153005464	1	1	1	0.997267759562842	0.983606557377049	1	0.576502732240437	0.524590163934426	0.846994535519126	0.560109289617486	0.319672131147541	1	1	0.836065573770492	1	1	1	0.959016393442623	0.83879781420765	1	1	1	1	1
569412	Bacteria_71	Ribosomal_L9_C	PF03948.14	0.854263565891473	0.94108527131783	0.753488372093023	0.817054263565892	0.368992248062016	0.741085271317829	0.982945736434108	1	0.671317829457364	0.725581395348837	0.789147286821705	0.972093023255814	0.415503875968992	0.350387596899225	1	0.975193798449612	0.544186046511628	0.937984496124031	0.483720930232558	1	1	1	0.88062015503876	0.930232558139535	0.989147286821705	0.982945736434108	1	0.94108527131783	1
2791	Bacteria_71	SecE	PF00584.20	0.797814207650273	0.967213114754098	0.519125683060109	0.942622950819672	0	0.724043715846995	0.939890710382514	0.934426229508197	0	0.590163934426229	1	1	0.469945355191257	0	0.934426229508197	0.975409836065574	0.814207650273224	1	0.691256830601093	0.890710382513661	0.704918032786885	1	0.83879781420765	0.87431693989071	0.0983606557377049	0.715846994535519	1	1	1
69094	Bacteria_71	AICARFT_IMPCHas	PF01808.18	0.845911949685535	0.994339622641509	0.656603773584906	0.786163522012579	0.810691823899371	0.867295597484277	1	1	0.867924528301887	0.938993710691824	0.913207547169811	0.986792452830189	0.457232704402516	0.764150943396226	0.952830188679245	0.942767295597484	0.818238993710692	0.949056603773585	0.956603773584906	0.992452830188679	0.948427672955975	0.945911949685535	1	0.950943396226415	0.949685534591195	0.99811320754717	1	0.969182389937107	0.977987421383648
1410604	Bacteria_71	RsfS	PF02410.15	1	1	1	1	0.523415977961432	0.977961432506887	1	1	1	0.804407713498623	1	1	0.652892561983471	1	1	1	0.798898071625344	1	1	1	1	1	1	1	1	1	1	1	1
1411438	Bacteria_71	RNA_pol_Rpb6	PF01192.22	0.829059829059829	1	1	1	0.92022792022792	1	1	1	0.962962962962963	1	1	1	0.270655270655271	0.985754985754986	0.928774928774929	1	0.914529914529914	1	1	1	0.908831908831909	1	0.891737891737892	1	0.786324786324786	1	1	1	1
1414856	Bacteria_71	SmpB	PF01668.18	1	1	0.725366876310273	1	1	1	0.976939203354298	1	0.993710691823899	0.911949685534591	1	1	0.513626834381551	0.714884696016772	1	1	0.805031446540881	1	1	1	1	1	1	1	1	1	1	1	1
1465674	Bacteria_71	Ribosomal_S20p	PF01649.18	1	1	1	1	0.867424242424242	1	1	1	1	1	1	1	1	1	1	1	1	1	1	1	1	1	1	1	1	1	1	1	0.992424242424242
1530501	Bacteria_71	eIF-1a	PF01176.19	1	1	0.799086757990868	1	1	1	1	1	1	0.881278538812785	1	1	0.995433789954338	0.105022831050228	1	1	1	1	0.995433789954338	1	1	1	1	0.885844748858447	1	1	1	1	1
1586101	Bacteria_71	Ribosomal_S2	PF00318.20	1	1	0.939036381514258	1	0.773844641101278	0.774827925270403	1	0.977384464110128	0.952802359882006	0.794493608652901	1	0.937069813176008	0.426745329400197	0.952802359882006	1	1	0.92330383480826	0.995083579154376	0.837758112094395	0.882005899705015	1	1	0.985250737463127	1	0.874139626352016	1	1	0.972468043264503	0.936086529006883
1586102	Bacteria_71	EF_TS	PF00889.19	1	1	0.732876712328767	1	0.805936073059361	0.985159817351598	1	1	1	0.558219178082192	0.963470319634703	1	0.953196347031963	0.269406392694064	0.992009132420091	1	0.639269406392694	1	0.968036529680365	1	1	1	1	1	0.833333333333333	1	1	0.969178082191781	1
1589097	Bacteria_71	RBFA	PF02033.18	1	1	0.924812030075188	1	1	1	0.982456140350877	1	1	0.576441102756892	1	1	0.744360902255639	0.701754385964912	0.977443609022556	1	0.979949874686717	1	1	1	0.721804511278195	1	1	1	1	1	1	1	1
1669963	Bacteria_71	ATP-synt_A	PF00119.20	1	1	0.937428896473265	1	0.998862343572241	0.988623435722412	1	1	1	0.856655290102389	1	1	0.803185437997725	0.717861205915813	0.956769055745165	1	0.886234357224118	0.994311717861206	0.85551763367463	0.995449374288965	1	1	0.995449374288965	1	0.993174061433447	0.905574516496018	1	0.911262798634812	0.773606370875995
1669966	Bacteria_71	OSCP	PF00213.18	1	1	1	0.996275605214153	0.897579143389199	0.743016759776536	0.80633147113594	0.968342644320298	1	1	0.834264432029795	0.988826815642458	0.964618249534451	0.538175046554935	1	1	0.996275605214153	1	0.88268156424581	1	1	1	1	1	1	1	1	1	1
1669968	Bacteria_71	ATP-synt	PF00231.19	1	1	0.864583333333333	0.957175925925926	0.184027777777778	0.998842592592593	1	1	1	0.961805555555556	1	1	0.313657407407407	0.425925925925926	0.859953703703704	1	0.0902777777777778	1	0.704861111111111	0.944444444444444	0.927083333333333	1	1	0.936342592592593	0.981481481481482	0.858796296296296	1	1	0.96412037037037
731279	Bacteria_71	Ribosomal_L35p	PF01632.19	1	1	0.990049751243781	1	0.621890547263682	1	1	1	1	1	1	1	1	1	1	1	1	1	1	1	1	1	1	1	1	1	1	1	1
731280	Bacteria_71	Ribosomal_L20	PF00453.18	1	1	1	1	1	1	1	0.950413223140496	1	1	1	1	0.589531680440771	0.705234159779614	0.994490358126722	1	0.768595041322314	1	1	1	0.763085399449036	1	1	0.851239669421488	1	1	1	1	1
774187	Bacteria_71	Ribonuclease_P	PF00825.18	1	1	1	1	1	1	1	1	0.954545454545455	0.919191919191919	1	1	1	0.848484848484849	1	1	1	1	0.954545454545455	1	1	1	1	1	0.606060606060606	1	1	1	1
352111	Bacteria_71	AICARFT_IMPCHas	PF01808.18	0.371747211895911	0.728624535315985	0	0.0817843866171004	0	0.270136307311029	0	0.695167286245353	0.815365551425031	0	0.738537794299876	0.643122676579926	0	0	0.374225526641884	0.627013630731103	0.47087980173482	0.755885997521685	0.256505576208178	0.52912019826518	0.75092936802974	0.796778190830235	0	0.795539033457249	0.371747211895911	0	0.612143742255266	0.311028500619579	0.229244114002478
366625	Bacteria_71	ATP-synt_A	PF00119.20	0.955026455026455	1	0.982804232804233	1	0.883597883597884	1	1	1	1	1	1	1	0.740740740740741	0.970899470899471	1	1	1	1	1	0.933862433862434	1	1	0.998677248677249	1	1	1	1	1	0.996031746031746
366631	Bacteria_71	Ribosomal_S16	PF00886.19	1	0.980952380952381	0.878571428571429	1	0.976190476190476	0.935714285714286	1	0.971428571428571	0.84047619047619	0.988095238095238	1	0.99047619047619	0.357142857142857	0.678571428571429	0.845238095238095	1	1	1	0.971428571428571	1	0.995238095238095	1	0.983333333333333	1	0.869047619047619	0.983333333333333	1	1	1
371645	Bacteria_71	Ham1p_like	PF01725.16	1	1	1	1	0.972085385878489	1	1	1	1	1	1	1	0.819376026272578	1	1	1	1	0.988505747126437	1	1	1	1	0.978653530377668	1	1	1	1	1	1
371648	Bacteria_71	GrpE	PF01025.19	1	1	0.962566844919786	1	1	1	1	1	1	0.962566844919786	1	1	0.6524064171123	0.497326203208556	1	0.937611408199644	1	1	0.942959001782531	1	1	1	1	1	1	1	1	1	1
371656	Bacteria_71	Chorismate_synt	PF01264.21	1	1	1	1	0.897644927536232	1	1	1	1	0.9375	1	1	0.743659420289855	0.460144927536232	1	1	1	1	0.757246376811594	1	0.984601449275362	1	0.96195652173913	1	1	0.945652173913044	1	1	1
371665	Bacteria_71	TsaE	PF02367.17	0.91025641025641	1	1	0.685897435897436	0.66025641025641	0.987179487179487	1	1	1	1	1	0.920940170940171	0.760683760683761	0.564102564102564	1	0.903846153846154	0.211538461538462	0.805555555555556	0.745726495726496	1	1	1	1	1	0.957264957264957	1	1	0.826923076923077	1
526717	Bacteria_71	ADK	PF00406.22	0.975193798449612	1	0.762790697674419	0.967441860465116	0.803100775193798	0.84031007751938	1	0.981395348837209	0.702325581395349	0.641860465116279	0.951937984496124	1	0.66046511627907	0.367441860465116	0.903875968992248	0.844961240310077	0.683720930232558	1	0.936434108527132	1	1	1	1	1	0.992248062015504	0.666666666666667	1	1	1
526718	Bacteria_71	SecY	PF00344.20	1	1	0.635095447870778	0.893538913362702	0.900881057268722	0.890602055800294	0.981644640234949	0.913362701908957	0.807635829662261	0.912628487518355	0.968428781204112	0.969162995594714	0.461820851688693	0.31791483113069	1	1	0.987518355359765	0.964757709251101	0.884728340675477	0.872246696035242	0.881057268722467	0.991189427312775	1	1	0.964757709251101	0.950807635829662	1	0.982378854625551	0.887665198237885
526719	Bacteria_71	Ribosomal_L27A	PF00828.19	0.777777777777778	1	0.773504273504274	0.773504273504274	0.579059829059829	0.514957264957265	0.991452991452992	1	1	0.10042735042735	1	0.715811965811966	0.465811965811966	0.621794871794872	0.715811965811966	0.856837606837607	0.572649572649573	0.927350427350427	0.641025641025641	0.764957264957265	0.961538461538462	0.995726495726496	0.427350427350427	0.5	1	0.957264957264957	1	0.974358974358974	1
526722	Bacteria_71	Ribosomal_L18p	PF00861.22	1	0.930555555555556	0.877777777777778	0.652777777777778	0.969444444444444	1	1	1	1	0.794444444444444	1	1	0.525	0.986111111111111	1	1	0.941666666666667	1	1	1	1	1	1	1	1	1	1	1	1
526723	Bacteria_71	Ribosomal_L6	PF00347.23	0.797333333333333	0.725333333333333	0.797333333333333	0.426666666666667	0.496	0.904	0.696	0.624	0.362666666666667	0	0.890666666666667	0.584	0.488	0.381333333333333	0.877333333333333	1	0.864	0.448	0.690666666666667	1	0.352	0.936	0.8	1	0.797333333333333	0.554666666666667	0.965333333333333	0.770666666666667	0.936
1238092	Bacteria_71	tRNA_m1G_MT	PF01746.21	0.988095238095238	1	1	0.927380952380952	0.803571428571429	1	1	1	1	1	1	1	0.692857142857143	0.553571428571429	0.982142857142857	1	1	0.983333333333333	1	1	1	1	1	1	1	1	1	1	1
1238093	Bacteria_71	Ribosomal_L19	PF01245.20	1	1	0.750656167979003	1	1	1	1	1	1	1	1	1	0.186351706036745	0.467191601049869	0.955380577427822	1	1	1	0.955380577427822	1	0.986876640419948	1	1	1	1	1	1	1	1
1257639	Bacteria_71	Adenylsucc_synt	PF00709.21	0.847641144624903	1	0.795050270688322	0.878576952822892	0.807424593967517	0.875483372003094	0.897911832946636	0.835266821345708	0.846094354215004	0.797370456303171	0.911832946635731	0.964423820572312	0.130703789636504	0.263727764887858	0.539056457849961	0.860015467904099	0.455529775715391	0.699922660479505	0.604795050270688	0.882443928847641	0.911059551430781	1	0.695282289249807	0.330239752513534	0.977571539056458	0.54292343387471	0.945088940448569	0.767208043310131	0.849961330239753
1297789	Bacteria_71	Ribosomal_L27	PF01016.19	0.788888888888889	1	1	1	0.948148148148148	0.937037037037037	1	1	1	0.0222222222222222	1	0.881481481481482	0.851851851851852	0.733333333333333	1	1	1	0.948148148148148	0.881481481481482	1	1	1	1	1	1	0.985185185185185	1	1	1
1297790	Bacteria_71	Ribosomal_L21p	PF00829.21	1	1	0.696	1	0.793333333333333	0.976	0.994666666666667	1	1	0.693333333333333	1	0.86	0.201333333333333	0.72	1	1	0.850666666666667	0.966666666666667	0.958666666666667	0.982666666666667	1	1	1	1	0.904	1	1	0.918666666666667	1
1297794	Bacteria_71	Ribosomal_S9	PF00380.19	1	1	0.775051124744376	1	0.638036809815951	0.991820040899796	1	1	1	0.852760736196319	1	1	0.971370143149284	0.991820040899796	0.791411042944785	1	0.535787321063395	0.803680981595092	1	1	0.92638036809816	1	1	1	1	0.877300613496933	1	0.985685071574642	1
1297795	Bacteria_71	Ribosomal_L13	PF00572.18	1	1	1	1	0.491341991341991	0.876623376623377	1	1	1	1	1	1	0.694805194805195	0.974025974025974	1	1	0.614718614718615	1	0.993506493506494	1	1	1	1	1	1	1	1	1	1
1301572	Bacteria_71	Ribonuclease_P	PF00825.18	1	0.837037037037037	0.528395061728395	1	0.930864197530864	0.88641975308642	1	0.767901234567901	1	0.930864197530864	1	0.580246913580247	1	1	0.997530864197531	0.982716049382716	1	0.602469135802469	0.851851851851852	1	1	1	1	1	0.965432098765432	1	1	1	1
1316568	Bacteria_71	OSCP	PF00213.18	1	0.961325966850829	0.683241252302026	0.808471454880295	1	0.486187845303867	1	0.861878453038674	0.950276243093923	1	1	1	1	0.762430939226519	0.952117863720074	0.992633517495396	0.732965009208103	0.74585635359116	0.904235727440147	0.832412523020258	1	0.821362799263352	0.941068139963168	0.880294659300184	0.801104972375691	1	1	0.996316758747698	1
1348932	Bacteria_71	Exonuc_VII_L	PF02601.15	1	1	0.974	0.903333333333333	0.950666666666667	0.992666666666667	1	1	0.950666666666667	0.854	1	1	0.512	0.656666666666667	1	0.902666666666667	0.932666666666667	1	0.848666666666667	0.986666666666667	0.972666666666667	1	1	1	0.972666666666667	1	0.997333333333333	1	0.819333333333333
