key	WAM_ALR	WAM_CCR	WAM_IPI	WAM_MAR	WAM_MYS	WAM_PBL	WAM_PJN	WAM_PPR	WAM_PST	WAM_ROL	WAM_SCR	WAM_SGN	WAM_SIS	WAM_TWN	WAR_ALR	WAR_CCR	WAR_IPI	WAR_MAR	WAR_MYS	WAR_PBL	WAR_PJN	WAR_PPR	WAR_PSK	WAR_PST	WAR_RNW	WAR_ROL	WAR_SCR	WAR_SGL	WAR_SIS
675270	0.04311774461028192	0.5008291873963516	0.3913764510779436	0.0	0.7860696517412935	0.0	0.15920398009950248	0.7014925373134329	0.48258706467661694	0.0	0.0	0.9270315091210614	0.40298507462686567	0.45107794361525705	0.0	0.0	0.0	0.0	0.0	0.0	0.0	0.6849087893864013	0.0	0.49087893864013266	0.0	0.0	0.28192371475953565	0.0	0.2504145936981758
675271	1.0	0.5959595959595959	0.0	0.0	1.0	0.0	0.5084175084175084	0.44107744107744107	1.0	0.0	0.30303030303030304	0.7845117845117845	0.0	0.0	0.0	0.0	0.0	0.0	0.0	0.0	0.0	0.2962962962962963	0.0	0.0	0.0	0.23232323232323232	0.0	0.0	0.0
675269	0.4748427672955975	0.48742138364779874	0.2358490566037736	0.0	0.9245283018867925	0.0	0.0	0.5628930817610063	0.39937106918238996	0.0	0.3757861635220126	0.05345911949685535	0.0	0.0	0.0	0.6116352201257862	0.0	0.0	0.0	0.0	0.34276729559748426	0.39622641509433965	0.0	0.4276729559748428	0.19968553459119498	0.6650943396226415	0.5849056603773585	0.0	0.23742138364779874
719337	0.49256900212314225	0.05307855626326964	0.0	0.0	0.8980891719745223	0.0	0.0	1.0	0.34394904458598724	0.0	0.0	0.7261146496815286	0.0	0.0	0.0	0.0	0.0	0.0	0.0	0.0	0.0	0.0	0.1910828025477707	0.40552016985138006	0.5329087048832272	0.0	0.19532908704883228	0.0	0.26963906581740976
660297	0.0	0.0	0.0	0.0	0.9573643410852714	0.0	0.0	0.8023255813953488	0.0	0.0	0.0	0.6046511627906976	0.0	0.0	0.0	0.0	0.0	0.0	0.0	0.0	0.0	0.0	0.0	0.0	0.2364341085271318	0.0	0.313953488372093	0.0	0.0
154463	0.0	0.6862745098039216	0.0	0.0	0.0	0.0	0.5266106442577031	0.9467787114845938	0.5210084033613446	0.0	0.0	0.9971988795518207	0.0	0.0	0.0	0.0	0.0	0.5798319327731093	0.0	0.6022408963585434	0.09803921568627451	0.3445378151260504	0.0	0.5686274509803921	0.42296918767507	0.43977591036414565	0.8235294117647058	0.5378151260504201	0.5126050420168067
154464	0.5230769230769231	0.35384615384615387	0.0	0.0	0.0	0.6205128205128205	0.6410256410256411	0.9051282051282051	0.8717948717948718	0.0	0.36666666666666664	0.45897435897435895	0.0	0.0	0.5794871794871795	0.6076923076923076	0.0	0.08461538461538462	0.0	0.23846153846153847	0.9769230769230769	0.4230769230769231	0.0	0.0	0.38461538461538464	0.0	0.3974358974358974	0.4512820512820513	0.9564102564102565
823431	0.0	0.589622641509434	0.0	0.2893081761006289	0.360062893081761	0.0	0.0	0.8537735849056604	0.7138364779874213	0.0	0.5738993710691824	0.4559748427672956	0.0	0.0	0.0	0.0	0.23742138364779874	0.0	0.0	0.4748427672955975	0.0660377358490566	0.8160377358490566	0.0	0.46855345911949686	0.0	0.0	0.7657232704402516	0.0	0.0
795884	0.0	0.0	0.6586666666666666	0.0	0.4026666666666667	0.496	0.0	0.2986666666666667	0.7333333333333333	0.23466666666666666	0.0	0.6266666666666667	0.0	0.0	0.824	0.0	0.0	0.0	0.0	0.2693333333333333	0.0	0.07466666666666667	0.0	0.0	0.6293333333333333	0.4186666666666667	1.0	0.0	0.0
1253098	0.0	0.13716814159292035	0.0	0.0	0.6548672566371682	0.13864306784660768	0.0	0.22713864306784662	0.10766961651917405	0.0	0.24631268436578171	0.23893805309734514	0.08259587020648967	0.0	0.44542772861356933	0.0	0.0	0.0	0.2359882005899705	0.0	0.0	0.0	0.0	0.443952802359882	0.5707964601769911	0.0	0.22271386430678466	0.40117994100294985	0.0
1694877	0.0	0.3523809523809524	0.0	0.0	0.0	0.0	0.0	0.43333333333333335	0.9547619047619048	0.0	0.0	0.6619047619047619	0.4	0.0	0.0	0.0	0.0	0.4857142857142857	0.0	0.0	0.0	0.0	0.0	0.23333333333333334	0.4452380952380952	0.0	0.6333333333333333	0.15714285714285714	0.0
1065541	0.02528735632183908	0.01954022988505747	0.0	0.0	0.5505747126436782	0.2045977011494253	0.17011494252873563	0.9022988505747126	0.2620689655172414	0.25057471264367814	0.503448275862069	0.35747126436781607	0.2597701149425287	0.0	0.0	0.0	0.3471264367816092	0.0	0.12298850574712644	0.0	0.0	0.5206896551724138	0.0	0.24367816091954023	0.5264367816091954	0.2597701149425287	0.6528735632183909	0.0	0.21724137931034482
100172	0.0	0.0	0.034904013961605584	0.0	0.8464223385689355	0.0	0.37521815008726006	0.29668411867364747	0.41361256544502617	0.2338568935427574	0.0	0.5951134380453752	0.0	0.0	0.33158813263525305	0.16230366492146597	0.0	0.0	0.020942408376963352	0.0	0.0	0.35951134380453753	0.0	0.2530541012216405	0.0	0.04363001745200698	0.0	0.0	0.0
1003350	0.09992193598750976	0.5331772053083529	0.453551912568306	0.0975800156128025	0.6760343481654957	0.0	0.0	0.6807181889149102	0.4090554254488681	0.18579234972677597	0.1881342701014832	0.6658860265417642	0.0	0.11787665886026542	0.0	0.0	0.1881342701014832	0.12646370023419204	0.4098360655737705	0.117096018735363	0.34972677595628415	0.15690866510538642	0.0	0.6385636221701796	0.11787665886026542	0.23575331772053085	0.375487900078064	0.0	0.0
204686	0.0	0.0	0.0	0.48643410852713176	0.2926356589147287	0.42054263565891475	0.0	0.6337209302325582	0.4748062015503876	0.0	0.3081395348837209	0.046511627906976744	0.0	0.0	0.0	0.0	0.0	0.5794573643410853	0.0	0.5155038759689923	0.2926356589147287	0.19186046511627908	0.0	0.29069767441860467	0.3333333333333333	0.0	0.3953488372093023	0.0	0.812015503875969
1210332	0.0	0.0	0.0	0.0	0.9410569105691057	0.0	0.0	0.40853658536585363	0.32926829268292684	0.11788617886178862	0.30691056910569103	0.7520325203252033	0.0	0.0	0.0	0.5	0.0	0.0	0.07926829268292683	0.0	0.0	0.0	0.0	0.40040650406504064	0.0	0.3821138211382114	0.5345528455284553	0.0	0.11178861788617886
443957	0.0	0.0	0.2777777777777778	0.5694444444444444	0.5300925925925926	0.0	0.5462962962962963	1.0	1.0	0.45601851851851855	0.0	0.9444444444444444	0.0	0.0	0.0	0.0	0.0	0.0	0.12268518518518519	0.0	0.0	0.3148148148148148	0.5486111111111112	0.3449074074074074	0.0	0.8518518518518519	1.0	0.0	0.0
443958	0.0	0.0	0.0	0.0	0.2807017543859649	0.0	0.07602339181286549	0.8245614035087719	0.49707602339181284	0.0	0.3391812865497076	0.7807017543859649	0.0	0.0	0.0	0.0	0.0	0.0	0.6140350877192983	0.0	0.7514619883040936	0.7426900584795322	0.0	0.43859649122807015	0.0	0.42105263157894735	0.07602339181286549	0.0	0.0
1499638	0.0	0.0	0.0	0.0	0.8755020080321285	0.0	0.0	0.9156626506024096	0.0	0.0	0.0	0.0	0.0	0.0	0.0	0.0	0.5943775100401606	0.0	0.0	0.0	0.0	0.0	0.0	0.0	0.0	0.0	0.42570281124497994	0.0	0.0
697643	0.14802981895633652	0.2790202342917998	0.0	0.0	0.0	0.0	0.0	0.691160809371672	0.18636847710330137	0.19275825346112885	0.5175718849840255	0.663471778487753	0.0	0.0	0.0	0.38232161874334397	0.3194888178913738	0.0	0.0	0.5303514376996805	0.0	0.0	0.0	0.0	0.0	0.2939297124600639	0.02875399361022364	0.0	0.0
1635036	0.0	0.27044025157232704	0.0	0.0	0.27044025157232704	0.0	0.13746630727762804	0.7924528301886793	0.20305480682839172	0.0	0.38185085354896675	0.26864330637915546	0.18238993710691823	0.0	0.3054806828391734	0.4636118598382749	0.0	0.0	0.27133872416891286	0.18149146451033243	0.0	0.0	0.07906558849955077	0.0	0.27133872416891286	0.6271338724168913	0.08445642407906559	0.0	0.2749326145552561
810486	0.0	0.5750798722044729	0.0	0.2673056443024494	0.6858359957401491	0.0	0.1703940362087327	0.6560170394036209	0.45154419595314166	0.0	0.7348242811501597	0.8008519701810437	0.24813631522896698	0.32055378061767836	0.4547390841320554	0.16293929712460065	0.0	0.0	0.0	0.1554845580404686	0.039403620873269436	0.4249201277955272	0.0	0.0	0.23535676251331203	0.0	0.29499467518636846	0.4589989350372737	0.21192758253461128
810487	0.2294072363356428	0.3625866050808314	0.36027713625866054	0.0	0.33564280215550424	0.0	0.009237875288683603	0.596612779060816	0.4588144726712856	0.33564280215550424	0.8121632024634334	0.5696689761354888	0.0	0.0	0.1716705157813703	0.0	0.25096227867590454	0.4618937644341801	0.0	0.16320246343341033	0.05003849114703618	0.3995381062355658	0.16166281755196305	0.37336412625096227	0.18244803695150116	0.10392609699769054	0.3610469591993841	0.14164742109314857	0.07544264819091609
1347762	0.0	0.44692737430167595	0.0	0.05865921787709497	0.6182495344506518	0.0	0.20949720670391062	0.6461824953445066	0.2169459962756052	0.0	0.10148975791433892	0.5828677839851024	0.2811918063314711	0.0	0.24581005586592178	0.0	0.0	0.0	0.0	0.13966480446927373	0.0	0.2132216014897579	0.0	0.0	0.0	0.5288640595903166	0.8947858472998138	0.3370577281191806	0.0
508125	0.0	0.5913978494623656	0.0	0.2446236559139785	1.0	0.3064516129032258	0.0	0.0	0.5618279569892473	0.0	0.0	0.0	0.0	0.0	0.0	0.0	0.0	0.0	0.6532258064516129	0.0	0.0	0.5618279569892473	0.0	0.0	0.44623655913978494	0.3709677419354839	0.002688172043010753	0.0	0.43548387096774194
521905	0.0	0.4666666666666667	0.0	0.0	0.0	0.0	0.0	0.0	0.4666666666666667	0.0	0.0	1.0	0.0	0.0	0.0	0.0	0.0	0.0	0.0	0.0	0.0	0.0	0.0	0.2222222222222222	0.0	0.0	0.0	0.0	0.28888888888888886
846653	0.0	0.0	0.27896995708154504	0.0	0.0	0.0	0.1044349070100143	0.7010014306151645	0.2145922746781116	0.0	0.0	0.9170243204577968	0.0	0.0	0.20028612303290416	0.0	0.3719599427753934	0.0	0.0	0.47639484978540775	0.0	0.3719599427753934	0.0	0.43204577968526464	0.0	0.4263233190271817	0.47353361945636624	0.0	0.0
1532109	0.0	0.4202020202020202	0.0	0.0	0.0	0.4888888888888889	0.0	0.4585858585858586	0.13535353535353536	0.41414141414141414	0.7171717171717171	0.43232323232323233	0.0	0.0	0.38585858585858585	0.4262626262626263	0.0	0.0	0.30505050505050507	0.0	0.0	0.0	0.0	0.4909090909090909	0.28484848484848485	0.0	0.0	0.0	0.0
465369	0.38652482269503546	0.4326241134751773	0.0	0.5319148936170213	0.41134751773049644	0.0	0.0	0.6808510638297872	0.18085106382978725	0.7730496453900709	0.0	0.3475177304964539	0.0	0.0	0.0	0.0	0.0	0.0	0.0	0.4858156028368794	0.2801418439716312	0.0	0.0	0.0	0.0	0.0	0.7304964539007093	0.0	0.0
