key	WAM_ALR	WAM_CCR	WAM_IPI	WAM_MAR	WAM_MYS	WAM_PBL	WAM_PJN	WAM_PPR	WAM_PST	WAM_ROL	WAM_SCR	WAM_SGN	WAM_SIS	WAM_TWN	WAR_ALR	WAR_CCR	WAR_IPI	WAR_MAR	WAR_MYS	WAR_PBL	WAR_PJN	WAR_PPR	WAR_PSK	WAR_PST	WAR_RNW	WAR_ROL	WAR_SCR	WAR_SGL	WAR_SIS
1151369	0.4282511210762332	0.0	0.2242152466367713	0.827354260089686	0.0	0.18385650224215247	0.0	0.6136023916292974	0.8565022421524664	0.0	0.1412556053811659	1.0	0.0	1.0	0.0	0.0	0.0	0.0	0.0	0.2219730941704036	0.0	0.0	0.0	0.5029895366218237	0.2257100149476831	0.0	0.11285500747384156	0.0	0.0
1151371	0.0	0.0	0.0	0.9653333333333334	0.0	0.8826666666666667	0.0	0.904	1.0	0.0	0.44533333333333336	0.5866666666666667	0.52	1.0	0.0	0.0	0.0	0.0	0.0	0.56	0.48533333333333334	0.31466666666666665	0.0	0.0	0.0	0.0	0.0	0.17066666666666666	0.0
1151372	0.4122137404580153	0.0	0.0	1.0	0.0	0.5674300254452926	0.0	0.9007633587786259	0.9821882951653944	0.0	0.04834605597964377	0.9872773536895675	0.24681933842239187	1.0	0.0	0.0	0.0	0.0	0.0	0.5165394402035624	0.0	0.2951653944020356	0.0	0.7430025445292621	0.0	0.0	0.0	0.15776081424936386	0.0
1351539	0.0	0.11927330173775672	0.0	0.8546603475513428	0.11927330173775672	0.4636650868878357	0.0	0.2377567140600316	0.6018957345971564	0.0	0.0	1.0	0.0	1.0	0.23854660347551343	0.04186413902053712	0.0	0.23696682464454977	0.0	0.2014218009478673	0.23696682464454977	0.0	0.0	0.41232227488151657	0.6042654028436019	0.0	0.0	0.0	0.0
216170	0.20579710144927535	0.0	0.0	1.0	0.0	0.5376811594202898	0.0	0.30579710144927535	0.43043478260869567	0.43623188405797103	0.0	0.5826086956521739	0.0	1.0	0.0	0.0	0.0	0.0	0.0	0.0	0.0	0.0	0.0	0.21594202898550724	0.0	0.0	0.0	0.0	0.0
552664	0.0	0.0	0.0	1.0	0.0	0.0	0.0	0.0	0.0	0.0	0.0	0.0	0.0	1.0	0.0	0.0	0.0	0.0	0.0	0.0	0.0	0.0	0.0	0.0	0.0	0.0	0.0	0.0	0.0
1029713	0.5555555555555556	0.0	0.0	0.37037037037037035	0.0	0.0	0.0	0.0	0.8814814814814815	0.0	0.0	1.0	0.0	1.0	0.0	0.0	0.0	0.0	0.0	0.0	0.0	0.8740740740740741	0.0	0.0	0.0	0.0	0.0	0.0	0.0
1728529	0.0	0.21836587129428778	0.0	0.9718004338394793	0.0	0.45770065075921906	0.0	0.373825018076645	0.6160520607375272	0.0	0.2118582791033984	0.8951554591467824	0.10918293564714389	0.7960954446854663	0.0	0.0	0.0	0.04772234273318872	0.0	0.0	0.21475054229934923	0.10918293564714389	0.21836587129428778	0.19016630513376717	0.36514822848879247	0.0	0.0	0.0	0.0
915646	0.33755274261603374	0.0	0.0	0.7510548523206751	0.0	0.0	0.0	0.0	0.4613220815752461	0.0	0.0	0.7172995780590717	0.0	0.6174402250351617	0.0	0.0	0.0	0.0	0.0	0.0	0.0	0.11954992967651196	0.0	0.5879043600562588	0.8396624472573839	0.0	0.0	0.0	0.0
1165707	0.24175824175824176	0.0	0.0	0.9926739926739927	0.0	0.5201465201465202	0.0	0.8608058608058609	1.0	0.4542124542124542	0.0	0.5934065934065934	0.0	0.4468864468864469	0.0	0.0	0.0	0.0	0.0	0.0	0.0	0.0	0.0	0.0	0.5531135531135531	0.0	0.0	0.0	0.0
1032149	0.0	0.0	0.0	1.0	0.0	0.0	0.0	0.8909853249475891	0.859538784067086	0.4612159329140461	0.0	0.7882599580712788	0.0	1.0	0.0	0.0	0.0	0.3165618448637317	0.0	0.0	0.0	0.0	0.0	0.0	0.4444444444444444	0.0	0.16352201257861634	0.29559748427672955	0.0
1032148	0.0	0.0	0.0	0.9925925925925926	0.0	0.0	0.0	0.18518518518518517	0.34814814814814815	0.2222222222222222	0.0	1.0	0.0	1.0	0.0	0.0	0.0	0.5592592592592592	0.0	0.0	0.9444444444444444	0.5592592592592592	0.0	0.7666666666666667	0.6518518518518519	0.0	0.7074074074074074	0.2740740740740741	0.0
1494612	0.0	0.0	0.0	0.8281068524970964	0.0	0.2706155632984901	0.0	0.0	0.610917537746806	0.0	0.0	0.7293844367015099	0.0	0.9651567944250871	0.0	0.0	0.0	0.25667828106852497	0.0	0.0	0.0	0.0	0.0	0.15331010452961671	0.537746806039489	0.0	0.0	0.0	0.0
1246317	0.0	0.0	0.0	0.9798387096774194	0.0	0.3239247311827957	0.1922043010752688	0.32661290322580644	0.9005376344086021	0.0	0.24193548387096775	0.7338709677419355	0.0	0.9663978494623656	0.0	0.0	0.0	0.27419354838709675	0.0	0.0	0.0	0.0	0.0	0.0	0.0	0.0	0.0	0.0	0.0
1266744	0.0	0.0	0.0	0.8507462686567164	0.0	0.0	0.5572139303482587	0.7512437810945274	0.6069651741293532	0.0	0.0	0.5323383084577115	0.0	0.9900497512437811	0.0	0.0	0.0	0.7512437810945274	0.0	0.0	0.0	0.0	0.0	0.0	1.0	0.0	0.0	0.6069651741293532	0.6666666666666666
1266743	0.0	0.0	0.0	1.0	0.0	0.0	0.49828178694158076	0.0	0.6013745704467354	0.0	0.0	0.9965635738831615	0.0	1.0	0.0	0.0	0.0	0.0	0.0	0.0	0.0	0.0	0.0	0.0	0.9140893470790378	0.0	0.0	0.5773195876288659	0.03436426116838488
1531463	0.0	0.0	0.0	1.0	0.0	0.18690958164642374	0.0	0.31983805668016196	0.4777327935222672	0.0	0.07827260458839407	0.45951417004048584	0.0	0.9784075573549258	0.0	0.0	0.0	0.0	0.0	0.0	0.0	0.0	0.0	0.0	0.203778677462888	0.0	0.0	0.0	0.0
828203	0.0	0.0	0.0	0.5630810092961488	0.0	0.18725099601593626	0.0	0.0	0.45285524568393093	0.0	0.0	0.6786188579017264	0.0	1.0	0.0	0.0	0.0	0.0	0.0	0.0	0.0	0.0	0.0	0.0	0.4807436918990704	0.0	0.0	0.0	0.0
858771	0.0	0.0	0.0	0.8754716981132076	0.0	0.027672955974842768	0.0	0.24150943396226415	0.6238993710691824	0.0	0.0	1.0	0.0	1.0	0.0	0.0	0.0	0.13584905660377358	0.0	0.28679245283018867	0.0	0.0	0.0	0.6314465408805031	0.20125786163522014	0.0	0.0	0.0	0.0
858772	0.0	0.0	0.0	1.0	0.0	0.8242894056847545	0.0	0.0	0.979328165374677	0.0	0.6149870801033591	1.0	0.0	1.0	0.0	0.0	0.0	0.0	0.0	0.0	0.0	0.0	0.0	0.5297157622739018	0.0	0.0	0.0	0.3695090439276486	0.0
858773	0.0	0.0	0.0	1.0	0.0	0.8026315789473685	0.2412280701754386	0.0	0.8969298245614035	0.0	0.125	1.0	0.0	1.0	0.0	0.0	0.0	0.0	0.0	0.0	0.6578947368421053	0.0	0.0	0.0	0.45394736842105265	0.0	0.0	0.10964912280701754	0.0
1754504	0.0	0.0	0.0	1.0	0.0	0.0	0.0	0.0	0.8148148148148148	0.0	0.0	0.9601139601139601	0.0	1.0	0.0	0.0	0.0	0.09401709401709402	0.0	0.32193732193732194	0.0	0.0	0.0	0.0	0.6353276353276354	0.0	0.0	0.8518518518518519	0.0
1638915	0.2134423251589464	0.2724795640326976	0.0	0.9673024523160763	0.0	0.0	0.16257947320617622	0.5940054495912807	0.40417801998183467	0.0	0.11716621253405994	0.7048138056312443	0.0	0.7166212534059946	0.0	0.0	0.0	0.0	0.259763851044505	0.0	0.06902815622161672	0.0	0.0	0.0	0.0	0.0	0.0	0.0	0.15712988192552224
81847	0.0	0.8565891472868217	0.0	0.9961240310077519	0.0	0.872093023255814	0.4689922480620155	0.375968992248062	0.5813953488372093	0.0	0.0	1.0	0.0	1.0	0.0	0.0	0.0	0.0	0.0	0.0	0.19767441860465115	0.0	0.0	0.0	0.4108527131782946	0.0	0.0	0.0	0.0
81848	0.0	0.03125	0.0	1.0	0.0	0.984375	0.6302083333333334	1.0	0.765625	0.0	0.0	1.0	0.0	1.0	0.0	0.0	0.0	0.0	0.0	0.0	0.0	0.0	0.0	0.0	0.71875	0.0	0.0	0.0	0.0
81849	0.0	0.0	0.0	1.0	0.0	0.05952380952380952	1.0	0.7222222222222222	0.7936507936507936	0.0	0.0	1.0	0.0	1.0	0.0	0.0	0.0	0.0	0.0	0.0	0.0	0.0	0.0	0.2777777777777778	0.12301587301587301	0.0	0.0	0.0	0.0
81850	0.0	0.0	0.0	1.0	0.0	0.4619883040935672	0.04093567251461988	1.0	0.7602339181286549	0.0	0.935672514619883	0.8713450292397661	0.0	1.0	0.0	0.0	0.0	0.0	0.0	0.0	0.0	0.0	0.0	0.47368421052631576	0.0	0.0	0.0	0.0	0.0
81852	0.0	0.0	0.0	1.0	0.5401459854014599	0.7420924574209246	0.2895377128953771	0.43309002433090027	0.7639902676399026	0.0	0.5231143552311436	0.9318734793187348	0.0	0.8321167883211679	0.0	0.0	0.0	0.08759124087591241	0.0	0.0	0.0	0.0	0.0	0.012165450121654502	0.6277372262773723	0.0	0.0	0.0	0.0
81853	0.0	0.0	0.0	1.0	0.0931899641577061	0.3154121863799283	0.0	0.0	0.0	0.0	0.12903225806451613	0.8888888888888888	0.0	1.0	0.0	0.0	0.0	0.0	0.0	0.0	0.0	0.0	0.0	0.7634408602150538	0.9175627240143369	0.0	1.0	0.0	0.0
829666	0.0	0.0	0.0	1.0	0.0	0.6166666666666667	0.0	0.3380952380952381	0.7857142857142857	0.0	0.0	1.0	0.0	0.9619047619047619	0.0	0.0	0.0	0.0	0.0	0.0	0.0	0.0	0.0	0.49047619047619045	0.0	0.0	0.21904761904761905	0.11904761904761904	0.0
1227073	0.0581039755351682	0.18042813455657492	0.0	1.0	0.0	0.0	0.0	0.0	0.8440366972477065	0.7951070336391437	0.0	1.0	0.0	0.9755351681957186	0.0	0.0	0.0	0.0	0.0	0.0	0.0	0.0	0.0	0.0	0.0	0.0	0.0	0.0	0.0
867098	0.0	0.0	0.0	1.0	0.3433583959899749	0.6641604010025063	0.0	1.0	1.0	0.0	0.0	0.9949874686716792	0.0	1.0	0.0	0.0	0.0	0.706766917293233	0.0	0.0	0.0	0.3483709273182957	0.0	0.0	0.0	0.0	0.0	0.0	0.0
867099	0.0	0.0	0.0	0.7292817679558011	0.040515653775322284	0.5561694290976059	0.18232044198895028	0.7237569060773481	0.22283609576427257	0.0	0.0	1.0	0.0	1.0	0.0	0.0	0.0	0.27808471454880296	0.0	0.0	0.0	0.09023941068139964	0.0	0.0	0.0	0.0	0.0	0.0	0.0
99728	0.23607843137254902	0.23686274509803923	0.0	0.7701960784313725	0.0	0.021176470588235293	0.2972549019607843	0.4447058823529412	0.9137254901960784	0.0	0.0	0.9858823529411764	0.0	1.0	0.0	0.16627450980392156	0.0	0.23686274509803923	0.0	0.22588235294117648	0.0	0.23686274509803923	0.0	0.3552941176470588	0.5145098039215686	0.0	0.0	0.042352941176470586	0.0
1670602	0.0	0.0	0.0	0.8878048780487805	0.0	0.0	0.0	0.0	0.25691056910569104	0.0	0.0	0.7626016260162601	0.0	0.9967479674796748	0.0	0.0	0.0	0.0	0.0	0.0	0.0	0.0	0.0	0.0016260162601626016	0.32195121951219513	0.0	0.0	0.0	0.0
201888	0.0	0.0	0.0	0.9746732026143791	0.0	0.6274509803921569	0.0	0.05065359477124183	0.6478758169934641	0.0	0.0	0.3684640522875817	0.0	0.9174836601307189	0.0	0.0	0.0	0.238562091503268	0.0	0.0	0.0	0.0	0.0	0.0	0.35947712418300654	0.0	0.0	0.0	0.0
1292505	0.0	0.0	0.0	0.25045045045045045	0.0	0.8126126126126126	0.0	0.0	0.6054054054054054	0.0	0.0	0.8900900900900901	0.0	0.9207207207207208	0.0	0.0	0.0	0.0	0.0	0.0	0.3963963963963964	0.0	0.0	0.0	0.0	0.0	0.0	0.0	0.0
