key	WAM_ALR	WAM_CCR	WAM_IPI	WAM_MAR	WAM_MYS	WAM_PBL	WAM_PJN	WAM_PPR	WAM_PST	WAM_ROL	WAM_SCR	WAM_SGN	WAM_SIS	WAM_TWN	WAR_ALR	WAR_CCR	WAR_IPI	WAR_MAR	WAR_MYS	WAR_PBL	WAR_PJN	WAR_PPR	WAR_PSK	WAR_PST	WAR_RNW	WAR_ROL	WAR_SCR	WAR_SGL	WAR_SIS
1267186	0.18181818181818182	0.0	0.0	0.2543859649122807	0.0	0.4298245614035088	0.0	0.3532695374800638	0.0	0.20015948963317384	0.0	0.0	0.0	0.6172248803827751	0.0	0.15311004784688995	0.0	0.22169059011164274	0.16905901116427433	0.11961722488038277	0.11961722488038277	0.0	0.23684210526315788	0.24401913875598086	0.37559808612440193	0.3197767145135566	0.361244019138756	0.0	0.0
1146255	0.5319148936170213	0.0	0.0	0.5319148936170213	0.0	0.0	0.0	0.0	0.0	0.0	0.0	0.0	0.0	0.9858156028368794	0.0	0.040780141843971635	0.0	0.0	0.0	0.0	0.0	0.0	0.0	0.0	0.0	0.0	0.0	0.0	0.0
863682	0.49876543209876545	0.3111111111111111	0.0	0.0	0.0	0.0	0.4148148148148148	0.0	0.0	0.0	0.0	0.4148148148148148	0.0	1.0	0.0	0.0	0.0	0.0	0.0	0.5160493827160494	0.0	0.0	0.0	0.0	0.7012345679012346	0.0	0.0	0.0	0.0
671213	0.0	0.0	0.6585365853658537	0.8292682926829268	0.0	0.0	0.33062330623306235	0.4065040650406504	0.5989159891598916	0.0	0.0	0.7398373983739838	0.0	1.0	0.0	0.0	0.0	0.0	0.0	0.23035230352303523	0.0	0.0	0.0921409214092141	0.5149051490514905	0.6205962059620597	0.0	0.8482384823848238	0.35772357723577236	0.32791327913279134
671214	0.0	0.0	0.0	0.10714285714285714	0.21825396825396826	0.0	0.0	0.0	0.0	0.0	0.0	0.27380952380952384	0.0	0.9444444444444444	0.23809523809523808	0.0	0.0	0.75	0.0	0.6507936507936508	0.0	0.0	0.0	0.0	0.0	0.0	0.0	0.0	0.30952380952380953
671215	0.0	0.0	0.0	0.024154589371980676	0.3333333333333333	0.0	0.0	0.0	0.0	0.0	0.0	0.0	0.0	0.7198067632850241	0.4492753623188406	0.0	0.12077294685990338	0.0	0.0	0.2028985507246377	0.0	0.0	0.0	0.0	0.0	0.0	0.0	0.0	1.0
671216	0.0	0.6261904761904762	0.0	0.9142857142857143	0.0	0.7404761904761905	0.7071428571428572	0.0	0.0	0.0	0.0	0.0	0.0	1.0	0.3595238095238095	0.0	0.6142857142857143	0.3595238095238095	0.0	0.8738095238095238	0.23809523809523808	0.3333333333333333	0.0	0.0	0.0	0.0	0.9738095238095238	0.0	0.02619047619047619
671218	0.0	0.0	0.0	0.6666666666666666	0.0	0.0	0.37606837606837606	0.0	0.0	0.0	0.0	0.0	0.0	1.0	0.0	0.0	0.0	0.09116809116809117	0.11396011396011396	0.48148148148148145	0.0	0.0	0.0	0.0	0.0	0.7720797720797721	0.0	0.0	0.0
671219	0.0	0.0	0.0	0.4740740740740741	0.6518518518518519	0.0	0.5555555555555556	0.0	0.0	0.5592592592592592	0.0	0.0	0.0	1.0	0.0	0.0	0.0	0.22962962962962963	0.0	0.8740740740740741	0.0	0.0	0.0	0.5518518518518518	0.0	0.0	0.8407407407407408	0.0	0.0
671208	0.0	0.0	0.0	0.894927536231884	0.0	0.0	0.5289855072463768	0.34601449275362317	0.0	0.27355072463768115	0.0	0.0	0.0	0.8405797101449275	0.0	0.0	0.48188405797101447	0.42028985507246375	0.0	0.21195652173913043	0.49818840579710144	0.0	0.4076086956521739	0.7844202898550725	0.6485507246376812	0.0	0.8315217391304348	0.0	0.0
671209	0.0	0.3659147869674185	0.0	0.6716791979949874	0.0	0.3358395989974937	0.0	0.23057644110275688	0.0	0.0	0.0	0.0	0.0	1.0	0.0	0.7518796992481203	0.0	0.7568922305764411	0.0	0.2957393483709273	0.017543859649122806	0.0	0.0	0.0	0.0	0.0	0.5764411027568922	0.0	0.0
1255031	0.0	0.0	0.0	0.0	0.38613861386138615	0.24752475247524752	0.0	0.0	0.0	0.35973597359735976	0.0	0.0	0.0	0.8663366336633663	0.0	0.48184818481848185	0.0	0.0	0.0	0.0	0.0	0.0	0.44224422442244227	0.09900990099009901	0.0	0.0	0.570957095709571	0.0	0.0
1400918	0.0	0.4153645833333333	0.22916666666666666	0.7200520833333334	0.0	0.234375	0.2942708333333333	0.0	0.0	0.0	0.0	0.0	0.0	0.8203125	0.0	0.0	0.7591145833333334	0.0	0.0	0.04296875	0.0	0.0	0.3932291666666667	0.1953125	0.0078125	0.3919270833333333	0.3229166666666667	0.4401041666666667	0.0
1400919	0.0	0.9870801033591732	0.4082687338501292	0.5478036175710594	0.0	0.0	0.0	0.6744186046511628	0.5633074935400517	0.0	0.6459948320413437	0.06459948320413436	0.0	0.9198966408268734	0.0	0.0	0.0	0.0	0.0	0.0	0.2971576227390181	0.0	0.39018087855297157	0.0	0.8475452196382429	0.3875968992248062	0.6666666666666666	0.0	0.0
1400920	0.14222222222222222	0.8311111111111111	0.0022222222222222222	0.7377777777777778	0.0	0.0	0.0	0.0	0.0	0.0	0.0	0.6155555555555555	0.0	0.9133333333333333	0.0	0.0	0.0	0.0	0.0	0.54	0.5311111111111111	0.0	0.3288888888888889	0.0	0.4022222222222222	0.0	0.9733333333333334	0.3333333333333333	0.0
422187	0.0	0.0	0.40714285714285714	0.3904761904761905	0.0	0.6238095238095238	0.0	0.5214285714285715	0.0	0.0	0.0	0.0	0.1523809523809524	0.9642857142857143	0.48095238095238096	0.0	0.0	0.0	0.21428571428571427	0.2761904761904762	0.06190476190476191	0.0	0.0	0.0	0.0	0.0	0.3595238095238095	0.0	0.0
187712	0.3420669577874818	0.3813682678311499	0.0	0.8311499272197962	0.0	0.33770014556040756	0.38573508005822416	0.0	0.0611353711790393	0.0	0.47307132459970885	0.2197962154294032	0.4090247452692867	0.9315866084425036	0.0	0.0	0.0	0.3042212518195051	0.3027656477438137	0.3901018922852984	0.0	0.0	0.31004366812227074	0.0	0.17612809315866085	0.0	0.7117903930131004	0.27365356622998543	0.0
432764	0.0	1.0	0.0	0.0	0.0	0.0	0.0	0.0	0.0	0.0	0.0	0.0	0.0	0.3787878787878788	0.0	0.0	0.0	0.6540404040404041	0.0	0.0	0.0	0.0	0.0	0.0	0.6818181818181818	0.0	0.7878787878787878	0.04040404040404041	0.2727272727272727
673228	0.0	0.8931419457735247	0.4768740031897927	0.15311004784688995	0.0	0.19138755980861244	0.0	0.33811802232854865	0.0	0.27910685805422647	0.0	0.4003189792663477	0.48165869218500795	0.9170653907496013	0.13237639553429026	0.0	0.0	0.0	0.0	0.0	0.24082934609250398	0.19138755980861244	0.43859649122807015	0.0861244019138756	0.7049441786283892	0.46730462519936206	0.8213716108452951	0.0	0.0
673232	0.32264957264957267	0.40384615384615385	0.0	1.0	0.0	0.0	0.0	0.0	0.32264957264957267	0.0	0.20512820512820512	0.0	0.0	0.7777777777777778	0.0	0.0	0.0	0.32264957264957267	0.0	0.5854700854700855	0.3803418803418803	0.37393162393162394	0.48504273504273504	0.0	0.3995726495726496	0.0	0.13034188034188035	0.0	0.0
673233	0.0	0.0	0.0	1.0	0.0	0.0	1.0	0.04700854700854701	0.0	0.0	0.0	0.0	0.0	1.0	0.0	0.5128205128205128	0.0	0.0	0.41452991452991456	0.0	0.0	0.0	0.0	0.0	0.6239316239316239	0.0	0.3717948717948718	0.0	0.0
673227	0.0	0.9693877551020408	0.0	0.0	0.0	0.6020408163265306	0.0	0.0	0.2585034013605442	0.0	0.0	0.0	0.0	1.0	0.0	0.0	0.0	0.0	0.0	0.0	0.5136054421768708	0.5952380952380952	0.0782312925170068	0.5986394557823129	0.47619047619047616	0.0	1.0	0.0	0.0
278594	0.768976897689769	0.7161716171617162	0.6138613861386139	0.0	0.0	0.0	0.0	0.0	0.0	0.0	0.0	0.0	0.0	0.6138613861386139	0.0	0.8415841584158416	0.039603960396039604	0.0	0.0	0.8316831683168316	0.13861386138613863	0.0	0.0	0.0	0.0	0.0	0.49834983498349833	0.0	0.0
820612	0.7981981981981981	0.17477477477477477	0.0	0.0	0.0	0.5747747747747748	0.0	0.41081081081081083	0.0	0.0	0.0	0.3945945945945946	0.0	0.42342342342342343	0.0	0.0	0.0	0.0	0.0	0.0	0.0	0.5423423423423424	0.0	0.5891891891891892	0.5423423423423424	0.0	0.6252252252252253	0.34594594594594597	0.0
147707	0.0	0.0	0.0	0.0	0.0	0.0	0.0	0.0	0.0	0.0	0.0	0.0	0.0	0.875	0.0	0.06140350877192982	0.0	0.0	0.0	0.0	0.0	0.4232456140350877	0.0	0.0	0.0	0.0	0.0	0.0	0.0
1025302	0.0	0.0	0.21417797888386123	0.3695324283559578	0.0	0.277526395173454	0.0	0.3031674208144796	0.2277526395173454	0.0	0.0	0.0	0.39819004524886875	1.0	0.0	0.0	0.0	0.18552036199095023	0.0	0.0	0.30015082956259426	0.0	0.0	0.17345399698340874	0.8235294117647058	0.0	0.46003016591251883	0.0	0.0
1589495	0.0	0.0	0.0	0.3147410358565737	0.0	0.0	0.47277556440903057	0.39707835325365204	0.0	0.0	0.0	0.2868525896414343	0.0	0.8632138114209827	0.0	0.0	0.0	0.0	0.0	0.3200531208499336	0.35856573705179284	0.0	0.398406374501992	0.0	0.0	0.0	0.5405046480743692	0.0	0.25630810092961487
906244	0.26287262872628725	0.0	0.0	0.5894308943089431	0.0	0.0	0.4078590785907859	0.4132791327913279	0.4078590785907859	0.0	0.2046070460704607	0.22628726287262874	0.0	0.967479674796748	0.0	0.0	0.1991869918699187	0.7479674796747967	0.3062330623306233	0.0	0.05555555555555555	0.0	0.0	0.2940379403794038	0.0	0.0	0.43224932249322495	0.6693766937669376	0.0
411700	0.49612403100775193	0.7441860465116279	0.3152454780361757	0.0	0.0	0.0	0.48578811369509045	0.599483204134367	0.0	0.0	0.0	0.0	0.0	0.8320413436692506	0.0	0.6253229974160207	0.3281653746770026	0.6020671834625323	0.0	0.0	0.0	0.0	0.0	0.7312661498708011	0.0	0.0	0.10335917312661498	0.5271317829457365	0.5193798449612403
411701	0.22580645161290322	0.010752688172043012	0.0	0.34946236559139787	0.0	0.5806451612903226	0.0	0.17473118279569894	0.0	0.0	0.0	0.0	0.08064516129032258	0.7741935483870968	0.0	0.20967741935483872	0.0	0.0	0.0	0.0	0.0	0.0	0.0	0.0	0.0	0.0	0.4274193548387097	0.0	0.0
368911	0.31446540880503143	0.0	0.0	0.0	0.0	0.0	0.0	0.31446540880503143	0.0	0.0	0.0	0.0	0.0	0.9266247379454927	0.0	0.0	0.0	0.0	0.0	0.6331236897274634	0.0	0.0	0.0	0.0	0.0	0.0	0.0	0.0	0.0
768543	0.0	0.016666666666666666	0.0	0.0	0.0	0.0	0.0	0.0	0.0	0.0	0.0	0.0	0.0	1.0	0.6333333333333333	0.0	0.0	0.0	0.0	0.0	0.0	0.0	0.0	0.0	0.0	0.0	0.0	0.0	0.0
