key	WAM_ALR	WAM_CCR	WAM_IPI	WAM_MAR	WAM_MYS	WAM_PBL	WAM_PJN	WAM_PPR	WAM_PST	WAM_ROL	WAM_SCR	WAM_SGN	WAM_SIS	WAM_TWN	WAR_ALR	WAR_CCR	WAR_IPI	WAR_MAR	WAR_MYS	WAR_PBL	WAR_PJN	WAR_PPR	WAR_PSK	WAR_PST	WAR_RNW	WAR_ROL	WAR_SCR	WAR_SGL	WAR_SIS
907133	0.0	0.410958904109589	0.0	1.0	0.0	0.3987823439878234	0.7732115677321156	0.4185692541856925	0.4581430745814307	0.0	0.4322678843226788	0.3987823439878234	0.0	0.6925418569254186	0.5251141552511416	0.0	0.0	0.3455098934550989	0.0	0.0	0.5525114155251142	0.2298325722983257	0.0	0.0030441400304414	0.7519025875190258	0.0	0.4596651445966514	0.0	0.0
951022	0.0	0.48470209339774556	0.0	1.0	0.24798711755233493	0.7938808373590982	0.4025764895330113	0.5362318840579711	0.6119162640901772	0.10144927536231885	0.856682769726248	0.1819645732689211	0.0	0.4830917874396135	0.0	0.0	0.0	0.3365539452495974	0.0	0.45893719806763283	0.24154589371980675	0.8164251207729468	0.0	0.8840579710144928	0.0	0.0	0.5603864734299517	0.24476650563607086	0.0
951023	0.0	0.0	0.0	1.0	0.3619047619047619	1.0	0.4031746031746032	0.46190476190476193	0.2396825396825397	0.0	0.6111111111111112	0.873015873015873	0.2396825396825397	1.0	0.0	0.2714285714285714	0.0	0.0	0.0	0.48095238095238096	0.5285714285714286	0.0761904761904762	0.17777777777777778	0.6587301587301587	0.780952380952381	0.0	1.0	0.0	0.17777777777777778
951024	0.0	0.7147766323024055	0.0	1.0	0.0	1.0	1.0	0.037800687285223365	0.8419243986254296	0.0	0.44673539518900346	0.0	0.0	0.9450171821305842	0.0	0.4261168384879725	0.0	0.7491408934707904	0.0	0.9518900343642611	0.0	0.8831615120274914	0.7731958762886598	0.9518900343642611	0.6872852233676976	0.0	0.8556701030927835	0.0	1.0
908069	0.2813186813186813	0.41904761904761906	0.0	0.8315018315018315	0.37216117216117217	0.46373626373626375	0.6659340659340659	0.22124542124542124	0.30622710622710625	0.0	0.7897435897435897	0.8315018315018315	0.0	0.5340659340659341	0.2043956043956044	0.5399267399267399	0.29743589743589743	0.6490842490842491	0.13186813186813187	0.512087912087912	0.07179487179487179	0.189010989010989	0.0	0.3831501831501832	0.40805860805860805	0.0	0.515018315018315	0.4021978021978022	0.0
9905	0.0	0.8746666666666667	0.0	1.0	1.0	1.0	0.9893333333333333	0.0	0.68	0.0	0.8453333333333334	1.0	0.0	1.0	0.0	0.2853333333333333	0.0	0.25333333333333335	0.13333333333333333	0.0	0.0	0.25333333333333335	0.0	0.25333333333333335	0.7493333333333333	0.0	0.7706666666666667	0.0	0.0
9906	0.3165618448637317	0.4444444444444444	0.09224318658280922	1.0	0.3584905660377358	0.9140461215932913	0.1970649895178197	0.5136268343815513	0.5744234800838575	0.0	0.5262054507337526	0.9853249475890985	0.0	0.7861635220125787	0.0	0.36477987421383645	0.0	0.0	0.660377358490566	0.0	0.10482180293501048	0.12159329140461216	0.0	0.0	0.0	0.0	0.6289308176100629	0.5744234800838575	0.0
9909	0.23832528180354268	0.0	0.0	1.0	0.0	0.5201288244766505	0.0	0.1706924315619968	0.964573268921095	0.0	0.0	0.822866344605475	0.0	1.0	0.0	0.0	0.0	0.0	0.0	0.0	0.0	0.0	0.0	0.0	0.7407407407407407	0.0	0.05636070853462158	0.0	0.0
68221	0.0	0.9078014184397163	0.0	0.0	0.9858156028368794	0.2907801418439716	0.0	0.0	0.0	0.0	0.0	0.0	0.0	0.0	0.0	0.425531914893617	0.0	0.05673758865248227	0.0	0.41134751773049644	0.0	0.0	0.0	0.0	0.0	0.0	1.0	0.0	0.0
1732706	0.4833926453143535	0.8131672597864769	0.10498220640569395	0.9655990510083037	0.5302491103202847	0.638196915776987	0.49110320284697506	0.5658362989323843	0.5960854092526691	0.0	0.6826809015421115	0.8256227758007118	0.0	0.4424673784104389	0.0	0.5480427046263345	0.0	0.4762752075919336	0.0	0.3594306049822064	0.43297746144721233	0.30901542111506525	0.0	0.365361803084223	0.566429418742586	0.0	0.7615658362989324	0.4033214709371293	0.0
1732707	0.45006747638326583	0.5499325236167342	0.199055330634278	0.8954116059379217	0.09379217273954116	0.7982456140350878	0.4824561403508772	0.7273954116059379	0.7422402159244265	0.1632928475033738	0.6437246963562753	0.4257759784075574	0.0	0.7314439946018894	0.0	0.3522267206477733	0.20310391363022942	0.30431848852901483	0.18488529014844804	0.38866396761133604	0.5357624831309041	0.0	0.0	0.16666666666666666	0.6491228070175439	0.0	0.8913630229419703	0.05195681511470985	0.0
1304112	0.0	1.0	0.0	0.3177083333333333	0.0	0.09895833333333333	0.8645833333333334	0.78125	0.8958333333333334	0.0	0.026041666666666668	0.7604166666666666	0.0	0.0	0.0	0.0	0.0	0.0	0.0	0.0	0.0	0.0	0.0	0.0	0.0	0.0	0.7864583333333334	0.0	0.0
568620	0.06745098039215686	0.4792156862745098	0.06431372549019608	0.8776470588235294	0.23058823529411765	0.7647058823529411	0.5647058823529412	0.5050980392156863	0.38588235294117645	0.08784313725490196	0.7945098039215687	0.1607843137254902	0.0	0.7678431372549019	0.0	0.05568627450980392	0.0	0.38588235294117645	0.06274509803921569	0.4792156862745098	0.22431372549019607	0.28862745098039216	0.0	0.7505882352941177	0.0	0.0	0.47215686274509805	0.30117647058823527	0.23686274509803923
966822	0.0	0.5076452599388379	0.0	1.0	0.45871559633027525	0.20489296636085627	0.05504587155963303	0.5932721712538226	0.0	0.0	0.5657492354740061	0.25076452599388377	0.0	0.38837920489296635	0.0	0.0	0.0	0.0	0.0	0.46788990825688076	0.0	0.0	0.0	0.0	0.0	0.0	0.6636085626911316	0.0	0.0
35782	0.43249427917620137	0.3531655225019069	0.08314263920671243	0.977116704805492	0.5446224256292906	0.9588100686498856	0.851258581235698	0.5888634630053394	0.8054919908466819	0.0	0.6895499618611747	0.7581998474446987	0.17696414950419528	0.8604118993135011	0.0	0.5156369183829138	0.0	0.5469107551487414	0.0	0.41418764302059496	0.5087719298245614	0.5156369183829138	0.0	0.6773455377574371	0.2303585049580473	0.0	0.9603356216628528	0.30358504958047294	0.15408085430968727
1650800	0.0	0.0	0.0	0.8592592592592593	0.4888888888888889	0.7333333333333333	0.6592592592592592	0.5592592592592592	1.0	0.0	1.0	0.21481481481481482	0.0	0.2111111111111111	0.0	0.040740740740740744	0.0	0.07407407407407407	0.0	0.02962962962962963	0.0	0.0	0.0	0.8185185185185185	0.737037037037037	0.0	0.7925925925925926	0.0	0.0
1201832	0.379874213836478	0.26037735849056604	0.0	1.0	0.26666666666666666	1.0	0.7685534591194969	0.48050314465408805	0.4540880503144654	0.0	0.6440251572327044	0.4050314465408805	0.0	0.9056603773584906	0.0	0.36981132075471695	0.3723270440251572	0.06037735849056604	0.5119496855345912	0.07547169811320754	0.6553459119496855	0.031446540880503145	0.2993710691823899	0.5044025157232704	0.6088050314465409	0.0	0.7157232704402515	0.36981132075471695	0.0
1201833	0.0	0.31007751937984496	0.0	1.0	0.43669250645994834	1.0	0.5012919896640827	0.39018087855297157	0.7441860465116279	0.0	0.4392764857881137	1.0	0.0	0.20155038759689922	0.0	0.2454780361757106	0.0	0.6770025839793282	0.0	0.06718346253229975	0.0	0.6744186046511628	0.0	0.8708010335917312	0.8733850129198967	0.0	0.4418604651162791	0.8087855297157622	0.0
1201834	0.6008771929824561	0.0	0.0	0.9013157894736842	0.0	0.8092105263157895	0.02412280701754386	0.33114035087719296	0.7280701754385965	0.0	0.6710526315789473	0.8947368421052632	0.0	0.9100877192982456	0.0	0.6754385964912281	0.0	0.6622807017543859	0.0	0.6578947368421053	0.45394736842105265	0.6359649122807017	0.0	0.4144736842105263	0.2894736842105263	0.0	0.32894736842105265	0.5833333333333334	0.0
1647117	0.5115942028985507	0.5173913043478261	0.35942028985507246	1.0	0.6971014492753623	0.7376811594202899	0.6	0.0	0.6333333333333333	0.09420289855072464	0.9057971014492754	0.4681159420289855	0.0	0.5289855072463768	0.0	0.41884057971014493	0.0	0.0	0.0	0.508695652173913	0.0	0.0	0.0	0.30144927536231886	0.4043478260869565	0.0	0.5159420289855072	0.4260869565217391	0.0
1656693	0.2174226061915047	0.5053995680345572	0.3873290136789057	0.8776097912167027	0.36573074154067675	0.7213822894168467	0.7674586033117351	0.5089992800575954	0.8567314614830813	0.0	0.5961123110151187	0.822174226061915	0.1857451403887689	0.827933765298776	0.3434125269978402	0.2203023758099352	0.0	0.10871130309575235	0.0	0.5608351331893449	0.23326133909287258	0.1303095752339813	0.0	0.6673866090712743	0.3549316054715623	0.0	0.36069114470842334	0.0	0.13102951763858892
1204361	0.3415841584158416	0.6424642464246425	0.0	0.9917491749174917	0.3146314631463146	0.8916391639163916	0.5478547854785478	0.2838283828382838	0.6639163916391639	0.0	0.8157315731573157	0.28492849284928495	0.0	0.6061606160616062	0.09075907590759076	0.08965896589658966	0.0	0.34763476347634764	0.16996699669966997	0.05555555555555555	0.34763476347634764	0.08965896589658966	0.0	0.41914191419141916	0.658965896589659	0.16611661166116612	0.5555555555555556	0.7832783278327833	0.22937293729372937
1233449	0.16539440203562342	0.0	0.0	0.9389312977099237	0.08142493638676845	0.9694656488549618	0.0	0.916030534351145	0.8982188295165394	0.0	0.5292620865139949	0.4758269720101781	0.0	0.8396946564885496	0.0	0.11959287531806616	0.0	0.0	0.0	0.12468193384223919	0.5267175572519084	0.8956743002544529	0.0	0.7201017811704835	0.41475826972010177	0.0	0.0	0.0	0.0
1233450	0.6453333333333333	0.7386666666666667	0.0	0.832	0.0	1.0	0.0	0.9573333333333334	0.30133333333333334	0.0	1.0	0.224	0.0	0.528	0.0	0.6533333333333333	0.0	0.0	0.0	0.5013333333333333	0.0	0.2906666666666667	0.0	0.424	0.728	0.0	0.0	0.11733333333333333	0.0
1233452	0.19282511210762332	0.5717488789237668	0.0	0.8684603886397608	0.5724962630792227	0.6995515695067265	0.7301943198804185	0.7062780269058296	0.47085201793721976	0.0	0.0	0.9723467862481315	0.0	0.4491778774289985	0.0	0.08520179372197309	0.0	0.0	0.0	0.5852017937219731	0.461136023916293	0.3639760837070254	0.0	0.2623318385650224	0.3632286995515695	0.0	0.5687593423019432	0.3310911808669656	0.0
1233457	0.0	0.7329650092081031	0.0	0.8029465930018416	0.0	0.8784530386740331	0.7219152854511971	0.7605893186003683	1.0	0.0	0.5506445672191529	0.7624309392265194	0.0	0.9134438305709024	0.5119705340699816	0.0	0.0	0.6095764272559853	0.0	0.0	0.283609576427256	0.09023941068139964	0.0	0.8066298342541437	0.6500920810313076	0.4732965009208103	1.0	0.0	0.0
1233458	0.22556390977443608	0.6466165413533834	0.0	1.0	0.6892230576441103	0.0	0.9674185463659147	0.7744360902255639	0.9674185463659147	0.0	0.0	0.9924812030075187	0.0	0.949874686716792	0.0	0.03759398496240601	0.0	0.6942355889724311	0.0	0.5263157894736842	0.3508771929824561	0.8045112781954887	0.0	0.5614035087719298	0.8120300751879699	0.0	1.0	1.0	0.0
1233462	0.0	0.16802168021680217	0.0	1.0	0.8130081300813008	0.8075880758807588	0.8373983739837398	0.6937669376693767	0.975609756097561	0.4092140921409214	0.3983739837398374	0.5474254742547425	0.2764227642276423	1.0	0.5420054200542005	0.04607046070460705	0.0	0.33062330623306235	0.8184281842818428	0.7425474254742548	1.0	0.6802168021680217	0.0	0.04607046070460705	0.3902439024390244	0.0	1.0	0.4092140921409214	0.0
1233463	0.5426356589147286	0.7713178294573644	0.0	1.0	0.19767441860465115	0.8178294573643411	0.6589147286821705	0.5930232558139535	1.0	0.0	0.8178294573643411	1.0	0.0	0.9844961240310077	0.0	0.0	0.0	0.562015503875969	0.0	0.8682170542635659	0.40310077519379844	0.17829457364341086	0.0	0.0	1.0	0.0	1.0	0.0	0.0
1233464	0.4427083333333333	0.11458333333333333	0.0	1.0	0.953125	1.0	0.0	0.6822916666666666	1.0	0.0	0.16666666666666666	0.8229166666666666	0.0	1.0	0.0	0.0	0.0	0.0	0.0	1.0	0.359375	0.0	0.0	0.0	0.21354166666666666	0.0	0.4427083333333333	0.6875	0.0
1233465	0.5366430260047281	0.0	0.0	1.0	0.09929078014184398	0.624113475177305	0.6430260047281324	0.014184397163120567	0.11583924349881797	0.0	0.2293144208037825	0.6973995271867612	0.0	1.0	0.0	0.30260047281323876	0.0	0.04018912529550828	0.0	0.39952718676122934	0.1607565011820331	0.0	0.0	0.5933806146572104	0.0	0.0	0.8770685579196218	0.508274231678487	0.0
1233467	0.36982968369829683	0.35766423357664234	0.0	1.0	0.0	0.2116788321167883	0.17518248175182483	0.30900243309002434	0.48905109489051096	0.0	0.0	0.5158150851581509	0.0	0.27007299270072993	0.31386861313868614	0.0	0.0	0.5985401459854015	0.0	0.7347931873479319	0.9951338199513382	0.0	0.0	0.5766423357664233	0.681265206812652	0.0	0.8345498783454988	0.7785888077858881	0.0
1233468	0.0	0.25448028673835127	0.0	1.0	0.0	0.7849462365591398	0.0	0.6881720430107527	0.7598566308243727	0.0	0.0	0.3763440860215054	0.0	0.0	0.0	0.0	0.0	0.3333333333333333	0.0	0.41935483870967744	0.5448028673835126	0.0	0.0	0.931899641577061	0.8745519713261649	0.0	0.7132616487455197	0.7741935483870968	0.0
372225	0.0	0.3595238095238095	0.6	1.0	0.0	0.6523809523809524	0.6595238095238095	0.319047619047619	0.8547619047619047	0.0	0.45	0.3952380952380952	0.0	0.6714285714285714	0.0	0.02619047619047619	0.0	0.3904761904761905	0.0	0.0	0.530952380952381	0.04047619047619048	0.0	0.888095238095238	0.4976190476190476	0.6285714285714286	0.3595238095238095	0.4785714285714286	0.0
298303	0.24196277495769883	0.7478849407783418	0.0	0.8629441624365483	0.4230118443316413	0.8629441624365483	0.3993231810490694	0.7766497461928934	0.3299492385786802	0.0	0.6429780033840947	0.937394247038917	0.0	0.9407783417935702	0.0	0.1996615905245347	0.0	0.25549915397631134	0.0	0.5211505922165821	0.22504230118443316	0.3790186125211506	0.0	0.22165820642978004	0.3925549915397631	0.0	1.0	0.7157360406091371	0.0
