key	WAM_ALR	WAM_CCR	WAM_IPI	WAM_MAR	WAM_MYS	WAM_PBL	WAM_PJN	WAM_PPR	WAM_PST	WAM_ROL	WAM_SCR	WAM_SGN	WAM_SIS	WAM_TWN	WAR_ALR	WAR_CCR	WAR_IPI	WAR_MAR	WAR_MYS	WAR_PBL	WAR_PJN	WAR_PPR	WAR_PSK	WAR_PST	WAR_RNW	WAR_ROL	WAR_SCR	WAR_SGL	WAR_SIS
977248	0.8316993464052288	0.8709150326797386	0.946078431372549	0.26143790849673204	0.272875816993464	0.8660130718954249	0.6977124183006536	0.0	0.5555555555555556	0.4673202614379085	0.0	0.8937908496732027	0.0	0.24673202614379086	0.7303921568627451	0.7875816993464052	0.45588235294117646	0.9558823529411765	0.0	0.35130718954248363	0.9264705882352942	0.29411764705882354	0.6977124183006536	0.8202614379084967	0.6715686274509803	0.49019607843137253	0.9901960784313726	0.5980392156862745	0.8921568627450981
1278924	0.7756410256410257	0.6482371794871795	0.5456730769230769	0.327724358974359	0.2748397435897436	0.22115384615384615	0.4623397435897436	0.11858974358974358	0.22756410256410256	0.3076923076923077	0.13782051282051283	0.7339743589743589	0.2948717948717949	0.0	0.7644230769230769	0.5296474358974359	0.5048076923076923	0.686698717948718	0.5953525641025641	0.4286858974358974	0.7043269230769231	0.7435897435897436	0.09935897435897435	0.7163461538461539	0.9607371794871795	0.7115384615384616	0.4719551282051282	0.5897435897435898	0.40384615384615385
1525142	0.775894538606403	0.5329566854990584	0.3013182674199623	0.0	0.0	0.08097928436911488	0.15254237288135594	0.21468926553672316	0.711864406779661	0.047080979284369114	0.5235404896421846	0.32015065913371	0.0	0.4952919020715631	0.5612052730696798	0.1977401129943503	0.5480225988700564	0.2919020715630885	0.2749529190207156	0.9849340866290018	0.0	0.9623352165725048	0.8267419962335216	0.8041431261770244	0.559322033898305	0.8192090395480226	0.32015065913371	0.8587570621468926	1.0
1652657	0.9828326180257511	0.9198855507868383	0.7281831187410587	0.65379113018598	0.22603719599427755	0.2703862660944206	0.5722460658082976	0.0	0.2832618025751073	0.7467811158798283	0.0	0.8841201716738197	0.2703862660944206	0.8597997138769671	0.9856938483547926	0.5822603719599427	0.7610872675250357	0.27896995708154504	0.5822603719599427	1.0	1.0	0.43204577968526464	0.3748211731044349	0.8612303290414879	0.8683834048640916	0.8583690987124464	1.0	0.597997138769671	0.16022889842632332
1652662	0.9919354838709677	0.3844086021505376	0.5967741935483871	0.5887096774193549	0.3924731182795699	0.8279569892473119	0.9865591397849462	0.4032258064516129	0.7849462365591398	0.7768817204301075	0.40591397849462363	1.0	0.9381720430107527	0.01881720430107527	0.043010752688172046	0.0	1.0	0.2768817204301075	1.0	0.41397849462365593	0.8360215053763441	0.7473118279569892	0.6586021505376344	1.0	0.8790322580645161	0.0	0.6075268817204301	0.7795698924731183	0.5725806451612904
1652663	0.7791932059447984	0.7409766454352441	0.6284501061571125	0.43312101910828027	0.4734607218683652	0.7133757961783439	0.9554140127388535	0.0	0.8895966029723992	0.45010615711252655	0.0	0.89171974522293	0.20382165605095542	0.9511677282377919	0.5435244161358811	0.0	0.4267515923566879	1.0	0.5987261146496815	0.9660297239915074	0.7707006369426752	0.9278131634819533	0.4564755838641189	1.0	0.6199575371549894	0.6178343949044586	0.9065817409766455	1.0	0.8683651804670913
457558	0.7361111111111112	0.5354938271604939	0.006172839506172839	0.35802469135802467	0.49074074074074076	0.0	1.0	0.3333333333333333	0.5802469135802469	0.2932098765432099	0.2824074074074074	1.0	0.0	0.6419753086419753	0.7716049382716049	0.25771604938271603	0.375	0.6712962962962963	0.3317901234567901	0.5308641975308642	0.8472222222222222	0.5864197530864198	0.5401234567901234	0.9814814814814815	0.39197530864197533	0.36728395061728397	0.9012345679012346	0.5432098765432098	0.7700617283950617
457559	0.6226415094339622	0.5157232704402516	0.9433962264150944	0.5691823899371069	0.3050314465408805	0.4606918238993711	0.3694968553459119	0.2389937106918239	0.9229559748427673	0.23742138364779874	0.6194968553459119	0.7012578616352201	0.6210691823899371	0.6242138364779874	0.9654088050314465	0.32547169811320753	0.2389937106918239	0.5	0.49528301886792453	0.8977987421383647	0.16037735849056603	0.5754716981132075	0.23742138364779874	0.6289308176100629	0.7169811320754716	0.9779874213836478	0.5471698113207547	0.5015723270440252	0.9009433962264151
457560	0.6041666666666666	0.0	0.08333333333333333	0.0	0.5243055555555556	0.6597222222222222	0.8715277777777778	0.9027777777777778	0.13194444444444445	0.14930555555555555	0.0	0.7430555555555556	0.06944444444444445	0.0	0.6875	0.6979166666666666	0.9756944444444444	0.6423611111111112	0.5555555555555556	0.625	0.0	1.0	0.4791666666666667	0.3576388888888889	0.8923611111111112	1.0	0.13194444444444445	1.0	0.4548611111111111
457562	0.7956989247311828	1.0	0.967741935483871	0.3154121863799283	0.8064516129032258	0.0	0.9247311827956989	0.9068100358422939	1.0	0.45161290322580644	0.0	1.0	0.13978494623655913	0.8315412186379928	0.967741935483871	0.5232974910394266	0.5663082437275986	0.08602150537634409	0.5017921146953405	0.989247311827957	0.7275985663082437	1.0	0.7419354838709677	1.0	0.5412186379928315	1.0	1.0	1.0	0.0
457563	0.842741935483871	0.5094086021505376	0.8239247311827957	0.8723118279569892	0.4153225806451613	0.13844086021505375	0.8897849462365591	0.7997311827956989	0.8548387096774194	0.3790322580645161	0.25	1.0	0.6478494623655914	0.4596774193548387	0.8481182795698925	0.006720430107526882	0.7486559139784946	0.6774193548387096	0.385752688172043	0.8655913978494624	0.8924731182795699	0.6451612903225806	0.842741935483871	0.7540322580645161	0.4543010752688172	0.5846774193548387	0.9489247311827957	0.9543010752688172	0.3077956989247312
457565	0.36211031175059955	0.8968824940047961	0.6402877697841727	0.0	0.0	0.36211031175059955	0.5755395683453237	0.5179856115107914	0.37170263788968827	0.9232613908872902	0.0	0.8129496402877698	0.33573141486810554	0.7649880095923262	0.9040767386091128	0.0	0.486810551558753	0.9904076738609112	0.16546762589928057	0.6666666666666666	0.7721822541966427	0.815347721822542	0.5995203836930456	0.8249400479616307	0.8561151079136691	0.4844124700239808	0.6522781774580336	0.9160671462829736	0.829736211031175
457566	0.8544600938967136	1.0	0.24413145539906103	0.009389671361502348	0.971830985915493	0.3380281690140845	1.0	0.0	1.0	0.7887323943661971	0.0	0.9671361502347418	0.3051643192488263	1.0	1.0	0.7089201877934272	1.0	0.7089201877934272	0.3474178403755869	1.0	1.0	0.568075117370892	0.7511737089201878	1.0	1.0	0.0	1.0	0.028169014084507043	0.5446009389671361
457567	0.8703703703703703	0.4222222222222222	0.35185185185185186	0.8777777777777778	0.6666666666666666	0.2777777777777778	0.9925925925925926	0.9185185185185185	1.0	0.0	0.0	1.0	0.6925925925925925	0.737037037037037	0.762962962962963	0.9185185185185185	0.9333333333333333	0.5592592592592592	0.5592592592592592	1.0	0.9555555555555556	0.9740740740740741	1.0	1.0	0.48518518518518516	0.42962962962962964	0.9888888888888889	0.937037037037037	1.0
457568	0.9186991869918699	1.0	0.20596205962059622	1.0	0.7425474254742548	0.5121951219512195	0.46612466124661245	0.3008130081300813	1.0	0.7696476964769647	0.0	0.9376693766937669	0.13279132791327913	0.8157181571815718	0.9728997289972899	0.9105691056910569	0.6585365853658537	0.983739837398374	0.5636856368563685	1.0	0.6476964769647696	0.6395663956639567	0.4634146341463415	1.0	0.7750677506775068	0.8455284552845529	0.8482384823848238	0.7859078590785907	0.43089430894308944
457571	0.9800995024875622	0.35323383084577115	0.4626865671641791	0.9353233830845771	0.0	0.599502487562189	0.44527363184079605	0.0	0.9104477611940298	0.8009950248756219	0.0	0.7338308457711443	0.3756218905472637	0.8258706467661692	0.8980099502487562	0.6865671641791045	0.9427860696517413	0.8059701492537313	0.6666666666666666	0.8507462686567164	0.7562189054726368	0.6915422885572139	1.0	0.9601990049751243	0.40049751243781095	0.9850746268656716	0.9104477611940298	1.0	0.3333333333333333
457572	0.6813996316758748	0.6906077348066298	0.5285451197053407	1.0	0.1141804788213628	0.36095764272559855	0.4198895027624309	0.427255985267035	0.7937384898710865	0.8011049723756906	0.3296500920810313	0.8710865561694291	0.40331491712707185	0.8103130755064457	1.0	0.567219152854512	0.6979742173112339	0.9337016574585635	0.35543278084714547	0.9116022099447514	0.9447513812154696	0.27808471454880296	0.8176795580110497	1.0	0.10497237569060773	1.0	0.9779005524861878	0.6648250460405156	0.3572744014732965
457577	0.7732426303854876	0.6122448979591837	0.6213151927437641	0.3378684807256236	0.6031746031746031	0.5865457294028723	0.5555555555555556	0.3333333333333333	0.3975812547241119	0.35525321239606955	0.4399092970521542	0.7558578987150416	0.19349962207105065	0.3975812547241119	0.7717309145880574	0.3310657596371882	0.5525321239606954	0.6394557823129252	0.30385487528344673	0.9486016628873771	0.6772486772486772	0.3371126228269085	0.2758881330309902	0.9327286470143613	0.6341647770219199	0.6016628873771731	1.0	0.7316704459561603	0.8510959939531368
457579	1.0	0.6746031746031746	0.0	0.6216931216931217	0.6428571428571429	0.9444444444444444	0.7037037037037037	0.15343915343915343	0.5211640211640212	0.0	0.4074074074074074	0.843915343915344	0.4074074074074074	0.9470899470899471	0.6693121693121693	0.7645502645502645	0.26455026455026454	0.3941798941798942	0.7354497354497355	0.9629629629629629	1.0	0.3968253968253968	0.0	0.9708994708994709	0.8068783068783069	0.9894179894179894	1.0	0.7248677248677249	0.5264550264550265
457580	0.8972431077694235	1.0	0.0	1.0	0.9047619047619048	0.0	0.7518796992481203	1.0	0.8972431077694235	0.6666666666666666	0.7343358395989975	0.8646616541353384	0.14035087719298245	1.0	0.6666666666666666	0.6340852130325815	0.8546365914786967	1.0	0.9223057644110275	0.8295739348370927	0.7669172932330827	0.5037593984962406	0.48370927318295737	0.8421052631578947	0.9273182957393483	0.43859649122807015	0.7719298245614035	1.0	0.48621553884711777
457585	0.7048192771084337	0.8714859437751004	0.2389558232931727	0.6746987951807228	0.3353413654618474	0.5923694779116466	0.8293172690763052	0.7871485943775101	0.3172690763052209	0.0	0.5341365461847389	0.9257028112449799	0.3232931726907631	0.6726907630522089	0.3232931726907631	0.3895582329317269	0.4759036144578313	0.5020080321285141	0.7831325301204819	0.7871485943775101	1.0	0.012048192771084338	0.9497991967871486	0.8514056224899599	0.7289156626506024	0.6726907630522089	0.8253012048192772	0.6144578313253012	0.6365461847389559
457586	0.8142493638676844	0.455470737913486	0.7735368956743003	0.5241730279898219	0.6463104325699746	0.4173027989821883	0.4758269720101781	0.3486005089058524	0.9847328244274809	0.6106870229007634	0.7684478371501272	0.8676844783715013	0.0	0.544529262086514	1.0	0.3791348600508906	0.7531806615776081	0.712468193384224	0.0	0.4351145038167939	0.9821882951653944	0.6895674300254453	0.10178117048346055	1.0	0.7455470737913485	0.0	1.0	0.3842239185750636	0.8193384223918575
1288318	0.7063829787234043	0.0	0.3475177304964539	0.38581560283687943	0.0014184397163120568	0.0	0.46099290780141844	0.8113475177304964	0.9971631205673759	0.2652482269503546	0.0	0.8170212765957446	0.324822695035461	0.42836879432624114	0.8354609929078014	0.41702127659574467	0.4482269503546099	0.4269503546099291	0.5574468085106383	0.49361702127659574	0.16028368794326242	0.5929078014184397	0.8765957446808511	0.3588652482269504	0.8226950354609929	0.577304964539007	0.6439716312056738	0.37446808510638296	0.20141843971631207
753740	0.18337617823479005	0.5252784918594687	0.37703513281919454	0.34704370179948585	0.24507283633247642	0.6546700942587832	0.9023136246786633	0.831191088260497	0.5158526135389888	0.0	0.2596401028277635	0.8089117395029991	0.10197086546700942	0.49700085689802914	0.6512425021422451	0.19708654670094258	0.26649528706083975	0.21165381319622964	0.258783204798629	0.8808911739502999	0.5861182519280206	0.4755784061696658	0.5287060839760068	0.9391602399314481	0.7497857754927164	0.8671808054841473	0.9451585261353899	0.4987146529562982	0.8886032562125107
675974	0.9094457455113193	0.6604215456674473	0.6885245901639344	0.5722092115534738	0.3942232630757221	0.5776736924277908	0.8313817330210773	0.6229508196721312	0.9430132708821234	0.23497267759562843	0.2576112412177986	0.7369242779078845	0.18969555035128804	0.41139734582357534	0.9180327868852459	0.6518345042935206	0.7876658860265418	0.750975800156128	0.6018735362997658	0.9195940671350508	0.6783762685402029	0.7892271662763466	0.6643247462919594	0.9726775956284153	0.7369242779078845	0.8040593286494926	0.9032006245120999	0.9359875097580016	0.8743169398907104
1154886	0.7272727272727273	0.40792540792540793	0.627039627039627	0.004662004662004662	0.2703962703962704	0.9673659673659674	0.9883449883449883	0.5501165501165501	0.0	0.6153846153846154	0.030303030303030304	0.5827505827505828	0.4755244755244755	0.5337995337995338	0.5501165501165501	0.7016317016317016	0.6317016317016317	0.0	0.9230769230769231	0.7599067599067599	0.38694638694638694	0.8461538461538461	0.6876456876456877	0.6177156177156177	0.34965034965034963	0.62004662004662	0.8554778554778555	0.7342657342657343	1.0
557021	0.6282051282051282	0.46025641025641023	0.35384615384615387	0.6141025641025641	0.5243589743589744	0.0	0.4	0.3346153846153846	0.5923076923076923	0.8346153846153846	0.5974358974358974	0.382051282051282	0.0	0.3282051282051282	0.9525641025641025	0.6512820512820513	0.0	0.7833333333333333	0.3858974358974359	0.7192307692307692	0.44358974358974357	0.005128205128205128	0.5551282051282052	0.8064102564102564	0.8346153846153846	0.7923076923076923	0.6346153846153846	0.8076923076923077	0.7153846153846154
88881	0.6336206896551724	0.4561781609195402	0.7787356321839081	0.1724137931034483	0.5423850574712644	0.35344827586206895	0.7363505747126436	0.4827586206896552	0.6214080459770115	0.444683908045977	0.3714080459770115	0.7068965517241379	0.0	0.4109195402298851	0.6537356321839081	0.6695402298850575	0.3735632183908046	0.9188218390804598	0.5294540229885057	0.7248563218390804	0.35344827586206895	0.7988505747126436	0.6048850574712644	0.9655172413793104	0.5524425287356322	0.6242816091954023	0.9655172413793104	0.6846264367816092	0.7564655172413793
88885	0.7859272510435301	0.5199761478831246	0.4752534287418008	0.5468097793679189	0.4573643410852713	0.3667262969588551	0.774597495527728	0.7036374478234944	0.7859272510435301	0.45199761478831246	0.35837805605247464	0.6004770423375074	0.32975551580202744	0.8962432915921288	0.6135957066189625	0.3434704830053667	0.6034585569469291	0.47167561121049495	0.3124627310673822	0.6475849731663685	0.5414430530709601	0.5336911150864639	0.7859272510435301	0.8849135360763267	0.4836016696481813	0.272510435301133	0.8205128205128205	0.5664877757901013	0.7447823494335122
1114682	0.6861313868613139	0.21897810218978103	0.22627737226277372	0.8126520681265207	0.0	0.3819951338199513	0.9610705596107056	0.3771289537712895	0.6885644768856448	0.0	0.0	0.805352798053528	0.0	0.7785888077858881	0.0	1.0	0.754257907542579	0.0	0.5863746958637469	0.0	0.6885644768856448	0.6982968369829684	0.0	0.40389294403892945	0.6593673965936739	0.40875912408759124	0.39416058394160586	0.6739659367396593	0.9343065693430657
653294	0.7976939203354297	0.48532494758909855	0.1740041928721174	0.9643605870020965	0.22955974842767296	0.18238993710691823	0.9140461215932913	0.8207547169811321	0.870020964360587	0.27253668763102723	0.0	0.6142557651991615	0.5020964360587002	0.8228511530398323	0.7536687631027253	0.3060796645702306	0.5461215932914046	0.5974842767295597	0.6194968553459119	0.8763102725366876	0.649895178197065	0.5293501048218029	0.37945492662473795	0.8259958071278826	0.4570230607966457	0.4077568134171908	0.7714884696016772	0.6582809224318659	0.31446540880503143
1592915	0.8537414965986394	1.0	0.0	0.0	0.3979591836734694	0.9217687074829932	0.0	0.4557823129251701	0.43197278911564624	0.5136054421768708	0.0	1.0	0.0	0.7482993197278912	0.40816326530612246	0.0	0.0	0.0	0.0	0.8469387755102041	0.5510204081632653	0.46258503401360546	0.0	0.19047619047619047	0.3163265306122449	0.7551020408163265	1.0	0.5476190476190477	0.8401360544217688
1547882	0.8521046643913538	0.5813424345847554	0.5580204778156996	0.32992036405005687	0.8208191126279863	0.4465301478953356	0.5420932878270762	0.6786120591581343	0.4931740614334471	0.23890784982935154	0.4857792946530148	0.8998862343572241	0.29465301478953354	0.5921501706484642	0.6734926052332195	0.11888509670079636	0.6473265073947668	0.7554038680318543	0.4351535836177474	0.6860068259385665	0.6831626848691695	0.16666666666666666	0.6888509670079636	0.9374288964732651	0.6325369738339022	0.8612059158134243	0.608646188850967	0.8686006825938567	0.8208191126279863
1473293	0.6376344086021506	0.5516129032258065	0.9182795698924732	0.40860215053763443	0.13763440860215054	0.7989247311827957	0.524731182795699	0.3096774193548387	0.867741935483871	0.0	0.27419354838709675	0.8182795698924731	0.0	0.3301075268817204	0.875268817204301	0.5494623655913978	0.7634408602150538	0.7913978494623656	0.6344086021505376	0.7806451612903226	0.2989247311827957	0.6913978494623656	0.5301075268817205	0.8021505376344086	0.710752688172043	0.7591397849462366	0.5397849462365591	0.578494623655914	0.8344086021505376
