key	WAM_ALR	WAM_CCR	WAM_IPI	WAM_MAR	WAM_MYS	WAM_PBL	WAM_PJN	WAM_PPR	WAM_PST	WAM_ROL	WAM_SCR	WAM_SGN	WAM_SIS	WAM_TWN	WAR_ALR	WAR_CCR	WAR_IPI	WAR_MAR	WAR_MYS	WAR_PBL	WAR_PJN	WAR_PPR	WAR_PSK	WAR_PST	WAR_RNW	WAR_ROL	WAR_SCR	WAR_SGL	WAR_SIS
1424972	0.8294573643410853	0.0	0.42248062015503873	0.35658914728682173	0.0	0.32558139534883723	0.0	0.0	0.5465116279069767	0.2189922480620155	0.32751937984496127	0.0	0.0	0.0	0.562015503875969	0.8914728682170543	0.7868217054263565	0.3682170542635659	0.5135658914728682	0.8817829457364341	0.9050387596899225	0.5872093023255814	0.6724806201550387	0.5368217054263565	0.6763565891472868	0.5251937984496124	0.9670542635658915	0.7073643410852714	0.436046511627907
636348	0.28054298642533937	0.5414781297134238	0.2368024132730015	0.4555052790346908	0.0	0.0	0.2609351432880845	0.363499245852187	0.19607843137254902	0.49321266968325794	0.16440422322775264	0.2081447963800905	0.0	0.0	0.358974358974359	0.9336349924585219	0.5279034690799397	0.06033182503770739	0.6425339366515838	0.8476621417797888	0.4555052790346908	0.2895927601809955	0.803921568627451	0.9170437405731523	0.702865761689291	0.6259426847662142	0.08295625942684766	0.5565610859728507	0.4751131221719457
751581	0.5176678445229682	0.3115429917550059	0.06537102473498234	0.20906949352179033	0.0	0.0	0.47820965842167257	0.1696113074204947	0.23733804475853945	0.1772673733804476	0.17314487632508835	0.23439340400471143	0.18021201413427562	0.17785630153121318	0.16725559481743227	0.39811542991755006	0.2667844522968198	0.3833922261484099	0.5023557126030624	0.5217903415783275	0.44405182567726736	0.7332155477031802	0.37279151943462896	0.6690223792697291	0.1702002355712603	0.18610129564193167	0.3745583038869258	0.6896348645465253	0.37161366313309774
751582	0.31666666666666665	0.0	0.7486111111111111	0.2388888888888889	0.0	0.0	0.35138888888888886	0.0	0.0763888888888889	0.5888888888888889	0.0	0.0	0.0	0.0	0.0	0.8694444444444445	0.5625	0.7930555555555555	0.13472222222222222	0.6430555555555556	0.25	0.21388888888888888	0.46111111111111114	0.8430555555555556	0.6319444444444444	0.41944444444444445	0.8513888888888889	0.48055555555555557	0.14583333333333334
1651251	0.5992063492063492	0.996031746031746	0.5793650793650794	0.0	0.623015873015873	0.0	0.7698412698412699	0.0	0.0	0.0	0.30952380952380953	0.5952380952380952	0.0	0.0	0.0	1.0	0.7301587301587301	0.0	0.8650793650793651	0.0	0.30158730158730157	0.0	0.19444444444444445	1.0	0.5952380952380952	0.7619047619047619	0.14285714285714285	0.6746031746031746	0.9563492063492064
258405	0.5402985074626866	0.0	0.2865671641791045	0.2935323383084577	0.3194029850746269	0.22587064676616916	0.8437810945273632	0.4537313432835821	0.1681592039800995	0.29950248756218906	0.3004975124378109	0.8965174129353234	0.0	0.0	0.45671641791044776	0.6348258706467662	0.690547263681592	0.7860696517412935	0.2855721393034826	0.6	0.6308457711442786	1.0	0.5582089552238806	0.472636815920398	0.7840796019900498	0.7860696517412935	0.0	0.5004975124378109	0.7412935323383084
1090908	0.32708333333333334	0.3145833333333333	0.2	0.0	0.4041666666666667	0.0	0.7770833333333333	0.0	0.0	0.16458333333333333	0.59375	0.9416666666666667	0.5875	0.0	0.0	0.7833333333333333	0.2520833333333333	0.73125	0.7666666666666667	0.5125	1.0	0.5791666666666667	0.24166666666666667	0.6291666666666667	0.8916666666666667	0.0	0.7916666666666666	0.35	0.5979166666666667
180357	0.17666666666666667	0.0	0.0	0.85	0.0	0.5033333333333333	0.7366666666666667	0.0	1.0	0.0	0.47	0.0	0.0	0.0	0.0	0.7466666666666667	0.01	0.5033333333333333	0.17333333333333334	1.0	0.7333333333333333	0.42	0.0	0.0	0.19	0.9133333333333333	0.78	0.31666666666666665	0.5933333333333334
891786	0.17708333333333334	0.0	0.1527777777777778	0.4618055555555556	0.0	0.0	0.19791666666666666	0.0	0.0	0.0	0.0	0.1684027777777778	0.0	0.0	0.2934027777777778	0.6041666666666666	0.0	0.3680555555555556	0.0	0.8107638888888888	0.2569444444444444	0.2065972222222222	0.0	0.1440972222222222	0.796875	0.2378472222222222	0.0	0.0	0.5069444444444444
567815	0.7957610789980732	0.0	0.02119460500963391	1.0	0.0	0.0	0.3333333333333333	0.0	0.5568400770712909	0.0	0.2138728323699422	0.5163776493256262	0.0	0.0	0.22928709055876687	0.6377649325626205	0.8304431599229287	0.4682080924855491	0.5549132947976878	0.22736030828516376	0.0	0.8805394990366089	0.4816955684007707	0.5240847784200385	0.5953757225433526	0.7591522157996147	0.8959537572254336	1.0	0.8208092485549133
567817	0.3932291666666667	0.0	0.3697916666666667	0.11197916666666667	0.3307291666666667	0.578125	0.0	0.0	0.0	0.9140625	0.17447916666666666	0.0	0.0	0.0	0.7916666666666666	0.71875	0.0	0.06770833333333333	0.0	0.7447916666666666	0.7916666666666666	0.7838541666666666	0.0	0.65625	0.9401041666666666	0.9296875	0.4557291666666667	0.5703125	0.3697916666666667
1681525	0.0	0.33116883116883117	0.47835497835497837	0.12337662337662338	0.6536796536796536	0.06060606060606061	0.18181818181818182	0.0	0.645021645021645	0.0	0.6471861471861472	0.3246753246753247	0.0	0.0	0.0735930735930736	0.4523809523809524	0.7705627705627706	0.12337662337662338	0.8225108225108225	0.6536796536796536	0.6515151515151515	0.9025974025974026	0.0	0.9502164502164502	0.8593073593073594	0.24242424242424243	0.645021645021645	0.0	0.46320346320346323
706359	0.3984496124031008	0.2868217054263566	0.05116279069767442	0.0	0.662015503875969	0.0	0.4992248062015504	0.0	0.9209302325581395	0.46511627906976744	0.0	0.3829457364341085	0.0	0.4046511627906977	0.4604651162790698	0.6325581395348837	0.2775193798449612	0.46511627906976744	0.4682170542635659	0.9829457364341085	0.7441860465116279	0.6186046511627907	0.23565891472868217	0.5348837209302325	0.7007751937984497	0.5023255813953489	0.6341085271317829	0.24806201550387597	0.6449612403100775
545511	0.4746376811594203	0.0	0.0	0.16576086956521738	0.35144927536231885	0.46105072463768115	0.5851449275362319	0.23822463768115942	0.49728260869565216	0.12771739130434784	0.1358695652173913	0.2427536231884058	0.0	0.0	0.7898550724637681	0.7590579710144928	0.427536231884058	0.39311594202898553	0.0	0.5507246376811594	0.1911231884057971	1.0	0.4411231884057971	0.7065217391304348	0.14855072463768115	0.5543478260869565	0.2726449275362319	0.45652173913043476	0.644927536231884
526692	0.0	0.0	0.09523809523809523	0.41904761904761906	0.49115646258503404	0.3292517006802721	0.23809523809523808	0.4108843537414966	0.24081632653061225	0.5170068027210885	0.09387755102040816	0.7142857142857143	0.0	0.0	0.5020408163265306	0.46802721088435373	0.7006802721088435	0.7673469387755102	0.5020408163265306	0.673469387755102	0.7238095238095238	0.527891156462585	0.21360544217687075	0.9156462585034013	0.2054421768707483	0.7836734693877551	0.3673469387755102	0.8027210884353742	0.927891156462585
727939	0.0	0.04	0.23733333333333334	0.37866666666666665	0.384	0.0	0.512	0.0	0.9306666666666666	0.0	0.7386666666666667	0.464	0.0	0.0	0.0	0.7306666666666667	0.7253333333333334	0.9333333333333333	0.25866666666666666	0.5386666666666666	1.0	0.9013333333333333	0.736	0.38666666666666666	0.28	0.25866666666666666	0.45066666666666666	0.8906666666666667	0.0
727940	0.2829736211031175	0.5011990407673861	0.5635491606714629	0.11270983213429256	0.6091127098321343	0.0	0.2589928057553957	0.31894484412470026	0.047961630695443645	0.4628297362110312	0.0	0.8992805755395683	0.36211031175059955	0.0	0.31654676258992803	0.5779376498800959	0.9280575539568345	1.0	0.3597122302158273	0.31654676258992803	0.9400479616306955	0.9856115107913669	0.0	0.8609112709832134	0.7146282973621103	0.5731414868105515	1.0	0.5995203836930456	0.1750599520383693
853020	0.4518002322880372	0.4454123112659698	0.4337979094076655	0.5737514518002322	0.0	0.24448315911730545	0.4721254355400697	0.0	0.5354239256678281	0.0	0.18466898954703834	0.13995354239256677	0.08362369337979095	0.0	0.24680603948896632	0.4413472706155633	0.5766550522648084	0.6498257839721254	0.1753774680603949	0.8002322880371661	0.37746806039488967	0.6666666666666666	0.6440185830429733	0.41231126596980255	0.6451800232288037	0.5615563298490128	0.5505226480836237	0.6782810685249709	0.2886178861788618
856258	0.0	0.12189054726368159	0.1791044776119403	0.47761194029850745	0.5024875621890548	0.5	0.0	0.0	0.0	0.0	0.5	0.6119402985074627	0.0	0.0	0.0	0.0	0.0	0.0	0.3756218905472637	0.0	0.0	0.09950248756218906	0.0	0.0	0.0	0.0	0.6990049751243781	0.0	0.0
1228560	0.8151815181518152	0.0	0.1485148514851485	0.8217821782178217	0.264026402640264	0.4752475247524752	0.39603960396039606	0.0	0.0	0.49834983498349833	0.0	0.5247524752475248	0.5544554455445545	0.0	0.40924092409240925	0.9933993399339934	0.0	0.7194719471947195	0.019801980198019802	1.0	0.23432343234323433	0.8811881188118812	0.5214521452145214	0.5544554455445545	0.9636963696369637	0.033003300330033	1.0	0.8745874587458746	0.768976897689769
1228561	0.4062947067238913	0.3583690987124464	0.21602288984263232	0.34120171673819744	0.2088698140200286	0.0	0.24177396280400573	0.21387696709585122	0.1917024320457797	0.0	0.13733905579399142	0.0	0.20386266094420602	0.0	0.3133047210300429	0.3955650929899857	0.4034334763948498	0.4127324749642346	0.5686695278969958	0.7074391988555079	0.8111587982832618	0.3977110157367668	0.18097281831187412	0.2217453505007153	0.49642346208869814	0.5207439198855508	0.46494992846924177	0.4663805436337625	0.8111587982832618
250334	0.0	0.3031674208144796	0.19457013574660634	0.3031674208144796	0.3951734539969834	0.0	0.1794871794871795	0.0	0.6515837104072398	0.22473604826546004	0.0889894419306184	0.0	0.05429864253393665	0.0	0.0	0.6470588235294118	0.1779788838612368	0.3861236802413273	0.3469079939668175	0.5339366515837104	0.2911010558069382	0.5882352941176471	0.3650075414781297	0.3755656108597285	0.37858220211161386	0.6500754147812972	0.14479638009049775	0.5716440422322775	0.6033182503770739
1069117	0.9656357388316151	1.0	0.0	0.6426116838487973	0.4536082474226804	0.0	0.0	0.8831615120274914	0.8316151202749141	0.6666666666666666	0.738831615120275	0.5189003436426117	0.0	0.0	0.5945017182130584	0.8625429553264605	0.0	1.0	0.9140893470790378	1.0	1.0	0.9896907216494846	0.5154639175257731	0.8797250859106529	0.8109965635738832	0.6391752577319587	0.5773195876288659	1.0	0.9896907216494846
226751	0.3976311336717428	0.2470389170896785	0.7106598984771574	0.40439932318104904	0.4957698815566836	0.25549915397631134	0.5008460236886633	0.36548223350253806	0.37055837563451777	0.0	0.0	0.0	0.2233502538071066	0.0	0.8730964467005076	0.6785109983079526	0.08967851099830795	0.8866328257191202	0.0	0.3637901861252115	0.7089678510998308	0.6175972927241963	0.8358714043993232	0.9627749576988156	0.5093062605752962	0.011844331641285956	0.8104906937394247	0.6649746192893401	0.7191201353637902
1713174	0.0	0.41732283464566927	0.5118110236220472	0.0	0.41732283464566927	0.2677165354330709	0.89501312335958	0.0	0.32545931758530183	0.0	0.0	0.5695538057742782	0.0	0.0	0.8241469816272966	0.5853018372703412	0.6535433070866141	0.5039370078740157	0.49868766404199477	1.0	0.8162729658792651	1.0	0.5039370078740157	0.42782152230971127	0.0	0.0	0.7952755905511811	0.6824146981627297	1.0
561948	0.03985507246376811	0.0	0.5217391304347826	0.35144927536231885	0.0	0.6992753623188406	0.0	0.06159420289855073	0.4782608695652174	0.0	0.9492753623188406	0.33695652173913043	0.0	0.0	1.0	0.6702898550724637	0.7391304347826086	0.9746376811594203	0.5398550724637681	0.3007246376811594	0.11594202898550725	0.5615942028985508	0.0	0.8731884057971014	0.33695652173913043	0.0	1.0	0.0	0.8623188405797102
561949	0.6388888888888888	0.0	0.23055555555555557	0.7888888888888889	0.0	0.0	0.0	0.35833333333333334	0.0	0.0	0.0	0.0	0.0	0.0	0.0	0.7111111111111111	0.48333333333333334	0.675	0.2361111111111111	0.5083333333333333	1.0	0.7861111111111111	0.0	0.5222222222222223	0.5166666666666667	0.8333333333333334	1.0	0.41944444444444445	0.9027777777777778
561950	0.0	0.0	0.8091397849462365	0.5618279569892473	0.0	0.0	0.49193548387096775	0.010752688172043012	0.12096774193548387	0.8064516129032258	0.40591397849462363	0.40591397849462363	0.0	0.0	0.0	0.4946236559139785	0.0	0.3467741935483871	0.0	0.7365591397849462	0.717741935483871	0.8709677419354839	0.0	0.40591397849462363	0.0	0.1532258064516129	0.3790322580645161	0.40591397849462363	0.7123655913978495
561947	0.0	0.0	0.0	0.08333333333333333	0.0	0.0	0.0	0.6822916666666666	0.09375	0.0	1.0	0.7083333333333334	0.0	0.0	0.7604166666666666	0.6458333333333334	0.59375	0.8958333333333334	1.0	0.9635416666666666	1.0	1.0	0.0	0.515625	0.984375	0.0	1.0	0.0	0.8229166666666666
49454	0.5206971677559913	0.5294117647058824	0.11546840958605664	0.9564270152505446	0.2679738562091503	0.0	0.9760348583877996	0.0	0.1830065359477124	0.0	0.5272331154684096	0.6535947712418301	0.0	0.0	0.3812636165577342	1.0	0.6579520697167756	0.40522875816993464	0.5206971677559913	0.7581699346405228	0.9869281045751634	0.9041394335511983	0.6122004357298475	0.8061002178649237	0.3289760348583878	0.0	0.9259259259259259	0.8758169934640523	0.8387799564270153
1720907	0.0	0.0	0.0	0.24691358024691357	0.0	0.0	0.0	0.0	0.0	0.0	0.0	0.0	0.0	0.0	0.0	0.5967078189300411	0.0	0.02880658436213992	0.0	0.0	0.551440329218107	0.6707818930041153	0.0	0.0	0.6172839506172839	0.8353909465020576	0.0	0.0	0.0
1387144	0.7256728778467909	0.11076604554865424	0.3364389233954451	0.3364389233954451	0.2774327122153209	0.546583850931677	0.8033126293995859	0.17494824016563146	0.0	0.3105590062111801	0.0	0.2515527950310559	0.0	0.0	0.0	0.5859213250517599	0.15320910973084886	0.582815734989648	0.6894409937888198	0.5610766045548654	0.5175983436853002	0.855072463768116	0.7080745341614907	0.35093167701863354	0.43995859213250516	0.593167701863354	0.32608695652173914	0.0	0.5082815734989649
84984	0.0	0.0	0.4896551724137931	0.0	0.0	0.0	0.4666666666666667	0.0	0.0	0.0	0.022988505747126436	0.632183908045977	0.0	0.0	0.5586206896551724	0.5195402298850574	0.5310344827586206	0.42758620689655175	0.0	0.3471264367816092	0.4666666666666667	0.029885057471264367	0.5701149425287356	0.0	0.0	0.0	0.32413793103448274	0.3448275862068966	0.5218390804597701
84985	0.0	0.13812154696132597	0.4014732965009208	0.0	0.43278084714548803	0.0	0.39410681399631675	0.0	0.4990791896869245	0.0	0.8710865561694291	0.27808471454880296	0.0	0.0	0.47882136279926335	0.7237569060773481	0.8950276243093923	0.6372007366482505	0.0	0.9539594843462247	0.6298342541436464	1.0	0.8692449355432781	0.9723756906077348	0.6795580110497238	0.43278084714548803	0.8692449355432781	0.27808471454880296	0.283609576427256
84986	0.0	0.3871794871794872	0.6871794871794872	0.3871794871794872	0.0	0.982051282051282	0.9282051282051282	0.14615384615384616	0.7205128205128205	0.0	0.7589743589743589	0.3871794871794872	0.0	0.0	0.7102564102564103	0.823076923076923	0.0	0.0	0.0	0.3076923076923077	0.5974358974358974	0.9564102564102565	0.258974358974359	0.8897435897435897	0.7794871794871795	0.5487179487179488	0.7769230769230769	0.5	0.841025641025641
265117	0.7173333333333334	0.4026666666666667	0.0	0.7493333333333333	0.0	0.0	0.0	0.037333333333333336	0.6426666666666667	0.0	0.4	0.0	0.392	0.0	0.4026666666666667	0.8666666666666667	0.672	0.29333333333333333	0.0	0.0	0.47733333333333333	0.0	0.024	0.9413333333333334	0.0	0.832	0.0	0.0	0.16266666666666665
486084	0.19649122807017544	0.06596491228070175	0.3291228070175439	0.16280701754385965	0.0	0.0	0.46596491228070175	0.0	0.16701754385964912	0.16631578947368422	0.18105263157894738	0.18105263157894738	0.0	0.0	0.1775438596491228	0.8912280701754386	0.832280701754386	0.49894736842105264	0.6828070175438596	0.7775438596491228	0.6154385964912281	0.5929824561403508	0.31157894736842107	0.37333333333333335	0.35368421052631577	0.6856140350877193	0.2119298245614035	0.5249122807017544	0.5929824561403508
305070	0.56	0.0	0.0	0.35555555555555557	1.0	0.0	0.0	0.057777777777777775	1.0	0.1111111111111111	1.0	0.37333333333333335	0.0	0.0	0.0	1.0	0.30666666666666664	0.7777777777777778	0.0	0.4488888888888889	1.0	1.0	0.8622222222222222	0.6444444444444445	0.0	0.25333333333333335	0.84	0.31555555555555553	0.56
305072	0.22764227642276422	0.0	0.0	0.27235772357723576	0.0	0.6097560975609756	0.0	0.0	0.676829268292683	0.42276422764227645	0.11788617886178862	0.0	0.0	0.0	0.3394308943089431	0.9471544715447154	0.0	0.8678861788617886	0.0	0.5894308943089431	0.5447154471544715	0.2865853658536585	0.5304878048780488	0.13008130081300814	0.30691056910569103	0.17479674796747968	0.8191056910569106	0.5264227642276422	0.22967479674796748
392365	0.6510067114093959	0.0	0.03355704697986577	0.0	0.8411633109619687	0.0	0.3378076062639821	0.0	0.0	0.5771812080536913	0.5816554809843401	0.0	0.0	0.6756152125279642	0.5682326621923938	0.2841163310961969	0.43400447427293065	1.0	0.07606263982102908	0.0	0.8210290827740492	0.40939597315436244	0.796420581655481	0.8456375838926175	0.348993288590604	0.5659955257270693	0.0	0.03131991051454139	0.5055928411633109
1587295	0.12518195050946143	0.0	0.2430858806404658	0.2081513828238719	0.0	0.0	0.975254730713246	0.0	0.0	0.0	0.388646288209607	0.1703056768558952	0.0	0.0	0.6812227074235808	0.6128093158660844	0.0	0.3231441048034934	0.0	0.893740902474527	0.20087336244541484	0.0	0.0	0.6433770014556041	0.0	0.6462882096069869	0.6346433770014556	0.5924308588064047	0.5312954876273653
141610	0.3415435139573071	0.0	0.39080459770114945	0.8013136288998358	0.7750410509031199	0.33825944170771755	0.49261083743842365	0.0	0.4466338259441708	0.4072249589490969	0.21018062397372742	0.4302134646962233	0.24958949096880131	0.0	0.4909688013136289	0.5894909688013136	0.5402298850574713	0.9129720853858785	0.0	0.5977011494252874	0.44170771756978655	0.9556650246305419	0.24630541871921183	0.922824302134647	0.33169129720853857	0.5238095238095238	0.9737274220032841	0.451559934318555	0.8045977011494253
1360718	0.39824561403508774	0.02894736842105263	0.2649122807017544	0.17105263157894737	0.07456140350877193	0.14649122807017545	0.756140350877193	0.2149122807017544	0.1850877192982456	0.5087719298245614	0.0	0.41228070175438597	0.0	0.0	0.2956140350877193	0.34649122807017546	0.17982456140350878	0.5605263157894737	0.0	0.27631578947368424	0.7587719298245614	0.5587719298245614	0.39473684210526316	0.6473684210526316	0.0	0.6342105263157894	0.55	0.9096491228070176	0.4605263157894737
687740	0.21340887629839472	0.06704438149197356	0.4697828139754485	0.421152030217186	0.06610009442870633	0.13172804532577903	0.20538243626062322	0.0	0.34749763928234184	0.42728989612842305	0.3814919735599622	0.12181303116147309	0.0	0.0	0.49575070821529743	0.6279508970727101	0.6350330500472143	0.4423984891406988	0.3031161473087819	0.7082152974504249	0.40745986779981114	0.5028328611898017	0.5967894239848914	0.42917847025495753	0.49291784702549574	0.29745042492917845	0.40273843248347496	0.2818696883852691	0.5996222851746931
957362	0.41379310344827586	0.46436781609195404	0.3471264367816092	0.3471264367816092	0.21379310344827587	0.0	1.0	0.0	0.542528735632184	0.5195402298850574	0.4367816091954023	0.0	0.0	0.34942528735632183	0.26436781609195403	0.7241379310344828	0.8827586206896552	0.7402298850574712	0.503448275862069	0.9494252873563218	0.9241379310344827	1.0	0.8620689655172413	0.5908045977011495	0.0	0.42298850574712643	0.0	0.7126436781609196	0.5310344827586206
957363	0.5617283950617284	0.6296296296296297	0.48559670781893005	0.0	0.6049382716049383	0.0	0.5185185185185185	0.6193415637860082	0.0	0.3065843621399177	0.23251028806584362	0.01440329218106996	0.0	0.04938271604938271	0.7345679012345679	0.8765432098765432	0.5082304526748971	0.9547325102880658	0.0	0.9506172839506173	0.9547325102880658	0.9465020576131687	1.0	0.8662551440329218	0.5596707818930041	0.4691358024691358	0.7304526748971193	0.8024691358024691	0.6460905349794238
957361	0.8875968992248062	0.0	0.7170542635658915	0.437984496124031	0.0	0.0	1.0	0.0	0.0	1.0	0.0	0.813953488372093	0.0	0.0	0.0	0.9457364341085271	0.8682170542635659	1.0	0.15891472868217055	0.8914728682170543	0.6937984496124031	0.8953488372093024	0.18604651162790697	0.2596899224806202	0.0	0.0	0.44573643410852715	0.8875968992248062	0.9069767441860465
544377	0.5840220385674931	0.0	0.628099173553719	0.4669421487603306	0.1184573002754821	0.41460055096418735	0.2892561983471074	0.2713498622589532	0.16391184573002754	0.1184573002754821	0.0	0.41460055096418735	0.22727272727272727	0.0	0.0	0.8705234159779615	0.2190082644628099	0.7011019283746557	0.20798898071625344	0.5785123966942148	0.6859504132231405	0.5509641873278237	0.31955922865013775	0.4986225895316804	0.8471074380165289	0.6143250688705234	0.8925619834710744	0.0	0.1184573002754821
1361910	0.0	0.0	0.0	0.8928571428571429	0.0	0.0	0.0	0.0	0.0	0.0	0.49603174603174605	0.0	0.0	0.0	0.0	0.623015873015873	0.0	0.0	0.0	0.5555555555555556	0.0	0.8531746031746031	0.0	0.0	0.8174603174603174	0.0	0.7658730158730159	0.0	0.0
1275641	0.1825951825951826	0.18104118104118105	0.0	0.0	0.36752136752136755	0.0	0.001554001554001554	0.20124320124320125	0.4226884226884227	0.0	0.2338772338772339	0.22766122766122765	0.0	0.0	0.3667443667443667	0.7684537684537684	0.30924630924630925	0.2937062937062937	0.0	0.602952602952603	0.44522144522144524	0.5066045066045066	0.44755244755244755	0.41414141414141414	0.31934731934731936	0.47474747474747475	0.43356643356643354	0.3271173271173271	0.2198912198912199
1602688	1.0	0.8713450292397661	0.0	0.5730994152046783	0.0	0.0	0.6666666666666666	0.0	0.7426900584795322	1.0	0.7426900584795322	0.04093567251461988	0.0	0.0	0.0	0.8538011695906432	0.0	0.9064327485380117	0.847953216374269	1.0	0.0	0.0	0.0	1.0	0.8713450292397661	1.0	0.04093567251461988	1.0	0.783625730994152
1602687	0.44912280701754387	0.5298245614035088	0.0	0.6280701754385964	0.0	0.0	0.4	0.0	0.7228070175438597	0.03508771929824561	0.5473684210526316	0.4982456140350877	0.0	0.0	0.0	1.0	0.3929824561403509	1.0	1.0	1.0	0.0	0.21052631578947367	0.0	0.7859649122807018	0.8245614035087719	0.6421052631578947	0.44912280701754387	0.9087719298245615	0.6596491228070176
856275	0.0	0.7513513513513513	0.8198198198198198	0.0	0.0	0.3747747747747748	0.5405405405405406	0.0	0.0	0.0	0.0	0.0	0.0	0.0	0.0	0.03063063063063063	0.0	0.009009009009009009	0.5027027027027027	0.7567567567567568	0.4756756756756757	0.9315315315315316	0.0	0.6756756756756757	0.0	0.0	0.436036036036036	0.7405405405405405	0.45045045045045046
