key	WAM_ALR	WAM_CCR	WAM_IPI	WAM_MAR	WAM_MYS	WAM_PBL	WAM_PJN	WAM_PPR	WAM_PST	WAM_ROL	WAM_SCR	WAM_SGN	WAM_SIS	WAM_TWN	WAR_ALR	WAR_CCR	WAR_IPI	WAR_MAR	WAR_MYS	WAR_PBL	WAR_PJN	WAR_PPR	WAR_PSK	WAR_PST	WAR_RNW	WAR_ROL	WAR_SCR	WAR_SGL	WAR_SIS
478954	0.0	0.0	0.0	0.0	0.0	0.0	0.4222222222222222	0.7444444444444445	0.6296296296296297	0.0	0.0	0.0	0.0	0.662962962962963	0.0	0.0	0.0	0.0	0.0	0.0	0.3148148148148148	0.0	0.0	0.0	0.8111111111111111	0.0	0.18888888888888888	0.12222222222222222	0.0
1376520	0.0	0.37400145243282495	0.0	0.0	0.21931735657225854	0.21931735657225854	0.2788671023965142	0.1924473493100944	0.13870733478576616	0.0	0.1336238198983297	0.20915032679738563	0.0	0.0	0.0	0.0	0.0	0.24981844589687727	0.0	0.13507625272331156	0.3485838779956427	0.0682643427741467	0.0	0.0	0.29411764705882354	0.0	0.5054466230936819	0.6172839506172839	0.0
869400	0.0	0.7441077441077442	0.25252525252525254	0.877104377104377	0.0	0.0	0.4276094276094276	0.7811447811447811	0.46464646464646464	0.0	0.0	0.7087542087542088	0.0	0.0016835016835016834	0.0	0.0	0.0	0.0	0.531986531986532	0.5892255892255892	0.49663299663299665	0.5084175084175084	0.24074074074074073	0.25252525252525254	0.3434343434343434	0.0	0.3838383838383838	0.0	0.0
861690	0.0	0.1111111111111111	0.0	0.0	0.026143790849673203	0.0	0.5468409586056645	0.7124183006535948	0.7864923747276689	0.0	0.0	1.0	0.0	0.3812636165577342	0.0	0.3681917211328976	0.0	0.0	0.0	0.0	0.3333333333333333	0.4989106753812636	0.0	0.5032679738562091	0.48366013071895425	0.0	0.0	0.5076252723311547	0.0
20373	0.15341701534170155	0.30962343096234307	0.0	0.0	0.0	0.0	0.4086471408647141	0.0	0.0	0.0	0.0	0.38493723849372385	0.0	0.2496513249651325	0.0	0.0	0.3793584379358438	0.5244072524407253	0.0	0.0	0.2105997210599721	0.5760111576011158	0.0	0.4602510460251046	0.6764295676429568	0.0	0.0	0.0	0.0
492172	0.0	0.48283499446290146	0.28017718715393136	0.0	0.0	0.0	0.1672203765227021	0.1672203765227021	0.035437430786267994	0.0	0.0	0.5393133997785161	0.0	0.0	0.0	0.1672203765227021	0.0	0.07419712070874862	0.5182724252491694	0.0	0.4629014396456257	0.0	0.14174972314507198	0.5171650055370985	0.47619047619047616	0.0	0.3344407530454042	0.3333333333333333	0.0
342705	0.0	0.5367132867132867	0.0	0.44638694638694637	0.08741258741258741	0.28321678321678323	0.16083916083916083	0.4405594405594406	0.23193473193473194	0.17249417249417248	0.11188811188811189	0.5559440559440559	0.0	0.04312354312354312	0.0	0.155011655011655	0.0	0.0	0.0	0.14160839160839161	0.11363636363636363	0.2301864801864802	0.1754079254079254	0.175990675990676	0.4160839160839161	0.0	0.34265734265734266	0.351981351981352	0.0
1026912	0.0	0.4492753623188406	0.0	0.6557971014492754	0.0	0.0	0.0	0.8731884057971014	0.0	0.0	0.0	0.8804347826086957	0.0	0.0	0.12681159420289856	0.0	0.19202898550724637	0.0	0.0	0.8876811594202898	0.0	0.3115942028985507	0.0	0.5471014492753623	0.5869565217391305	0.0	0.5615942028985508	0.0	0.0
1026906	0.0	0.7295081967213115	0.0	0.28688524590163933	0.0	0.7513661202185792	0.4672131147540984	0.3333333333333333	0.5300546448087432	0.0	0.0	0.0	0.0	0.412568306010929	0.7540983606557377	0.0	0.0	0.0	0.6693989071038251	0.226775956284153	0.08196721311475409	0.18032786885245902	0.0	0.4890710382513661	0.0	0.0	0.4453551912568306	0.0	0.0
1026907	0.0	0.24719101123595505	0.0	0.6329588014981273	0.0	0.0	0.0	0.6441947565543071	0.0	0.0	0.0	0.0	0.0	0.35580524344569286	0.0	0.0	0.0	0.0	0.0	0.7865168539325843	0.47191011235955055	0.8764044943820225	0.056179775280898875	0.602996254681648	0.6779026217228464	0.0	0.9700374531835206	0.39325842696629215	0.0
1026908	0.0	0.9428571428571428	0.0	0.43333333333333335	0.0	0.0	0.0	0.0	0.03333333333333333	0.0	0.0	0.5571428571428572	0.0	0.2904761904761905	0.0	0.2761904761904762	0.0	0.0	0.0	0.7142857142857143	1.0	0.0	0.8952380952380953	0.0	0.8761904761904762	0.0	0.6095238095238096	0.6666666666666666	0.0
1026909	0.0	0.9451476793248945	0.0	0.6329113924050633	0.0	0.16244725738396623	0.0	0.7573839662447257	0.7426160337552743	0.0	0.1751054852320675	0.0	0.3143459915611814	0.6139240506329114	0.16244725738396623	0.5084388185654009	0.0	0.4704641350210971	0.03375527426160337	0.0	0.4578059071729958	0.6244725738396625	0.7341772151898734	0.0	0.0	0.0	0.5337552742616034	0.8185654008438819	0.0
1026911	0.21311475409836064	0.15300546448087432	0.0	0.6338797814207651	0.0	0.0	0.0	0.8333333333333334	0.0	0.46174863387978143	0.0	0.3087431693989071	0.0	0.0	0.0	0.0	0.2568306010928962	0.06830601092896176	0.0	0.8797814207650273	0.2786885245901639	0.6857923497267759	0.3333333333333333	0.5792349726775956	0.6857923497267759	0.0	1.0	0.9398907103825137	0.0
782524	0.0	0.6133333333333333	0.0	0.0	0.0	0.936	0.0	0.0	0.0	0.0	0.0	0.22133333333333333	0.0	0.0	0.0	0.0	0.0	0.616	0.0	0.8	0.0026666666666666666	0.0	0.24	0.0	1.0	0.050666666666666665	0.784	0.0	0.0
782525	0.0	0.5456475583864119	0.0	0.3205944798301486	0.3205944798301486	0.3205944798301486	0.4692144373673036	0.47983014861995754	0.6390658174097664	0.0	0.0	0.0	0.0	0.0	0.0	0.0	0.5668789808917197	0.0	0.0	0.0	0.17834394904458598	0.0	0.0	0.3609341825902335	0.4734607218683652	0.12738853503184713	0.9978768577494692	0.0	0.0
1747891	0.0	0.6988973706530959	0.0	0.4351145038167939	0.2553011026293469	0.0	0.0	0.3095843935538592	0.37150127226463103	0.0	0.0	0.21034775233248515	0.0	0.0	0.0	0.1806615776081425	0.0	0.2561492790500424	0.0	0.13655640373197625	0.1111111111111111	0.36810856658184904	0.0	0.13570822731128074	0.26632739609838846	0.19168787107718405	0.2553011026293469	0.0	0.0
1517301	0.0	0.2828282828282828	0.1271043771043771	0.0	0.0	0.4713804713804714	0.07912457912457913	0.1919191919191919	0.3484848484848485	0.0	0.0	0.5042087542087542	0.0	0.44696969696969696	0.0	0.0	0.0	0.1574074074074074	0.0	0.0	0.43265993265993263	0.5016835016835017	0.2542087542087542	0.5193602693602694	0.4006734006734007	0.17003367003367004	0.7718855218855218	0.255050505050505	0.0
508214	0.3063063063063063	0.38738738738738737	0.0	0.3886743886743887	0.0	0.0	0.0	0.5907335907335908	0.5263835263835264	0.0	0.0	0.42213642213642216	0.0	0.685971685971686	0.0	0.19305019305019305	0.38095238095238093	0.3886743886743887	0.0	0.6383526383526383	0.0	0.0	0.0	0.6061776061776062	0.7940797940797941	0.0	0.5662805662805663	0.0	0.0
888909	0.0	0.32809773123909247	0.3787085514834206	0.0	0.0	0.0	0.26527050610820246	0.0	0.2600349040139616	0.0	0.0	0.39790575916230364	0.0	0.26527050610820246	0.0	0.568935427574171	0.15706806282722513	0.2198952879581152	0.019197207678883072	0.0	0.5584642233856894	0.5235602094240838	0.0	0.5898778359511344	0.0	0.0	0.0	0.0	0.0
667321	0.0	0.7387005649717514	0.0	0.0	0.0	0.5494350282485876	0.3177966101694915	0.3502824858757062	0.423728813559322	0.0	0.1285310734463277	0.6497175141242938	0.0	0.0	0.0	0.0	0.08333333333333333	0.0	0.0	0.16242937853107345	0.4872881355932203	0.2019774011299435	0.0	0.2019774011299435	0.7274011299435028	0.0	0.5932203389830508	0.0	0.0
1729144	0.0	0.49722222222222223	0.31805555555555554	0.0	0.13333333333333333	0.0	0.41944444444444445	0.1361111111111111	0.275	0.0	0.0	0.20972222222222223	0.0	0.1361111111111111	0.4305555555555556	0.18333333333333332	0.0	0.0	0.0	0.0	0.575	0.0	0.0	0.5013888888888889	0.6611111111111111	0.2263888888888889	0.0	0.0	0.0
1490800	0.14214214214214213	0.3203203203203203	0.27627627627627627	0.34534534534534533	0.15115115115115116	0.3013013013013013	0.5395395395395396	0.5725725725725725	0.23523523523523523	0.2122122122122122	0.0	0.6276276276276276	0.0	0.0	0.15115115115115116	0.3613613613613614	0.17917917917917917	0.5485485485485485	0.18218218218218218	0.6516516516516516	0.4014014014014014	0.6716716716716716	0.26226226226226224	0.6866866866866866	0.38038038038038036	0.48348348348348347	0.6666666666666666	0.5435435435435435	0.0
609808	0.0	0.7834394904458599	0.0	0.0	0.0	0.0	0.0	0.7006369426751592	0.027600849256900213	0.0	0.0	0.09341825902335456	0.0	0.6242038216560509	0.0	0.0	0.0	0.0	0.0	0.4564755838641189	0.505307855626327	0.0	0.0	0.3991507430997877	0.49469214437367304	0.0	0.0	0.0	0.0
