key	WAM_ALR	WAM_CCR	WAM_IPI	WAM_MAR	WAM_MYS	WAM_PBL	WAM_PJN	WAM_PPR	WAM_PST	WAM_ROL	WAM_SCR	WAM_SGN	WAM_SIS	WAM_TWN	WAR_ALR	WAR_CCR	WAR_IPI	WAR_MAR	WAR_MYS	WAR_PBL	WAR_PJN	WAR_PPR	WAR_PSK	WAR_PST	WAR_RNW	WAR_ROL	WAR_SCR	WAR_SGL	WAR_SIS
94199	0.0	0.0	0.0	0.0	0.0	0.6807511737089202	0.6995305164319249	0.0	0.0	0.0	0.0	0.7089201877934272	0.0	0.0	0.0	1.0	0.0	0.5117370892018779	0.0	0.7652582159624414	0.0	0.1784037558685446	0.0	0.7089201877934272	0.27699530516431925	0.3004694835680751	0.5070422535211268	0.9061032863849765	0.0
883934	0.0	0.5621251071122536	0.0	0.6906598114824336	0.0	0.517566409597258	0.7257926306769494	0.0	0.2853470437017995	0.0	0.401885175664096	0.506426735218509	0.0	0.0	0.0	0.3393316195372751	0.0	0.8209083119108826	0.0	0.6409597257926307	0.6255355612682091	0.5921165381319623	0.0	0.803770351328192	0.5149957155098543	0.0	0.6640959725792631	0.4781491002570694	0.0
137186	0.0	0.26335174953959484	0.0	0.3848987108655617	0.27808471454880296	0.4889502762430939	0.4171270718232044	0.17495395948434622	0.24953959484346225	0.0	0.4861878453038674	0.3462246777163904	0.0	0.0	0.0	0.8176795580110497	0.27716390423572745	0.6629834254143646	0.0	0.9042357274401474	0.6602209944751382	0.7044198895027625	0.0	0.6141804788213628	0.4889502762430939	0.0	0.5009208103130756	0.6123388581952118	0.27808471454880296
1371907	0.5399449035812672	0.0	0.0	0.9641873278236914	0.0	0.8650137741046832	0.8677685950413223	0.3002754820936639	0.9669421487603306	0.0	0.9807162534435262	0.721763085399449	0.0	0.0	0.0	0.9752066115702479	0.0	1.0	0.0	0.6033057851239669	0.7107438016528925	1.0	0.0	0.90633608815427	1.0	0.0	0.6198347107438017	0.6391184573002755	0.1184573002754821
1371908	0.0	0.0	0.0	0.813953488372093	0.5710594315245479	0.7183462532299741	1.0	0.2558139534883721	0.082687338501292	0.0	0.35400516795865633	0.5297157622739018	0.0	0.0	0.0	0.8888888888888888	0.0	1.0	0.0	0.082687338501292	0.3979328165374677	1.0	0.0	1.0	0.9612403100775194	0.0	0.8010335917312662	0.39018087855297157	0.6304909560723514
1371883	0.0	0.8660578386605784	0.0	0.4748858447488584	0.0	0.9558599695585996	0.4657534246575342	0.0	0.4292237442922374	0.0289193302891933	0.6742770167427702	0.5220700152207002	0.0	0.0	0.0	0.9878234398782344	0.0	0.6986301369863014	0.0	0.7290715372907154	0.9710806697108066	0.786910197869102	0.0	0.9345509893455098	0.7214611872146118	0.4429223744292237	0.7884322678843226	0.4627092846270928	0.0
1371884	0.0	0.22380952380952382	0.0	0.3952380952380952	0.0	0.4444444444444444	0.36984126984126986	0.4793650793650794	0.12857142857142856	0.0	0.5904761904761905	0.43492063492063493	0.0	0.28888888888888886	0.0	0.9142857142857143	0.0	0.23809523809523808	0.0	0.5603174603174603	0.7444444444444445	1.0	0.0	1.0	0.9952380952380953	0.0	0.9714285714285714	0.7507936507936508	0.0
1371885	0.0	0.0	0.0	0.0	0.0	0.4756944444444444	0.4131944444444444	0.0	0.2013888888888889	0.0	0.9375	0.8541666666666666	0.4131944444444444	0.0	0.0	1.0	0.0	1.0	0.0	0.9930555555555556	1.0	0.9548611111111112	0.0	0.90625	0.8680555555555556	0.0	1.0	0.7118055555555556	0.0
1371887	0.0	0.15942028985507245	0.0	0.35144927536231885	0.0	0.40217391304347827	0.6956521739130435	0.0	0.8731884057971014	0.0	0.0	0.5760869565217391	0.0	0.0	0.5760869565217391	1.0	0.0	0.8876811594202898	0.0	1.0	0.8188405797101449	1.0	0.0	0.9420289855072463	0.8840579710144928	0.7971014492753623	0.8876811594202898	0.0	0.0
1371888	0.0	1.0	0.0	0.45045045045045046	0.0	0.0	0.6846846846846847	0.26126126126126126	0.5045045045045045	0.0	0.23123123123123124	0.35735735735735735	0.0	0.0	0.0	0.9429429429429429	0.7987987987987988	0.954954954954955	0.0	1.0	1.0	1.0	0.0	0.6816816816816816	0.5255255255255256	0.3063063063063063	1.0	0.36036036036036034	0.0
1371890	0.0	0.3476190476190476	0.0	0.20238095238095238	0.0	0.719047619047619	0.6428571428571429	0.0	0.42857142857142855	0.0	0.0	0.4119047619047619	0.0	0.0	0.0	1.0	0.0	0.8357142857142857	0.0	0.9857142857142858	0.22142857142857142	1.0	0.0	1.0	0.8476190476190476	0.3880952380952381	0.7738095238095238	0.7142857142857143	0.11190476190476191
1371891	0.0	0.3384615384615385	0.0	0.0	0.0	0.0	0.8153846153846154	0.5025641025641026	0.9846153846153847	0.0	0.0	0.6615384615384615	0.0	0.0	0.0	0.9692307692307692	0.0	0.0	0.06666666666666667	1.0	0.0	1.0	0.0	1.0	0.882051282051282	0.6	0.6205128205128205	0.6666666666666666	0.0
1371892	0.0	0.0	0.0	0.023255813953488372	0.0	0.0	0.6821705426356589	0.4263565891472868	0.6744186046511628	0.0	0.5775193798449613	0.0	0.0	0.0	0.0	1.0	0.0	0.5852713178294574	0.7635658914728682	1.0	0.0	1.0	0.0	0.37209302325581395	0.6201550387596899	0.0	0.7674418604651163	0.748062015503876	0.0
1371893	0.0	0.0	0.0	0.986449864498645	0.0	0.22764227642276422	0.3224932249322493	0.0	0.5230352303523035	0.0	0.0	0.9105691056910569	0.0	0.0	0.0	1.0	0.0	0.948509485094851	0.0	1.0	0.39295392953929537	0.7831978319783198	0.0	1.0	1.0	0.0	1.0	1.0	0.0
1371897	0.0	0.02756892230576441	0.0	0.5639097744360902	0.0	0.8220551378446115	0.9423558897243107	0.0	0.0	0.0	0.0	0.8295739348370927	0.0	0.0	0.0	0.9598997493734336	0.0	1.0	0.0	0.5338345864661654	0.17794486215538846	1.0	0.0	1.0	1.0	0.0	0.6892230576441103	0.9473684210526315	0.0
1371898	0.0	0.0	0.0	0.1037037037037037	0.0	0.562962962962963	0.5814814814814815	0.0	0.2722222222222222	0.3111111111111111	0.3907407407407407	0.7648148148148148	0.0	0.0	0.17962962962962964	0.9907407407407407	0.0	0.6462962962962963	0.0	0.9888888888888889	0.2796296296296296	1.0	0.0	0.2777777777777778	0.7092592592592593	0.0	0.25925925925925924	0.8833333333333333	0.0
1371903	0.0	0.4646924829157175	0.0	0.47000759301442674	0.0	0.7129840546697038	0.25664388762338647	0.4381169324221716	0.5094912680334093	0.0	0.37585421412300685	0.24069855732725892	0.0	0.0	0.10326499620349279	0.8792710706150342	0.0	0.8671222475322703	0.5178435839028094	0.7061503416856492	0.7835990888382688	0.6962794229309036	0.15034168564920272	0.7555049354593774	0.8170083523158694	0.17539863325740318	0.8663629460895975	0.8921791951404707	0.19438116932422173
1314597	0.0	0.0	0.0	0.8111888111888111	0.0	0.0	0.9953379953379954	0.0	0.4965034965034965	0.47086247086247085	0.6107226107226107	0.9463869463869464	0.0	0.0	0.0	1.0	0.5221445221445221	0.9836829836829837	0.0	0.6899766899766899	0.5198135198135199	0.9766899766899767	0.0	1.0	0.9836829836829837	0.0	0.7925407925407926	0.38694638694638694	0.0
1314598	0.0	0.4666666666666667	0.0	0.6461538461538462	0.0	0.43333333333333335	0.31025641025641026	0.4717948717948718	0.8025641025641026	0.19487179487179487	1.0	0.9	0.0	0.0	0.0	1.0	0.9025641025641026	0.5487179487179488	0.0	1.0	0.8435897435897436	0.7974358974358975	0.0	0.39487179487179486	0.9076923076923077	0.0	0.3717948717948718	0.941025641025641	0.0
1314600	0.0	0.5888133030990174	0.22826908541194255	0.5804988662131519	0.0	0.35827664399092973	0.41647770219198793	0.0	0.35600907029478457	0.0	0.5359032501889645	0.6258503401360545	0.0	0.0	0.0	0.762660619803477	0.0	0.6318972033257747	0.0	0.7430083144368859	0.03552532123960695	0.9160997732426304	0.0	0.8888888888888888	0.5427059712773998	0.0	0.2781557067271353	0.28269085411942557	0.06802721088435375
1314609	0.4357864357864358	0.3217893217893218	0.0	0.4574314574314574	0.0	0.35064935064935066	0.5584415584415584	0.0	0.0	0.0	0.42424242424242425	0.3578643578643579	0.0	0.0	0.4401154401154401	1.0	0.0	0.8037518037518038	0.0	0.6363636363636364	0.8253968253968254	1.0	0.0	0.5454545454545454	0.20202020202020202	0.2727272727272727	0.9004329004329005	0.759018759018759	0.0
1314619	0.0	0.2584541062801932	0.0	0.2584541062801932	0.0	0.37681159420289856	0.0	0.0	0.40096618357487923	0.0	0.3647342995169082	0.36231884057971014	0.0	0.4613526570048309	0.4758454106280193	1.0	0.0	0.9903381642512077	0.0	0.5362318840579711	0.0	1.0	0.0	0.8405797101449275	0.8236714975845411	0.0	0.7560386473429952	0.34782608695652173	0.0
1314620	0.0	0.3673036093418259	0.0	0.0	0.0	0.9936305732484076	0.8450106157112527	0.0	0.6411889596602972	0.0	0.346072186836518	0.7749469214437368	0.0	0.0	0.11677282377919321	0.9469214437367304	0.0	0.6305732484076433	0.0	0.3184713375796178	0.6050955414012739	1.0	0.0	1.0	0.46709129511677283	0.0	0.4585987261146497	0.9575371549893843	0.5711252653927813
1115180	0.0	0.0	0.0	0.0	0.0	0.0	0.0	0.0	0.46296296296296297	0.0	0.5222222222222223	0.0	0.0	0.0	0.0	0.2851851851851852	0.0	0.0	0.0	0.8703703703703703	0.0	0.29259259259259257	0.0	0.8592592592592593	0.5925925925925926	0.0	1.0	1.0	0.0
1675738	0.0	0.47177848775292863	0.08519701810436635	0.3780617678381257	0.0	0.26091586794462196	0.5154419595314164	0.0	0.5282215122470714	0.0	0.6230031948881789	0.6964856230031949	0.0	0.0	0.0	0.8849840255591054	0.18210862619808307	0.23322683706070288	0.0	0.6443024494142705	0.503727369542066	0.3951011714589989	0.0	0.6357827476038339	0.650692225772098	0.0	0.7369542066027689	0.7550585729499467	0.0
1531896	0.0	0.0	0.0	0.3425196850393701	0.0	0.2795275590551181	0.5	0.19816272965879264	0.37270341207349084	0.0	0.3963254593175853	0.5984251968503937	0.0	0.0	0.0	0.821522309711286	0.0	0.6496062992125984	0.0	0.3464566929133858	0.6325459317585301	0.7716535433070866	0.0	0.5603674540682415	0.7847769028871391	0.0	0.6902887139107612	0.1837270341207349	0.0
1223700	0.0	0.3915343915343915	0.0	0.0	0.0	0.4638447971781305	0.63668430335097	0.0	0.4091710758377425	0.19047619047619047	0.4409171075837742	0.41975308641975306	0.0	0.0	0.0	0.20987654320987653	0.0	0.7266313932980599	0.0	0.6772486772486772	0.7125220458553791	0.19047619047619047	0.0	0.0	0.7125220458553791	0.0	0.8783068783068783	0.0	0.0
1023921	0.0	0.1806201550387597	0.0	0.5116279069767442	0.0	0.11317829457364341	0.08062015503875969	0.0	0.20465116279069767	0.0	0.012403100775193798	0.024031007751937984	0.07441860465116279	0.0	0.0	0.47054263565891474	0.0	0.5837209302325581	0.23410852713178296	0.6325581395348837	0.5596899224806201	0.47054263565891474	0.0	0.43023255813953487	0.6116279069767442	0.0	0.4108527131782946	0.4317829457364341	0.0
107350	0.0	0.3942857142857143	0.0	0.14857142857142858	0.0	0.26	0.19714285714285715	0.0	0.3352380952380952	0.0	0.2866666666666667	0.2876190476190476	0.0	0.0	0.0	0.758095238095238	0.2761904761904762	0.7561904761904762	0.0	0.7038095238095238	0.2638095238095238	0.7952380952380952	0.0	0.2742857142857143	0.2038095238095238	0.0	0.559047619047619	0.1961904761904762	0.0
844881	0.0	0.7985739750445633	0.0	0.5294117647058824	0.0	0.0	0.5204991087344029	0.0	0.2620320855614973	0.0	0.7950089126559715	0.25846702317290554	0.0	0.0	0.0	0.26737967914438504	0.0	0.44563279857397503	0.0	0.5686274509803921	0.5115864527629234	0.5383244206773619	0.0	0.16399286987522282	0.0	0.0	0.7486631016042781	0.32620320855614976	0.0
