key	WAM_ALR	WAM_CCR	WAM_IPI	WAM_MAR	WAM_MYS	WAM_PBL	WAM_PJN	WAM_PPR	WAM_PST	WAM_ROL	WAM_SCR	WAM_SGN	WAM_SIS	WAM_TWN	WAR_ALR	WAR_CCR	WAR_IPI	WAR_MAR	WAR_MYS	WAR_PBL	WAR_PJN	WAR_PPR	WAR_PSK	WAR_PST	WAR_RNW	WAR_ROL	WAR_SCR	WAR_SGL	WAR_SIS
1547410	0.0	0.5798898071625345	0.15289256198347106	0.0	0.0	0.0	0.0	0.0	0.0	0.13636363636363635	0.4214876033057851	0.39669421487603307	0.0	0.0	0.0	0.37327823691460055	0.3278236914600551	0.40082644628099173	0.41597796143250687	0.0	0.0	0.3608815426997245	0.0	0.2190082644628099	0.0	0.2699724517906336	0.9214876033057852	0.0	0.0
1547411	0.0	0.6561488673139159	0.2459546925566343	0.0	0.0	0.0	0.0	0.32524271844660196	0.0	0.0	0.12216828478964402	0.09304207119741101	0.0	0.0	0.0	0.3300970873786408	0.15210355987055016	0.0	0.0	0.11326860841423948	0.22653721682847897	0.3697411003236246	0.0	0.17880258899676377	0.45792880258899676	0.0	0.6682847896440129	0.0	0.0
794941	0.0	0.2599388379204893	0.0	0.0	0.1783893985728848	0.0	0.0	0.4785932721712538	0.191131498470948	0.0	0.45158002038735984	0.0	0.0	0.0	0.0	0.5249745158002038	0.0	0.0	0.07594291539245668	0.05963302752293578	0.0	0.3470948012232416	0.15392456676860347	0.22680937818552496	0.0	0.30479102956167176	0.7655453618756372	0.0	0.0
1511690	0.15775681341719078	0.3270440251572327	0.0	0.10115303983228512	0.15828092243186584	0.0	0.15775681341719078	0.23008385744234802	0.15828092243186584	0.0	0.40985324947589097	0.10115303983228512	0.05083857442348008	0.0	0.0	0.10115303983228512	0.0	0.0	0.30136268343815514	0.15618448637316562	0.0	0.49580712788259956	0.15775681341719078	0.0	0.0	0.0	0.7709643605870021	0.0	0.0
1060944	0.2765567765567766	0.6611721611721612	0.0	0.0	0.0	0.0	0.47619047619047616	0.532967032967033	0.0	0.0	0.5439560439560439	0.42124542124542125	0.10805860805860806	0.0	0.0	0.39377289377289376	0.14652014652014653	0.0	0.0	0.0	0.0	0.7582417582417582	0.0	0.0	0.0	0.3608058608058608	0.793040293040293	0.0	0.0
1524209	0.0	0.6821705426356589	0.0	0.0	0.37467700258397935	0.0	0.0	0.5839793281653747	0.0	0.0	0.39276485788113696	0.0	0.0	0.0	0.0	0.0	0.0	0.3875968992248062	0.0	0.0	0.0	0.0	0.0	0.0	0.24031007751937986	0.0	0.34108527131782945	0.0	0.0
1545132	0.0	0.43567251461988304	0.0	0.23489278752436646	0.0	0.0	0.0	0.23489278752436646	0.0	0.0	0.0	0.0	0.39571150097465885	0.0	0.0	0.4337231968810916	0.0	0.0	0.0	0.0	0.25146198830409355	0.14619883040935672	0.14717348927875243	0.0	0.0	0.0	0.7076023391812866	0.11988304093567251	0.0
1355803	0.0	0.0	0.0	0.0	0.0	0.0	0.0	0.0	0.0	0.0	0.359375	0.0	0.0	0.0	0.22526041666666666	0.19661458333333334	0.0	0.0	0.3893229166666667	0.0	0.0	0.0	0.0	0.15104166666666666	0.0	0.0	0.7421875	0.0	0.0
1026727	0.0	0.0	0.0	0.0	0.4144542772861357	0.0	0.0	0.5707964601769911	0.443952802359882	0.0	0.0	0.0	0.2168141592920354	0.0	0.0	0.0	0.0	0.3702064896755162	0.16519174041297935	0.0	0.0	0.0	0.22271386430678466	0.0	0.2610619469026549	0.0	0.13126843657817108	0.4424778761061947	0.0
824532	0.18232044198895028	0.7716390423572744	0.0	0.0	0.0	0.9410681399631676	0.0	0.5524861878453039	0.0	0.0	0.1289134438305709	0.0	0.0	0.0	0.0	0.3020257826887661	0.0	0.0	0.0	0.1289134438305709	0.0	0.5064456721915286	0.0	0.0	0.0	0.0	0.7845303867403315	0.5561694290976059	0.0
824533	0.4948717948717949	0.1794871794871795	0.0	0.5871794871794872	0.0	0.041025641025641026	0.0	0.382051282051282	0.5025641025641026	0.0	0.19230769230769232	0.0	0.0	0.0	0.0	0.38461538461538464	0.5256410256410257	0.0	0.5153846153846153	0.0	0.7666666666666667	0.5717948717948718	0.0	0.0	0.0	0.0	1.0	0.0	0.0
824537	0.0	0.09975669099756691	0.36739659367396593	0.41849148418491483	0.0	0.0	0.39416058394160586	0.5060827250608273	0.0	0.0	0.3746958637469586	0.0	0.0	0.0	0.0	0.7931873479318735	0.0	0.0	0.0	0.0	0.43795620437956206	0.24087591240875914	0.021897810218978103	0.0	0.0	0.36739659367396593	0.9586374695863747	0.0	0.0
824538	0.0	0.0	0.029850746268656716	0.208955223880597	0.0	0.6243781094527363	0.2562189054726368	0.0	0.0	0.0	0.0	0.0	0.0	0.0	0.0	0.23880597014925373	0.0	0.6716417910447762	0.0	0.017412935323383085	0.27611940298507465	0.9925373134328358	0.9651741293532339	0.0	0.6616915422885572	0.0	0.8930348258706468	0.0	0.0
824539	0.0	0.3848797250859107	0.48109965635738833	0.0	0.0	0.1718213058419244	0.0	0.0	0.0	0.0	0.0	0.0	0.0	0.0	0.0	0.0	0.0	0.0	0.0	0.4948453608247423	0.0	0.0	0.5189003436426117	0.0	0.12714776632302405	0.0	0.9862542955326461	0.0	0.0
541100	0.0	0.0	0.0	0.0	0.0	0.0	0.0	0.0	0.0	0.0	0.5729166666666666	0.0	0.0	0.0	0.0	0.0	0.0	0.0	0.0	0.0	0.0	0.0	0.0	0.0	1.0	0.0	0.052083333333333336	0.0	0.0
541102	0.2111111111111111	0.008888888888888889	0.0	0.0	0.6533333333333333	0.0	0.16666666666666666	0.5888888888888889	0.0	0.0	1.0	0.0	0.0	0.47555555555555556	0.0	0.1111111111111111	0.0	0.20666666666666667	0.7311111111111112	0.2822222222222222	0.0	0.2822222222222222	0.3466666666666667	0.0	0.0	0.5533333333333333	0.6955555555555556	0.0	0.0
1367784	0.0	0.49185946872322195	0.0	0.0	0.0	0.16709511568123395	0.0	0.0	0.0	0.08483290488431877	0.47900599828620394	0.0	0.0	0.0	0.0	0.45844044558697516	0.0	0.0702656383890317	0.2570694087403599	0.13967437874892888	0.0	0.4644387317909169	0.258783204798629	0.2210796915167095	0.10454155955441302	0.0	0.4712939160239931	0.0	0.0
1367785	0.0	0.0	0.0	0.0	0.0	0.375968992248062	0.0	0.4496124031007752	0.0	0.0	0.8488372093023255	0.0	0.0	0.0	0.0	0.0	0.0	0.3023255813953488	0.0	0.0	0.0	0.0	0.0	0.6589147286821705	0.2131782945736434	0.0	0.0	0.0	0.0
1655774	0.0	0.0	0.0	0.0	0.0	0.0	0.0	0.25925925925925924	0.0	0.8222222222222222	0.0	0.0	0.0	0.0	0.0	0.0	0.0	0.0	0.0	0.0	0.0	0.0	0.0	0.0	1.0	0.0	0.7703703703703704	0.0	0.0
358780	0.0	0.5174129353233831	0.0	0.0	0.0	0.0	0.23980099502487562	0.27761194029850744	0.0	0.0	0.23184079601990049	0.0	0.03283582089552239	0.0	0.0	0.4	0.0	0.0	0.0	0.0	0.0	0.4537313432835821	0.0	0.22885572139303484	0.14925373134328357	0.19900497512437812	0.5333333333333333	0.0	0.29950248756218906
648562	0.0	0.0019723865877712033	0.0	0.0	0.0	0.0	0.2702169625246548	0.3806706114398422	0.2978303747534517	0.0	0.0	0.0	0.0	0.0	0.0	0.3747534516765286	0.1755424063116371	0.32741617357001973	0.0	0.46942800788954636	0.05128205128205128	0.47928994082840237	0.0	0.0	0.0	0.0	0.5187376725838264	0.0	0.11439842209072978
648563	0.0	0.0	0.4891304347826087	0.0	0.0	0.0	0.0	0.0	0.25	0.0	1.0	0.0	0.0	0.0	1.0	0.2572463768115942	0.0	0.7427536231884058	0.9456521739130435	0.0	0.0	0.0	0.0	0.0	0.0	0.0	1.0	0.0	0.0
648564	0.0	0.0	0.109375	0.0	0.0	0.0	0.0	0.0	0.0	0.0	0.4479166666666667	0.0	0.0	0.0	0.026041666666666668	0.6770833333333334	0.0	0.484375	0.9583333333333334	0.0	0.0	0.0	0.0	0.0	0.0	0.0	0.9166666666666666	0.0	0.0
764159	0.3773946360153257	0.7816091954022989	0.0	0.19348659003831417	0.0	0.5727969348659003	0.0	0.3007662835249042	0.0	0.32567049808429116	0.0	0.0	0.0	0.0	0.0	0.5	0.0	0.0	0.0	0.0	0.47701149425287354	0.289272030651341	0.0	0.0	0.0	0.0	0.9367816091954023	0.0	0.0
764160	0.0	0.5231481481481481	0.0	0.4652777777777778	0.0	0.0	0.0	0.7476851851851852	0.0	0.3055555555555556	0.0	0.0	0.0	0.0	0.0	0.7361111111111112	0.5370370370370371	0.0	0.0	0.0	0.5740740740740741	0.3101851851851852	0.0	0.0	0.0	0.0	1.0	0.0	0.0
764161	0.0	0.9264705882352942	0.7254901960784313	0.0	0.0	0.0	0.0	0.0	0.0	0.0	0.45098039215686275	0.0	0.0	0.0	0.0	0.22549019607843138	0.9411764705882353	0.0	0.0	0.0	0.0	0.8333333333333334	0.0	0.0	0.0	0.0	1.0	0.0	0.0
884783	0.0	0.6431372549019608	0.0	0.0	0.0	0.0	0.0	1.0	0.0	0.0	0.4588235294117647	0.0	0.0	0.0	0.0	0.3176470588235294	0.0	0.0	0.0	0.0	0.0	0.25882352941176473	0.0	0.0	0.0	0.0	0.5803921568627451	0.0	0.10588235294117647
279337	0.0	0.07407407407407407	0.0	0.0	0.0	0.0	0.0	0.8981481481481481	0.08487654320987655	0.0	0.7962962962962963	0.0	0.0	0.0	0.0	0.7361111111111112	0.0	0.0	0.0	0.0	0.0	0.5324074074074074	0.0	0.0	0.0	0.0	0.44290123456790126	0.42746913580246915	0.0
346984	0.0	0.0	0.5498281786941581	0.0	0.0	0.0	0.0	0.0859106529209622	0.0	0.0	1.0	0.0	0.0	0.0	0.0	1.0	0.0	0.41580756013745707	0.0	0.0	0.0	0.8969072164948454	0.0	0.5773195876288659	0.42955326460481097	0.6838487972508591	0.6838487972508591	0.0	0.0
1400408	0.0	0.9279569892473118	0.0	0.0	0.0	0.0	0.0	0.17096774193548386	0.0	0.0	0.4827956989247312	0.0	0.0	0.0	0.3247311827956989	0.2913978494623656	0.0	0.0	0.3086021505376344	0.0	0.0	0.4290322580645161	0.0	0.0	0.0	0.0	0.843010752688172	0.0	0.24086021505376345
193446	0.26998491704374056	0.35294117647058826	0.0	0.3257918552036199	0.0	0.0	0.0	0.3996983408748115	0.0	0.0	0.49924585218702866	0.0	0.0	0.4539969834087481	0.0	0.5580693815987934	0.4419306184012066	0.0	0.4539969834087481	0.0	0.0	0.06636500754147813	0.0	0.0	0.0	0.0	0.8295625942684767	0.0	0.0
142901	0.0	0.0	0.0	0.20390070921985815	0.0	0.0	0.0	0.0	0.0	0.0	0.0	0.0	0.0	0.0	0.0	0.6418439716312057	0.0	0.2393617021276596	0.0	0.0	0.0	0.9202127659574468	0.0	0.0	0.5673758865248227	0.0	1.0	0.0	0.0
142902	0.0	0.34861509073543456	0.0	0.17096466093600765	0.19866284622731614	0.0	0.0	0.0	0.0	0.23304680038204392	0.7000955109837631	0.0	0.2874880611270296	0.0	0.0	0.1556829035339064	0.0	0.0	0.0	0.0	0.0	0.731614135625597	0.0	0.0	0.23400191021967526	0.23973256924546324	0.612225405921681	0.10983763132760267	0.0
142903	0.0	0.21333333333333335	0.2866666666666667	0.0	0.0	0.0	0.0	0.14333333333333334	0.0	0.0	0.0	0.0	0.0	0.0	0.0	0.0	0.0	0.0	0.0	0.0	0.0	0.4266666666666667	0.0	0.0	0.0	0.0	0.7966666666666666	0.0	0.0
547305	0.0	0.0	0.0	0.0	0.0	0.0	0.15942028985507245	0.0	0.0	0.0	0.0	0.0	0.0	0.0	0.0	0.0	0.0	0.0	0.0	0.0	0.0	1.0	0.0	0.0	0.0	0.0	0.0	0.0	0.0
1615040	0.0	0.9691358024691358	0.0	0.0	0.0	0.0	0.0	0.8672839506172839	0.6604938271604939	0.4783950617283951	0.21604938271604937	0.0	0.0	0.0	0.0	0.4660493827160494	0.6049382716049383	0.0	0.0	0.7839506172839507	0.0	0.4012345679012346	0.0	0.7962962962962963	0.0	0.0	0.0	0.13580246913580246	0.0
1615039	0.0	0.0	0.0	0.0	0.0	0.0	0.0	0.8333333333333334	0.46078431372549017	0.4117647058823529	0.0	0.0	0.0	0.0	0.0	0.8088235294117647	0.0	0.0	0.0	0.18627450980392157	0.0	0.9362745098039216	0.0	0.0	0.0	0.5098039215686274	0.8088235294117647	0.0	0.0
1687465	0.0	0.5847953216374269	0.0	0.5847953216374269	0.5321637426900585	0.0	0.0	0.783625730994152	0.0	0.5906432748538012	0.8011695906432749	0.0	0.0	0.0	0.9941520467836257	0.0	0.0	0.0	0.0	0.5614035087719298	0.0	0.7017543859649122	0.0	0.6198830409356725	0.0	0.0	1.0	0.0	0.7485380116959064
1687466	0.6736842105263158	0.9122807017543859	0.0	0.14035087719298245	0.28421052631578947	0.0	0.0	0.02456140350877193	0.0	0.0	0.4245614035087719	0.0	0.0	0.0	0.24561403508771928	0.0	0.0	0.0	0.13333333333333333	0.3684210526315789	0.0	0.0	0.0	0.12280701754385964	0.0	0.0	0.9157894736842105	0.0	0.0
241511	0.0	0.5882800608828006	0.0	0.0	0.4170471841704718	0.14383561643835616	0.0	0.4581430745814307	0.0	0.12861491628614916	0.0	0.0	0.0	0.0	0.0	0.4429223744292237	0.05859969558599695	0.1735159817351598	0.1232876712328767	0.0867579908675799	0.01598173515981735	0.2298325722983257	0.5030441400304414	0.11491628614916286	0.0	0.22907153729071536	0.8363774733637748	0.0	0.0
269260	0.0	0.0	0.0	0.10677083333333333	0.0	0.0	0.0	0.8333333333333334	0.0	0.0	0.0	0.0	0.059895833333333336	0.0	0.578125	0.390625	0.75	0.4791666666666667	0.390625	0.0	0.0	0.5104166666666666	0.0	0.0	0.0	0.0	0.9270833333333334	0.0	0.0
1118767	0.0	0.14317673378076062	0.0	0.0	0.0	0.0	0.0	0.27293064876957496	0.0	0.3131991051454139	0.0	0.0	0.0	0.0	0.0	0.0022371364653243847	0.0	0.0	0.0	0.0	0.0	1.0	0.0	0.0	0.0	0.0	0.9843400447427293	0.015659955257270694	0.0
331130	0.31627906976744186	0.2744186046511628	0.627906976744186	0.0	0.0	0.0	0.0	0.5736434108527132	0.0	0.0	0.3829457364341085	0.0	0.0	0.0	0.0	0.2992248062015504	0.0	0.34728682170542635	0.0	0.0	0.0	0.0	0.0	0.11627906976744186	0.23410852713178296	0.3147286821705426	0.8744186046511628	0.0	0.0
657481	0.0	0.0	0.0	0.0	0.6812865497076024	0.0	0.0	0.0	0.0	0.0	0.0	0.0	0.0	0.0	0.0	0.0	0.0	0.0	0.0	0.0	0.0	0.5029239766081871	0.0	0.02046783625730994	0.0	0.5263157894736842	0.6491228070175439	0.0	0.5555555555555556
1111889	0.0	0.34913112164297	0.2132701421800948	0.17377567140600317	0.0	0.0	0.334913112164297	0.3246445497630332	0.1627172195892575	0.0	0.466824644549763	0.0	0.0	0.0	0.21484992101105846	0.5150078988941548	0.1769352290679305	0.0	0.0	0.0	0.23459715639810427	0.3056872037914692	0.0	0.0	0.0	0.2377567140600316	0.7551342812006319	0.11295418641390205	0.2377567140600316
694800	0.0	0.5277777777777778	0.0	0.0	0.0	0.0	0.0	0.40404040404040403	0.0	0.0	0.6262626262626263	0.0	0.0	0.0	0.0	0.0	0.0	0.17424242424242425	0.0	0.0	0.6363636363636364	0.4621212121212121	0.017676767676767676	0.0	0.0	0.0	1.0	0.0	0.5909090909090909
669977	0.0	0.0	0.0	0.0	0.0	0.0	0.0	0.0	0.0	0.0	0.0	0.0	0.0	0.0	0.0	0.0	0.0	0.0	0.5454545454545454	0.0	1.0	0.0	0.0	0.0	0.0	0.7142857142857143	0.47619047619047616	0.0	0.0
1552238	0.0	0.14652014652014653	0.36752136752136755	0.0	0.0	0.0	0.0	0.5604395604395604	0.2625152625152625	0.0	0.43956043956043955	0.0	0.5653235653235653	0.0	0.0	0.38583638583638585	0.004884004884004884	0.0	0.0	0.10622710622710622	0.0	0.6410256410256411	0.0	0.0	0.018315018315018316	0.0	0.6971916971916972	0.3663003663003663	0.0
1499914	0.0	0.17140396210163653	0.3333333333333333	0.0	0.0	0.0	0.0	0.6382428940568475	0.0	0.2549526270456503	0.2566752799310939	0.0	0.0	0.0	0.0	0.40482342807924204	0.0	0.0	0.0	0.25839793281653745	0.0	0.8027562446167097	0.26012058570198104	0.1326442721791559	0.3962101636520241	0.0	0.8656330749354005	0.38845822566752797	0.1843238587424634
835685	0.0	0.18411867364746945	0.0	0.32111692844677137	0.1719022687609075	0.0	0.0	0.47469458987783597	0.0	0.0	0.29842931937172773	0.0	0.5506108202443281	0.0	0.0	0.02443280977312391	0.0	0.262652705061082	0.231239092495637	0.0	0.13089005235602094	0.19022687609075042	0.0	0.0	0.2181500872600349	0.17888307155322863	0.8883071553228621	0.0	0.0
542851	0.2903225806451613	0.38948626045400236	0.0	0.4229390681003584	0.021505376344086023	0.0	0.0	0.2640382317801673	0.2162485065710872	0.0	0.36081242532855434	0.0	0.0	0.0	0.0	0.0	0.2724014336917563	0.0	0.0	0.0	0.0	0.4229390681003584	0.0	0.0	0.0	0.0	0.7897252090800478	0.0	0.5603345280764636
542852	0.0	0.5271317829457365	0.0	0.37209302325581395	0.5232558139534884	0.0	0.21705426356589147	0.0	0.5193798449612403	0.0	0.8682170542635659	0.0	0.5697674418604651	0.0	0.0	0.6744186046511628	0.7093023255813954	0.0	0.0	0.0	0.0	0.689922480620155	0.0	0.0	0.0	0.0	0.7054263565891473	0.0	0.0
967029	0.0	0.2796296296296296	0.03333333333333333	0.0	0.2796296296296296	0.0	0.37222222222222223	0.6370370370370371	0.5203703703703704	0.0	0.2777777777777778	0.0	0.0	0.0	0.0	0.0	0.0	0.18333333333333332	0.5018518518518519	0.0	0.0	0.0	0.0	0.2518518518518518	0.0	0.5277777777777778	0.6222222222222222	0.0	0.0
383316	0.11272141706924316	0.4138486312399356	0.0	0.4830917874396135	0.0	0.0	0.0	0.3446054750402576	0.0	0.24154589371980675	0.0	0.3365539452495974	0.0	0.0	0.0	0.9629629629629629	0.0	0.0	0.0	0.4863123993558776	0.0	0.2962962962962963	0.0	0.0	0.0	0.0	0.49597423510466987	0.4476650563607085	0.24798711755233493
243910	0.0	0.25064599483204136	0.0	0.0	0.0	0.0	0.0	0.7467700258397932	0.0	0.0	0.0	0.0	0.0	0.0	0.0	0.10594315245478036	0.0	0.0	0.0	0.3875968992248062	0.0	0.4418604651162791	0.0	0.29198966408268734	0.6304909560723514	0.0	0.6821705426356589	0.0	0.0
243913	0.0	0.3647342995169082	0.0	0.0	0.0	0.0	0.0	0.2922705314009662	0.0	0.0	0.0	0.0	0.0	0.0	0.0	0.0	0.0	0.0	0.0	0.0	0.0	0.22946859903381642	0.0	0.0	0.0	0.5096618357487923	0.9251207729468599	0.0	0.36231884057971014
267176	0.0	0.5555555555555556	0.0	0.0	0.0	0.0	0.32222222222222224	0.2916666666666667	0.775	0.0	0.0	0.7777777777777778	0.0	0.0	0.0	0.0	0.3138888888888889	0.0	0.0	0.4388888888888889	0.0	0.8444444444444444	0.0	0.0	0.13333333333333333	0.0	0.44722222222222224	0.0	0.0
1001579	0.0	0.24806201550387597	0.1937984496124031	0.0	0.0	0.0	0.0	0.23410852713178296	0.0	0.0	0.6682170542635659	0.17984496124031008	0.0	0.0	0.0	0.5922480620155038	0.0	0.0	0.11472868217054263	0.2930232558139535	0.0	0.7736434108527132	0.24186046511627907	0.0	0.0	0.0	0.8170542635658915	0.0	0.0
772754	0.0	0.8165680473372781	0.0	0.0	0.0	0.0	0.0	0.0	0.0	0.0	1.0	0.0	0.0	0.0	0.0	0.0	0.33727810650887574	0.0	0.0	0.0	0.0	0.3668639053254438	0.3865877712031558	0.0	0.3530571992110454	0.0	0.9684418145956607	0.47534516765285995	0.8126232741617357
772755	0.0	0.5782945736434109	0.0	0.17209302325581396	0.0	0.0	0.0	0.010852713178294573	0.0	0.0	0.2527131782945736	0.0	0.0	0.0	0.0	0.0	0.0	0.0	0.0	0.0	0.0	0.6930232558139535	0.0	0.06356589147286822	0.23410852713178296	0.0	0.7596899224806202	0.0	0.6108527131782946
772757	0.0	0.3333333333333333	0.0	0.0	0.0	0.0	0.0	0.7156862745098039	0.0	0.0	0.8088235294117647	0.12254901960784313	0.0	0.0	0.0	0.0	0.0	0.0	0.0	0.0	0.0	0.0	0.0	0.0	0.0	0.0	0.4852941176470588	1.0	0.0
1545460	0.0	0.6845238095238095	0.4742063492063492	0.0	0.0	0.0	0.5932539682539683	0.10119047619047619	0.3948412698412698	0.0	0.9007936507936508	0.0	0.0	0.0	0.0	0.0	0.0	0.0	0.2976190476190476	0.0	0.0	0.08134920634920635	0.0	0.0	0.0	0.0	0.498015873015873	0.0	0.0
1545461	0.2542087542087542	0.46296296296296297	0.09595959595959595	0.16666666666666666	0.021885521885521887	0.0	0.0	0.061447811447811446	0.2542087542087542	0.0	0.2398989898989899	0.12542087542087543	0.0	0.0	0.0	0.3392255892255892	0.15572390572390574	0.0	0.0	0.0	0.0	0.49915824915824913	0.0	0.0	0.0	0.2542087542087542	0.8173400673400674	0.0	0.0
556933	0.1384335154826958	0.3861566484517304	0.5318761384335154	0.0	0.0	0.0	0.41712204007285975	0.40255009107468126	0.1092896174863388	0.0	0.5245901639344263	0.0	0.0	0.0	0.0	0.48451730418943534	0.0	0.0	0.27140255009107467	0.2750455373406193	0.0	0.33697632058287796	0.0	0.331511839708561	0.0	0.0	0.4918032786885246	0.0	0.36247723132969034
