key	WAM_ALR	WAM_CCR	WAM_IPI	WAM_MAR	WAM_MYS	WAM_PBL	WAM_PJN	WAM_PPR	WAM_PST	WAM_ROL	WAM_SCR	WAM_SGN	WAM_SIS	WAM_TWN	WAR_ALR	WAR_CCR	WAR_IPI	WAR_MAR	WAR_MYS	WAR_PBL	WAR_PJN	WAR_PPR	WAR_PSK	WAR_PST	WAR_RNW	WAR_ROL	WAR_SCR	WAR_SGL	WAR_SIS
787746	0.7016317016317016	0.0	0.18181818181818182	0.12354312354312354	0.0	0.03496503496503497	0.0	1.0	0.0	0.0	0.0	0.0	0.0	0.0	0.0	0.0	0.0	0.13053613053613053	0.0	0.62004662004662	0.3356643356643357	0.6480186480186481	0.48717948717948717	0.351981351981352	0.5291375291375291	0.0	0.0979020979020979	0.3752913752913753	0.0
787747	0.8308080808080808	0.3661616161616162	0.0	0.3787878787878788	0.0	0.0	0.0	0.13131313131313133	0.0	0.0	0.0	0.3333333333333333	0.0	0.3787878787878788	0.0	0.0	0.5075757575757576	0.3661616161616162	0.2904040404040404	0.3813131313131313	0.3813131313131313	0.8939393939393939	0.16666666666666666	0.3813131313131313	0.12626262626262627	0.0	0.10101010101010101	0.0	0.0
458409	0.0	0.0	0.0	0.0	0.0	0.0	0.0	0.668724279835391	0.22839506172839505	0.2222222222222222	0.0	0.0	0.0	0.2222222222222222	0.22839506172839505	0.36419753086419754	0.0	0.0	0.0	0.6378600823045267	0.0	0.0	0.0	0.44650205761316875	0.0	0.5452674897119342	0.0	0.0	0.35390946502057613
1280727	0.014760147601476014	0.0	0.15621156211562115	0.0	0.0	0.33579335793357934	0.0	0.5928659286592866	0.0	0.04428044280442804	0.34932349323493234	0.36900369003690037	0.0	0.0	0.46371463714637146	0.27183271832718325	0.008610086100861008	0.0	0.0	0.0	0.0	0.33948339483394835	0.0	0.0	0.35178351783517836	0.14145141451414514	0.33825338253382536	0.3075030750307503	0.3038130381303813
1433155	0.42394822006472493	0.0	0.0	0.0	0.20145631067961164	0.0	0.2564724919093851	0.24433656957928804	0.0	0.07362459546925566	0.0	0.07362459546925566	0.0	0.43284789644012944	0.0	0.23381877022653721	0.3414239482200647	0.0	0.24352750809061488	0.0	0.19174757281553398	0.24352750809061488	0.24352750809061488	0.42718446601941745	0.24433656957928804	0.0	0.24352750809061488	0.156957928802589	0.6003236245954693
684911	0.0	0.6176470588235294	0.3700980392156863	0.0	0.06372549019607843	0.0	0.0	0.2647058823529412	0.0	0.3700980392156863	0.0	0.0	0.0	0.36764705882352944	0.0	0.24019607843137256	0.0	0.29901960784313725	0.0	0.0	0.0	0.375	0.0	0.821078431372549	0.0	0.0	0.4681372549019608	0.0	0.0
957775	0.0	0.19682539682539682	0.2968253968253968	0.0	0.0	0.06111111111111111	0.40476190476190477	0.0	0.0	0.41349206349206347	0.0	0.05873015873015873	0.2396825396825397	0.35634920634920636	0.0	0.0	0.0	0.18492063492063493	0.0	0.25476190476190474	0.0	0.0	0.24126984126984127	0.0	0.11904761904761904	0.0	0.1357142857142857	0.20714285714285716	0.0
507702	0.0	0.0	0.0	0.0	0.0	0.0	0.0	0.37971014492753624	0.0	0.0	0.0	0.0	0.0	0.0	0.43478260869565216	0.0	0.0	0.0	0.0	0.43768115942028984	0.0	0.0	0.0	0.3826086956521739	0.22608695652173913	0.0	0.4028985507246377	0.6753623188405797	0.43478260869565216
507703	0.0	0.0	0.0	0.0	0.6501831501831502	0.2967032967032967	0.0	0.10073260073260074	0.14652014652014653	0.0	0.35714285714285715	0.0	0.0	0.12454212454212454	0.0	0.09523809523809523	0.0	0.0	0.336996336996337	0.0	0.0	0.0	0.5366300366300366	0.2838827838827839	0.11172161172161173	0.0	0.6904761904761905	0.10073260073260074	0.0
507708	0.3592814371257485	0.0	0.0	0.0	0.0	0.0	0.0	0.3473053892215569	0.0	0.2754491017964072	0.0	0.8662674650698603	0.0	0.3013972055888224	0.0	0.41916167664670656	0.0	0.3013972055888224	0.0	0.0	0.21956087824351297	0.0	0.0	0.0	0.0	0.32934131736526945	0.5828343313373253	0.0	0.5489021956087824
140148	0.0	0.0	0.50066401062417	0.0	0.0	0.0	0.399734395750332	0.0	0.06374501992031872	0.0	0.0	0.0	0.0	0.36254980079681276	0.0	0.0	0.0	0.0	0.399734395750332	0.23240371845949534	0.0	0.3280212483399734	0.0	0.0	0.42762284196547146	0.27091633466135456	0.45285524568393093	0.5272244355909694	0.0
92912	0.12415902140672783	0.09908256880733946	0.0	0.0	0.20305810397553517	0.0	0.22079510703363914	0.344954128440367	0.1577981651376147	0.0	0.0	0.0	0.0	0.22079510703363914	0.3400611620795107	0.3406727828746177	0.1834862385321101	0.12844036697247707	0.18409785932721712	0.3492354740061162	0.3345565749235474	0.20061162079510703	0.1834862385321101	0.41223241590214066	0.09235474006116208	0.056269113149847096	0.5351681957186545	0.3675840978593272	0.0
90097	0.0	0.6422764227642277	0.0	0.0	0.0	0.6910569105691057	0.0	0.0	0.0	0.3983739837398374	0.41192411924119243	0.0	0.0	0.0	0.943089430894309	0.0	0.0	0.0	0.28184281842818426	0.23848238482384823	0.11653116531165311	1.0	0.0	0.0	0.6124661246612466	0.6883468834688347	0.46883468834688347	0.0	0.0
90098	0.0	0.9021739130434783	0.0	0.0	0.0	0.0	0.0	0.0	0.0	0.0	0.0	0.0	0.0	0.6268115942028986	0.0	0.0	0.0	0.0	0.0	0.0	0.0	0.5869565217391305	0.0	0.0	0.028985507246376812	0.0	0.5471014492753623	0.0	0.0
90099	0.0	0.8444444444444444	0.0	0.0	0.0	0.0	0.0	0.0	0.4666666666666667	0.0	0.0	0.0	0.0	0.48	0.0	0.0	0.0	0.0	0.0	0.0	0.0	0.8977777777777778	0.0	0.0	0.5777777777777777	0.0	0.0	0.0	0.0
90100	0.0	0.20512820512820512	0.0	0.0	0.0	0.0	0.0	0.0	0.4358974358974359	0.0	0.0	0.0	0.0	0.0	0.0	0.0	0.0	0.0	0.0	0.0	0.0	0.5487179487179488	0.0	0.0	0.7794871794871795	0.0	0.0	0.0	0.0
1116620	0.8751560549313359	0.033707865168539325	0.4794007490636704	0.008739076154806492	0.317103620474407	0.0	0.0	0.37702871410736577	0.33208489388264667	0.0	0.0	0.42946317103620474	0.0	0.34581772784019976	0.0	0.0	0.6104868913857678	0.5892634207240949	0.37702871410736577	0.0	0.352059925093633	0.37453183520599254	0.0	0.03245942571785269	0.39076154806491886	0.23345817727840198	0.37203495630461925	0.24469413233458176	0.0
407695	0.0	0.6108374384236454	0.49261083743842365	0.0	0.0	0.35960591133004927	0.0	0.3563218390804598	0.047619047619047616	0.0	0.0	0.0	0.0	0.45977011494252873	0.0	0.0	0.5320197044334976	0.0	0.0	0.22167487684729065	0.0	0.24794745484400657	0.0	0.0	0.2512315270935961	0.6157635467980296	0.4400656814449918	0.49589490968801314	0.0
1489014	0.25549915397631134	0.0	0.0	0.0	0.0	0.2098138747884941	0.25380710659898476	0.43993231810490696	0.01015228426395939	0.0	0.0	0.0	0.0	0.24873096446700507	0.0	0.06260575296108291	0.0	0.0	0.0	0.0	0.11505922165820642	0.0	0.0	0.5042301184433164	0.0	0.3739424703891709	0.16074450084602368	0.0	0.0
405286	0.11019283746556474	0.2940771349862259	0.1012396694214876	0.21556473829201103	0.0	0.2059228650137741	0.20730027548209368	0.3918732782369146	0.0	0.26721763085399447	0.0	0.0	0.0	0.1618457300275482	0.20730027548209368	0.4194214876033058	0.0	0.0	0.2734159779614325	0.0	0.43732782369146006	0.10399449035812672	0.12878787878787878	0.678374655647383	0.26239669421487605	0.12190082644628099	0.3243801652892562	0.35881542699724517	0.20730027548209368
1379828	0.0	0.0	0.0	0.0	0.0	0.26881720430107525	0.1863799283154122	0.13799283154121864	0.2589605734767025	0.0	0.0	0.0	0.0	0.0	0.0	0.0	0.257168458781362	0.0	0.0	0.0	0.0	0.0	0.0	0.2078853046594982	0.5698924731182796	0.0	0.0	0.3118279569892473	0.0
498843	0.2754237288135593	0.3898305084745763	0.0	0.2584745762711864	0.0	0.0	0.4703389830508475	0.4251412429378531	0.0	0.4251412429378531	0.211864406779661	0.3375706214689266	0.3008474576271186	0.19491525423728814	0.0	0.518361581920904	0.0	0.2132768361581921	0.0	0.2655367231638418	0.0	0.3516949152542373	0.3912429378531073	0.4604519774011299	0.0	0.2443502824858757	0.53954802259887	0.4251412429378531	0.2132768361581921
